2020-11-17 1554 1800.701 0 0
2020-11-18 1555 1797.548 -3.153 -0.175
2020-11-19 1581 1766.873 -30.675 -1.706
2020-11-20 1572 1776.047 9.174 0.519
2020-11-21 1574 1776.047 0 0
2020-11-22 1572 1776.047 0 0
2020-11-23 1592 1757.126 -18.921 -1.065
2020-11-24 1592 1757.842 0.716 0.041
2020-11-25 1570 1780.204 22.362 1.272
2020-11-26 1569 1780.204 0 0
2020-11-27 1571 1786.654 6.45 0.362
2020-11-28 1573 1786.654 0 0
2020-11-30 1571 1790.094 3.44 0.193
2020-12-01 1572 1787.227 -2.867 -0.16
2020-12-02 1599 1759.276 -27.951 -1.564
2020-12-03 1581 1783.644 24.368 1.385
2020-12-04 1620 1741.932 -41.712 -2.339
2020-12-05 1623 1741.932 0 0
2020-12-06 1623 1741.932 0 0
2020-12-07 1597 1778.053 36.121 2.074
2020-12-08 1589 1791.671 13.618 0.766
2020-12-09 1615 1770.456 -21.215 -1.184
2020-12-10 1603 1780.06 9.604 0.542
2020-12-11 1585 1812.025 31.965 1.796
2020-12-12 1585 1812.025 0 0
2020-12-13 1585 1812.025 0 0
2020-12-14 1572 1830.803 18.778 1.036
2020-12-15 1540 1874.808 44.005 2.404
2020-12-16 1540 1874.808 0 0
2020-12-17 1545 1879.395 4.587 0.245
2020-12-18 1542 1889.142 9.747 0.519
2020-12-19 1541 1889.142 0 0
2020-12-20 1541 1889.142 0 0
2020-12-21 1544 1886.562 -2.58 -0.137
2020-12-22 1529 1898.889 12.327 0.653
2020-12-23 1548 1903.333 4.444 0.234
2020-12-24 1550 1908.493 5.16 0.271
2020-12-25 1551 1908.493 0 0
2020-12-26 1551 1908.493 0 0
2020-12-27 1551 1908.493 0 0
2020-12-28 1507 1962.819 54.326 2.847
2020-12-29 1524 1940.171 -22.648 -1.154
2020-12-31 1519 1959.236 19.065 0.983
