2019-11-07 1875 1238.327 0 0
2020-01-19 1990 1181.151 -57.176 -4.617
2020-02-07 2026 1112.988 -68.163 -5.771
2020-02-15 2051 1089.992 -22.996 -2.066
2020-02-16 2053 1089.992 0 0
2020-02-17 2041 1106.152 16.16 1.483
2020-02-18 2052 1095.02 -11.132 -1.006
2020-02-19 2049 1099.1 4.08 0.373
2020-02-20 2044 1108.165 9.065 0.825
2020-02-21 2081 1071.087 -37.078 -3.346
2020-02-22 2078 1075.852 4.765 0.445
2020-02-23 2078 1075.852 0 0
2020-02-24 2128 1025.19 -50.662 -4.709
2020-02-25 2134 1005.506 -19.684 -1.92
2020-02-26 2121 1010.947 5.441 0.541
2020-02-27  984.074 -26.873 -2.658
2020-06-04 2219 1005.691 21.617 2.197
2020-06-05 2175 1049.174 43.483 4.324
2020-06-06 2186 1046.325 -2.849 -0.272
2020-06-07 2186 1046.325 0 0
2020-06-08 2213 1032.091 -14.234 -1.36
2020-06-09 2227 1008.849 -23.242 -2.252
2020-06-10  986.215 -22.634 -2.244
2020-07-22 2233 1003.096 16.881 1.712
2020-07-23 2236 1007.677 4.581 0.457
2020-07-24  973.357 -34.32 -3.406
2020-08-13 2225 1020.643 47.286 4.858
2020-08-14 2227 1023.422 2.779 0.272
2020-08-15 2227 1022.695 -0.727 -0.071
2020-08-16 2227 1022.695 0 0
2020-08-17 2232 1018.387 -4.308 -0.421
2020-08-18 2232 1019.807 1.42 0.139
2020-08-19 2232 1021.936 2.129 0.209
2020-08-20  995.016 -26.92 -2.634
2020-08-25 2235 1007.676 12.66 1.272
2020-08-26 2223 1024.169 16.493 1.637
2020-08-27 2220 1026.815 2.646 0.258
2020-08-28 2235 1016.977 -9.838 -0.958
2020-08-29 2231 1026.294 9.317 0.916
2020-08-30 2231 1026.294 0 0
2020-08-31 2232 1022.748 -3.546 -0.346
