2020-01-19 488 4545 0 0
2020-02-07 486 4545 0 0
2020-02-15 489 4545 0 0
2020-02-16 489 4545 0 0
2020-02-17 490 4545 0 0
2020-02-18 492 4545 0 0
2020-02-19 492 4545 0 0
2020-02-20 494 4545 0 0
2020-02-21 484 4545 0 0
2020-02-22 485 4545 0 0
2020-02-23 485 4545 0 0
2020-02-24 481 4545 0 0
2020-02-25 470 4545 0 0
2020-02-26 469 4545 0 0
2020-02-27 461 4545 0 0
2020-02-28 457 4545 0 0
2020-02-29 453 4545 0 0
2020-03-01 456 4545 0 0
2020-03-02 462 4545 0 0
2020-03-03 469 4545 0 0
2020-03-04 478 4545 0 0
2020-03-05 472 4545 0 0
2020-03-06 466 4545 0 0
2020-03-07 468 4545 0 0
2020-03-08 469 4545 0 0
2020-03-09 459 4545 0 0
2020-03-10 455 4545 0 0
2020-03-11 444 4545 0 0
2020-03-12 436 4545 0 0
2020-03-13 416 4545 0 0
2020-03-14 421 4545 0 0
2020-03-15 421 4545 0 0
2020-03-16 406 4545 0 0
2020-03-17 401 4545 0 0
2020-03-18 390 4545 0 0
2020-03-19 383 4545 0 0
2020-03-20 387 4545 0 0
2020-03-21 386 4545 0 0
2020-03-22 386 4545 0 0
2020-03-23 383 4545 0 0
2020-03-24 384 4545 0 0
2020-03-25 392 4545 0 0
2020-03-26 402 4545 0 0
2020-03-27 408 4545 0 0
2020-03-28 407 4545 0 0
2020-03-29 407 4545 0 0
2020-03-30 407 4545 0 0
2020-03-31 408 4545 0 0
2020-04-01 413 4545 0 0
2020-04-02 401 4545 0 0
2020-04-03 404 4545 0 0
2020-04-04 400 4545 0 0
2020-04-05 400 4545 0 0
2020-04-06 400 4545 0 0
2020-04-07 413 4545 0 0
2020-04-08 423 4545 0 0
2020-04-10 432 4545 0 0
2020-04-11 432 4545 0 0
2020-04-12 432 4545 0 0
2020-04-13 434 4545 0 0
2020-04-14 437 4545 0 0
2020-04-15 438 4545 0 0
2020-04-17 431 4545 0 0
2020-04-18 436 4545 0 0
2020-04-19 436 4545 0 0
2020-04-20 434 4545 0 0
2020-04-21 432 4545 0 0
2020-04-23 433 4545 0 0
2020-04-24 439 4545 0 0
2020-04-25 439 4545 0 0
2020-04-26 439 4545 0 0
2020-04-27 440 4545 0 0
2020-04-28 438 4545 0 0
2020-04-29 449 4545 0 0
2020-04-30 442 4545 0 0
2020-05-01 442 4545 0 0
2020-05-02 443 4545 0 0
2020-05-03 443 4545 0 0
2020-05-04 442 4545 0 0
2020-05-05 437 4545 0 0
2020-05-06 440 4545 0 0
2020-05-07 439 4545 0 0
2020-05-08 442 4545 0 0
2020-05-09 448 4545 0 0
2020-05-10 448 4545 0 0
2020-05-11 448 4545 0 0
2020-05-12 447 4545 0 0
2020-05-13 445 4545 0 0
2020-05-14 442 4545 0 0
2020-05-15 445 4545 0 0
2020-05-16 445 4545 0 0
2020-05-17 445 4545 0 0
2020-05-18 446 4545 0 0
2020-05-19 452 4545 0 0
2020-05-20 457 4545 0 0
2020-05-21 456 4545 0 0
2020-05-22 456 4545 0 0
2020-05-23 456 4545 0 0
2020-05-24 456 4545 0 0
2020-05-25 458 4545 0 0
2020-05-26 460 4545 0 0
2020-05-27 463 4545 0 0
2020-05-28 462 4545 0 0
2020-05-29 470 4545 0 0
2020-05-30 471 4545 0 0
2020-05-31 471 4545 0 0
2020-06-01 472 4545 0 0
2020-06-02 476 4545 0 0
2020-06-03 481 4545 0 0
2020-06-04 489 4545 0 0
2020-06-05 487 4545 0 0
2020-06-06 487 4545 0 0
2020-06-07 487 4545 0 0
2020-06-08 492 4545 0 0
2020-06-09 493 4545 0 0
2020-06-10 492 4545 0 0
2020-06-11 485 4545 0 0
2020-06-12 485 4545 0 0
2020-06-13 484 4545 0 0
2020-06-14 484 4545 0 0
2020-06-15 483 4545 0 0
2020-06-16 487 4545 0 0
2020-06-17 487 4545 0 0
2020-06-18 488 4545 0 0
2020-06-19 488 4545 0 0
2020-06-20 489 4545 0 0
2020-06-21 489 4545 0 0
2020-06-22 487 4545 0 0
2020-06-23 493 4545 0 0
2020-06-24 493 4545 0 0
2020-06-25 490 4545 0 0
2020-06-26 485 4545 0 0
2020-06-27 484 4545 0 0
2020-06-28 484 4545 0 0
2020-06-29 485 4545 0 0
2020-06-30 486 4545 0 0
2020-07-01 489 4545 0 0
2020-07-07 497 4545 0 0
2020-07-08 502 4545 0 0
2020-07-09 503 4545 0 0
2020-07-10 503 4545 0 0
2020-07-11 504 4545 0 0
2020-07-12 504 4545 0 0
2020-07-13 509 4545 0 0
2020-07-14 507 4545 0 0
2020-07-15 508 4545 0 0
2020-07-16 506 4545 0 0
2020-07-17 510 4545 0 0
2020-07-18 510 4545 0 0
2020-07-20 512 4545 0 0
2020-07-21 516 4545 0 0
2020-07-22 520 4545 0 0
2020-07-23 518 4545 0 0
2020-07-24 516 4545 0 0
2020-07-25 513 4545 0 0
2020-07-26 508 4545 0 0
2020-07-27 511 4545 0 0
2020-07-28 413 5322 777 14.6
2020-07-29 416 5322 0 0
2020-07-30 416 5322 0 0
2020-07-31 417 5322 0 0
2020-08-04 419 5322 0 0
2020-08-05 420 5322 0 0
2020-08-06 422 5322 0 0
2020-08-07 423 5322 0 0
2020-08-08 423 5322 0 0
2020-08-09 423 5322 0 0
2020-08-10 424 5322 0 0
2020-08-12 423 5322 0 0
2020-08-13 424 5322 0 0
2020-08-14 423 5322 0 0
2020-08-15 423 5322 0 0
2020-08-16 423 5322 0 0
2020-08-17 422 5322 0 0
2020-08-18 428 5322 0 0
2020-08-19 427 5322 0 0
2020-08-20 423 5322 0 0
2020-08-21 425 5322 0 0
2020-08-22 426 5322 0 0
2020-08-23 426 5322 0 0
2020-08-24 430 5322 0 0
2020-08-25 429 5322 0 0
2020-08-26 429 5322 0 0
2020-08-27 431 5322 0 0
2020-08-28 432 5322 0 0
2020-08-29 433 5322 0 0
2020-08-30 433 5322 0 0
2020-08-31 430 5322 0 0
2020-09-01 435 5322 0 0
2020-09-02 436 5322 0 0
2020-09-03 431 5322 0 0
2020-09-04 428 5322 0 0
2020-09-05 428 5322 0 0
2020-09-06 428 5322 0 0
2020-09-07 426 5322 0 0
2020-09-08 427 5322 0 0
2020-09-09 425 5322 0 0
2020-09-10 425 5322 0 0
2020-09-11 426 5322 0 0
2020-09-12 427 5322 0 0
2020-09-13 427 5322 0 0
2020-09-14 426 5322 0 0
2020-09-15 427 5322 0 0
2020-09-16 430 5322 0 0
2020-09-17 431 5322 0 0
2020-09-18 432 5322 0 0
2020-09-19 432 5322 0 0
2020-09-21 430 5322 0 0
2020-09-22 432 5322 0 0
2020-09-23 432 5322 0 0
2020-09-24 424 5322 0 0
2020-09-25 423 5322 0 0
2020-09-26 422 5322 0 0
2020-09-27 422 5322 0 0
2020-09-28 426 5322 0 0
2020-09-29 430 5322 0 0
2020-09-30 431 5322 0 0
