2019-11-07 672 3519.5 0 0
2020-01-19 714 3519.5 0 0
2020-02-07 693 3519.5 0 0
2020-02-15 696 3519.5 0 0
2020-02-16 696 3519.5 0 0
2020-02-17 698 3519.5 0 0
2020-02-18 701 3519.5 0 0
2020-02-19 702 3519.5 0 0
2020-02-20 700 3519.5 0 0
2020-02-21 696 3519.5 0 0
2020-02-22 693 3519.5 0 0
2020-02-23 693 3519.5 0 0
2020-02-24 686 3519.5 0 0
2020-02-25 677 3519.5 0 0
2020-02-26 669 3519.5 0 0
2020-02-27 662 3519.5 0 0
2020-02-28 652 3519.5 0 0
2020-02-29 646 3519.5 0 0
2020-03-01 649 3519.5 0 0
2020-03-02 658 3519.5 0 0
2020-03-03 662 3519.5 0 0
2020-03-04 664 3519.5 0 0
2020-03-05 668 3519.5 0 0
2020-03-06 662 3519.5 0 0
2020-03-07 661 3519.5 0 0
2020-03-08 661 3519.5 0 0
2020-03-09 644 3519.5 0 0
2020-03-10 639 3519.5 0 0
2020-03-11 632 3519.5 0 0
2020-03-12 599 3519.5 0 0
2020-03-13 587 3519.5 0 0
2020-03-14 592 3519.5 0 0
2020-03-15 592 3519.5 0 0
2020-03-16 562 3519.5 0 0
2020-03-17 565 3519.5 0 0
2020-03-18 550 3519.5 0 0
2020-03-19 537 3519.5 0 0
2020-03-20 548 3519.5 0 0
2020-03-21 551 3519.5 0 0
2020-03-22 551 3519.5 0 0
2020-03-23 541 3519.5 0 0
2020-03-24 534 3519.5 0 0
2020-03-25 633 3212.5 -307 -8.723
2020-03-26 650 3212.5 0 0
2020-03-27 665 3212.5 0 0
2020-03-28 664 3212.5 0 0
2020-03-29 664 3212.5 0 0
2020-03-30 664 3212.5 0 0
2020-03-31 663 3212.5 0 0
2020-04-01 666 3212.5 0 0
2020-04-02 652 3212.5 0 0
2020-04-03 650 3212.5 0 0
2020-04-04 649 3212.5 0 0
2020-04-05 649 3212.5 0 0
2020-04-06 649 3212.5 0 0
2020-04-07 664 3212.5 0 0
2020-04-08 682 3212.5 0 0
2020-04-09 693 3212.5 0 0
2020-04-10 702 3212.5 0 0
2020-04-11 702 3212.5 0 0
2020-04-12 702 3212.5 0 0
2020-04-13 695 3212.5 0 0
2020-04-14 702 3212.5 0 0
2020-04-15 700 3212.5 0 0
2020-04-16 695 3212.5 0 0
2020-04-17 702 3212.5 0 0
2020-04-18 708 3212.5 0 0
2020-04-19 708 3212.5 0 0
2020-04-20 708 3212.5 0 0
2020-04-21 696 3212.5 0 0
2020-04-23 701 3212.5 0 0
2020-04-24 703 3212.5 0 0
2020-04-25 703 3212.5 0 0
2020-04-26 703 3212.5 0 0
2020-04-27 706 3212.5 0 0
2020-04-28 710 3212.5 0 0
2020-04-29 721 3212.5 0 0
2020-04-30 720 3212.5 0 0
