2024-02-16 2036 1416.997 0 0
2024-02-17 2039 1415.299 -1.698 -0.12
2024-02-18 2039 1415.299 0 0
2024-02-19 2028 1432.598 17.299 1.222
2024-02-20 1999 1455.727 23.129 1.614
2024-02-21 2010 1444.601 -11.126 -0.764
2024-02-22 2020 1448.585 3.984 0.276
2024-02-23 2027 1446.131 -2.454 -0.169
2024-02-24 2023 1446.131 0 0
2024-02-25 2020 1446.131 0 0
2024-02-26 2010 1460.003 13.872 0.959
2024-02-27 2035 1444.603 -15.4 -1.055
2024-02-28 2038 1437.97 -6.633 -0.459
2024-02-29 1947 1509.762 71.792 4.993
2024-03-01 1971 1497.607 -12.155 -0.805
2024-03-02 1978 1493.068 -4.539 -0.303
2024-03-03 1980 1493.068 0 0
2024-03-04 1991 1484.316 -8.752 -0.586
2024-03-05 1989 1482.704 -1.612 -0.109
2024-03-06 1985 1489.106 6.402 0.432
2024-03-07 1965 1512.779 23.673 1.59
2024-03-08 1992 1492.378 -20.401 -1.349
2024-03-09 1981 1503.491 11.113 0.745
2024-03-10 1986 1503.491 0 0
2024-03-11 2023 1473.109 -30.382 -2.021
2024-03-12 2039 1467.21 -5.899 -0.4
2024-03-13 2041 1462.771 -4.439 -0.303
2024-03-14 2019 1481.249 18.478 1.263
2024-03-15 2014 1480.939 -0.31 -0.021
2024-03-16 2028 1471.505 -9.434 -0.637
2024-03-17 2028 1471.505 0 0
2024-03-18 2024 1476.204 4.699 0.319
2024-03-19 2001 1492.357 16.153 1.094
2024-03-20 2027 1476.663 -15.694 -1.052
2024-03-21 2028 1480.218 3.555 0.241
2024-03-22 2019 1478.11 -2.108 -0.142
2024-03-23 2011 1480.356 2.246 0.152
2024-03-24 2011 1480.356 0 0
2024-03-25 2036 1451.418 -28.938 -1.955
2024-03-26 2036 1460.87 9.452 0.651
2024-03-27 2010 1472.042 11.172 0.765
2024-03-28 1992 1486.816 14.774 1.004
2024-03-29 1990 1490.583 3.767 0.253
2024-03-30 2101 1490.583 0 0
2024-03-31 2101 1490.583 0 0
2024-04-01 2041 1454.407 -36.176 -2.427
2024-04-02 2162 1443.395 -11.012 -0.757
2024-04-03 2160 1445.554 2.159 0.15
2024-04-04 2168 1441.633 -3.921 -0.271
2024-04-05 2156 1449.317 7.684 0.533
2024-04-06 2151 1450.369 1.052 0.073
2024-04-07 2151 1450.369 0 0
2024-04-08 2135 1461.351 10.982 0.757
2024-04-09 2132 1471.063 9.712 0.665
2024-04-10 2144 1452.397 -18.666 -1.269
2024-04-11 2236 1382.685 -69.712 -4.8
2024-04-12 2265 1353.706 -28.979 -2.096
2024-04-13 2258 1356.671 2.965 0.219
2024-04-14 2258 1356.671 0 0
2024-04-15 2252 1356.958 0.287 0.021
2024-04-16 2275 1330.677 -26.281 -1.937
2024-04-17 2292 1314.598 -16.079 -1.208
2024-04-18 2284 1325.289 10.691 0.813
2024-04-19 2262 1339.709 14.42 1.088
2024-04-20 2262 1339.926 0.217 0.016
2024-04-21 2262 1339.926 0 0
2024-04-22 2240 1360.041 20.115 1.501
2024-04-23 2251 1359.508 -0.533 -0.039
2024-04-24 2243 1367.948 8.44 0.621
2024-04-25 2245 1367.137 -0.811 -0.059
2024-04-26 2264 1356.391 -10.746 -0.786
2024-04-27 2289 1341.6 -14.791 -1.09
2024-04-28 2289 1341.6 0 0
2024-04-29 2296 1341.6 0 0
2024-04-30 2290 1346.932 5.332 0.397
2024-05-01 2285 1347.277 0.345 0.026
2024-05-02 2309 1331.741 -15.536 -1.153
2024-05-03 2273 1362.818 31.077 2.334
2024-05-04 2267 1373.292 10.474 0.769
2024-05-05 2267 1373.292 0 0
2024-05-06 2277 1373.292 0 0
2024-05-07 2304 1350.42 -22.872 -1.665
2024-05-08 2318 1333.089 -17.331 -1.283
2024-05-09 2302 1342.054 8.965 0.672
2024-05-10 2294 1348.983 6.929 0.516
2024-05-11 2297 1346.344 -2.639 -0.196
2024-05-12 2297 1346.344 0 0
2024-05-13 2305 1341.848 -4.496 -0.334
2024-05-14 2298 1344.465 2.617 0.195
2024-05-15 2308 1333.229 -11.236 -0.836
2024-05-16 2302 1349.181 15.952 1.196
2024-05-17 2313 1349.983 0.802 0.059
2024-05-18 2310 1349.202 -0.781 -0.058
2024-05-19 2310 1349.202 0 0
2024-05-20 2298 1356.247 7.045 0.522
2024-05-21 2299 1352.239 -4.008 -0.296
2024-05-22 2307 1347.706 -4.533 -0.335
2024-05-23 2304 1342.755 -4.951 -0.367
2024-05-24 2306 1335.775 -6.98 -0.52
2024-05-25 2305 1336.115 0.34 0.025
2024-05-26 2305 1336.115 0 0
2024-05-27 2299 1341.975 5.86 0.439
2024-05-28 2297 1337.51 -4.465 -0.333
2024-05-29 2294 1337.223 -0.287 -0.021
2024-05-30 2288 1334.721 -2.502 -0.187
2024-05-31 2288 1341.036 6.315 0.473
2024-06-01 2291 1336.342 -4.694 -0.35
2024-06-02 2291 1336.342 0 0
2024-06-03 2288 1339.129 2.787 0.209
2024-06-04 2269 1354.285 15.156 1.132
2024-06-05 2251 1373.746 19.461 1.437
2024-06-06 2258 1362.772 -10.974 -0.799
2024-06-07 2263 1360.62 -2.152 -0.158
2024-06-09 2269 1353.549 -7.071 -0.52
2024-06-10 2271 1350.198 -3.351 -0.248
2024-06-11 2266 1351.227 1.029 0.076
2024-06-12 2283 1338.626 -12.601 -0.933
2024-06-13 2273 1347.079 8.453 0.631
2024-06-14 2292 1325.376 -21.703 -1.611
2024-06-15 2292 1321.545 -3.831 -0.289
2024-06-16 2292 1321.545 0 0
2024-06-17 2296 1317.37 -4.175 -0.316
2024-06-18 2338 1288.393 -28.977 -2.2
2024-06-19 2363 1264.8 -23.593 -1.831
2024-06-20 2344 1280.327 15.527 1.228
2024-06-21 2349 1276.6 -3.727 -0.291
2024-06-22 2354 1269.8 -6.8 -0.533
2024-06-23 2354 1269.8 0 0
2024-06-24 2348 1267.605 -2.195 -0.173
2024-06-25 2336 1279.971 12.366 0.976
2024-06-26 2325 1289.964 9.993 0.781
2024-06-27 2351 1270.384 -19.58 -1.518
2024-06-28 2350 1270.542 0.158 0.012
2024-06-29 2351 1268.449 -2.093 -0.165
2024-06-30 2351 1268.449 0 0
