2021-04-09 2281 1322.589 0 0
2021-04-10 2278 1320.593 -1.996 -0.151
2021-04-11 2279 1320.593 0 0
2021-04-12 2290 1305.235 -15.358 -1.177
2021-04-13 2276 1315.064 9.829 0.747
2021-04-14 2239 1351.28 36.216 2.68
2021-04-15 2250 1346.54 -4.74 -0.352
2021-04-16 2231 1366.154 19.614 1.436
2021-04-17 2231 1368.185 2.031 0.148
2021-04-18 2231 1368.185 0 0
2021-04-19 2250 1359.924 -8.261 -0.607
2021-04-20 2179 1422.635 62.711 4.408
2021-04-21 2128 1470.312 47.677 3.243
2021-04-22 2093 1493.742 23.43 1.569
2021-04-23 2100 1499.95 6.208 0.414
2021-04-24 2100 1499.95 0 0
2021-04-25 2100 1498.795 -1.155 -0.077
2021-04-26 2092 1500.269 1.474 0.098
2021-04-27 2085 1513.223 12.954 0.856
2021-04-28 2015 1581.951 68.728 4.345
2021-04-29 2051 1542.761 -39.19 -2.54
2021-04-30 2050 1553.483 10.722 0.69
2021-05-01 2049 1552.211 -1.272 -0.082
