2022-04-05 2137 1428.778 0 0
2022-04-06 2196 1382.02 -46.758 -3.273
2022-04-07 2168 1381.604 -0.416 -0.03
2022-04-08 2141 1402.313 20.709 1.499
2022-04-09 2141 1402.61 0.297 0.021
2022-04-10 2141 1402.61 0 0
2022-04-11 2196 1348.076 -54.534 -3.888
2022-04-12 2189 1349.325 1.249 0.093
2022-04-13 2175 1355.309 5.984 0.443
2022-04-14 2180 1351.383 -3.926 -0.29
2022-04-15 2182 1347.226 -4.157 -0.308
2022-04-16 2182 1347.226 0 0
2022-04-17 2182 1347.226 0 0
2022-04-18 2182 1347.226 0 0
2022-04-19 2214 1320.071 -27.155 -2.016
2022-04-20 2179 1347.158 27.087 2.052
2022-04-21 2208 1305.307 -41.851 -3.107
2022-04-22 2232 1275.264 -30.043 -2.302
2022-04-23 2241 1265.797 -9.467 -0.742
2022-04-24 2241 1265.797 0 0
2022-04-25 2266 1223.583 -42.214 -3.335
2022-04-26 2460 1078.921 -144.662 -11.823
2022-04-27 2481 1066.371 -12.55 -1.163
2022-04-28 2485 1064.957 -1.414 -0.133
2022-04-29 2471 1075.55 10.593 0.995
2022-04-30 2471 1079.822 4.272 0.397
