2020-01-19 1959 1203.3 0 0
2020-02-07 1777 1378.648 175.348 12.719
2020-02-15 1745 1409.792 31.144 2.209
2020-02-16 1745 1409.792 0 0
2020-02-17 1819 1337.665 -72.127 -5.392
2020-02-18 1820 1331.828 -5.837 -0.438
2020-02-19 1851 1284.824 -47.004 -3.658
2020-02-20 1877 1257.661 -27.163 -2.16
2020-02-21 1875 1250.605 -7.056 -0.564
2020-02-22 1881 1248.099 -2.506 -0.201
2020-02-23 1878 1248.099 0 0
2020-02-24 1847 1276.552 28.453 2.229
2020-02-25 1820 1302.317 25.765 1.978
2020-02-26 1808 1311.777 9.46 0.721
2020-02-27 1795 1315.656 3.879 0.295
2020-02-28 1789 1308.705 -6.951 -0.531
2020-02-29 1780 1308.705 0 0
