2020-01-19 1332 1961.039 0 0
2020-02-07 1332 1935.212 -25.827 -1.335
2020-02-15 1340 1942.936 7.724 0.398
2020-02-16 1341 1942.936 0 0
2020-02-17 1344 1942.936 0 0
2020-02-18 1337 1951.331 8.395 0.43
2020-02-19 1339 1950.616 -0.715 -0.037
2020-02-20 1349 1943.845 -6.771 -0.348
2020-02-21 1347 1933.583 -10.262 -0.531
2020-02-22 1347 1933.583 0 0
2020-02-23 1346 1933.583 0 0
2020-02-24 1357 1911.598 -21.985 -1.15
2020-02-25 1361 1902.425 -9.173 -0.482
2020-02-26 1355 1903.452 1.027 0.054
2020-02-27 1347 1886.043 -17.409 -0.923
2020-02-28 1325 1892.39 6.347 0.335
2020-02-29 1320 1892.39 0 0
