2020-01-19 1211 2168.8 0 0
2020-02-07 1198 2168.8 0 0
2020-02-15 1208 2168.8 0 0
2020-02-16 1209 2168.8 0 0
2020-02-17 1216 2168.8 0 0
2020-02-18 1214 2168.8 0 0
2020-02-19 1213 2168.8 0 0
2020-02-20 1209 2168.8 0 0
2020-02-21 1207 2168.8 0 0
2020-02-22 1209 2168.8 0 0
2020-02-23 1208 2168.8 0 0
2020-02-24 1197 2168.8 0 0
2020-02-25 1190 2168.8 0 0
2020-02-26 1183 2168.8 0 0
2020-02-27 1170 2168.8 0 0
2020-02-28 1154 2168.8 0 0
2020-02-29 1156 2168.8 0 0
2020-03-01 1155 2168.8 0 0
2020-03-02 1161 2168.8 0 0
2020-03-03 1170 2168.8 0 0
2020-03-04 1172 2168.8 0 0
2020-03-05 1177 2168.8 0 0
2020-03-06 1165 2168.8 0 0
2020-03-07 1160 2168.8 0 0
2020-03-08 1157 2168.8 0 0
2020-03-09 1137 2168.8 0 0
2020-03-10 1118 2168.8 0 0
2020-03-11 1108 2168.8 0 0
2020-03-12 1066 2168.8 0 0
2020-03-13 1050 2168.8 0 0
2020-03-14 1062 2168.8 0 0
2020-03-15 1062 2168.8 0 0
2020-03-16 1021 2168.8 0 0
2020-03-17 997 2168.8 0 0
2020-03-18 984 2168.8 0 0
2020-03-19 976 2168.8 0 0
2020-03-20 985 2168.8 0 0
2020-03-21 979 2168.8 0 0
2020-03-22 979 2168.8 0 0
2020-03-23 968 2168.8 0 0
2020-03-24 962 2168.8 0 0
2020-03-25 1129 1951.9 -216.9 -11.112
2020-03-26 1153 1951.9 0 0
2020-03-27 1168 1951.9 0 0
2020-03-28 1151 1951.9 0 0
2020-03-29 1151 1951.9 0 0
2020-03-30 1151 1951.9 0 0
2020-03-31 1147 1951.9 0 0
2020-04-01 1159 1951.9 0 0
2020-04-02 1146 1951.9 0 0
2020-04-03 1145 1951.9 0 0
2020-04-04 1132 1951.9 0 0
2020-04-05 1132 1951.9 0 0
2020-04-06 1132 1951.9 0 0
2020-04-07 1167 1951.9 0 0
2020-04-08 1201 1951.9 0 0
2020-04-10 1222 1951.9 0 0
2020-04-11 1222 1951.9 0 0
2020-04-12 1222 1951.9 0 0
2020-04-13 1219 1951.9 0 0
2020-04-14 1228 1951.9 0 0
2020-04-15 1223 1951.9 0 0
2020-04-17 1211 1951.9 0 0
2020-04-18 1221 1951.9 0 0
2020-04-19 1221 1951.9 0 0
2020-04-20 1220 1951.9 0 0
2020-04-21 1207 1951.9 0 0
2020-04-23 1215 1951.9 0 0
2020-04-24 1209 1951.9 0 0
2020-04-25 1207 1951.9 0 0
2020-04-26 1207 1951.9 0 0
2020-04-27 1216 1951.9 0 0
2020-04-28 1230 1951.9 0 0
2020-04-29 1235 1951.9 0 0
2020-04-30 1255 1951.9 0 0
