2019-11-07 1668 1456.703 0 0
2020-01-19 2044 1129.349 -327.354 -22.472
2020-02-07 2024 1115.585 -13.764 -1.219
2020-02-15 2069 1085.393 -30.192 -2.706
2020-02-16 2071 1085.393 0 0
2020-02-17 2092 1066.448 -18.945 -1.745
2020-02-18 2114 1045.349 -21.099 -1.978
2020-02-19 2122 1039.708 -5.641 -0.54
2020-02-20 2142 1024.766 -14.942 -1.437
2020-02-21 2148 1012.235 -12.531 -1.223
2020-02-22 2146 1015.724 3.489 0.345
2020-02-23 2146 1015.724 0 0
2020-02-24 2138 1015.724 0 0
2020-02-25  995.375 -20.349 -2.003
2020-02-26  984.717 -10.658 -1.071
2020-02-28  990.312 5.595 0.568
2020-02-29 2092 1009.822 19.51 1.97
