2021-04-09 2481 1174.87 0 0
2021-04-10 2476 1174.836 -0.034 -0.003
2021-04-11 2477 1174.836 0 0
2021-04-12 2474 1170.863 -3.973 -0.339
2021-04-13 2463 1180.454 9.591 0.812
2021-04-14 2469 1179.365 -1.089 -0.092
2021-04-15 2470 1182.665 3.3 0.279
2021-04-16 2478 1176.695 -5.97 -0.507
2021-04-17 2481 1177.972 1.277 0.108
2021-04-18 2481 1177.972 0 0
2021-04-19 2476 1184.316 6.344 0.536
2021-04-20 2454 1200.764 16.448 1.37
2021-04-21 2479 1189.643 -11.121 -0.935
2021-04-22 2477 1197.178 7.535 0.629
2021-04-23 2484 1199.61 2.432 0.203
2021-04-24 2484 1199.61 0 0
2021-04-25 2484 1199.441 -0.169 -0.014
2021-04-26 2490 1193.502 -5.939 -0.498
2021-04-27 2496 1192.177 -1.325 -0.111
2021-04-28 2486 1199.519 7.342 0.612
2021-04-29 2477 1200.751 1.232 0.103
2021-04-30 2486 1199.221 -1.53 -0.128
2021-05-01 2492 1194.146 -5.075 -0.425
