2019-11-07 1953 1155.071 0 0
2020-01-19 1980 1192.387 37.316 3.231
2020-02-07 2032 1110.869 -81.518 -6.837
2020-02-15 2002 1143.672 32.803 2.953
2020-02-16 2004 1143.672 0 0
2020-02-17 2003 1146.081 2.409 0.211
2020-02-18 1996 1154.27 8.189 0.715
2020-02-19 1980 1173.471 19.201 1.663
2020-02-20 2002 1151.063 -22.408 -1.91
2020-02-21 2012 1133.669 -17.394 -1.511
2020-02-22 2006 1136.67 3.001 0.265
2020-02-23 2005 1136.67 0 0
2020-02-24 1995 1136.67 0 0
2020-02-25 1987 1137.147 0.477 0.042
2020-02-26 2064 1065.258 -71.889 -6.322
2020-02-27 2093 1027.894 -37.364 -3.508
2020-02-28 2081 1030.708 2.814 0.274
2020-02-29 2083 1022.461 -8.247 -0.8
2020-03-01 2081 1022.461 0 0
2020-03-02 2075 1036.724 14.263 1.395
2020-03-03 2082 1031.799 -4.925 -0.475
2020-03-04 2072 1044.834 13.035 1.263
2020-03-05  971.088 -73.746 -7.058
2023-06-03 2594 1012.101 41.013 4.223
2023-06-04 2595 1012.101 0 0
2023-06-05 2590 1010.579 -1.522 -0.15
2023-06-06 2558 1026.057 15.478 1.532
2023-06-07 2580 1014.782 -11.275 -1.099
2023-06-08 2576 1014.617 -0.165 -0.016
2023-06-09 2560 1023.702 9.085 0.895
2023-06-10 2556 1033.608 9.906 0.968
2023-06-11 2557 1033.608 0 0
2023-06-12 2560 1035.671 2.063 0.2
2023-06-13 2570 1028.565 -7.106 -0.686
2023-06-14 2575 1023.93 -4.635 -0.451
2023-06-16 2576 1036.863 12.933 1.263
2023-06-17 2579 1035.036 -1.827 -0.176
2023-06-18 2579 1035.036 0 0
2023-06-19 2564 1041.292 6.256 0.604
2023-06-20 2554 1042.856 1.564 0.15
2023-06-21 2547 1041.592 -1.264 -0.121
2023-06-22 2545 1041.236 -0.356 -0.034
2023-06-23 2527 1050.483 9.247 0.888
2023-06-24 2526 1050.307 -0.176 -0.017
2023-06-25 2526 1050.307 0 0
2023-06-26 2539 1040.302 -10.005 -0.953
2023-06-27 2549 1038.504 -1.798 -0.173
2023-06-28 2569 1027.326 -11.178 -1.076
2023-06-29 2578 1016.928 -10.398 -1.012
2023-06-30 2569 1025.25 8.322 0.818
2023-07-01 2555 1034.686 9.436 0.92
2023-07-02 2555 1034.686 0 0
2023-07-03 2564 1032.601 -2.085 -0.202
2023-07-04 2554 1043.405 10.804 1.046
2023-07-06 2587 1005.306 -38.099 -3.651
2023-07-08 2576 1011.633 6.327 0.629
2023-07-09 2577 1011.633 0 0
2023-07-10 2582 1013.7 2.067 0.204
2023-07-11  998.229 -15.471 -1.526
2023-07-13 2605 1019.862 21.633 2.167
2023-07-14 2620 1007.831 -12.031 -1.18
2023-07-15 2623 1008.838 1.007 0.1
2023-07-16 2623 1008.838 0 0
2023-07-17 2611 1015.126 6.288 0.623
2023-07-18 2622 1002.577 -12.549 -1.236
2023-07-19 2614 1012.633 10.056 1.003
2023-07-20 2615 1007.457 -5.176 -0.511
2023-07-21 2606 1012.443 4.986 0.495
2023-07-22 2599 1017.977 5.534 0.547
2023-07-23 2599 1017.977 0 0
2023-07-24 2599 1016.397 -1.58 -0.155
2023-07-25 2590 1022.945 6.548 0.644
2023-07-26 2602 1020.467 -2.478 -0.242
2023-07-27 2614 1013.472 -6.995 -0.685
2023-07-28 2620 1018.428 4.956 0.489
2023-07-29 2619 1020.369 1.941 0.191
2023-07-30 2620 1020.369 0 0
2023-07-31 2626 1016.641 -3.728 -0.365
2023-08-01 2637 1008.018 -8.623 -0.848
2023-08-02 2626 1005.945 -2.073 -0.206
2023-12-03 2545 1007.324 1.379 0.137
2023-12-04  998.602 -8.722 -0.866
2023-12-07 2533 1011.042 12.44 1.246
2023-12-08 2524 1016.998 5.956 0.589
2023-12-09 2530 1014.58 -2.418 -0.238
2023-12-10 2530 1014.58 0 0
2023-12-12 2538 1002.551 -12.029 -1.186
2023-12-13 2523 1014.782 12.231 1.22
2023-12-14 2517 1020.872 6.09 0.6
2023-12-15 2521 1028.825 7.953 0.779
2023-12-16 2541 1017.424 -11.401 -1.108
2023-12-17 2541 1017.424 0 0
2023-12-18 2527 1019.459 2.035 0.2
2023-12-19 2508 1035.395 15.936 1.563
2023-12-20 2503 1034.998 -0.397 -0.038
2023-12-21 2504 1037.616 2.618 0.253
2023-12-22 2496 1040.193 2.577 0.248
2023-12-23 2494 1042.312 2.119 0.204
2023-12-25 2498 1042.312 0 0
2023-12-28 2520 1041.205 -1.107 -0.106
2023-12-29 2531 1038.021 -3.184 -0.306
2023-12-30 2535 1034.26 -3.761 -0.362
2023-12-31 2535 1034.26 0 0
2024-01-01 2535 1034.26 0 0
2024-01-02 2538 1024.423 -9.837 -0.951
2024-01-03 2540 1013.559 -10.864 -1.06
2024-01-04  998.406 -15.153 -1.495
2024-01-06 2534 1013.051 14.645 1.467
2024-01-07 2534 1013.051 0 0
2024-01-08 2524 1021.311 8.26 0.815
2024-01-09 2525 1018.291 -3.02 -0.296
2024-01-10 2531 1005.826 -12.465 -1.224
2024-01-11 2541 1003.069 -2.757 -0.274
2024-01-12 2542 1006.98 3.911 0.39
2024-01-13 2537 1012.649 5.669 0.563
2024-01-14 2539 1012.649 0 0
2024-01-15 2533 1016.798 4.149 0.41
2024-01-16  995.533 -21.265 -2.091
2024-02-23  994.33 -1.203 -0.121
2024-02-24  994.33 0 0
2024-02-25  994.33 0 0
2024-02-28 2535 1001.779 7.449 0.749
2024-03-08 2527 1000.241 -1.538 -0.154
2024-03-12 2521 1005.688 5.447 0.545
2024-03-13  999.368 -6.32 -0.628
2024-03-14  995.683 -3.685 -0.369
2024-03-21 2513 1007.761 12.078 1.213
2024-03-22 2513 1002.516 -5.245 -0.52
2024-03-23 2516 1000.466 -2.05 -0.204
2024-03-24 2516 1000.466 0 0
2024-03-25  977.779 -22.687 -2.268
2025-10-29 3129 1001.813 24.034 2.458
2025-10-30 3129 1001.933 0.12 0.012
2025-11-01 3121 1012.332 10.399 1.038
2025-11-02 3121 1012.332 0 0
2025-11-03 3094 1023.541 11.209 1.107
2025-11-04 3061 1034.55 11.009 1.076
2025-11-05 3088 1020.133 -14.417 -1.394
2025-11-06 3068 1030.477 10.344 1.014
2025-11-07 3091 1019.076 -11.401 -1.106
2025-11-08 3089 1020.486 1.41 0.138
2025-11-09 3088 1020.486 0 0
2025-11-10 3078 1031.305 10.819 1.06
2025-11-11 3057 1042.349 11.044 1.071
2025-11-12 3036 1054.817 12.468 1.196
2025-11-13 3075 1034.027 -20.79 -1.971
2025-11-14 3054 1045.821 11.794 1.141
2025-11-15 3053 1047.209 1.388 0.133
2025-11-16 3052 1047.209 0 0
2025-11-17 3070 1034.813 -12.396 -1.184
2025-11-18 3074 1027.577 -7.236 -0.699
2025-11-19 3081 1021.207 -6.37 -0.62
2025-11-20 3080 1021.8 0.593 0.058
2025-11-21 3077 1011.998 -9.802 -0.959
2025-11-25 3083 1015.471 3.473 0.343
2025-11-26 3079 1023.119 7.648 0.753
2025-11-27 3070 1030.838 7.719 0.754
2025-11-28 3085 1022.383 -8.455 -0.82
2025-11-29 3088 1024.526 2.143 0.21
2025-11-30 3088 1024.526 0 0
2025-12-01 3073 1032.528 8.002 0.781
2025-12-02 3060 1042.884 10.356 1.003
2025-12-03 3052 1046.65 3.766 0.361
2025-12-04 3029 1061.11 14.46 1.382
2025-12-05 3109 1018.028 -43.082 -4.06
2025-12-06 3126 1002.592 -15.436 -1.516
2025-12-07 3127 1002.592 0 0
2025-12-08  999.316 -3.276 -0.327
2025-12-13 3112 1012.908 13.592 1.36
2025-12-14 3111 1012.908 0 0
2025-12-15 3098 1018.016 5.108 0.504
2025-12-16  973.707 -44.309 -4.352
2026-01-10 3182 1002.128 28.421 2.919
2026-01-11 3182 1002.128 0 0
2026-01-12  994.142 -7.986 -0.797
2026-01-22 3109 1054.518 60.376 6.073
2026-01-23 3077 1083.585 29.067 2.756
2026-01-24 3077 1086.005 2.42 0.223
2026-01-25 3077 1086.005 0 0
2026-01-26 3079 1082.197 -3.808 -0.351
2026-01-27 3072 1089.548 7.351 0.679
2026-01-28 3063 1098.944 9.396 0.862
2026-01-29 3073 1086.402 -12.542 -1.141
2026-01-30 3070 1084.341 -2.061 -0.19
2026-01-31 3070 1083.554 -0.787 -0.073
2026-02-01 3068 1083.554 0 0
2026-02-02 3048 1095.084 11.53 1.064
2026-02-03 3041 1099.44 4.356 0.398
2026-02-04 3055 1086.221 -13.219 -1.202
2026-02-05 3047 1088.685 2.464 0.227
2026-02-06 3047 1088.583 -0.102 -0.009
2026-02-07 3040 1098.288 9.705 0.892
2026-02-08 3041 1098.288 0 0
2026-02-09 3035 1105.505 7.217 0.657
2026-02-10 3042 1107.037 1.532 0.139
2026-02-11 3043 1109.176 2.139 0.193
2026-02-12 3068 1088.457 -20.719 -1.868
2026-02-13 3075 1078.392 -10.065 -0.925
2026-02-14 3096 1064.371 -14.021 -1.3
2026-02-15 3094 1064.371 0 0
2026-02-16 3097 1064.371 0 0
2026-02-17 3094 1064.371 0 0
2026-02-18 3111 1059.241 -5.13 -0.482
2026-02-19 3105 1062.822 3.581 0.338
2026-02-20 3088 1070.666 7.844 0.738
2026-02-21 3078 1076.776 6.11 0.571
2026-02-22 3078 1076.776 0 0
2026-02-23 3062 1090.839 14.063 1.306
2026-02-24 3036 1112.379 21.54 1.975
2026-02-25 3059 1097.125 -15.254 -1.371
2026-02-26 3042 1105.649 8.524 0.777
2026-02-27 3062 1097.919 -7.73 -0.699
2026-02-28 3054 1100.788 2.869 0.261
2026-03-01 3048 1100.788 0 0
2026-03-02 3053 1093.922 -6.866 -0.624
2026-03-03 3088 1043.046 -50.876 -4.651
2026-03-04 3075 1048.437 5.391 0.517
2026-03-05 3079 1046.713 -1.724 -0.164
2026-03-06 3116 1023.436 -23.277 -2.224
2026-03-07 3119 1018.282 -5.154 -0.504
2026-03-08 3119 1018.282 0 0
2026-03-09 3106 1023.996 5.714 0.561
2026-03-10 3295 1053.234 29.238 2.855
2026-03-11 3283 1063.408 10.174 0.966
2026-03-12 3338 1017.676 -45.732 -4.301
2026-03-13  996.372 -21.304 -2.093
2026-03-17 3348 1002.195 5.823 0.584
2026-03-18 3351 1000.285 -1.91 -0.191
2026-03-19 3325 1011.004 10.719 1.072
2026-03-20  986.087 -24.917 -2.465
2026-03-24 3304 1014.417 28.33 2.873
2026-03-25 3295 1028.306 13.889 1.369
2026-03-27 3321 1005.385 -22.444 -2.184
2026-03-28 3310 1012.091 6.706 0.667
2026-03-29 3310 1012.091 0 0
2026-03-30 3310 1011.13 -0.961 -0.095
2026-03-31 3269 1038.272 27.142 2.684
2026-04-01 3264 1052.66 14.388 1.386
2026-04-02 3228 1073.038 20.378 1.936
2026-04-03 3228 1072.019 -1.019 -0.095
2026-04-04 3228 1072.019 0 0
2026-04-05 3228 1072.019 0 0
2026-04-06 3239 1066.655 -5.364 -0.5
2026-04-07 3239 1064.067 -2.588 -0.243
2026-04-08 3228 1085.051 20.984 1.972
2026-04-09 3196 1108.623 23.572 2.172
2026-04-10 3174 1125.443 16.82 1.517
2026-04-11 3158 1138.976 13.533 1.202
2026-04-12 3158 1138.976 0 0
2026-04-13 3165 1136.473 -2.503 -0.22
2026-04-14 3121 1167.37 30.897 2.719
2026-04-15 3111 1181.89 14.52 1.244
2026-04-16 3156 1162.608 -19.282 -1.631
2026-04-17 3136 1174.717 12.109 1.042
2026-04-18 3119 1182.599 7.882 0.671
2026-04-19 3119 1182.599 0 0
2026-04-20 3140 1174.514 -8.085 -0.684
2026-04-21 3142 1172.865 -1.649 -0.14
2026-04-22 3188 1145.005 -27.86 -2.375
2026-04-23 3196 1128.062 -16.943 -1.48
2026-04-24 3187 1131.228 3.166 0.281
2026-04-25 3206 1117.175 -14.053 -1.242
2026-04-26 3206 1117.175 0 0
2026-04-27 3245 1097.113 -20.062 -1.796
2026-04-28 3226 1102.648 5.535 0.505
2026-04-29 3279 1070.692 -31.956 -2.898
2026-04-30 3233 1097.082 26.39 2.465
2026-05-01 3227 1100.231 3.149 0.287
2026-05-02 3222 1106.405 6.174 0.561
2026-05-04 3253 1088.129 -18.276 -1.652
2026-05-05 3255 1088.129 0 0
2026-05-06 3260 1086.713 0 0
2026-05-07 3239 1103.983 0 0
2026-05-08 3263 1096.557 0 0
2026-05-09 3255 1108.125 0 0
2026-05-10 3246 1112.878 0 0
2026-05-11 3242 1112.878 0 0
2026-05-12 3276 1091.303 0 0
2026-05-13 3301 1075.585 0 0
