2020-01-19 1792 1388.786 0 0
2020-02-07 1763 1389.398 0.612 0.044
2020-02-15 1754 1402.257 12.859 0.917
2020-02-16 1754 1402.257 0 0
2020-02-17 1755 1402.257 0 0
2020-02-18 1783 1374.09 -28.167 -2.05
2020-02-19 1741 1425.525 51.435 3.608
2020-02-20 1740 1421.851 -3.674 -0.258
2020-02-21 1791 1356.945 -64.906 -4.783
2020-02-22 1792 1356.945 0 0
2020-02-23 1791 1356.945 0 0
2020-02-24 1826 1306.123 -50.822 -3.891
2020-02-25 1845 1263.873 -42.25 -3.343
2020-02-26 1873 1224.072 -39.801 -3.252
2020-02-27 1874 1217.949 -6.123 -0.503
2020-02-28 1921 1174.474 -43.475 -3.702
2020-02-29 1910 1174.474 0 0
