2020-04-08 1960 1135.587 0 0
2020-04-09 1967 1143.413 7.826 0.689
2020-04-10 1907 1195.178 51.765 4.527
2020-04-11 1907 1195.178 0 0
2020-04-12 1907 1195.178 0 0
2020-04-13 1903 1195.178 0 0
2020-04-14 1919 1186.887 -8.291 -0.694
2020-04-15 1882 1210.908 24.021 2.024
2020-04-16 1968 1137.666 -73.242 -6.049
2020-04-17 1999 1120.357 -17.309 -1.521
2020-04-18 1931 1180.467 60.11 5.365
2020-04-19 1931 1180.467 0 0
2020-04-20 1926 1180.467 0 0
2020-04-21 1926 1174.376 -6.091 -0.516
2020-04-23 1969 1141.872 -32.504 -2.768
2020-04-24 1943 1165.987 24.115 2.112
2020-04-25 1951 1157.222 -8.765 -0.752
2020-04-26 1951 1157.222 0 0
2020-04-27 1955 1157.222 0 0
2020-04-28 1900 1210.323 53.101 4.589
2020-04-29 1895 1224.034 13.711 1.133
2020-04-30 1828 1295.863 71.829 5.868
