2019-11-07 919 2704.735 0 0
2020-01-19 897 2923.104 218.369 8.074
2020-02-07 887 2909.532 -13.572 -0.464
2020-02-15 890 2933.418 23.886 0.821
2020-02-16 890 2933.418 0 0
2020-02-17 886 2930.371 -3.047 -0.104
2020-02-18 886 2929.126 -1.245 -0.042
2020-02-19 951 2702.682 -226.444 -7.731
2020-02-20 948 2720.761 18.079 0.669
2020-02-21 966 2666.817 -53.944 -1.983
2020-02-22 968 2674.419 7.602 0.285
2020-02-23 969 2673.174 -1.245 -0.047
2020-02-24 959 2671.93 -1.244 -0.047
2020-02-25 966 2627.493 -44.437 -1.663
2020-02-26 936 2677.057 49.564 1.886
2020-02-27 923 2688.447 11.39 0.425
2020-02-28 942 2616.093 -72.354 -2.691
2020-02-29 950 2585.629 -30.464 -1.164
