2025-04-02 2883 1069.723 0 0
2025-04-03 2886 1051.383 -18.34 -1.714
2025-04-04 2895 1036.951 -14.432 -1.373
2025-04-05 2890 1036.951 0 0
2025-04-06 2889 1036.951 0 0
2025-04-07 2833 1041.283 4.332 0.418
2025-04-08 2832 1033.599 -7.684 -0.738
2025-04-09 2796 1076.072 42.473 4.109
2025-04-10 2828 1059.295 -16.777 -1.559
2025-04-11 2819 1071.211 11.916 1.125
2025-04-12 2829 1071.211 0 0
2025-04-13 2829 1071.211 0 0
2025-04-14 2824 1077.266 6.055 0.565
2025-04-15 2837 1069.069 -8.197 -0.761
2025-04-16 2845 1059.763 -9.306 -0.87
2025-04-17 2859 1053.464 -6.299 -0.594
2025-04-18 2863 1053.464 0 0
2025-04-19 2863 1053.464 0 0
2025-04-20 2863 1053.464 0 0
2025-04-21 2878 1043.174 -10.29 -0.977
2025-04-22 2870 1054.999 11.825 1.134
2025-04-23 2861 1066.246 11.247 1.066
2025-04-24 2843 1077.314 11.068 1.038
2025-04-25 2839 1084.381 7.067 0.656
2025-04-26 2838 1084.381 0 0
2025-04-27 2838 1084.381 0 0
2025-04-28 2845 1080.194 -4.187 -0.386
2025-04-29 2844 1079.115 -1.079 -0.1
2025-04-30 2857 1075.631 -3.484 -0.323
2025-05-01 2850 1081.355 5.724 0.532
2025-05-02 2846 1090.169 8.814 0.815
2025-05-03 2852 1090.169 0 0
2025-05-04 2852 1090.169 0 0
2025-05-05 2847 1090.861 0.692 0.063
2025-05-06 2859 1088.332 -2.529 -0.232
2025-05-07 2912 1051.994 -36.338 -3.339
2025-05-08 2903 1060.658 8.664 0.824
2025-05-09 2904 1056.593 -4.065 -0.383
2025-05-10 2905 1056.593 0 0
2025-05-11 2905 1056.593 0 0
2025-05-12 2902 1072 15.407 1.458
2025-05-13 2898 1075.797 3.797 0.354
2025-05-14 2874 1093.187 17.39 1.616
2025-05-15 2875 1089.041 -4.146 -0.379
2025-05-16 2876 1095.056 6.015 0.552
2025-05-17 2874 1095.056 0 0
2025-05-18 2874 1095.056 0 0
2025-05-19 2869 1096.329 1.273 0.116
2025-05-20 2875 1088.828 -7.501 -0.684
2025-05-21 2859 1102.73 13.902 1.277
2025-05-22 2849 1108.465 5.735 0.52
2025-05-23 2856 1101.435 -7.03 -0.634
2025-05-24 2856 1101.435 0 0
2025-05-25 2855 1101.435 0 0
2025-05-26 2860 1101.435 0 0
2025-05-27 2840 1114.353 12.918 1.173
2025-05-28 2841 1112.602 -1.751 -0.157
2025-05-29 2848 1111.349 -1.253 -0.113
2025-05-30 2848 1111.023 -0.326 -0.029
2025-05-31 2846 1111.023 0 0
2025-06-01 2846 1111.023 0 0
2025-06-02 2851 1103.678 -7.345 -0.661
2025-06-03 2866 1095.813 -7.865 -0.713
2025-06-04 2858 1100.797 4.984 0.455
2025-06-05 2863 1101.972 1.175 0.107
2025-06-06 2849 1117.081 15.109 1.371
2025-06-07 2847 1117.081 0 0
2025-06-08 2847 1117.081 0 0
2025-06-09 2845 1124.981 7.9 0.707
2025-06-10 2835 1132.009 7.028 0.625
2025-06-11 2841 1128.415 -3.594 -0.317
2025-06-12 2840 1123.102 -5.313 -0.471
2025-06-13 2839 1119.91 -3.192 -0.284
2025-06-14 2836 1119.91 0 0
2025-06-15 2835 1119.91 0 0
2025-06-16 2832 1125.977 6.067 0.542
2025-06-17 2830 1123.864 -2.113 -0.188
2025-06-18 2846 1114.448 -9.416 -0.838
2025-06-19 2834 1114.448 0 0
2025-06-20 2858 1095.972 -18.476 -1.658
2025-06-21 2860 1095.972 0 0
2025-06-22 2860 1095.972 0 0
2025-06-23 2866 1090.976 -4.996 -0.456
2025-06-24 2874 1096.029 5.053 0.463
2025-06-25 2864 1107.092 11.063 1.009
2025-06-26 2856 1115.719 8.627 0.779
2025-06-27 2844 1127.273 11.554 1.036
2025-06-28 2846 1127.273 0 0
2025-06-29 2845 1127.273 0 0
2025-06-30 2849 1124.362 -2.911 -0.258
2025-07-01 2851 1122.971 -1.391 -0.124
2025-07-02 2852 1131.34 8.369 0.745
2025-07-03 2845 1133.686 2.346 0.207
2025-07-04 2845 1133.686 0 0
2025-07-05 2845 1133.686 0 0
2025-07-06 2844 1133.686 0 0
2025-07-07 2850 1124.951 -8.735 -0.77
2025-07-08 2866 1117.886 -7.065 -0.628
2025-07-09 2856 1125.183 7.297 0.653
2025-07-10 2856 1128.232 3.049 0.271
2025-07-11 2841 1135.898 7.666 0.679
2025-07-12 2842 1135.898 0 0
2025-07-13 2842 1135.898 0 0
2025-07-14 2838 1140.279 4.381 0.386
2025-07-15 2838 1141.166 0.887 0.078
2025-07-16 2843 1143.205 2.039 0.179
2025-07-17 2837 1145.867 2.662 0.233
2025-07-18 2838 1149.567 3.7 0.323
2025-07-19 2838 1149.567 0 0
2025-07-20 2838 1149.567 0 0
2025-07-21 2827 1164.849 15.282 1.329
2025-07-22 2825 1167.736 2.887 0.248
2025-07-23 2832 1165.855 -1.881 -0.161
2025-07-24 2826 1170.882 5.027 0.431
2025-07-25 2825 1173.499 2.617 0.224
2025-07-26 2822 1173.499 0 0
2025-07-27 2822 1173.499 0 0
2025-07-28 2830 1171.572 -1.927 -0.164
2025-07-29 2812 1180.459 8.887 0.759
2025-07-30 2802 1183.377 2.918 0.247
2025-07-31 2812 1169.898 -13.479 -1.139
2025-08-01 2824 1161.373 -8.525 -0.729
2025-08-02 2826 1161.373 0 0
2025-08-03 2826 1161.373 0 0
2025-08-04 2805 1178.453 17.08 1.471
2025-08-05 2811 1177.202 -1.251 -0.106
2025-08-06 2804 1181.866 4.664 0.396
2025-08-07 2806 1182.941 1.075 0.091
2025-08-08 2782 1197.105 14.164 1.197
2025-08-09 2785 1197.105 0 0
2025-08-10 2785 1197.105 0 0
2025-08-11 2794 1195.762 -1.343 -0.112
2025-08-12 2768 1203.158 7.396 0.619
2025-08-13 2801 1199.778 -3.38 -0.281
2025-08-14 2788 1202.145 2.367 0.197
2025-08-15 2787 1205.32 3.175 0.264
2025-08-16 2787 1205.32 0 0
2025-08-17 2787 1205.32 0 0
2025-08-18 2799 1203.547 -1.773 -0.147
2025-08-19 2813 1198.225 -5.322 -0.442
2025-08-20 2829 1191.473 -6.752 -0.564
2025-08-21 2823 1192.737 1.264 0.106
2025-08-22 2786 1210.729 17.992 1.508
2025-08-23 2788 1210.729 0 0
2025-08-24 2788 1210.729 0 0
2025-08-25 2779 1217.895 7.166 0.592
2025-08-26 2782 1214.305 -3.59 -0.295
2025-08-27 2781 1215.088 0.783 0.064
2025-08-28 2770 1227.321 12.233 1.007
2025-08-29 2769 1230.757 3.436 0.28
2025-08-30 2768 1230.757 0 0
2025-08-31 2767 1230.757 0 0
2025-09-01 2772 1230.757 0 0
2025-09-02 2767 1226.224 -4.533 -0.368
2025-09-03 2686 1282.463 56.239 4.586
2025-09-04 2671 1287.069 4.606 0.359
2025-09-05 2676 1294.493 7.424 0.577
2025-09-06 2680 1294.493 0 0
2025-09-07 2680 1294.493 0 0
2025-09-08 2688 1291.534 -2.959 -0.229
2025-09-09 2658 1308.487 16.953 1.313
2025-09-10 2658 1307.352 -1.135 -0.087
2025-09-11 2664 1310.935 3.583 0.274
2025-09-12 2661 1312.66 1.725 0.132
2025-09-13 2664 1312.66 0 0
2025-09-14 2664 1312.66 0 0
2025-09-15 2625 1343.281 30.621 2.333
2025-09-16 2632 1342.256 -1.025 -0.076
2025-09-17 2643 1337.626 -4.63 -0.345
2025-09-18 2638 1344.923 7.297 0.546
2025-09-19 2626 1353.43 8.507 0.633
2025-09-20 2625 1353.43 0 0
2025-09-21 2625 1353.43 0 0
2025-09-22 2627 1346.529 -6.901 -0.51
2025-09-23 2628 1344.866 -1.663 -0.124
2025-09-24 2647 1331.602 -13.264 -0.986
2025-09-25 2648 1327.876 -3.726 -0.28
2025-09-26 2631 1329.702 1.826 0.138
2025-09-27 2630 1329.702 0 0
2025-09-28 2630 1329.702 0 0
2025-09-29 2652 1321.485 -8.217 -0.618
2025-09-30 2651 1319.071 -2.414 -0.183
2025-10-01 2644 1324.879 5.808 0.44
