2019-11-07 1204 2082 0 0
2020-01-19 1296 2022 -60 -2.882
2020-02-07 1287 2022 0 0
2020-02-15 1289 2022 0 0
2020-02-16 1290 2022 0 0
2020-02-17 1291 2022 0 0
2020-02-18 1290 2022 0 0
2020-02-19 1290 2022 0 0
2020-02-20 1294 2022 0 0
2020-02-21 1291 2022 0 0
2020-02-22 1294 2022 0 0
2020-02-23 1293 2022 0 0
2020-02-24 1272 2022 0 0
2020-02-25 1270 2022 0 0
2020-02-26 1263 2022 0 0
2020-02-27 1253 2022 0 0
2020-02-28 1230 2022 0 0
2020-02-29 1239 2022 0 0
2020-03-01 1240 2022 0 0
2020-03-02 1249 2022 0 0
2020-03-03 1257 2022 0 0
2020-03-04 1264 2022 0 0
2020-03-05 1272 2022 0 0
2020-03-06 1249 2022 0 0
2020-03-07 1249 2022 0 0
2020-03-08 1250 2022 0 0
2020-03-09 1217 2022 0 0
2020-03-10 1205 2022 0 0
2020-03-11 1198 2022 0 0
2020-03-12 1164 2022 0 0
2020-03-13 1149 2022 0 0
2020-03-14 1152 2022 0 0
2020-03-15 1152 2022 0 0
2020-03-16 1119 2022 0 0
2020-03-17 1094 2022 0 0
2020-03-18 1077 2022 0 0
2020-03-19 1068 2022 0 0
2020-03-20 1073 2022 0 0
2020-03-21 1076 2022 0 0
2020-03-22 1076 2022 0 0
2020-03-23 1054 2022 0 0
2020-03-24 1049 2022 0 0
2020-03-25 1080 2022 0 0
2020-03-26 1106 2022 0 0
2020-03-27 1124 2022 0 0
2020-03-28 1104 2022 0 0
2020-03-29 1104 2022 0 0
2020-03-30 1104 2022 0 0
2020-03-31 1106 2022 0 0
2020-04-01 1111 2022 0 0
2020-04-02 1098 2022 0 0
2020-04-03 1102 2022 0 0
2020-04-04 1097 2022 0 0
2020-04-05 1097 2022 0 0
2020-04-06 1097 2022 0 0
2020-04-07 1124 2022 0 0
2020-04-08 1149 2022 0 0
2020-04-09 1157 2022 0 0
2020-04-10 1168 2022 0 0
2020-04-11 1168 2022 0 0
2020-04-12 1168 2022 0 0
2020-04-13 1168 2022 0 0
2020-04-14 1177 2022 0 0
2020-04-15 1173 2022 0 0
2020-04-16 1158 2022 0 0
2020-04-17 1167 2022 0 0
2020-04-18 1174 2022 0 0
2020-04-19 1174 2022 0 0
2020-04-20 1175 2022 0 0
2020-04-21 1164 2022 0 0
2020-04-23 1169 2022 0 0
2020-04-24 1164 2022 0 0
2020-04-25 1163 2022 0 0
2020-04-26 1164 2022 0 0
2020-04-27 1173 2022 0 0
2020-04-28 1185 2022 0 0
2020-04-29 1193 2022 0 0
2020-04-30 1202 2022 0 0
2020-05-01 1199 2022 0 0
2020-05-02 1193 2022 0 0
2020-05-03 1192 2022 0 0
2020-05-04 1189 2022 0 0
2020-05-05 1188 2022 0 0
2020-05-06 1190 2022 0 0
2020-05-07 1194 2022 0 0
2020-05-08 1197 2022 0 0
2020-05-09 1204 2022 0 0
2020-05-10 1204 2022 0 0
2020-05-11 1205 2022 0 0
2020-05-12 1198 2022 0 0
2020-05-13 1193 2022 0 0
2020-05-14 1192 2022 0 0
2020-05-15 1196 2022 0 0
2020-05-16 1196 2022 0 0
2020-05-17 1197 2022 0 0
2020-05-18 1202 2022 0 0
2020-05-19 1213 2022 0 0
2020-05-20 1213 2022 0 0
2020-05-21 1217 2022 0 0
2020-05-23 1203 2022 0 0
2020-05-24 1203 2022 0 0
2020-05-25 1211 2022 0 0
2020-05-26 1218 2022 0 0
2020-05-27 1221 2022 0 0
2020-05-28 1234 2022 0 0
2020-05-29 1240 2022 0 0
2020-05-30 1241 2022 0 0
2020-05-31 1241 2022 0 0
2020-06-01 1248 2022 0 0
2020-06-02 1259 2022 0 0
2020-06-03 1273 2022 0 0
2020-06-04 1279 2022 0 0
2020-06-05 1290 2022 0 0
2020-06-06 1294 2022 0 0
2020-06-07 1294 2022 0 0
2020-06-08 1294 2022 0 0
2020-06-09 1303 2022 0 0
2020-06-10 1301 2022 0 0
2020-06-11 1287 2022 0 0
2020-06-12 1276 2022 0 0
2020-06-13 1276 2022 0 0
2020-06-14 1276 2022 0 0
2020-06-15 1270 2022 0 0
2020-06-16 1272 2022 0 0
2020-06-17 1283 2022 0 0
2020-06-18 1279 2022 0 0
2020-06-19 1283 2022 0 0
2020-06-20 1285 2022 0 0
2020-06-21 1285 2022 0 0
2020-06-22 1284 2022 0 0
2020-06-23 1290 2022 0 0
2020-06-24 1290 2022 0 0
2020-06-25 1280 2022 0 0
2020-06-26 1277 2022 0 0
2020-06-27 1273 2022 0 0
2020-06-28 1274 2022 0 0
2020-06-29 1269 2022 0 0
2020-06-30 1280 2022 0 0
2020-07-01 1286 2022 0 0
2020-07-07 1304 2022 0 0
2020-07-08 1318 2022 0 0
2020-07-09 1322 2022 0 0
2020-07-10 1320 2022 0 0
2020-07-11 1319 2022 0 0
2020-07-12 1319 2022 0 0
2020-07-13 1319 2022 0 0
2020-07-14 1323 2022 0 0
2020-07-15 1321 2022 0 0
2020-07-16 1318 2022 0 0
2020-07-17 1313 2022 0 0
2020-07-18 1313 2022 0 0
2020-07-20 1317 2022 0 0
2020-07-21 1318 2022 0 0
2020-07-22 1322 2022 0 0
2020-07-23 1318 2022 0 0
2020-07-24 1308 2022 0 0
2020-07-25 1310 2022 0 0
2020-07-26 1309 2022 0 0
2020-07-27 1312 2022 0 0
2020-07-28 1317 2022 0 0
2020-07-29 1318 2022 0 0
2020-07-30 1326 2022 0 0
2020-07-31 1328 2022 0 0
2020-08-04 1341 2022 0 0
2020-08-05 1341 2022 0 0
2020-08-06 1349 2022 0 0
2020-08-07 1342 2022 0 0
2020-08-08 1340 2022 0 0
2020-08-09 1340 2022 0 0
2020-08-10 1336 2022 0 0
2020-08-12 1341 2022 0 0
2020-08-13 1340 2022 0 0
2020-08-14 1340 2022 0 0
2020-08-15 1341 2022 0 0
2020-08-16 1341 2022 0 0
2020-08-17 1346 2022 0 0
2020-08-18 1349 2022 0 0
2020-08-19 1345 2022 0 0
2020-08-20 1344 2022 0 0
2020-08-21 1345 2022 0 0
2020-08-22 1342 2022 0 0
2020-08-23 1342 2022 0 0
2020-08-24 1338 2022 0 0
2020-08-25 1338 2022 0 0
2020-08-26 1345 2022 0 0
2020-08-27 1344 2022 0 0
2020-08-28 1350 2022 0 0
2020-08-29 1353 2022 0 0
2020-08-30 1353 2022 0 0
2020-08-31 1348 2022 0 0
2020-09-01 1356 2022 0 0
2020-09-02 1366 2022 0 0
2020-09-03 1354 2022 0 0
2020-09-04 1351 2022 0 0
2020-09-05 1352 2022 0 0
2020-09-06 1352 2022 0 0
2020-09-07 1353 2022 0 0
2020-09-09 1343 2022 0 0
2020-09-10 1344 2022 0 0
2020-09-11 1346 2022 0 0
2020-09-12 1344 2022 0 0
2020-09-13 1344 2022 0 0
2020-09-14 1349 2022 0 0
2020-09-15 1359 2022 0 0
2020-09-16 1359 2022 0 0
2020-09-17 1354 2022 0 0
2020-09-18 1356 2022 0 0
2020-09-19 1354 2022 0 0
2020-09-21 1345 2022 0 0
2020-09-22 1340 2022 0 0
2020-09-23 1341 2022 0 0
2020-09-24 1333 2022 0 0
2020-09-25 1333 2022 0 0
2020-09-26 1332 2022 0 0
2020-09-27 1334 2022 0 0
2020-09-28 1340 2022 0 0
2020-09-29 1338 2022 0 0
2020-09-30 1347 2022 0 0
2020-10-01 1354 2022 0 0
2020-10-03 1351 2022 0 0
2020-10-04 1352 2022 0 0
2020-10-05 1353 2022 0 0
2020-10-06 1354 2022 0 0
2020-10-07 1354 2022 0 0
2020-10-08 1366 2022 0 0
2020-10-09 1371 2022 0 0
2020-10-10 1374 2022 0 0
2020-10-11 1375 2022 0 0
2020-10-12 1383 2022 0 0
2020-10-13 1383 2022 0 0
2020-10-14 1378 2022 0 0
2020-10-16 1371 2022 0 0
2020-10-17 1371 2022 0 0
2020-10-18 1371 2022 0 0
2020-10-19 1363 2022 0 0
2020-10-20 1366 2022 0 0
2020-10-21 1370 2022 0 0
2020-10-22 1371 2022 0 0
2020-10-23 1370 2022 0 0
2020-10-24 1368 2022 0 0
2020-10-25 1367 2022 0 0
2020-10-26 1362 2022 0 0
2020-10-27 1360 2022 0 0
2020-10-28 1353 2022 0 0
2020-10-29 1352 2022 0 0
2020-10-30 1341 2022 0 0
2020-10-31 1342 2022 0 0
2020-11-01 1342 2022 0 0
2020-11-02 1342 2022 0 0
2020-11-03 1350 2022 0 0
2020-11-04 1362 2022 0 0
2020-11-05 1372 2022 0 0
2020-11-06 1378 2022 0 0
2020-11-07 1380 2022 0 0
2020-11-08 1380 2022 0 0
2020-11-09 1383 2022 0 0
2020-11-10 1386 2022 0 0
2020-11-12 1384 2022 0 0
2020-11-13 1384 2022 0 0
2020-11-14 1379 2022 0 0
2020-11-15 1379 2022 0 0
2020-11-17 1386 2022 0 0
2020-11-18 1384 2022 0 0
2020-11-19 1385 2022 0 0
2020-11-20 1387 2022 0 0
2020-11-21 1392 2022 0 0
2020-11-22 1392 2022 0 0
2020-11-23 1398 2022 0 0
2020-11-24 1399 2022 0 0
2020-11-25 1393 2022 0 0
2020-11-26 1394 2022 0 0
2020-11-27 1399 2022 0 0
2020-11-28 1397 2022 0 0
2020-11-30 1400 2022 0 0
2020-12-01 1406 2022 0 0
2020-12-02 1407 2022 0 0
2020-12-03 1410 2022 0 0
2020-12-04 1418 2022 0 0
2020-12-05 1415 2022 0 0
2020-12-06 1415 2022 0 0
2020-12-07 1414 2022 0 0
2020-12-08 1420 2022 0 0
2020-12-09 1428 2022 0 0
2020-12-10 1422 2022 0 0
2020-12-11 1422 2022 0 0
2020-12-12 1422 2022 0 0
2020-12-13 1422 2022 0 0
2020-12-14 1422 2022 0 0
2020-12-15 1422 2022 0 0
2020-12-16 1423 2022 0 0
2020-12-17 1433 2022 0 0
2020-12-18 1441 2022 0 0
2020-12-19 1439 2022 0 0
2020-12-20 1438 2022 0 0
2020-12-21 1438 2022 0 0
2020-12-22 1429 2022 0 0
2020-12-23 1457 2022 0 0
2020-12-24 1456 2022 0 0
2020-12-25 1455 2022 0 0
2020-12-26 1455 2022 0 0
2020-12-27 1455 2022 0 0
2020-12-28 1454 2022 0 0
2020-12-29 1449 2022 0 0
2020-12-31 1466 2022 0 0
2021-01-01 1463 2022 0 0
2021-01-02 1463 2022 0 0
2021-01-03 1463 2022 0 0
2021-01-04 1468 2022 0 0
2021-01-05 1477 2022 0 0
2021-01-06 1475 2022 0 0
2021-01-07 1473 2022 0 0
2021-01-08 1482 2022 0 0
2021-01-09 1481 2022 0 0
2021-01-10 1481 2022 0 0
2021-01-11 1482 2022 0 0
2021-01-12 1482 2022 0 0
2021-01-13 1476 2022 0 0
2021-01-14 1489 2022 0 0
2021-01-15 1490 2022 0 0
2021-01-16 1486 2022 0 0
2021-01-17 1486 2022 0 0
2021-01-18 1479 2022 0 0
2021-01-19 1483 2022 0 0
2021-01-20 1491 2022 0 0
2021-01-21 1501 2022 0 0
2021-01-22 1493 2022 0 0
2021-01-23 1491 2022 0 0
2021-01-24 1491 2022 0 0
2021-01-25 1499 2022 0 0
2021-01-26 1495 2022 0 0
2021-01-27 1489 2022 0 0
2021-01-28 1485 2022 0 0
2021-01-29 1477 2022 0 0
2021-01-30 1479 2022 0 0
2021-01-31 1479 2022 0 0
2021-02-01 1486 2022 0 0
2021-02-02 1491 2022 0 0
2021-02-03 1498 2022 0 0
2021-02-04 1505 2022 0 0
2021-02-05 1501 2022 0 0
2021-02-06 1503 2022 0 0
2021-02-07 1503 2022 0 0
2021-02-08 1508 2022 0 0
2021-02-09 1519 2022 0 0
2021-02-10 1520 2022 0 0
2021-02-11 1524 2022 0 0
2021-02-12 1524 2022 0 0
2021-02-13 1524 2022 0 0
2021-02-14 1524 2022 0 0
2021-02-15 1525 2022 0 0
2021-02-16 1527 2022 0 0
2021-02-17 1530 2022 0 0
2021-02-18 1522 2022 0 0
2021-02-19 1529 2022 0 0
2021-02-20 1530 2022 0 0
2021-02-21 1531 2022 0 0
2021-02-22 1524 2022 0 0
2021-02-23 1522 2022 0 0
2021-02-24 1524 2022 0 0
2021-02-25 1512 2022 0 0
2021-02-26 1508 2022 0 0
2021-02-27 1501 2022 0 0
2021-02-28 1503 2022 0 0
2021-03-01 1555 1985 -37 -1.83
2021-03-02 1554 1985 0 0
2021-03-03 1551 1985 0 0
2021-03-04 1554 1985 0 0
2021-03-05 1540 1985 0 0
2021-03-06 1539 1985 0 0
2021-03-07 1545 1985 0 0
2021-03-08 1527 1985 0 0
2021-03-09 1527 1985 0 0
2021-03-11 1549 1985 0 0
2021-03-12 1547 1985 0 0
2021-03-13 1546 1985 0 0
2021-03-14 1546 1985 0 0
2021-03-15 1547 1985 0 0
2021-03-16 1545 1985 0 0
2021-03-18 1545 1985 0 0
2021-03-19 1545 1985 0 0
2021-03-20 1547 1985 0 0
2021-03-21 1547 1985 0 0
2021-03-22 1550 1985 0 0
2021-03-23 1538 1985 0 0
2021-03-24 1524 1985 0 0
2021-03-25 1524 1985 0 0
2021-03-26 1532 1985 0 0
2021-03-27 1525 1985 0 0
2021-03-28 1525 1985 0 0
2021-03-29 1529 1985 0 0
2021-03-30 1532 1985 0 0
2021-03-31 1530 1985 0 0
2021-04-01 1538 1985 0 0
2021-04-02 1540 1985 0 0
2021-04-03 1540 1985 0 0
2021-04-04 1540 1985 0 0
2021-04-05 1536 1985 0 0
2021-04-06 1543 1985 0 0
2021-04-07 1541 1985 0 0
2021-04-08 1545 1985 0 0
2021-04-09 1626 1985 0 0
2021-04-10 1626 1985 0 0
2021-04-11 1626 1985 0 0
2021-04-12 1618 1985 0 0
2021-04-13 1617 1985 0 0
2021-04-14 1624 1985 0 0
2021-04-15 1630 1985 0 0
2021-04-16 1635 1985 0 0
2021-04-17 1639 1985 0 0
2021-04-18 1638 1985 0 0
2021-04-19 1637 1985 0 0
2021-04-20 1638 1985 0 0
2021-04-21 1639 1985 0 0
2021-04-22 1643 1985 0 0
2021-04-23 1653 1985 0 0
2021-04-24 1653 1985 0 0
2021-04-25 1652 1985 0 0
2021-04-26 1654 1985 0 0
2021-04-27 1656 1985 0 0
2021-04-28 1661 1985 0 0
2021-04-29 1657 1985 0 0
2021-04-30 1650 1985 0 0
2021-05-01 1645 1985 0 0
2021-05-02 1644 1985 0 0
2021-05-03 1642 1985 0 0
2021-05-04 1648 1985 0 0
2021-05-05 1644 1985 0 0
2021-05-06 1649 1985 0 0
2021-05-07 1644 1985 0 0
2021-05-08 1651 1985 0 0
2021-05-09 1651 1985 0 0
2021-05-10 1645 1985 0 0
2021-05-11 1646 1985 0 0
2021-05-12 1634 1985 0 0
2021-05-13 1619 1985 0 0
2021-05-14 1632 1985 0 0
2021-05-15 1641 1985 0 0
2021-05-16 1641 1985 0 0
2021-05-17 1647 1985 0 0
2021-05-18 1648 1985 0 0
2021-05-19 1647 1985 0 0
2021-05-20 1655 1985 0 0
2021-05-21 1654 1985 0 0
2021-05-22 1655 1985 0 0
2021-05-23 1655 1985 0 0
2021-05-24 1658 1985 0 0
2021-05-25 1661 1985 0 0
2021-05-26 1665 1985 0 0
2021-05-27 1680 1985 0 0
2021-05-28 1684 1985 0 0
2021-05-29 1685 1985 0 0
2021-05-30 1685 1985 0 0
2021-05-31 1695 1985 0 0
2021-06-01 1700 1985 0 0
2021-06-02 1699 1985 0 0
2021-06-03 1688 1985 0 0
2021-06-04 1687 1985 0 0
2021-06-05 1687 1985 0 0
2021-06-06 1687 1985 0 0
2021-06-07 1693 1985 0 0
2021-06-08 1694 1985 0 0
2021-06-09 1690 1985 0 0
2021-06-10 1699 1985 0 0
2021-06-11 1703 1985 0 0
2021-06-12 1701 1985 0 0
2021-06-13 1701 1985 0 0
2021-06-14 1700 1985 0 0
2021-06-16 1684 1985 0 0
2021-06-17 1695 1985 0 0
2021-06-18 1684 1985 0 0
2021-06-19 1684 1985 0 0
2021-06-20 1676 1985 0 0
2021-06-21 1680 1985 0 0
2021-06-22 1681 1985 0 0
2021-06-23 1677 1985 0 0
2021-06-24 1687 1985 0 0
2021-06-25 1697 1985 0 0
2021-06-26 1699 1985 0 0
2021-06-27 1699 1985 0 0
2021-06-28 1698 1985 0 0
2021-06-29 1704 1985 0 0
2021-06-30 1701 1985 0 0
2021-07-01 1688 1985 0 0
2021-07-02 1695 1985 0 0
2021-07-03 1692 1985 0 0
2021-07-04 1692 1985 0 0
2021-07-05 1695 1985 0 0
2021-07-06 1680 1985 0 0
2021-07-07 1687 1985 0 0
2021-07-08 1676 1985 0 0
2021-07-09 1676 1985 0 0
2021-07-10 1680 1985 0 0
2021-07-11 1680 1985 0 0
2021-07-12 1684 1985 0 0
2021-07-13 1682 1985 0 0
2021-07-14 1676 1985 0 0
2021-07-15 1681 1985 0 0
2021-07-16 1671 1985 0 0
2021-07-17 1671 1985 0 0
2021-07-18 1671 1985 0 0
2021-07-19 1665 1985 0 0
2021-07-20 1660 1985 0 0
2021-07-21 1672 1985 0 0
2021-07-22 1672 1985 0 0
2021-07-23 1662 1985 0 0
2021-07-24 1664 1985 0 0
2021-07-25 1664 1985 0 0
2021-07-26 1646 1985 0 0
2021-07-27 1635 1985 0 0
2021-07-28 1638 1985 0 0
2021-07-29 1647 1985 0 0
2021-07-30 1645 1985 0 0
2021-07-31 1647 1985 0 0
2021-08-01 1647 1985 0 0
2021-08-02 1660 1985 0 0
2021-08-03 1666 1985 0 0
2021-08-04 1671 1985 0 0
2021-08-05 1669 1985 0 0
2021-08-06 1669 1985 0 0
2021-08-07 1668 1985 0 0
2021-08-08 1668 1985 0 0
2021-08-09 1664 1985 0 0
2021-08-10 1667 1985 0 0
2021-08-11 1670 1985 0 0
2021-08-13 1671 1985 0 0
2021-08-14 1672 1985 0 0
2021-08-15 1672 1985 0 0
2021-08-16 1666 1985 0 0
2021-08-17 1659 1985 0 0
2021-08-18 1649 1985 0 0
2021-08-19 1640 1985 0 0
2021-08-20 1635 1985 0 0
2021-08-21 1635 1985 0 0
2021-08-22 1634 1985 0 0
2021-08-23 1651 1985 0 0
2021-08-24 1667 1985 0 0
2021-08-25 1672 1985 0 0
2021-08-26 1660 1985 0 0
2021-08-27 1665 1985 0 0
2021-08-28 1669 1985 0 0
2021-08-29 1669 1985 0 0
2021-08-30 1679 1985 0 0
2021-08-31 1679 1985 0 0
2021-09-01 1684 1985 0 0
2021-09-02 1690 1985 0 0
2021-09-03 1685 1985 0 0
2021-09-04 1686 1985 0 0
2021-09-05 1690 1985 0 0
2021-09-06 1694 1985 0 0
2021-09-07 1701 1985 0 0
2021-09-08 1690 1985 0 0
2021-09-09 1688 1985 0 0
2021-09-10 1684 1985 0 0
2021-09-11 1686 1985 0 0
2021-09-12 1686 1985 0 0
2021-09-13 1685 1985 0 0
2021-09-14 1680 1985 0 0
2021-09-15 1677 1985 0 0
2021-09-16 1673 1985 0 0
2021-09-17 1668 1985 0 0
2021-09-18 1665 1985 0 0
2021-09-19 1663 1985 0 0
2021-09-20 1654 1985 0 0
2021-09-21 1661 1985 0 0
2021-09-22 1664 1985 0 0
2021-09-23 1674 1985 0 0
2021-09-24 1675 1985 0 0
2021-09-25 1669 1985 0 0
2021-09-26 1669 1985 0 0
2021-09-27 1667 1985 0 0
2021-09-28 1651 1985 0 0
2021-09-29 1637 1985 0 0
2021-09-30 1643 1985 0 0
2021-10-01 1642 1985 0 0
2021-10-02 1643 1985 0 0
2021-10-03 1643 1985 0 0
2021-10-04 1638 1985 0 0
2021-10-05 1648 1985 0 0
2021-10-06 1652 1985 0 0
2021-10-07 1655 1985 0 0
2021-10-08 1661 1985 0 0
2021-10-09 1662 1985 0 0
2021-10-10 1662 1985 0 0
2021-10-11 1662 1985 0 0
2021-10-12 1653 1985 0 0
2021-10-13 1664 1985 0 0
2021-10-14 1666 1985 0 0
2021-10-15 1672 1985 0 0
2021-10-16 1674 1985 0 0
2021-10-17 1673 1985 0 0
2021-10-18 1673 1985 0 0
2021-10-19 1671 1985 0 0
2021-10-20 1674 1985 0 0
2021-10-21 1679 1985 0 0
2021-10-22 1678 1985 0 0
2021-10-23 1679 1985 0 0
2021-10-25 1678 1985 0 0
2021-10-26 1683 1985 0 0
2021-10-27 1672 1985 0 0
2021-10-28 1670 1985 0 0
2021-10-29 1672 1985 0 0
2021-10-30 1671 1985 0 0
2021-10-31 1671 1985 0 0
2021-11-01 1672 1985 0 0
2021-11-02 1674 1985 0 0
2021-11-03 1677 1985 0 0
2021-11-04 1680 1985 0 0
2021-11-05 1684 1985 0 0
2021-11-06 1684 1985 0 0
2021-11-07 1684 1985 0 0
2021-11-08 1682 1985 0 0
2021-11-09 1681 1985 0 0
2021-11-10 1682 1985 0 0
2021-11-11 1689 1985 0 0
2021-11-12 1688 1985 0 0
2021-11-13 1690 1985 0 0
2021-11-14 1690 1985 0 0
2021-11-15 1694 1985 0 0
2021-11-16 1689 1985 0 0
2021-11-17 1691 1985 0 0
2021-11-18 1687 1985 0 0
2021-11-19 1680 1985 0 0
2021-11-20 1679 1985 0 0
2021-11-21 1679 1985 0 0
2021-11-22 1675 1985 0 0
2021-11-23 1672 1985 0 0
2021-11-24 1669 1985 0 0
2021-11-25 1669 1985 0 0
2021-11-26 1661 1985 0 0
2021-11-27 1657 1985 0 0
2021-11-28 1657 1985 0 0
2021-11-29 1657 1985 0 0
2021-11-30 1652 1985 0 0
2021-12-01 1649 1985 0 0
2021-12-02 1652 1985 0 0
2021-12-03 1641 1985 0 0
2021-12-04 1637 1985 0 0
2021-12-05 1637 1985 0 0
2021-12-06 1640 1985 0 0
2021-12-07 1632 1985 0 0
2021-12-08 1648 1985 0 0
2021-12-09 1656 1985 0 0
2021-12-10 1649 1985 0 0
2021-12-11 1653 1985 0 0
2021-12-12 1651 1985 0 0
2021-12-13 1649 1985 0 0
2021-12-14 1641 1985 0 0
2021-12-15 1632 1985 0 0
2021-12-16 1635 1985 0 0
2021-12-17 1630 1985 0 0
2021-12-18 1627 1985 0 0
2021-12-19 1628 1985 0 0
2021-12-20 1623 1985 0 0
2021-12-21 1627 1985 0 0
2021-12-22 1637 1985 0 0
2021-12-23 1647 1985 0 0
2021-12-24 1645 1985 0 0
2021-12-25 1648 1985 0 0
2021-12-26 1649 1985 0 0
2021-12-27 1646 1985 0 0
2021-12-28 1658 1985 0 0
2021-12-29 1653 1985 0 0
2021-12-30 1658 1985 0 0
2021-12-31 1655 1985 0 0
2022-01-02 1653 1985 0 0
2022-01-03 1655 1985 0 0
2022-01-04 1651 1985 0 0
2022-01-05 1637 1985 0 0
2022-01-06 1635 1985 0 0
2022-01-07 1630 1985 0 0
2022-01-08 1632 1985 0 0
2022-01-09 1632 1985 0 0
2022-01-10 1641 1985 0 0
2022-01-11 1633 1985 0 0
2022-01-12 1642 1985 0 0
2022-01-13 1640 1985 0 0
2022-01-14 1629 1985 0 0
2022-01-15 1615 1985 0 0
2022-01-16 1631 1985 0 0
2022-01-17 1631 1985 0 0
2022-01-18 1633 1985 0 0
2022-01-19 1628 1985 0 0
2022-01-20 1621 1985 0 0
2022-01-22 1610 1985 0 0
2022-01-23 1610 1985 0 0
2022-01-24 1608 1985 0 0
2022-01-25 1586 1985 0 0
2022-01-26 1591 1985 0 0
2022-01-27 1570 1985 0 0
2022-01-28 1567 1985 0 0
2022-01-29 1568 1985 0 0
2022-01-30 1567 1985 0 0
2022-01-31 1582 1985 0 0
2022-02-01 1590 1985 0 0
2022-02-02 1591 1985 0 0
2022-02-03 1589 1985 0 0
2022-02-04 1589 1985 0 0
2022-02-05 1589 1985 0 0
2022-02-06 1589 1985 0 0
2022-02-07 1593 1985 0 0
2022-02-08 1593 1985 0 0
2022-02-09 1603 1985 0 0
2022-02-10 1607 1985 0 0
2022-02-11 1600 1985 0 0
2022-02-12 1585 1985 0 0
2022-02-13 1587 1985 0 0
2022-02-14 1582 1985 0 0
2022-02-15 1580 1985 0 0
2022-02-16 1589 1985 0 0
2022-02-17 1594 1985 0 0
2022-02-18 1586 1985 0 0
2022-02-19 1585 1985 0 0
2022-02-20 1585 1985 0 0
2022-02-21 1582 1985 0 0
2022-02-22 1566 1985 0 0
2022-02-23 1568 1985 0 0
2022-02-24 1559 1985 0 0
2022-02-25 1567 1985 0 0
2022-02-26 1577 1985 0 0
2022-02-27 1579 1985 0 0
2022-02-28 1568 1985 0 0
2022-03-01 1562 1985 0 0
2022-03-02 1555 1985 0 0
2022-03-03 1548 1985 0 0
2022-03-04 1543 1985 0 0
2022-03-05 1462 2095 110 5.542
2022-03-06 1463 2095 0 0
2022-03-07 1446 2095 0 0
2022-03-08 1404 2140 45 2.148
2022-03-09 1413 2140 0 0
2022-03-10 1420 2140 0 0
2022-03-11 1411 2140 0 0
2022-03-12 1405 2140 0 0
2022-03-13 1406 2140 0 0
2022-03-14 1402 2140 0 0
2022-03-15 1386 2140 0 0
2022-03-16 1412 2140 0 0
2022-03-17 1433 2140 0 0
2022-03-18 1442 2140 0 0
2022-03-19 1441 2140 0 0
2022-03-20 1441 2140 0 0
2022-03-21 1442 2140 0 0
2022-03-22 1445 2140 0 0
2022-03-23 1443 2140 0 0
2022-03-24 1445 2140 0 0
2022-03-26 1441 2140 0 0
2022-03-27 1441 2140 0 0
2022-03-28 1439 2140 0 0
2022-03-29 1440 2140 0 0
2022-03-30 1452 2140 0 0
2022-04-01 1446 2140 0 0
2022-04-02 1448 2140 0 0
2022-04-03 1448 2140 0 0
2022-04-05 1502 2140 0 0
2022-04-06 1495 2140 0 0
2022-04-07 1486 2140 0 0
2022-04-08 1486 2140 0 0
2022-04-09 1484 2140 0 0
2022-04-10 1485 2140 0 0
2022-04-11 1474 2140 0 0
2022-04-12 1477 2140 0 0
2022-04-13 1476 2140 0 0
2022-04-14 1476 2140 0 0
2022-04-15 1471 2140 0 0
2022-04-16 1471 2140 0 0
2022-04-17 1471 2140 0 0
2022-04-18 1469 2140 0 0
2022-04-19 1471 2140 0 0
2022-04-20 1467 2140 0 0
2022-04-21 1464 2140 0 0
2022-04-22 1454 2140 0 0
2022-04-23 1444 2140 0 0
2022-04-24 1444 2140 0 0
2022-04-25 1429 2140 0 0
2022-04-26 1410 2140 0 0
2022-04-27 1417 2140 0 0
2022-04-28 1417 2140 0 0
2022-04-29 1425 2140 0 0
2022-04-30 1429 2140 0 0
2022-05-01 1429 2140 0 0
2022-05-02 1427 2140 0 0
2022-05-03 1428 2140 0 0
2022-05-04 1424 2140 0 0
2022-05-05 1420 2140 0 0
2022-05-06 1404 2140 0 0
2022-05-07 1396 2140 0 0
2022-05-08 1396 2140 0 0
2022-05-09 1383 2140 0 0
2022-05-10 1380 2140 0 0
2022-05-11 1378 2140 0 0
2022-05-12 1374 2140 0 0
2022-05-13 1385 2140 0 0
2022-05-14 1387 2140 0 0
2022-05-15 1388 2140 0 0
2022-05-16 1387 2140 0 0
2022-05-17 1392 2140 0 0
2022-05-18 1395 2140 0 0
2022-05-19 1398 2140 0 0
2022-05-20 1404 2140 0 0
2022-05-21 1407 2140 0 0
2022-05-22 1408 2140 0 0
2022-05-23 1409 2140 0 0
2022-05-24 1399 2140 0 0
2022-05-25 1403 2140 0 0
2022-05-26 1407 2140 0 0
2022-05-27 1419 2140 0 0
2022-05-28 1421 2140 0 0
2022-05-29 1421 2140 0 0
2022-05-30 1426 2140 0 0
2022-05-31 1432 2140 0 0
2022-06-01 1430 2140 0 0
2022-06-02 1436 2140 0 0
2022-06-03 1430 2140 0 0
2022-06-04 1430 2140 0 0
2022-06-05 1430 2140 0 0
2022-06-06 1436 2140 0 0
2022-06-07 1443 2140 0 0
2022-06-08 1443 2140 0 0
2022-06-11 1412 2140 0 0
2022-06-12 1412 2140 0 0
2022-06-13 1398 2140 0 0
2022-06-14 1380 2140 0 0
2022-06-15 1381 2140 0 0
2022-06-16 1369 2140 0 0
2022-06-17 1380 2140 0 0
2022-06-18 1379 2140 0 0
2022-06-19 1379 2140 0 0
2022-06-20 1380 2140 0 0
2022-06-21 1390 2140 0 0
2022-06-22 1387 2140 0 0
2022-06-24 1397 2140 0 0
2022-06-25 1405 2140 0 0
2022-06-26 1405 2140 0 0
2022-06-27 1408 2140 0 0
2022-06-28 1409 2140 0 0
2022-06-29 1398 2140 0 0
2022-06-30 1387 2140 0 0
2022-07-01 1383 2140 0 0
2022-07-02 1386 2140 0 0
2022-07-03 1386 2140 0 0
2022-07-04 1393 2140 0 0
2022-07-05 1395 2140 0 0
2022-07-06 1385 2140 0 0
2022-07-07 1388 2140 0 0
2022-07-08 1386 2140 0 0
2022-07-09 1389 2140 0 0
2022-07-10 1389 2140 0 0
2022-07-11 1387 2140 0 0
2022-07-12 1376 2140 0 0
2022-07-13 1374 2140 0 0
2022-07-14 1373 2140 0 0
2022-07-15 1369 2140 0 0
2022-07-16 1372 2140 0 0
2022-07-17 1372 2140 0 0
2022-07-18 1373 2140 0 0
2022-07-19 1383 2140 0 0
2022-07-20 1392 2140 0 0
2022-07-21 1393 2140 0 0
2022-07-22 1389 2140 0 0
2022-07-23 1390 2140 0 0
2022-07-24 1390 2140 0 0
2022-07-25 1389 2140 0 0
2022-07-26 1388 2140 0 0
2022-07-27 1390 2140 0 0
2022-07-28 1397 2140 0 0
2022-07-29 1399 2140 0 0
2022-07-30 1399 2140 0 0
2022-07-31 1399 2140 0 0
2022-08-01 1404 2140 0 0
2022-08-02 1408 2140 0 0
2022-08-03 1416 2140 0 0
2022-08-04 1412 2140 0 0
2022-08-05 1421 2140 0 0
2022-08-06 1419 2140 0 0
2022-08-07 1419 2140 0 0
2022-08-08 1418 2140 0 0
2022-08-09 1418 2140 0 0
2022-08-10 1416 2140 0 0
2022-08-11 1434 2140 0 0
2022-08-12 1435 2140 0 0
2022-08-13 1435 2140 0 0
2022-08-14 1434 2140 0 0
2022-08-15 1433 2140 0 0
2022-08-16 1427 2140 0 0
2022-08-17 1424 2140 0 0
2022-08-18 1427 2140 0 0
2022-08-19 1419 2140 0 0
2022-08-20 1411 2140 0 0
2022-08-21 1410 2140 0 0
2022-08-22 1406 2140 0 0
2022-08-23 1397 2140 0 0
2022-08-24 1402 2140 0 0
2022-08-25 1404 2140 0 0
2022-08-26 1402 2140 0 0
2022-08-27 1398 2140 0 0
2022-08-28 1397 2140 0 0
2022-08-29 1394 2140 0 0
2022-08-30 1387 2140 0 0
2022-08-31 1385 2140 0 0
2022-09-01 1382 2140 0 0
2022-09-03 1374 2140 0 0
2022-09-04 1376 2140 0 0
2022-09-05 1372 2140 0 0
2022-09-06 1375 2140 0 0
2022-09-07 1367 2140 0 0
2022-09-08 1367 2140 0 0
2022-09-09 1375 2140 0 0
2022-09-11 1377 2140 0 0
2022-09-12 1381 2140 0 0
2022-09-13 1374 2140 0 0
2022-09-14 1365 2140 0 0
2022-09-15 1358 2140 0 0
2022-09-16 1350 2140 0 0
2022-09-17 1351 2140 0 0
2022-09-18 1352 2140 0 0
2022-09-19 1352 2140 0 0
2022-09-20 1351 2140 0 0
2022-09-21 1345 2140 0 0
2022-09-22 1337 2140 0 0
2022-09-23 1330 2140 0 0
2022-09-24 1319 2140 0 0
2022-09-25 1320 2140 0 0
2022-09-26 1308 2140 0 0
2022-09-27 1332 2140 0 0
2022-09-28 1325 2140 0 0
2022-09-29 1326 2140 0 0
2022-09-30 1325 2140 0 0
2022-10-01 1326 2140 0 0
2022-10-02 1324 2140 0 0
2022-10-03 1329 2140 0 0
2022-10-04 1336 2140 0 0
2022-10-05 1341 2140 0 0
2022-10-06 1339 2140 0 0
2022-10-07 1330 2140 0 0
2022-10-08 1329 2140 0 0
2022-10-09 1329 2140 0 0
2022-10-10 1323 2140 0 0
2022-10-11 1310 2140 0 0
2022-10-12 1319 2140 0 0
2022-10-13 1319 2140 0 0
2022-10-14 1322 2140 0 0
2022-10-15 1325 2140 0 0
2022-10-16 1324 2140 0 0
2022-10-17 1326 2140 0 0
2022-10-18 1335 2140 0 0
2022-10-19 1330 2140 0 0
2022-10-20 1324 2140 0 0
2022-10-21 1327 2140 0 0
2022-10-22 1325 2140 0 0
2022-10-23 1323 2140 0 0
2022-10-24 1308 2140 0 0
2022-10-25 1319 2140 0 0
2022-10-26 1329 2140 0 0
2022-10-27 1334 2140 0 0
2022-10-28 1320 2140 0 0
2022-10-29 1319 2140 0 0
2022-10-30 1319 2140 0 0
2022-10-31 1317 2140 0 0
2022-11-01 1323 2140 0 0
2022-11-02 1323 2140 0 0
2022-11-03 1316 2140 0 0
2022-11-04 1320 2140 0 0
2022-11-05 1328 2140 0 0
2022-11-06 1328 2140 0 0
2022-11-07 1334 2140 0 0
2022-11-08 1336 2140 0 0
2022-11-09 1334 2140 0 0
2022-11-10 1329 2140 0 0
2022-11-11 1354 2140 0 0
2022-11-12 1362 2140 0 0
2022-11-13 1362 2140 0 0
2022-11-14 1361 2140 0 0
2022-11-15 1370 2140 0 0
2022-11-16 1366 2140 0 0
2022-11-17 1362 2140 0 0
2022-11-18 1354 2140 0 0
2022-11-19 1358 2140 0 0
2022-11-20 1358 2140 0 0
2022-11-21 1357 2140 0 0
2022-11-22 1355 2140 0 0
2022-11-23 1358 2140 0 0
2022-11-24 1365 2140 0 0
2022-11-25 1361 2140 0 0
2022-11-26 1361 2140 0 0
2022-11-27 1363 2140 0 0
2022-11-28 1354 2140 0 0
2022-11-29 1357 2140 0 0
2022-11-30 1364 2140 0 0
2022-12-02 1378 2140 0 0
2022-12-04 1381 2140 0 0
2022-12-05 1378 2140 0 0
2022-12-06 1384 2140 0 0
2022-12-07 1377 2140 0 0
2022-12-08 1379 2140 0 0
2022-12-09 1384 2140 0 0
2022-12-10 1387 2140 0 0
2022-12-11 1387 2140 0 0
2022-12-12 1384 2140 0 0
2022-12-13 1381 2140 0 0
2022-12-14 1395 2140 0 0
2022-12-15 1383 2140 0 0
2022-12-16 1372 2140 0 0
2022-12-17 1370 2140 0 0
2022-12-18 1370 2140 0 0
2022-12-19 1369 2140 0 0
2022-12-20 1364 2140 0 0
2022-12-21 1367 2140 0 0
2022-12-22 1371 2140 0 0
2022-12-23 1363 2140 0 0
2022-12-24 1363 2140 0 0
2022-12-25 1363 2140 0 0
2022-12-26 1368 2140 0 0
2022-12-27 1369 2140 0 0
2022-12-28 1364 2140 0 0
2022-12-29 1367 2140 0 0
2022-12-30 1366 2140 0 0
2022-12-31 1367 2140 0 0
2023-01-02 1370 2140 0 0
2023-01-03 1371 2140 0 0
2023-01-04 1370 2140 0 0
2023-01-05 1375 2140 0 0
2023-01-07 1385 2140 0 0
2023-01-08 1385 2140 0 0
2023-01-09 1386 2140 0 0
2023-01-10 1407 2140 0 0
2023-01-11 1410 2140 0 0
2023-01-14 1417 2140 0 0
2023-01-16 1421 2140 0 0
2023-01-17 1422 2140 0 0
2023-01-20 1427 2140 0 0
2023-01-21 1428 2140 0 0
2023-01-22 1428 2140 0 0
2023-01-23 1427 2140 0 0
2023-01-24 1427 2140 0 0
2023-01-25 1426 2140 0 0
2023-01-27 1433 2140 0 0
2023-01-29 1434 2140 0 0
2023-01-30 1429 2140 0 0
2023-01-31 1431 2140 0 0
2023-02-01 1430 2140 0 0
2023-02-02 1440 2140 0 0
2023-02-03 1450 2140 0 0
2023-02-04 1450 2140 0 0
2023-02-05 1443 2140 0 0
2023-02-06 1435 2140 0 0
2023-02-07 1427 2140 0 0
2023-02-08 1426 2140 0 0
2023-02-09 1429 2140 0 0
2023-02-10 1426 2140 0 0
2023-02-11 1424 2140 0 0
2023-02-12 1425 2140 0 0
2023-02-13 1426 2140 0 0
2023-02-14 1421 2140 0 0
2023-02-15 1423 2140 0 0
2023-02-16 1412 2140 0 0
2023-02-17 1411 2140 0 0
2023-02-18 1412 2140 0 0
2023-02-19 1411 2140 0 0
2023-02-20 1418 2140 0 0
2023-02-21 1413 2140 0 0
2023-02-22 1409 2140 0 0
2023-02-23 1411 2139.8 -0.2 -0.009
2023-02-24 1400 2139.8 0 0
2023-02-25 1392 2139.8 0 0
2023-02-27 1396 2139.8 0 0
2023-03-02 1394 2139.8 0 0
2023-03-03 1401 2139.8 0 0
2023-03-04 1401 2139.8 0 0
2023-03-06 1399 2139.8 0 0
2023-03-07 1401 2139.8 0 0
2023-03-08 1396 2139.8 0 0
2023-03-09 1380 2139.8 0 0
2023-03-10 1371 2139.8 0 0
2023-03-11 1371 2139.8 0 0
2023-03-12 1371 2139.8 0 0
2023-03-13 1363 2139.8 0 0
2023-03-16 1358 2139.8 0 0
2023-03-18 1370 2139.8 0 0
2023-03-19 1372 2139.8 0 0
2023-03-20 1370 2139.8 0 0
2023-03-21 1382 2139.8 0 0
2023-03-22 1378 2139.8 0 0
2023-03-23 1382 2139.8 0 0
2023-03-25 1383 2139.8 0 0
2023-03-27 1380 2139.8 0 0
2023-03-30 1392 2139.8 0 0
2023-04-01 1397 2139.8 0 0
2023-04-02 1398 2139.8 0 0
2023-04-03 1396 2139.8 0 0
2023-04-06 1470 2139.8 0 0
2023-04-07 1469 2139.8 0 0
2023-04-08 1468 2139.8 0 0
2023-04-09 1467 2139.8 0 0
2023-04-10 1469 2139.8 0 0
2023-04-11 1469 2139.8 0 0
2023-04-12 1471 2139.8 0 0
2023-04-13 1474 2139.8 0 0
2023-04-14 1481 2139.8 0 0
2023-04-15 1480 2139.8 0 0
2023-04-16 1480 2139.8 0 0
2023-04-17 1480 2139.8 0 0
2023-04-18 1475 2139.8 0 0
2023-04-19 1469 2139.8 0 0
2023-04-20 1467 2139.8 0 0
2023-04-21 1460 2139.8 0 0
2023-04-22 1458 2139.8 0 0
2023-04-23 1458 2139.8 0 0
2023-04-24 1454 2139.8 0 0
2023-04-25 1445 2139.8 0 0
2023-04-26 1446 2139.8 0 0
2023-04-27 1450 2139.8 0 0
2023-04-28 1457 2139.8 0 0
2023-04-29 1457 2139.8 0 0
2023-05-01 1458 2139.8 0 0
2023-05-02 1453 2139.8 0 0
2023-05-03 1449 2139.8 0 0
2023-05-04 1446 2139.8 0 0
2023-05-06 1452 2139.8 0 0
2023-05-07 1452 2139.8 0 0
2023-05-08 1452 2139.8 0 0
2023-05-09 1452 2139.8 0 0
2023-05-10 1448 2139.8 0 0
2023-05-11 1451 2139.8 0 0
2023-05-12 1438 2139.8 0 0
2023-05-13 1438 2139.8 0 0
2023-05-14 1438 2139.8 0 0
2023-05-15 1444 2139.8 0 0
2023-05-16 1437 2139.8 0 0
2023-05-17 1442 2139.8 0 0
2023-05-19 1436 2139.8 0 0
2023-05-20 1436 2139.8 0 0
2023-05-21 1436 2139.8 0 0
2023-05-22 1435 2139.8 0 0
2023-05-23 1433 2139.8 0 0
2023-05-24 1428 2139.8 0 0
2023-05-25 1419 2139.8 0 0
2023-05-26 1424 2139.8 0 0
2023-05-27 1424 2139.8 0 0
2023-05-28 1424 2139.8 0 0
2023-05-29 1422 2139.8 0 0
2023-05-30 1420 2139.8 0 0
2023-05-31 1415 2139.8 0 0
2023-06-01 1419 2139.8 0 0
2023-06-02 1432 2139.8 0 0
2023-06-03 1435 2139.8 0 0
2023-06-04 1436 2139.8 0 0
2023-06-05 1435 2139.8 0 0
2023-06-06 1424 2139.8 0 0
2023-06-07 1424 2139.8 0 0
2023-06-08 1421 2139.8 0 0
2023-06-09 1423 2139.8 0 0
2023-06-10 1426 2139.8 0 0
2023-06-11 1427 2139.8 0 0
2023-06-12 1429 2139.8 0 0
2023-06-13 1431 2139.8 0 0
2023-06-14 1435 2139.8 0 0
2023-06-16 1450 2139.8 0 0
2023-06-17 1448 2139.8 0 0
2023-06-18 1448 2139.8 0 0
2023-06-19 1443 2139.8 0 0
2023-06-20 1441 2139.8 0 0
2023-06-21 1424 2139.8 0 0
2023-06-22 1427 2139.8 0 0
2023-06-23 1429 2139.8 0 0
2023-06-24 1425 2139.8 0 0
2023-06-25 1425 2139.8 0 0
2023-06-26 1422 2139.8 0 0
2023-06-27 1421 2139.8 0 0
2023-06-28 1430 2139.8 0 0
2023-06-29 1425 2139.8 0 0
2023-06-30 1433 2139.8 0 0
2023-07-01 1432 2139.8 0 0
2023-07-02 1432 2139.8 0 0
2023-07-03 1434 2139.8 0 0
2023-07-04 1437 2139.8 0 0
2023-07-06 1432 2139.8 0 0
2023-07-07 1425 2139.8 0 0
2023-07-08 1428 2139.8 0 0
2023-07-09 1428 2139.8 0 0
2023-07-10 1434 2139.8 0 0
2023-07-11 1442 2139.8 0 0
2023-07-12 1444 2139.8 0 0
2023-07-13 1459 2139.8 0 0
2023-07-14 1461 2139.8 0 0
2023-07-15 1460 2139.8 0 0
2023-07-16 1460 2139.8 0 0
2023-07-17 1461 2139.8 0 0
2023-07-18 1460 2139.8 0 0
2023-07-19 1460 2139.8 0 0
2023-07-20 1460 2139.8 0 0
2023-07-21 1461 2139.8 0 0
2023-07-22 1460 2139.8 0 0
2023-07-23 1460 2139.8 0 0
2023-07-24 1457 2139.8 0 0
2023-07-25 1464 2139.8 0 0
2023-07-26 1462 2139.8 0 0
2023-07-27 1462 2139.8 0 0
2023-07-28 1468 2139.8 0 0
2023-07-29 1465 2139.8 0 0
2023-07-30 1465 2139.8 0 0
2023-07-31 1469 2139.8 0 0
2023-08-01 1473 2139.8 0 0
2023-08-02 1455 2139.8 0 0
2023-08-04 1456 2139.8 0 0
2023-08-05 1458 2139.8 0 0
2023-08-06 1458 2139.8 0 0
2023-08-07 1457 2139.8 0 0
2023-08-08 1451 2139.8 0 0
2023-08-09 1445 2139.8 0 0
2023-08-10 1447 2139.8 0 0
2023-08-11 1445 2139.8 0 0
2023-08-12 1438 2139.8 0 0
2023-08-13 1438 2139.8 0 0
2023-08-14 1439 2139.8 0 0
2023-08-15 1434 2139.8 0 0
2023-08-16 1430 2139.8 0 0
2023-08-17 1427 2139.8 0 0
2023-08-18 1423 2139.8 0 0
2023-08-19 1421 2139.8 0 0
2023-08-20 1422 2139.8 0 0
2023-08-21 1415 2139.8 0 0
2023-08-22 1413 2139.8 0 0
2023-08-23 1412 2139.8 0 0
2023-08-24 1417 2139.8 0 0
2023-08-26 1413 2139.8 0 0
2023-08-27 1413 2139.8 0 0
2023-08-28 1419 2139.8 0 0
2023-08-29 1426 2139.8 0 0
2023-08-30 1426 2139.8 0 0
2023-08-31 1419 2139.8 0 0
2023-09-01 1424 2139.8 0 0
2023-09-02 1423 2139.8 0 0
2023-09-03 1422 2139.8 0 0
2023-09-04 1426 2139.8 0 0
2023-09-05 1424 2139.8 0 0
2023-09-06 1419 2139.8 0 0
2023-09-07 1409 2139.8 0 0
2023-09-08 1409 2139.8 0 0
2023-09-09 1411 2139.8 0 0
2023-09-10 1411 2139.8 0 0
2023-09-12 1413 2139.8 0 0
2023-09-14 1411 2139.8 0 0
2023-09-15 1414 2139.8 0 0
2023-09-17 1415 2139.8 0 0
2023-09-18 1412 2139.8 0 0
2023-09-19 1411 2139.8 0 0
2023-09-20 1410 2139.8 0 0
2023-09-21 1401 2139.8 0 0
2023-09-22 1401 2139.8 0 0
2023-09-23 1402 2139.8 0 0
2023-09-24 1401 2139.8 0 0
2023-09-25 1403 2139.8 0 0
2023-09-26 1397 2139.8 0 0
2023-09-27 1398 2139.8 0 0
2023-09-28 1397 2139.8 0 0
2023-09-29 1399 2139.8 0 0
2023-10-01 1400 2139.8 0 0
2023-10-02 1400 2139.8 0 0
2023-10-03 1397 2139.8 0 0
2023-10-04 1392 2139.8 0 0
2023-10-05 1387 2139.8 0 0
2023-10-06 1396 2139.8 0 0
2023-10-07 1396 2139.8 0 0
2023-10-08 1395 2139.8 0 0
2023-10-09 1396 2139.8 0 0
2023-10-10 1397 2139.8 0 0
2023-10-11 1397 2139.8 0 0
2023-10-12 1402 2139.8 0 0
2023-10-13 1387 2139.8 0 0
2023-10-14 1386 2139.8 0 0
2023-10-15 1385 2139.8 0 0
2023-10-16 1385 2139.8 0 0
2023-10-17 1387 2139.8 0 0
2023-10-18 1383 2139.8 0 0
2023-10-19 1381 2139.8 0 0
2023-10-21 1378 2139.8 0 0
2023-10-26 1367 2139.8 0 0
2023-10-27 1374 2139.8 0 0
2023-10-28 1374 2139.8 0 0
2023-10-29 1374 2139.8 0 0
2023-10-30 1373 2139.8 0 0
2023-10-31 1373 2139.8 0 0
2023-11-01 1378 2139.8 0 0
2023-11-02 1380 2139.8 0 0
2023-11-03 1390 2139.8 0 0
2023-11-04 1397 2139.8 0 0
2023-11-05 1398 2139.8 0 0
2023-11-06 1394 2139.8 0 0
2023-11-07 1400 2139.8 0 0
2023-11-08 1398 2139.8 0 0
2023-11-09 1397 2139.8 0 0
2023-11-10 1395 2139.8 0 0
2023-11-11 1395 2139.8 0 0
2023-11-13 1394 2139.8 0 0
2023-11-15 1413 2139.8 0 0
2023-11-16 1413 2139.8 0 0
2023-11-17 1418 2139.8 0 0
2023-11-18 1419 2139.8 0 0
2023-11-20 1422 2139.8 0 0
2023-11-21 1420 2139.8 0 0
2023-11-22 1420 2139.8 0 0
2023-11-24 1420 2139.8 0 0
2023-11-25 1420 2139.8 0 0
2023-11-26 1420 2139.8 0 0
2023-11-27 1419 2139.8 0 0
2023-11-28 1418 2139.8 0 0
2023-11-29 1421 2139.8 0 0
2023-11-30 1422 2139.8 0 0
2023-12-01 1419 2139.8 0 0
2023-12-03 1422 2139.8 0 0
2023-12-04 1421 2139.8 0 0
2023-12-05 1417 2139.8 0 0
2023-12-06 1412 2139.8 0 0
2023-12-07 1417 2139.8 0 0
2023-12-08 1416 2139.8 0 0
2023-12-09 1415 2139.8 0 0
2023-12-10 1415 2139.8 0 0
2023-12-12 1421 2139.8 0 0
2023-12-13 1419 2139.8 0 0
2023-12-14 1429 2139.8 0 0
2023-12-15 1440 2139.8 0 0
2023-12-16 1440 2139.8 0 0
2023-12-17 1440 2139.8 0 0
2023-12-18 1443 2139.8 0 0
2023-12-19 1444 2139.8 0 0
2023-12-20 1438 2139.8 0 0
2023-12-21 1442 2139.8 0 0
2023-12-22 1442 2139.8 0 0
2023-12-23 1444 2139.8 0 0
2023-12-25 1444 2139.8 0 0
2023-12-28 1458 2139.8 0 0
2023-12-29 1460 2139.8 0 0
2023-12-30 1458 2139.8 0 0
2023-12-31 1458 2139.8 0 0
2024-01-01 1458 2139.8 0 0
2024-01-02 1453 2139.8 0 0
2024-01-03 1442 2139.8 0 0
2024-01-04 1434 2139.8 0 0
2024-01-05 1434 2139.8 0 0
2024-01-06 1435 2139.8 0 0
2024-01-07 1436 2139.8 0 0
2024-01-08 1434 2139.8 0 0
2024-01-09 1436 2139.8 0 0
2024-01-10 1435 2139.8 0 0
2024-01-11 1433 2139.8 0 0
2024-01-12 1434 2139.8 0 0
2024-01-13 1436 2139.8 0 0
2024-01-14 1436 2139.8 0 0
2024-01-15 1437 2139.8 0 0
2024-01-16 1435 2139.8 0 0
2024-01-17 1422 2139.8 0 0
2024-01-18 1423 2139.8 0 0
2024-01-19 1423 2139.8 0 0
2024-01-20 1427 2139.8 0 0
2024-01-21 1427 2139.8 0 0
2024-01-22 1427 2139.8 0 0
2024-01-23 1419 2139.8 0 0
2024-01-24 1425 2139.8 0 0
2024-01-25 1429 2139.8 0 0
2024-01-26 1426 2139.8 0 0
2024-01-27 1426 2139.8 0 0
2024-01-28 1428 2139.8 0 0
2024-01-29 1429 2139.8 0 0
2024-01-30 1428 2139.8 0 0
2024-01-31 1423 2139.8 0 0
2024-02-01 1434 2139.8 0 0
2024-02-02 1428 2139.8 0 0
2024-02-03 1429 2139.8 0 0
2024-02-04 1427 2139.8 0 0
2024-02-05 1421 2139.8 0 0
2024-02-06 1434 2139.8 0 0
2024-02-07 1445 2139.8 0 0
2024-02-08 1442 2139.8 0 0
2024-02-09 1441 2139.8 0 0
2024-02-10 1439 2139.8 0 0
2024-02-11 1440 2139.8 0 0
2024-02-12 1441 2139.8 0 0
2024-02-13 1442 2139.8 0 0
2024-02-14 1443 2139.8 0 0
2024-02-15 1447 2139.8 0 0
2024-02-16 1444 2139.8 0 0
2024-02-17 1446 2139.8 0 0
2024-02-18 1445 2139.8 0 0
2024-02-19 1444 2139.8 0 0
2024-02-20 1446 2139.8 0 0
2024-02-21 1449 2139.8 0 0
2024-02-22 1456 2139.8 0 0
2024-02-23 1456 2139.8 0 0
2024-02-24 1457 2139.8 0 0
2024-02-25 1456 2139.8 0 0
2024-02-26 1457 2139.8 0 0
2024-02-27 1463 2139.8 0 0
2024-02-28 1453 2139.8 0 0
2024-02-29 1463 2139.8 0 0
2024-03-01 1469 2139.8 0 0
2024-03-02 1472 2139.8 0 0
2024-03-03 1475 2139.8 0 0
2024-03-04 1471 2139.8 0 0
2024-03-05 1467 2139.8 0 0
2024-03-06 1472 2139.8 0 0
2024-03-07 1476 2139.8 0 0
2024-03-08 1471 2139.8 0 0
2024-03-09 1477 2139.8 0 0
2024-03-10 1486 2139.8 0 0
2024-03-11 1493 2139.8 0 0
2024-03-12 1499 2139.8 0 0
2024-03-13 1498 2139.8 0 0
2024-03-14 1497 2139.8 0 0
2024-03-15 1495 2139.8 0 0
2024-03-16 1495 2139.8 0 0
2024-03-17 1495 2139.8 0 0
2024-03-18 1497 2139.8 0 0
2024-03-19 1497 2139.8 0 0
2024-03-20 1496 2139.8 0 0
2024-03-21 1497 2139.8 0 0
2024-03-22 1495 2139.8 0 0
2024-03-23 1491 2139.8 0 0
2024-03-24 1491 2139.8 0 0
2024-03-25 1490 2139.8 0 0
2024-03-26 1491 2139.8 0 0
2024-03-27 1491 2139.8 0 0
2024-03-28 1493 2139.8 0 0
2024-03-29 1494 2139.8 0 0
2024-03-30 1555 2139.8 0 0
2024-03-31 1555 2139.8 0 0
2024-04-01 1497 2139.8 0 0
2024-04-02 1553 2139.8 0 0
2024-04-03 1558 2139.8 0 0
2024-04-04 1558 2139.8 0 0
2024-04-05 1560 2139.8 0 0
2024-04-06 1557 2139.8 0 0
2024-04-07 1557 2139.8 0 0
2024-04-08 1554 2139.8 0 0
2024-04-09 1558 2139.8 0 0
2024-04-10 1558 2139.8 0 0
2024-04-11 1551 2139.8 0 0
2024-04-12 1541 2139.8 0 0
2024-04-13 1537 2139.8 0 0
2024-04-14 1537 2139.8 0 0
2024-04-15 1531 2139.8 0 0
2024-04-16 1522 2139.8 0 0
2024-04-17 1522 2139.8 0 0
2024-04-18 1521 2139.8 0 0
2024-04-19 1517 2139.8 0 0
2024-04-20 1517 2139.8 0 0
2024-04-21 1517 2139.8 0 0
2024-04-22 1521 2139.8 0 0
2024-04-23 1525 2139.8 0 0
2024-04-24 1535 2139.8 0 0
2024-04-25 1534 2139.8 0 0
2024-04-26 1537 2139.8 0 0
2024-04-27 1538 2139.8 0 0
2024-04-28 1538 2139.8 0 0
2024-04-29 1541 2139.8 0 0
2024-04-30 1539 2139.8 0 0
2024-05-01 1535 2139.8 0 0
2024-05-02 1531 2139.8 0 0
2024-05-03 1536 2139.8 0 0
2024-05-04 1537 2139.8 0 0
2024-05-05 1537 2139.8 0 0
2024-05-06 1546 2139.8 0 0
2024-05-07 1550 2139.8 0 0
2024-05-08 1543 2139.8 0 0
2024-05-09 1543 2139.8 0 0
2024-05-10 1555 2139.8 0 0
2024-05-11 1554 2139.8 0 0
2024-05-12 1554 2139.8 0 0
2024-05-13 1553 2139.8 0 0
2024-05-14 1556 2139.8 0 0
2024-05-15 1557 2139.8 0 0
2024-05-16 1567 2139.8 0 0
2024-05-17 1567 2139.8 0 0
2024-05-18 1566 2139.8 0 0
2024-05-19 1566 2139.8 0 0
2024-05-20 1569 2139.8 0 0
2024-05-21 1567 2139.8 0 0
2024-05-22 1565 2139.8 0 0
2024-05-23 1562 2139.8 0 0
2024-05-24 1557 2139.8 0 0
2024-05-25 1558 2139.8 0 0
2024-05-26 1558 2139.8 0 0
2024-05-27 1560 2139.8 0 0
2024-05-28 1556 2139.8 0 0
2024-05-29 1554 2139.8 0 0
2024-05-30 1549 2139.8 0 0
2024-05-31 1550 2139.8 0 0
2024-06-01 1548 2139.8 0 0
2024-06-02 1548 2139.8 0 0
2024-06-03 1547 2139.8 0 0
2024-06-04 1546 2139.8 0 0
2024-06-05 1553 2139.8 0 0
2024-06-06 1553 2139.8 0 0
2024-06-07 1551 2139.8 0 0
2024-06-09 1551 2139.8 0 0
2024-06-10 1552 2139.8 0 0
2024-06-11 1548 2139.8 0 0
2024-06-12 1543 2139.8 0 0
2024-06-13 1544 2139.8 0 0
2024-06-14 1540 2139.8 0 0
2024-06-15 1537 2139.8 0 0
2024-06-16 1537 2139.8 0 0
2024-06-17 1538 2139.8 0 0
2024-06-18 1538 2139.8 0 0
2024-06-19 1537 2139.8 0 0
2024-06-20 1540 2139.8 0 0
2024-06-21 1527 2139.8 0 0
2024-06-22 1526 2139.8 0 0
2024-06-23 1526 2139.8 0 0
2024-06-24 1536 2139.8 0 0
2024-06-25 1536 2139.8 0 0
2024-06-26 1534 2139.8 0 0
2024-06-27 1525 2139.8 0 0
2024-06-28 1522 2139.8 0 0
2024-06-29 1522 2139.8 0 0
2024-06-30 1522 2139.8 0 0
2024-07-01 1524 2139.8 0 0
2024-07-02 1526 2139.8 0 0
2024-07-03 1526 2139.8 0 0
2024-07-04 1526 2139.8 0 0
2024-07-05 1527 2139.8 0 0
2024-07-06 1529 2139.8 0 0
2024-07-07 1529 2139.8 0 0
2024-07-08 1527 2139.8 0 0
2024-07-09 1529 2139.8 0 0
2024-07-10 1527 2139.8 0 0
2024-07-11 1534 2139.8 0 0
2024-07-12 1542 2139.8 0 0
2024-07-13 1547 2139.8 0 0
2024-07-14 1546 2139.8 0 0
2024-07-15 1544 2139.8 0 0
2024-07-16 1546 2139.8 0 0
2024-07-17 1540 2139.8 0 0
2024-07-18 1541 2139.8 0 0
2024-07-19 1536 2139.8 0 0
2024-07-20 1535 2139.8 0 0
2024-07-21 1535 2139.8 0 0
2024-07-22 1535 2139.8 0 0
2024-07-23 1536 2139.8 0 0
2024-07-24 1535 2139.8 0 0
2024-07-25 1529 2139.8 0 0
2024-07-26 1541 2139.8 0 0
2024-07-27 1543 2139.8 0 0
2024-07-28 1543 2139.8 0 0
2024-07-29 1544 2139.8 0 0
2024-07-30 1537 2139.8 0 0
2024-07-31 1549 2139.8 0 0
2024-08-01 1543 2139.8 0 0
2024-08-02 1527 2139.8 0 0
2024-08-03 1532 2139.8 0 0
2024-08-04 1532 2139.8 0 0
2024-08-05 1514 2139.8 0 0
2024-08-06 1520 2139.8 0 0
2024-08-07 1524 2139.8 0 0
2024-08-08 1527 2139.8 0 0
2024-08-09 1527 2139.8 0 0
2024-08-10 1534 2139.8 0 0
2024-08-11 1534 2139.8 0 0
2024-08-12 1532 2139.8 0 0
2024-08-13 1530 2139.8 0 0
2024-08-14 1538 2139.8 0 0
2024-08-15 1550 2139.8 0 0
2024-08-16 1552 2139.8 0 0
2024-08-17 1551 2139.8 0 0
2024-08-18 1551 2139.8 0 0
2024-08-19 1551 2139.8 0 0
2024-08-20 1557 2139.8 0 0
2024-08-21 1559 2139.8 0 0
2024-08-22 1551 2139.8 0 0
2024-08-23 1551 2139.8 0 0
2024-08-24 1552 2139.8 0 0
2024-08-25 1552 2139.8 0 0
2024-08-26 1554 2139.8 0 0
2024-08-27 1555 2139.8 0 0
2024-08-28 1552 2139.8 0 0
2024-08-29 1553 2139.8 0 0
2024-08-30 1555 2139.8 0 0
2024-08-31 1556 2139.8 0 0
2024-09-01 1560 2139.8 0 0
2024-09-02 1560 2139.8 0 0
2024-09-03 1559 2139.8 0 0
2024-09-04 1558 2139.8 0 0
2024-09-05 1561 2139.8 0 0
2024-09-06 1551 2139.8 0 0
2024-09-07 1555 2139.8 0 0
2024-09-08 1555 2139.8 0 0
2024-09-09 1556 2139.8 0 0
2024-09-10 1559 2139.8 0 0
2024-09-11 1566 2139.8 0 0
2024-09-12 1564 2139.8 0 0
2024-09-13 1565 2139.8 0 0
2024-09-14 1570 2139.8 0 0
2024-09-15 1570 2139.8 0 0
2024-09-16 1570 2139.8 0 0
2024-09-17 1569 2139.8 0 0
2024-09-18 1570 2139.8 0 0
2024-09-19 1578 2139.8 0 0
2024-09-20 1579 2139.8 0 0
2024-09-21 1578 2139.8 0 0
2024-09-22 1578 2139.8 0 0
2024-09-23 1578 2139.8 0 0
2024-09-24 1583 2139.8 0 0
2024-09-25 1584 2139.8 0 0
2024-09-26 1593 2139.8 0 0
2024-09-27 1613 2139.8 0 0
2024-09-28 1616 2139.8 0 0
2024-09-29 1616 2139.8 0 0
2024-09-30 1627 2139.8 0 0
2024-10-01 1631 2139.8 0 0
2024-10-02 1631 2139.8 0 0
2024-10-03 1623 2139.8 0 0
2024-10-04 1627 2139.8 0 0
2024-10-05 1624 2139.8 0 0
2024-10-06 1624 2139.8 0 0
2024-10-07 1624 2139.8 0 0
2024-10-08 1618 2139.8 0 0
2024-10-09 1608 2139.8 0 0
2024-10-10 1609 2139.8 0 0
2024-10-11 1610 2139.8 0 0
2024-10-12 1609 2139.8 0 0
2024-10-13 1609 2139.8 0 0
2024-10-14 1609 2139.8 0 0
2024-10-15 1601 2139.8 0 0
2024-10-16 1600 2139.8 0 0
2024-10-17 1596 2139.8 0 0
2024-10-18 1606 2139.8 0 0
2024-10-19 1607 2139.8 0 0
2024-10-20 1607 2139.8 0 0
2024-10-21 1605 2139.8 0 0
2024-10-22 1602 2139.8 0 0
2024-10-23 1601 2139.8 0 0
2024-10-24 1588 2139.8 0 0
2024-10-25 1594 2139.8 0 0
2024-10-26 1592 2139.8 0 0
2024-10-27 1592 2139.8 0 0
2024-10-28 1596 2139.8 0 0
2024-10-29 1595 2139.8 0 0
2024-10-30 1589 2139.8 0 0
2024-10-31 1589 2139.8 0 0
2024-11-01 1591 2139.8 0 0
2024-11-02 1587 2139.8 0 0
2024-11-03 1587 2139.8 0 0
2024-11-04 1592 2139.8 0 0
2024-11-05 1594 2139.8 0 0
2024-11-06 1601 2139.8 0 0
2024-11-07 1602 2139.8 0 0
2024-11-08 1599 2139.8 0 0
2024-11-09 1596 2139.8 0 0
2024-11-10 1596 2139.8 0 0
2024-11-11 1607 2139.8 0 0
2024-11-12 1583 2139.8 0 0
2024-11-13 1580 2139.8 0 0
2024-11-14 1574 2139.8 0 0
2024-11-15 1569 2139.8 0 0
2024-11-16 1568 2139.8 0 0
2024-11-17 1568 2139.8 0 0
2024-11-18 1566 2139.8 0 0
2024-11-19 1567 2139.8 0 0
2024-11-20 1572 2139.8 0 0
2024-11-21 1570 2139.8 0 0
2024-11-22 1567 2139.8 0 0
2024-11-23 1564 2139.8 0 0
2024-11-24 1564 2139.8 0 0
2024-11-25 1572 2139.8 0 0
2024-11-26 1577 2139.8 0 0
2024-11-27 1582 2139.8 0 0
2024-11-28 1580 2139.8 0 0
2024-11-29 1585 2139.8 0 0
2024-11-30 1585 2139.8 0 0
2024-12-01 1585 2139.8 0 0
2024-12-02 1587 2139.8 0 0
2024-12-03 1589 2139.8 0 0
2024-12-04 1588 2139.8 0 0
2024-12-05 1591 2139.8 0 0
2024-12-06 1599 2139.8 0 0
2024-12-07 1598 2139.8 0 0
2024-12-08 1598 2139.8 0 0
2024-12-09 1600 2139.8 0 0
2024-12-10 1594 2139.8 0 0
2024-12-11 1595 2139.8 0 0
2024-12-12 1590 2139.8 0 0
2024-12-13 1591 2139.8 0 0
2024-12-14 1591 2139.8 0 0
2024-12-15 1590 2139.8 0 0
2024-12-16 1585 2139.8 0 0
2024-12-17 1580 2139.8 0 0
2024-12-18 1572 2139.8 0 0
2024-12-19 1564 2139.8 0 0
2024-12-20 1559 2139.8 0 0
2024-12-21 1558 2139.8 0 0
2024-12-22 1558 2139.8 0 0
2024-12-23 1558 2139.8 0 0
2024-12-24 1566 2139.8 0 0
2024-12-25 1567 2139.8 0 0
2024-12-26 1567 2139.8 0 0
2024-12-27 1568 2139.8 0 0
2024-12-28 1567 2139.8 0 0
2024-12-29 1567 2139.8 0 0
2024-12-30 1566 2139.8 0 0
2024-12-31 1555 2139.8 0 0
2025-01-01 1555 2139.8 0 0
2025-01-02 1547 2139.8 0 0
2025-01-03 1547 2139.8 0 0
2025-01-04 1547 2139.8 0 0
2025-01-05 1547 2139.8 0 0
2025-01-06 1548 2139.8 0 0
2025-01-07 1564 2139.8 0 0
2025-01-08 1563 2139.8 0 0
2025-01-09 1557 2139.8 0 0
2025-01-10 1550 2139.8 0 0
2025-01-11 1538 2139.8 0 0
2025-01-12 1538 2139.8 0 0
2025-01-13 1527 2139.8 0 0
2025-01-14 1535 2139.8 0 0
2025-01-15 1539 2139.8 0 0
2025-01-16 1553 2139.8 0 0
2025-01-17 1551 2139.8 0 0
2025-01-18 1550 2139.8 0 0
2025-01-19 1550 2139.8 0 0
2025-01-20 1552 2139.8 0 0
2025-01-21 1556 2139.8 0 0
2025-01-22 1560 2139.8 0 0
2025-01-23 1567 2139.8 0 0
2025-01-24 1566 2139.8 0 0
2025-01-25 1574 2139.8 0 0
2025-01-26 1575 2139.8 0 0
2025-01-27 1572 2139.8 0 0
2025-01-28 1568 2139.8 0 0
2025-01-29 1563 2139.8 0 0
2025-01-30 1569 2139.8 0 0
2025-01-31 1565 2139.8 0 0
2025-02-01 1566 2139.8 0 0
2025-02-02 1564 2139.8 0 0
2025-02-03 1562 2139.8 0 0
2025-02-04 1558 2139.8 0 0
2025-02-05 1575 2139.8 0 0
2025-02-06 1578 2139.8 0 0
2025-02-07 1581 2139.8 0 0
2025-02-08 1576 2139.8 0 0
2025-02-09 1576 2139.8 0 0
2025-02-10 1576 2139.8 0 0
2025-02-11 1579 2139.8 0 0
2025-02-12 1583 2139.8 0 0
2025-02-13 1587 2139.8 0 0
2025-02-14 1597 2139.8 0 0
2025-02-15 1600 2139.8 0 0
2025-02-16 1600 2139.8 0 0
2025-02-17 1601 2139.8 0 0
2025-02-18 1599 2139.8 0 0
2025-02-19 1598 2139.8 0 0
2025-02-20 1599 2139.8 0 0
2025-02-21 1593 2139.8 0 0
2025-02-22 1593 2139.8 0 0
2025-02-23 1593 2139.8 0 0
2025-02-24 1595 2139.8 0 0
2025-02-25 1593 2139.8 0 0
2025-02-26 1595 2139.8 0 0
2025-02-27 1594 2139.8 0 0
2025-02-28 1584 2139.8 0 0
2025-03-01 1585 2139.8 0 0
2025-03-02 1679 2009 -130.8 -6.113
2025-03-03 1679 2009 0 0
2025-03-04 1681 2009 0 0
2025-03-05 1689 2009 0 0
2025-03-06 1703 2009 0 0
2025-03-07 1706 2009 0 0
2025-03-08 1706 2009 0 0
2025-03-09 1706 2009 0 0
2025-03-10 1708 2009 0 0
2025-03-11 1710 2009 0 0
2025-03-12 1706 2009 0 0
2025-03-13 1704 2009 0 0
2025-03-14 1707 2009 0 0
2025-03-15 1712 2009 0 0
2025-03-16 1712 2009 0 0
2025-03-17 1718 2009 0 0
2025-03-18 1722 2009 0 0
2025-03-19 1729 2009 0 0
2025-03-20 1726 2009 0 0
2025-03-21 1721 2009 0 0
2025-03-22 1712 2009 0 0
2025-03-23 1712 2009 0 0
2025-03-24 1721 2009 0 0
2025-03-25 1720 2009 0 0
2025-03-26 1720 2009 0 0
2025-03-27 1718 2009 0 0
2025-03-28 1712 2009 0 0
2025-03-29 1712 2009 0 0
2025-03-30 1712 2009 0 0
2025-03-31 1702 2009 0 0
2025-04-01 1700 2009 0 0
2025-04-02 1792 2009 0 0
2025-04-03 1781 2009 0 0
2025-04-04 1776 2009 0 0
2025-04-05 1765 2009 0 0
2025-04-06 1764 2009 0 0
2025-04-07 1726 2009 0 0
2025-04-08 1721 2009 0 0
2025-04-09 1728 2009 0 0
2025-04-10 1734 2009 0 0
2025-04-11 1740 2009 0 0
2025-04-12 1750 2009 0 0
2025-04-13 1750 2009 0 0
2025-04-14 1760 2009 0 0
2025-04-15 1772 2009 0 0
2025-04-16 1765 2009 0 0
2025-04-17 1773 2009 0 0
2025-04-18 1778 2009 0 0
2025-04-19 1778 2009 0 0
2025-04-20 1778 2009 0 0
2025-04-21 1776 2009 0 0
2025-04-22 1787 2009 0 0
2025-04-23 1789 2009 0 0
2025-04-24 1792 2009 0 0
2025-04-25 1796 2009 0 0
2025-04-26 1796 2009 0 0
2025-04-27 1796 2009 0 0
2025-04-28 1799 2009 0 0
2025-04-29 1800 2009 0 0
2025-04-30 1804 2009 0 0
2025-05-01 1804 2009 0 0
2025-05-02 1804 2009 0 0
2025-05-03 1810 2009 0 0
2025-05-04 1810 2009 0 0
2025-05-05 1806 2009 0 0
2025-05-06 1815 2009 0 0
2025-05-07 1815 2009 0 0
2025-05-08 1818 2009 0 0
2025-05-09 1812 2009 0 0
2025-05-10 1821 2009 0 0
2025-05-11 1821 2009 0 0
2025-05-12 1829 2009 0 0
2025-05-13 1824 2009 0 0
2025-05-14 1832 2009 0 0
2025-05-15 1829 2009 0 0
2025-05-16 1830 2009 0 0
2025-05-17 1835 2009 0 0
2025-05-18 1835 2009 0 0
2025-05-19 1833 2009 0 0
2025-05-20 1835 2009 0 0
2025-05-21 1830 2009 0 0
2025-05-22 1825 2009 0 0
2025-05-23 1821 2009 0 0
2025-05-24 1821 2009 0 0
2025-05-25 1825 2009 0 0
2025-05-26 1826 2009 0 0
2025-05-27 1830 2009 0 0
2025-05-28 1833 2009 0 0
2025-05-29 1831 2009 0 0
2025-05-30 1829 2009 0 0
2025-05-31 1831 2009 0 0
2025-06-01 1831 2009 0 0
2025-06-02 1829 2009 0 0
2025-06-03 1841 2009 0 0
2025-06-04 1844 2009 0 0
2025-06-05 1847 2009 0 0
2025-06-06 1847 2009 0 0
2025-06-07 1844 2009 0 0
2025-06-08 1844 2009 0 0
2025-06-09 1845 2009 0 0
2025-06-10 1850 2009 0 0
2025-06-11 1853 2009 0 0
2025-06-12 1849 2009 0 0
2025-06-13 1851 2009 0 0
2025-06-14 1849 2009 0 0
2025-06-15 1849 2009 0 0
2025-06-16 1850 2009 0 0
2025-06-17 1848 2009 0 0
2025-06-18 1847 2009 0 0
2025-06-19 1839 2009 0 0
2025-06-20 1839 2009 0 0
2025-06-21 1838 2009 0 0
2025-06-22 1838 2009 0 0
2025-06-23 1840 2009 0 0
2025-06-24 1849 2009 0 0
2025-06-25 1853 2009 0 0
2025-06-26 1854 2009 0 0
2025-06-27 1866 2009 0 0
2025-06-28 1867 2009 0 0
2025-06-29 1867 2009 0 0
2025-06-30 1872 2009 0 0
2025-07-01 1872 2009 0 0
2025-07-02 1880 2009 0 0
2025-07-03 1882 2009 0 0
2025-07-04 1878 2009 0 0
2025-07-05 1878 2009 0 0
2025-07-06 1878 2009 0 0
2025-07-07 1879 2009 0 0
2025-07-08 1879 2009 0 0
2025-07-09 1882 2009 0 0
2025-07-10 1881 2009 0 0
2025-07-11 1875 2009 0 0
2025-07-12 1875 2009 0 0
2025-07-13 1875 2009 0 0
2025-07-14 1877 2009 0 0
2025-07-15 1878 2009 0 0
2025-07-16 1876 2009 0 0
2025-07-17 1881 2009 0 0
2025-07-18 1880 2009 0 0
2025-07-19 1883 2009 0 0
2025-07-20 1883 2009 0 0
2025-07-21 1886 2009 0 0
2025-07-22 1890 2009 0 0
2025-07-23 1893 2009 0 0
2025-07-24 1893 2009 0 0
2025-07-25 1895 2009 0 0
2025-07-26 1894 2009 0 0
2025-07-27 1894 2009 0 0
2025-07-28 1891 2009 0 0
2025-07-29 1891 2009 0 0
2025-07-30 1891 2009 0 0
2025-07-31 1878 2009 0 0
2025-08-01 1872 2009 0 0
2025-08-02 1873 2009 0 0
2025-08-03 1873 2009 0 0
2025-08-04 1880 2009 0 0
2025-08-05 1880 2009 0 0
2025-08-06 1885 2009 0 0
2025-08-07 1884 2009 0 0
2025-08-08 1884 2009 0 0
2025-08-09 1884 2009 0 0
2025-08-10 1884 2009 0 0
2025-08-11 1883 2009 0 0
2025-08-12 1883 2009 0 0
2025-08-13 1894 2009 0 0
2025-08-14 1898 2009 0 0
2025-08-15 1902 2009 0 0
2025-08-16 1906 2009 0 0
2025-08-17 1906 2009 0 0
2025-08-18 1909 2009 0 0
2025-08-19 1906 2009 0 0
2025-08-20 1904 2009 0 0
2025-08-21 1898 2009 0 0
2025-08-22 1906 2009 0 0
2025-08-23 1909 2009 0 0
2025-08-24 1912 2009 0 0
2025-08-25 1912 2009 0 0
2025-08-26 1909 2009 0 0
2025-08-27 1904 2009 0 0
2025-08-28 1913 2009 0 0
2025-08-29 1915 2009 0 0
2025-08-30 1912 2009 0 0
2025-08-31 1915 2009 0 0
2025-09-01 1911 2009 0 0
2025-09-02 1897 2009 0 0
2025-09-03 1907 2009 0 0
2025-09-04 1907 2009 0 0
2025-09-05 1911 2009 0 0
2025-09-06 1913 2009 0 0
2025-09-07 1913 2009 0 0
2025-09-08 1915 2009 0 0
2025-09-09 1914 2009 0 0
2025-09-10 1915 2009 0 0
2025-09-11 1919 2009 0 0
2025-09-12 1919 2009 0 0
2025-09-13 1920 2009 0 0
2025-09-14 1920 2009 0 0
2025-09-15 1917 2009 0 0
2025-09-16 1920 2009 0 0
2025-09-17 1932 2009 0 0
2025-09-18 1940 2009 0 0
2025-09-19 1934 2009 0 0
2025-09-20 1932 2009 0 0
2025-09-21 1932 2009 0 0
2025-09-22 1930 2009 0 0
2025-09-23 1927 2009 0 0
2025-09-24 1930 2009 0 0
2025-09-25 1923 2009 0 0
2025-09-26 1915 2009 0 0
2025-09-27 1916 2009 0 0
2025-09-28 1915 2009 0 0
2025-09-29 1923 2009 0 0
2025-09-30 1931 2009 0 0
2025-10-01 1930 2009 0 0
2025-10-02 1931 2009 0 0
2025-10-03 1936 2009 0 0
2025-10-04 1937 2009 0 0
2025-10-05 1938 2009 0 0
2025-10-06 1940 2009 0 0
2025-10-07 1942 2009 0 0
2025-10-08 1936 2009 0 0
2025-10-09 1932 2009 0 0
2025-10-10 1925 2009 0 0
2025-10-11 1924 2009 0 0
2025-10-12 1924 2009 0 0
2025-10-13 1921 2009 0 0
2025-10-14 1920 2009 0 0
2025-10-15 1926 2009 0 0
2025-10-16 1931 2009 0 0
2025-10-17 1921 2009 0 0
2025-10-18 1919 2009 0 0
2025-10-19 1920 2009 0 0
2025-10-20 1927 2009 0 0
2025-10-21 1939 2009 0 0
2025-10-22 1934 2009 0 0
2025-10-23 1936 2009 0 0
2025-10-24 1937 2009 0 0
2025-10-25 1936 2009 0 0
2025-10-26 1936 2009 0 0
2025-10-27 1944 2009 0 0
2025-10-28 1941 2009 0 0
2025-10-29 1946 2009 0 0
2025-10-30 1937 2009 0 0
2025-10-31 1926 2009 0 0
2025-11-01 1926 2009 0 0
2025-11-02 1926 2009 0 0
2025-11-03 1930 2009 0 0
2025-11-04 1920 2009 0 0
2025-11-05 1923 2009 0 0
2025-11-06 1921 2009 0 0
2025-11-07 1916 2009 0 0
2025-11-08 1916 2009 0 0
2025-11-09 1916 2009 0 0
2025-11-10 1922 2009 0 0
2025-11-11 1932 2009 0 0
2025-11-12 1936 2009 0 0
2025-11-13 1934 2009 0 0
2025-11-14 1934 2009 0 0
2025-11-15 1934 2009 0 0
2025-11-16 1933 2009 0 0
2025-11-17 1924 2009 0 0
2025-11-18 1916 2009 0 0
2025-11-19 1907 2009 0 0
2025-11-20 1910 2009 0 0
2025-11-21 1902 2009 0 0
2025-11-22 1901 2009 0 0
2025-11-23 1900 2009 0 0
2025-11-24 1907 2009 0 0
2025-11-25 1915 2009 0 0
2025-11-26 1922 2009 0 0
2025-11-27 1921 2009 0 0
2025-11-28 1926 2009 0 0
2025-11-29 1927 2009 0 0
2025-11-30 1927 2009 0 0
2025-12-01 1938 2009 0 0
2025-12-02 1930 2009 0 0
2025-12-03 1929 2009 0 0
2025-12-04 1939 2009 0 0
2025-12-05 1939 2009 0 0
2025-12-06 1939 2009 0 0
2025-12-07 1939 2009 0 0
2025-12-08 1937 2009 0 0
2025-12-09 1931 2009 0 0
2025-12-10 1930 2009 0 0
2025-12-11 1934 2009 0 0
2025-12-12 1930 2009 0 0
2025-12-13 1931 2009 0 0
2025-12-14 1931 2009 0 0
2025-12-15 1930 2009 0 0
2025-12-16 1925 2009 0 0
2025-12-17 1926 2009 0 0
2025-12-18 1933 2009 0 0
2025-12-19 1945 2009 0 0
2025-12-20 1944 2009 0 0
2025-12-21 1944 2009 0 0
2025-12-22 1946 2009 0 0
2025-12-23 1947 2009 0 0
2025-12-24 1949 2009 0 0
2025-12-25 1953 2009 0 0
2025-12-26 1956 2009 0 0
2025-12-27 1956 2009 0 0
2025-12-28 1955 2009 0 0
2025-12-29 1951 2009 0 0
2025-12-30 1953 2009 0 0
2025-12-31 1955 2009 0 0
2026-01-01 1956 2009 0 0
2026-01-02 1958 2009 0 0
2026-01-03 1960 2009 0 0
2026-01-05 1963 2009 0 0
2026-01-06 1977 2009 0 0
2026-01-07 1975 2009 0 0
2026-01-08 1977 2009 0 0
2026-01-09 1971 2009 0 0
2026-01-10 1972 2009 0 0
2026-01-11 1972 2009 0 0
2026-01-12 1979 2009 0 0
2026-01-13 1976 2009 0 0
2026-01-14 1974 2009 0 0
2026-01-15 1973 2009 0 0
2026-01-16 1977 2009 0 0
2026-01-17 1785 2271.095 262.095 13.046
2026-01-18 1784 2271.095 0 0
2026-01-19 1789 2271.095 0 0
2026-01-20 1779 2271.095 0 0
2026-01-21 1781 2270.534 -0.561 -0.025
2026-01-22 1786 2271.095 0.561 0.025
2026-01-23 1787 2271.095 0 0
2026-01-24 1787 2271.095 0 0
2026-01-25 1787 2271.095 0 0
2026-01-26 1785 2271.095 0 0
2026-01-27 1796 2270.534 -0.561 -0.025
2026-01-28 1801 2270.534 0 0
2026-01-29 1807 2270.534 0 0
2026-01-30 1797 2270.534 0 0
2026-01-31 1798 2270.534 0 0
