2019-11-07 1099 2261.084 0 0
2020-01-19 788 3236.775 975.691 43.151
2020-02-07 828 3063.131 -173.644 -5.365
2020-02-15 838 3072.08 8.949 0.292
2020-02-16 838 3072.08 0 0
2020-02-17 830 3079.241 7.161 0.233
2020-02-18 826 3103.575 24.334 0.79
2020-02-19 818 3128.904 25.329 0.816
2020-02-20 827 3080.371 -48.533 -1.551
2020-02-21 863 2971.522 -108.849 -3.534
2020-02-22 861 2979.389 7.867 0.265
2020-02-23 861 2979.389 0 0
2020-02-24 849 2979.389 0 0
2020-02-25 840 2974.298 -5.091 -0.171
2020-02-26 870 2865.212 -109.086 -3.668
2020-02-27 871 2841.466 -23.746 -0.829
2020-02-28 867 2819.467 -21.999 -0.774
2020-02-29 881 2796.907 -22.56 -0.8
