2026-03-10 3233 1095.525 0 0
2026-03-11 3223 1100.629 5.104 0.466
2026-03-12 3231 1092.991 -7.638 -0.694
2026-03-13 3228 1088.835 -4.156 -0.38
2026-03-14 3231 1081.483 -7.352 -0.675
2026-03-15 3231 1081.483 0 0
2026-03-16 3234 1081.483 0 0
2026-03-17 3235 1085.334 3.851 0.356
2026-03-18 3237 1085.334 0 0
2026-03-19 3217 1087.958 2.624 0.242
2026-03-20 3211 1088.083 0.125 0.011
2026-03-21 3205 1090.972 2.889 0.266
2026-03-22 3205 1090.972 0 0
2026-03-23 3188 1090.972 0 0
2026-03-24 3189 1094.891 3.919 0.359
2026-03-25 3203 1094.13 -0.761 -0.07
2026-03-27 3193 1094.13 0 0
2026-03-28 3197 1088.71 -5.42 -0.495
2026-03-29 3196 1088.71 0 0
2026-03-30 3188 1088.71 0 0
2026-03-31 3204 1083.467 -5.243 -0.482
