2020-01-19 1979 1192.425 0 0
2020-02-07 1987 1147.05 -45.375 -3.956
2020-02-15 1970 1183.35 36.3 3.068
2020-02-16 1972 1183.35 0 0
2020-02-17 1974 1183.35 0 0
2020-02-18 1986 1163.55 -19.8 -1.702
2020-02-19 2017 1131.375 -32.175 -2.844
2020-02-20 2014 1135.5 4.125 0.363
2020-02-21 2045 1106.625 -28.875 -2.609
2020-02-22 2044 1106.625 0 0
2020-02-23 2044 1106.625 0 0
2020-02-24 2089 1059.6 -47.025 -4.438
2020-02-25 2086 1052.836 -6.764 -0.642
2020-02-26 2045 1077.602 24.766 2.298
2020-02-27 2103 1014.862 -62.74 -6.182
2020-02-28 2045 1062.742 47.88 4.505
2020-02-29 2040 1062.742 0 0
