2020-01-19 379 5609.017 0 0
2020-02-07 389 5455.482 -153.535 -2.814
2020-02-15 383 5530.958 75.476 1.365
2020-02-16 383 5530.958 0 0
2020-02-17 384 5530.958 0 0
2020-02-18 387 5487.87 -43.088 -0.785
2020-02-19 387 5494.039 6.169 0.112
2020-02-20 385 5497.118 3.079 0.056
2020-02-21 385 5499.875 2.757 0.05
2020-02-22 384 5503.607 3.732 0.068
2020-02-23 384 5503.607 0 0
2020-02-24 413 5035.462 -468.145 -9.297
2020-02-25 402 5056.405 20.943 0.414
2020-02-26 391 5181.711 125.306 2.418
2020-02-27 392 5142.694 -39.017 -0.759
2020-02-28 391 5070.219 -72.475 -1.429
2020-02-29 394 5046.53 -23.689 -0.469
2020-03-01 394 5046.53 0 0
2020-03-02 398 5047.529 0.999 0.02
2020-03-03 399 5058.419 10.89 0.215
2020-03-04 393 5112.463 54.044 1.057
2020-03-05 404 5053.32 -59.143 -1.17
2020-03-06 405 4990.072 -63.248 -1.267
2020-03-07 408 4980.182 -9.89 -0.199
2020-03-08 409 4980.182 0 0
2020-03-09 417 4852.3 -127.882 -2.635
2020-03-10 412 4839.071 -13.229 -0.273
2020-03-11 431 4700.739 -138.332 -2.943
2020-03-12 430 4595.091 -105.648 -2.299
2020-03-13 404 4637.982 42.891 0.925
2020-03-14 411 4601.433 -36.549 -0.794
2020-03-15 411 4601.433 0 0
2020-03-16 405 4547.424 -54.009 -1.188
2020-03-17 397 4564.818 17.394 0.381
2020-03-18 408 4439.635 -125.183 -2.82
2020-03-19 409 4373.796 -65.839 -1.505
2020-03-20 416 4337.253 -36.543 -0.843
2020-03-21 413 4368.699 31.446 0.72
2020-03-22 413 4368.699 0 0
2020-03-23 409 4325.255 -43.444 -1.004
2020-03-24 412 4273.088 -52.167 -1.221
2020-03-25 417 4352.201 79.113 1.818
2020-03-26 413 4438.351 86.15 1.941
2020-03-27 415 4516.561 78.21 1.732
2020-03-28 419 4475.689 -40.872 -0.913
2020-03-29 419 4475.689 0 0
2020-03-30 419 4475.689 0 0
2020-03-31 424 4432.554 -43.135 -0.973
