2021-12-08 1941 1623.843 0 0
2021-12-09 1891 1675.972 52.129 3.11
2021-12-10 1893 1671.387 -4.585 -0.274
2021-12-11 1899 1664.879 -6.508 -0.391
2021-12-12 1894 1664.879 0 0
2021-12-13 1874 1687.462 22.583 1.338
2021-12-14 1905 1648.021 -39.441 -2.393
2021-12-15 1910 1633.312 -14.709 -0.901
2021-12-16 1908 1633.849 0.537 0.033
2021-12-17 1941 1596.406 -37.443 -2.345
2021-12-18 1937 1594.878 -1.528 -0.096
2021-12-19 1938 1594.878 0 0
2021-12-20 1912 1614.651 19.773 1.225
2021-12-21 1886 1657.291 42.64 2.573
2021-12-22 1893 1656.765 -0.526 -0.032
2021-12-23 1899 1663.476 6.711 0.403
2021-12-24 1897 1669.711 6.235 0.373
2021-12-25 1902 1670.366 0.655 0.039
2021-12-26 1902 1670.366 0 0
2021-12-27 1879 1689.507 19.141 1.133
2021-12-28 1840 1734.688 45.181 2.605
2021-12-29 1854 1709.777 -24.911 -1.457
2021-12-30 1865 1708.675 -1.102 -0.064
2021-12-31 1877 1704.032 -4.643 -0.272
2022-01-02 1875 1704.888 0.856 0.05
2022-01-03 1870 1704.888 0 0
2022-01-04 1848 1738.204 33.316 1.917
2022-01-05 1817 1757.515 19.311 1.099
2022-01-06 1834 1731.503 -26.012 -1.502
2022-01-07 1780 1789.349 57.846 3.233
2022-01-08 1780 1790.163 0.814 0.045
2022-01-09 1781 1790.163 0 0
2022-01-10 1776 1790.593 0.43 0.024
2022-01-11 1808 1743.745 -46.848 -2.687
2022-01-12 1830 1715.394 -28.351 -1.653
2022-01-13 1867 1675.148 -40.246 -2.403
2022-01-14 1877 1669.494 -5.654 -0.339
2022-01-15 1850 1673.968 4.474 0.267
2022-01-16 1866 1673.968 0 0
2022-01-17 1853 1688.87 14.902 0.882
2022-01-18 1867 1680.879 -7.991 -0.475
2022-01-19 1802 1741.366 60.487 3.474
2022-01-20 1741 1814.309 72.943 4.02
2022-01-22 1751 1791.825 -22.484 -1.255
2022-01-23 1751 1791.825 0 0
2022-01-24 1749 1784.694 -7.131 -0.4
2022-01-25 1747 1760.308 -24.386 -1.385
2022-01-26 1742 1776.412 16.104 0.907
2022-01-27 1745 1740.524 -35.888 -2.062
2022-01-28 1789 1694.195 -46.329 -2.735
2022-01-29 1791 1693.903 -0.292 -0.017
2022-01-30 1794 1693.903 0 0
2022-01-31 1808 1693.903 0 0
2022-02-01 1813 1693.903 0 0
2022-02-02 1817 1693.903 0 0
2022-02-03 1808 1693.903 0 0
2022-02-04 1813 1693.903 0 0
2022-02-05 1828 1677.721 -16.182 -0.965
2022-02-06 1828 1677.721 0 0
2022-02-07 1798 1705.29 27.569 1.617
2022-02-08 1811 1700.022 -5.268 -0.31
2022-02-09 1792 1739.289 39.267 2.258
2022-02-10 1830 1687.132 -52.157 -3.091
2022-02-11 1812 1696.624 9.492 0.559
2022-02-12 1803 1696.57 -0.054 -0.003
2022-02-13 1805 1696.57 0 0
2022-02-14 1816 1675.599 -20.971 -1.252
2022-02-15 1844 1657.885 -17.714 -1.068
2022-02-16 1829 1684.216 26.331 1.563
2022-02-17 1846 1668.598 -15.618 -0.936
2022-02-18 1817 1681.575 12.977 0.772
2022-02-19 1815 1684.366 2.791 0.166
2022-02-20 1815 1684.366 0 0
2022-02-21 1819 1678.818 -5.548 -0.33
2022-02-22 1849 1632.032 -46.786 -2.867
2022-02-23 1845 1635.154 3.122 0.191
2022-02-24 1870 1599.449 -35.705 -2.232
2022-02-25 1875 1595.106 -4.343 -0.272
2022-02-26 1883 1597.279 2.173 0.136
2022-02-27 1885 1597.279 0 0
2022-02-28 1904 1571.338 -25.941 -1.651
