2022-04-05 2306 1300 0 0
2022-04-06 2294 1300 0 0
2022-04-07 2276 1300 0 0
2022-04-08 2274 1300 0 0
2022-04-09 2274 1300 0 0
2022-04-10 2274 1300 0 0
2022-04-11 2255 1300 0 0
2022-04-12 2252 1300 0 0
2022-04-13 2246 1300 0 0
2022-04-14 2251 1300 0 0
2022-04-15 2246 1300 0 0
2022-04-16 2246 1300 0 0
2022-04-17 2246 1300 0 0
2022-04-18 2242 1300 0 0
2022-04-19 2238 1300 0 0
2022-04-20 2242 1300 0 0
2022-04-21 2217 1300 0 0
2022-04-22 2200 1300 0 0
2022-04-23 2194 1300 0 0
2022-04-24 2194 1300 0 0
2022-04-25 2181 1300 0 0
2022-04-26 2164 1300 0 0
2022-04-27 2165 1300 0 0
2022-04-28 2155 1300 0 0
2022-04-29 2169 1300 0 0
2022-04-30 2174 1300 0 0
