2021-04-09 2703 1021.283 0 0
2021-04-10 2698 1021.283 0 0
2021-04-11 2698 1021.283 0 0
2021-04-12  996.723 -24.56 -2.405
2021-04-13  996.723 0 0
2021-04-14 2652 1049.238 52.515 5.269
2021-04-15 2645 1060.847 11.609 1.106
2021-04-16 2647 1061.479 0.632 0.06
2021-04-17 2650 1061.479 0 0
2021-04-18 2650 1061.479 0 0
2021-04-19 2698 1022.941 -38.538 -3.631
2021-04-20 2715 1001.54 -21.401 -2.092
2021-04-21 2682 1038.972 37.432 3.737
2021-04-22 2690 1032.102 -6.87 -0.661
2021-04-23 2715 1016.308 -15.794 -1.53
2021-04-24 2715 1016.308 0 0
2021-04-25 2716 1016.308 0 0
2021-04-26 2693 1039.367 23.059 2.269
2021-04-27 2696 1035.339 -4.028 -0.388
2021-04-28 2687 1038.893 3.554 0.343
2021-04-29  975.322 -63.571 -6.119
