2020-01-19 1661 1526 0 0
2020-02-07 1647 1526 0 0
2020-02-15 1653 1526 0 0
2020-02-16 1653 1526 0 0
2020-02-17 1659 1526 0 0
2020-02-18 1661 1526 0 0
2020-02-19 1659 1526 0 0
2020-02-20 1664 1526 0 0
2020-02-21 1653 1526 0 0
2020-02-22 1653 1526 0 0
2020-02-23 1653 1526 0 0
2020-02-24 1642 1526 0 0
2020-02-25 1626 1526 0 0
2020-02-26 1622 1526 0 0
2020-02-27 1615 1526 0 0
2020-02-28 1589 1526 0 0
2020-02-29 1582 1526 0 0
2020-03-01 1590 1526 0 0
2020-03-02 1599 1526 0 0
2020-03-03 1606 1526 0 0
2020-03-04 1614 1526 0 0
2020-03-05 1609 1526 0 0
2020-03-06 1599 1526 0 0
2020-03-07 1595 1526 0 0
2020-03-08 1592 1526 0 0
2020-03-09 1555 1526 0 0
2020-03-10 1556 1526 0 0
2020-03-11 1533 1526 0 0
2020-03-12 1487 1526 0 0
2020-03-13 1481 1526 0 0
2020-03-14 1485 1526 0 0
2020-03-15 1485 1526 0 0
2020-03-16 1445 1526 0 0
2020-03-17 1429 1526 0 0
2020-03-18 1409 1526 0 0
2020-03-19 1388 1526 0 0
2020-03-20 1391 1526 0 0
2020-03-21 1400 1526 0 0
2020-03-22 1400 1526 0 0
2020-03-23 1375 1526 0 0
2020-03-24 1363 1526 0 0
2020-03-25 1411 1526 0 0
2020-03-26 1431 1526 0 0
2020-03-27 1452 1526 0 0
2020-03-28 1445 1526 0 0
2020-03-29 1445 1526 0 0
2020-03-30 1445 1526 0 0
2020-03-31 1442 1526 0 0
