2019-11-07 892 2780.252 0 0
2020-01-19 885 2954.194 173.942 6.256
2020-02-07 935 2789.017 -165.177 -5.591
2020-02-15 925 2822.047 33.03 1.184
2020-02-16 925 2822.047 0 0
2020-02-17 921 2825.561 3.514 0.125
2020-02-18 923 2800.761 -24.8 -0.878
2020-02-19 920 2812.708 11.947 0.427
2020-02-20 926 2788.66 -24.048 -0.855
2020-02-21 931 2763.866 -24.794 -0.889
2020-02-22 931 2762.448 -1.418 -0.051
2020-02-23 932 2762.448 0 0
2020-02-24 931 2737.709 -24.739 -0.896
2020-02-25 929 2737.268 -0.441 -0.016
2020-02-26 915 2741.905 4.637 0.169
2020-02-27 895 2771.29 29.385 1.072
2020-02-28 900 2730.494 -40.796 -1.472
2020-02-29 896 2731.206 0.712 0.026
