2026-03-10 2739 1400 0 0
2026-03-11 2755 1400 0 0
2026-03-12 2746 1400 0 0
2026-03-13 2730 1400 0 0
2026-03-14 2720 1400 0 0
2026-03-15 2721 1400 0 0
2026-03-16 2728 1400 0 0
2026-03-17 2718 1400 0 0
2026-03-18 2722 1400 0 0
2026-03-19 2710 1400 0 0
2026-03-20 2696 1400 0 0
2026-03-21 2694 1400 0 0
2026-03-22 2694 1400 0 0
2026-03-23 2669 1400 0 0
2026-03-24 2673 1400 0 0
2026-03-25 2691 1400 0 0
2026-03-27 2684 1400 0 0
2026-03-28 2681 1400 0 0
2026-03-29 2681 1400 0 0
2026-03-30 2673 1400 0 0
2026-03-31 2665 1400 0 0
2026-04-01 2696 1400.0 0 0
2026-04-02 2687 1400.0 0 0
2026-04-03 2692 1400.0 0 0
