2024-03-30 1642 2021.228 0 0
2024-03-31 1642 2021.228 0 0
2024-04-02 1646 2011.123 -10.105 -0.5
2024-04-03 1652 2005.334 -5.789 -0.288
2024-04-04 1635 2028.196 22.862 1.14
2024-04-05 1654 2005.195 -23.001 -1.134
2024-04-06 1656 1995.867 -9.328 -0.465
2024-04-07 1656 1995.867 0 0
2024-04-08 1655 1996.823 0.956 0.048
2024-04-09 1638 2019.745 22.922 1.148
2024-04-10 1653 2006.369 -13.376 -0.662
2024-04-11 1653 1992.05 -14.319 -0.714
2024-04-12 1637 2002.971 10.921 0.548
2024-04-13 1644 1988.918 -14.053 -0.702
2024-04-14 1644 1988.918 0 0
2024-04-15 1651 1978.697 -10.221 -0.514
2024-04-16 1644 1979.192 0.495 0.025
2024-04-17 1637 1982.587 3.395 0.172
2024-04-18 1606 2021.63 39.043 1.969
2024-04-19 1616 2012.652 -8.978 -0.444
2024-04-20 1612 2015.444 2.792 0.139
2024-04-21 1612 2015.444 0 0
2024-04-22 1616 2010.488 -4.956 -0.246
2024-04-23 1624 2006.675 -3.813 -0.19
2024-04-24 1633 2001.825 -4.85 -0.242
2024-04-25 1637 1993.014 -8.811 -0.44
2024-04-26 1628 2008.605 15.591 0.782
2024-04-27 1634 2002.384 -6.221 -0.31
2024-04-28 1634 2002.384 0 0
2024-04-29 1615 2029.474 27.09 1.353
2024-04-30 1620 2020.279 -9.195 -0.453
