2024-03-30 1905 1698 0 0
2024-03-31 1905 1698 0 0
2024-04-02 1904 1698 0 0
2024-04-03 1906 1698 0 0
2024-04-04 1899 1698 0 0
2024-04-05 1908 1698 0 0
2024-04-06 1905 1698 0 0
2024-04-07 1905 1698 0 0
2024-04-08 1900 1698 0 0
2024-04-09 1900 1698 0 0
2024-04-10 1895 1698 0 0
2024-04-11 1890 1698 0 0
2024-04-12 1883 1698 0 0
2024-04-13 1878 1698 0 0
2024-04-14 1878 1698 0 0
2024-04-15 1875 1698 0 0
2024-04-16 1861 1698 0 0
2024-04-17 1857 1698 0 0
2024-04-18 1868 1698 0 0
2024-04-19 1867 1698 0 0
2024-04-20 1869 1698 0 0
2024-04-21 1868 1698 0 0
2024-04-22 1872 1698 0 0
2024-04-23 1875 1698 0 0
2024-04-24 1883 1698 0 0
2024-04-25 1875 1698 0 0
2024-04-26 1886 1698 0 0
2024-04-27 1887 1698 0 0
2024-04-28 1887 1698 0 0
2024-04-29 1897 1698 0 0
2024-04-30 1898 1698 0 0
2024-05-01 1896 1698 0 0
2024-05-02 1893 1698 0 0
2024-05-03 1901 1698 0 0
2024-05-04 1901 1698 0 0
2024-05-05 1901 1698 0 0
2024-05-06 1907 1698 0 0
2024-05-07 1913 1698 0 0
2024-05-08 1905 1698 0 0
2024-05-09 1912 1698 0 0
2024-05-10 1917 1698 0 0
2024-05-11 1916 1698 0 0
2024-05-12 1916 1698 0 0
2024-05-13 1911 1698 0 0
2024-05-14 1916 1698 0 0
2024-05-15 1917 1698 0 0
2024-05-16 1918 1698 0 0
2024-05-17 1919 1698 0 0
2024-05-18 1921 1698 0 0
2024-05-19 1920 1698 0 0
2024-05-20 1922 1698 0 0
2024-05-21 1920 1698 0 0
2024-05-22 1920 1698 0 0
2024-05-23 1913 1698 0 0
2024-05-24 1912 1698 0 0
2024-05-25 1913 1698 0 0
2024-05-26 1913 1698 0 0
2024-05-27 1913 1698 0 0
2024-05-28 1909 1698 0 0
2024-05-29 1909 1698 0 0
2024-05-30 1905 1698 0 0
2024-05-31 1905 1698 0 0
2024-06-01 1904 1698 0 0
2024-06-02 1904 1698 0 0
2024-06-03 1907 1698 0 0
2024-06-04 1901 1698 0 0
2024-06-05 1904 1698 0 0
2024-06-06 1906 1698 0 0
2024-06-07 1909 1698 0 0
2024-06-09 1907 1698 0 0
2024-06-10 1910 1698 0 0
2024-06-11 1905 1698 0 0
2024-06-12 1907 1698 0 0
2024-06-13 1907 1698 0 0
2024-06-14 1901 1698 0 0
2024-06-15 1894 1698 0 0
2024-06-16 1894 1698 0 0
2024-06-17 1903 1698 0 0
2024-06-18 1904 1698 0 0
2024-06-19 1896 1698 0 0
2024-06-20 1897 1698 0 0
2024-06-21 1900 1698 0 0
2024-06-22 1898 1698 0 0
2024-06-23 1898 1698 0 0
2024-06-24 1891 1698 0 0
2024-06-25 1894 1698 0 0
2024-06-26 1893 1698 0 0
2024-06-27 1884 1698 0 0
2024-06-28 1880 1698 0 0
2024-06-29 1880 1698 0 0
2024-06-30 1880 1698 0 0
2024-07-01 1878 1698 0 0
2024-07-02 1872 1698 0 0
2024-07-03 1874 1698 0 0
2024-07-04 1877 1698 0 0
2024-07-05 1878 1698 0 0
2024-07-06 1880 1698 0 0
2024-07-07 1880 1698 0 0
2024-07-08 1876 1698 0 0
2024-07-09 1884 1698 0 0
2024-07-10 1878 1698 0 0
2024-07-11 1892 1698 0 0
2024-07-12 1901 1698 0 0
2024-07-13 1902 1698 0 0
2024-07-14 1902 1698 0 0
2024-07-15 1893 1698 0 0
2024-07-16 1900 1698 0 0
2024-07-17 1899 1698 0 0
2024-07-18 1902 1698 0 0
2024-07-19 1896 1698 0 0
2024-07-20 1894 1698 0 0
2024-07-21 1894 1698 0 0
2024-07-22 1890 1698 0 0
2024-07-23 1887 1698 0 0
2024-07-24 1875 1698 0 0
2024-07-25 1872 1698 0 0
2024-07-26 1884 1698 0 0
2024-07-27 1885 1698 0 0
2024-07-28 1885 1698 0 0
2024-07-29 1883 1698 0 0
2024-07-30 1879 1698 0 0
2024-07-31 1885 1698 0 0
2024-08-01 1887 1698 0 0
2024-08-02 1873 1698 0 0
2024-08-03 1875 1698 0 0
2024-08-04 1873 1698 0 0
2024-08-05 1853 1698 0 0
2024-08-06 1857 1698 0 0
2024-08-07 1860 1698 0 0
2024-08-08 1865 1698 0 0
2024-08-09 1866 1698 0 0
2024-08-10 1873 1698 0 0
2024-08-11 1873 1698 0 0
2024-08-12 1867 1698 0 0
2024-08-13 1869 1698 0 0
2024-08-14 1869 1698 0 0
2024-08-15 1880 1698 0 0
2024-08-16 1880 1698 0 0
2024-08-17 1884 1698 0 0
2024-08-18 1884 1698 0 0
2024-08-19 1887 1698 0 0
2024-08-20 1897 1698 0 0
2024-08-21 1906 1698 0 0
2024-08-22 1903 1698 0 0
2024-08-23 1904 1698 0 0
2024-08-24 1910 1698 0 0
2024-08-25 1911 1698 0 0
2024-08-26 1910 1698 0 0
2024-08-27 1905 1698 0 0
2024-08-28 1909 1698 0 0
2024-08-29 1913 1698 0 0
2024-08-30 1912 1698 0 0
2024-08-31 1912 1698 0 0
2024-09-01 1915 1698 0 0
2024-09-02 1914 1698 0 0
2024-09-03 1912 1698 0 0
2024-09-04 1905 1698 0 0
2024-09-05 1907 1698 0 0
2024-09-06 1900 1698 0 0
2024-09-07 1905 1698 0 0
2024-09-08 1904 1698 0 0
2024-09-09 1900 1698 0 0
2024-09-10 1894 1698 0 0
2024-09-11 1895 1698 0 0
2024-09-12 1898 1698 0 0
2024-09-13 1903 1698 0 0
2024-09-14 1908 1698 0 0
2024-09-15 1908 1698 0 0
2024-09-16 1907 1698 0 0
2024-09-17 1912 1698 0 0
2024-09-18 1912 1698 0 0
2024-09-19 1920 1698 0 0
2024-09-20 1923 1698 0 0
2024-09-21 1923 1698 0 0
2024-09-22 1923 1698 0 0
2024-09-23 1924 1698 0 0
2024-09-24 1932 1698 0 0
2024-09-25 1931 1698 0 0
2024-09-26 1945 1698 0 0
2024-09-27 1965 1698 0 0
2024-09-28 1966 1698 0 0
2024-09-29 1966 1698 0 0
2024-09-30 1986 1698 0 0
2024-10-01 1984 1698 0 0
2024-10-02 1973 1698 0 0
2024-10-03 1971 1698 0 0
2024-10-04 1972 1698 0 0
2024-10-05 1971 1698 0 0
2024-10-06 1971 1698 0 0
2024-10-07 1968 1698 0 0
2024-10-08 1981 1698 0 0
2024-10-09 1962 1698 0 0
2024-10-10 1964 1698 0 0
2024-10-11 1958 1698 0 0
2024-10-12 1961 1698 0 0
2024-10-13 1961 1698 0 0
2024-10-14 1964 1698 0 0
2024-10-15 1954 1698 0 0
2024-10-16 1953 1698 0 0
2024-10-17 1946 1698 0 0
2024-10-18 1954 1698 0 0
2024-10-19 1954 1698 0 0
2024-10-20 1954 1698 0 0
2024-10-21 1952 1698 0 0
2024-10-22 1949 1698 0 0
2024-10-23 1948 1698 0 0
2024-10-24 1946 1698 0 0
2024-10-25 1944 1698 0 0
2024-10-26 1943 1698 0 0
2024-10-27 1940 1698 0 0
2024-10-28 1950 1698 0 0
2024-10-29 1947 1698 0 0
2024-10-30 1940 1698 0 0
2024-10-31 1940 1698 0 0
2024-11-01 1936 1698 0 0
2024-11-02 1937 1698 0 0
2024-11-03 1937 1698 0 0
2024-11-04 1937 1698 0 0
2024-11-05 1943 1698 0 0
2024-11-06 1952 1698 0 0
2024-11-07 1951 1698 0 0
2024-11-08 1948 1698 0 0
2024-11-09 1947 1698 0 0
2024-11-10 1947 1698 0 0
2024-11-11 1952 1698 0 0
2024-11-12 1940 1698 0 0
2024-11-13 1929 1698 0 0
2024-11-14 1919 1698 0 0
2024-11-15 1911 1698 0 0
2024-11-16 1910 1698 0 0
2024-11-17 1913 1698 0 0
2024-11-18 1916 1698 0 0
2024-11-19 1922 1698 0 0
2024-11-20 1922 1698 0 0
2024-11-21 1925 1698 0 0
2024-11-22 1925 1698 0 0
2024-11-23 1923 1698 0 0
2024-11-24 1923 1698 0 0
2024-11-25 1927 1698 0 0
2024-11-26 1930 1698 0 0
2024-11-27 1940 1698 0 0
2024-11-28 1936 1698 0 0
2024-11-29 1943 1698 0 0
2024-11-30 1943 1698 0 0
2024-12-01 1943 1698 0 0
2024-12-02 1955 1698 0 0
2024-12-03 1944 1698 0 0
2024-12-04 1945 1698 0 0
2024-12-05 1939 1698 0 0
2024-12-06 1951 1698 0 0
2024-12-07 1947 1698 0 0
2024-12-08 1947 1698 0 0
2024-12-09 1947 1698 0 0
2024-12-10 1946 1698 0 0
2024-12-11 1947 1698 0 0
2024-12-12 1949 1698 0 0
2024-12-13 1943 1698 0 0
2024-12-14 1940 1698 0 0
2024-12-15 1940 1698 0 0
2024-12-16 1940 1698 0 0
2024-12-17 1936 1698 0 0
2024-12-18 1931 1698 0 0
2024-12-19 1928 1698 0 0
2024-12-20 1917 1698 0 0
2024-12-21 1918 1698 0 0
2024-12-22 1918 1698 0 0
2024-12-23 1914 1698 0 0
2024-12-24 1921 1698 0 0
2024-12-25 1921 1698 0 0
2024-12-26 1918 1698 0 0
2024-12-27 1917 1698 0 0
2024-12-28 1917 1698 0 0
2024-12-29 1917 1698 0 0
2024-12-30 1912 1698 0 0
2024-12-31 1910 1698 0 0
2025-01-01 1909 1698 0 0
2025-01-02 1906 1698 0 0
2025-01-03 1897 1698 0 0
2025-01-04 1898 1698 0 0
2025-01-05 1898 1698 0 0
2025-01-06 1894 1698 0 0
2025-01-07 1907 1698 0 0
2025-01-08 1902 1698 0 0
2025-01-09 1893 1698 0 0
2025-01-10 1888 1698 0 0
2025-01-11 1886 1698 0 0
2025-01-12 1885 1698 0 0
2025-01-13 1877 1698 0 0
2025-01-14 1886 1698 0 0
2025-01-15 1887 1698 0 0
2025-01-16 1888 1698 0 0
2025-01-17 1893 1698 0 0
2025-01-18 1894 1698 0 0
2025-01-19 1894 1698 0 0
2025-01-20 1894 1698 0 0
2025-01-21 1899 1698 0 0
2025-01-22 1899 1698 0 0
2025-01-23 1903 1698 0 0
2025-01-24 1904 1698 0 0
2025-01-25 1909 1698 0 0
2025-01-26 1909 1698 0 0
2025-01-27 1904 1698 0 0
2025-01-28 1902 1698 0 0
2025-01-29 1902 1698 0 0
2025-01-30 1910 1698 0 0
2025-01-31 1912 1698 0 0
2025-02-01 1912 1698 0 0
2025-02-02 1912 1698 0 0
2025-02-03 1908 1698 0 0
2025-02-04 1911 1698 0 0
2025-02-05 1921 1698 0 0
2025-02-06 1933 1698 0 0
2025-02-07 1932 1698 0 0
2025-02-08 1932 1698 0 0
2025-02-09 1931 1698 0 0
2025-02-10 1935 1698 0 0
2025-02-11 1928 1698 0 0
2025-02-12 1941 1698 0 0
2025-02-13 1944 1698 0 0
2025-02-14 1948 1698 0 0
2025-02-15 1949 1698 0 0
2025-02-16 1949 1698 0 0
2025-02-17 1953 1698 0 0
2025-02-18 1955 1698 0 0
2025-02-19 1956 1698 0 0
2025-02-20 1954 1698 0 0
2025-02-21 1955 1698 0 0
2025-02-22 1955 1698 0 0
2025-02-23 1953 1698 0 0
2025-02-24 1945 1698 0 0
2025-02-25 1940 1698 0 0
2025-02-26 1946 1698 0 0
2025-02-27 1938 1698 0 0
2025-02-28 1930 1698 0 0
2025-03-01 1928 1698 0 0
2025-03-02 1927 1698 0 0
2025-03-03 1930 1698 0 0
2025-03-04 1923 1698 0 0
2025-03-05 1931 1698 0 0
2025-03-06 1942 1698 0 0
2025-03-07 1947 1698 0 0
2025-03-08 1947 1698 0 0
2025-03-09 1947 1698 0 0
2025-03-10 1950 1698 0 0
2025-03-11 1945 1698 0 0
2025-03-12 1951 1698 0 0
2025-03-13 1941 1698 0 0
2025-03-14 1947 1698 0 0
2025-03-15 1949 1698 0 0
2025-03-16 1949 1698 0 0
2025-03-17 1955 1698 0 0
2025-03-18 1967 1698 0 0
2025-03-19 1966 1698 0 0
2025-03-20 1959 1698 0 0
2025-03-21 1951 1698 0 0
2025-03-22 1950 1698 0 0
2025-03-23 1950 1698 0 0
2025-03-24 1956 1698 0 0
2025-03-25 1954 1698 0 0
2025-03-26 1956 1698 0 0
2025-03-27 1954 1698 0 0
2025-03-28 1940 1698 0 0
2025-03-29 1941 1698 0 0
2025-03-30 1941 1698 0 0
2025-03-31 1938 1698 0 0
2025-04-01 1942 1698 0 0
2025-04-02 2049 1698 0 0
2025-04-03 2039 1698 0 0
2025-04-04 2038 1698 0 0
2025-04-05 2028 1698 0 0
2025-04-06 2028 1698 0 0
2025-04-07 1998 1698 0 0
2025-04-08 1993 1698 0 0
2025-04-09 2001 1698 0 0
2025-04-10 2002 1698 0 0
2025-04-11 2012 1698 0 0
2025-04-12 2027 1698 0 0
2025-04-13 2027 1698 0 0
2025-04-14 2031 1698 0 0
2025-04-15 2047 1698 0 0
2025-04-16 2039 1698 0 0
2025-04-17 2040 1698 0 0
2025-04-18 2039 1698 0 0
2025-04-19 2039 1698 0 0
2025-04-20 2039 1698 0 0
2025-04-21 2045 1698 0 0
2025-04-22 2048 1698 0 0
2025-04-23 2061 1698 0 0
2025-04-24 2063 1698 0 0
2025-04-25 2063 1698 0 0
2025-04-26 2063 1698 0 0
2025-04-27 2063 1698 0 0
2025-04-28 2058 1698 0 0
2025-04-29 2065 1698 0 0
2025-04-30 2071 1698 0 0
2025-05-01 2074 1698 0 0
2025-05-02 2076 1698 0 0
2025-05-03 2081 1698 0 0
2025-05-04 2081 1698 0 0
2025-05-05 2082 1698 0 0
2025-05-06 2076 1698 0 0
2025-05-07 2080 1698 0 0
2025-05-08 2082 1698 0 0
2025-05-09 2077 1698 0 0
2025-05-10 2077 1698 0 0
2025-05-11 2077 1698 0 0
2025-05-12 2088 1698 0 0
2025-05-13 2087 1698 0 0
2025-05-14 2096 1698 0 0
2025-05-15 2090 1698 0 0
2025-05-16 2087 1698 0 0
2025-05-17 2088 1698 0 0
2025-05-18 2088 1698 0 0
2025-05-19 2088 1698 0 0
2025-05-20 2092 1698 0 0
2025-05-21 2090 1698 0 0
2025-05-22 2089 1698 0 0
2025-05-23 2080 1698 0 0
2025-05-24 2080 1698 0 0
2025-05-25 2086 1698 0 0
2025-05-26 2089 1698 0 0
2025-05-27 2091 1698 0 0
2025-05-28 2088 1698 0 0
2025-05-29 2093 1698 0 0
2025-05-30 2086 1698 0 0
2025-05-31 2085 1698 0 0
2025-06-01 2085 1698 0 0
2025-06-02 2084 1698 0 0
2025-06-03 2086 1698 0 0
2025-06-04 2091 1698 0 0
2025-06-05 2103 1698 0 0
2025-06-06 2107 1698 0 0
2025-06-07 2103 1698 0 0
2025-06-08 2103 1698 0 0
2025-06-09 2107 1698 0 0
2025-06-10 2105 1698 0 0
2025-06-11 2117 1698 0 0
2025-06-12 2107 1698 0 0
2025-06-13 2103 1698 0 0
2025-06-14 2101 1698 0 0
2025-06-15 2099 1698 0 0
2025-06-16 2102 1698 0 0
2025-06-17 2102 1698 0 0
2025-06-18 2100 1698 0 0
2025-06-19 2094 1698 0 0
2025-06-20 2093 1698 0 0
2025-06-21 2094 1698 0 0
2025-06-22 2094 1698 0 0
2025-06-23 2093 1698 0 0
2025-06-24 2106 1698 0 0
2025-06-25 2121 1698 0 0
2025-06-26 2119 1698 0 0
2025-06-27 2125 1698 0 0
2025-06-28 2124 1698 0 0
2025-06-29 2124 1698 0 0
2025-06-30 2130 1698 0 0
2025-07-01 2125 1698 0 0
2025-07-02 2133 1698 0 0
2025-07-03 2129 1698 0 0
2025-07-04 2131 1698 0 0
2025-07-05 2131 1698 0 0
2025-07-06 2131 1698 0 0
2025-07-07 2131 1698 0 0
2025-07-08 2124 1698 0 0
2025-07-09 2130 1698 0 0
2025-07-10 2137 1698 0 0
2025-07-11 2126 1698 0 0
2025-07-12 2126 1698 0 0
2025-07-13 2125 1698 0 0
2025-07-14 2132 1698 0 0
2025-07-15 2132 1698 0 0
2025-07-16 2129 1698 0 0
2025-07-17 2132 1698 0 0
2025-07-18 2131 1698 0 0
2025-07-19 2132 1698 0 0
2025-07-20 2132 1698 0 0
2025-07-21 2136 1698 0 0
2025-07-22 2141 1698 0 0
2025-07-23 2148 1698 0 0
2025-07-24 2151 1698 0 0
2025-07-25 2147 1698 0 0
2025-07-26 2147 1698 0 0
2025-07-27 2147 1698 0 0
2025-07-28 2136 1698 0 0
2025-07-29 2138 1698 0 0
2025-07-30 2129 1698 0 0
2025-07-31 2121 1698 0 0
2025-08-01 2120 1698 0 0
2025-08-02 2121 1698 0 0
2025-08-03 2121 1698 0 0
2025-08-04 2129 1698 0 0
2025-08-05 2127 1698 0 0
2025-08-06 2133 1698 0 0
2025-08-07 2131 1698 0 0
2025-08-08 2134 1698 0 0
2025-08-09 2135 1698 0 0
2025-08-10 2135 1698 0 0
2025-08-11 2135 1698 0 0
2025-08-12 2140 1698 0 0
2025-08-13 2147 1698 0 0
2025-08-14 2145 1698 0 0
2025-08-15 2146 1698 0 0
2025-08-16 2146 1698 0 0
2025-08-17 2146 1698 0 0
2025-08-18 2156 1698 0 0
2025-08-19 2155 1698 0 0
2025-08-20 2158 1698 0 0
2025-08-21 2160 1698 0 0
2025-08-22 2167 1698 0 0
2025-08-23 2168 1698 0 0
2025-08-24 2168 1698 0 0
2025-08-25 2169 1698 0 0
2025-08-26 2171 1698 0 0
2025-08-27 2167 1698 0 0
2025-08-28 2172 1698 0 0
2025-08-29 2170 1698 0 0
2025-08-30 2172 1698 0 0
2025-08-31 2172 1698 0 0
2025-09-01 2169 1698 0 0
2025-09-02 2159 1698 0 0
2025-09-03 2164 1698 0 0
2025-09-04 2165 1698 0 0
2025-09-05 2170 1698 0 0
2025-09-06 2171 1698 0 0
2025-09-07 2171 1698 0 0
2025-09-08 2174 1698 0 0
2025-09-09 2176 1698 0 0
2025-09-10 2182 1698 0 0
2025-09-11 2186 1698 0 0
2025-09-12 2187 1698 0 0
2025-09-13 2189 1698 0 0
2025-09-14 2189 1698 0 0
2025-09-15 2192 1698 0 0
2025-09-16 2194 1698 0 0
2025-09-17 2205 1698 0 0
2025-09-18 2206 1698 0 0
2025-09-19 2196 1698 0 0
2025-09-20 2195 1698 0 0
2025-09-21 2195 1698 0 0
2025-09-22 2195 1698 0 0
2025-09-23 2189 1698 0 0
2025-09-24 2189 1698 0 0
2025-09-25 2187 1698 0 0
2025-09-26 2184 1698 0 0
2025-09-27 2184 1698 0 0
2025-09-28 2184 1698 0 0
2025-09-29 2187 1698 0 0
2025-09-30 2190 1698 0 0
2025-10-01 2191 1698 0 0
2025-10-02 2195 1698 0 0
2025-10-03 2195 1698 0 0
2025-10-04 2195 1698 0 0
2025-10-05 2195 1698 0 0
2025-10-06 2197 1698 0 0
2025-10-07 2197 1698 0 0
2025-10-08 2200 1698 0 0
2025-10-09 2204 1698 0 0
2025-10-10 2199 1698 0 0
2025-10-11 2198 1698 0 0
2025-10-12 2198 1698 0 0
2025-10-13 2196 1698 0 0
2025-10-14 2190 1698 0 0
2025-10-15 2194 1698 0 0
2025-10-16 2194 1698 0 0
2025-10-17 2188 1698 0 0
2025-10-18 2187 1698 0 0
2025-10-19 2188 1698 0 0
2025-10-20 2195 1698 0 0
2025-10-21 2203 1698 0 0
2025-10-22 2199 1698 0 0
2025-10-23 2202 1698 0 0
2025-10-24 2207 1698 0 0
2025-10-25 2208 1698 0 0
2025-10-26 2208 1698 0 0
2025-10-27 2210 1698 0 0
2025-10-28 2204 1698 0 0
2025-10-29 2212 1698 0 0
2025-10-30 2212 1698 0 0
2025-10-31 2212 1698 0 0
2025-11-01 2212 1698 0 0
2025-11-02 2212 1698 0 0
2025-11-03 2213 1698 0 0
2025-11-04 2208 1698 0 0
2025-11-05 2209 1698 0 0
2025-11-06 2207 1698 0 0
2025-11-07 2204 1698 0 0
2025-11-08 2205 1698 0 0
2025-11-09 2205 1698 0 0
2025-11-10 2208 1698 0 0
2025-11-11 2208 1698 0 0
2025-11-12 2207 1698 0 0
2025-11-13 2208 1698 0 0
2025-11-14 2202 1698 0 0
2025-11-15 2201 1698 0 0
2025-11-16 2201 1698 0 0
2025-11-17 2202 1698 0 0
2025-11-18 2202 1698 0 0
2025-11-19 2195 1698 0 0
2025-11-20 2190 1698 0 0
2025-11-21 2187 1698 0 0
2025-11-22 2180 1698 0 0
2025-11-23 2180 1698 0 0
2025-11-24 2188 1698 0 0
2025-11-25 2200 1698 0 0
2025-11-26 2214 1698 0 0
2025-11-27 2216 1698 0 0
2025-11-28 2217 1698 0 0
2025-11-29 2218 1698 0 0
2025-11-30 2218 1698 0 0
2025-12-01 2217 1698 0 0
2025-12-02 2220 1698 0 0
2025-12-03 2219 1698 0 0
2025-12-04 2223 1698 0 0
2025-12-05 2224 1698 0 0
2025-12-06 2224 1698 0 0
2025-12-07 2224 1698 0 0
2025-12-08 2216 1698 0 0
2025-12-09 2215 1698 0 0
2025-12-10 2216 1698 0 0
2025-12-11 2218 1698 0 0
2025-12-12 2219 1698 0 0
2025-12-13 2219 1698 0 0
2025-12-14 2219 1698 0 0
2025-12-15 2214 1698 0 0
2025-12-16 2208 1698 0 0
2025-12-17 2213 1698 0 0
2025-12-18 2219 1698 0 0
2025-12-19 2224 1698 0 0
2025-12-20 2225 1698 0 0
2025-12-21 2225 1698 0 0
2025-12-22 2241 1698 0 0
2025-12-23 2238 1698 0 0
2025-12-24 2242 1698 0 0
2025-12-25 2244 1698 0 0
2025-12-26 2239 1698 0 0
2025-12-27 2239 1698 0 0
2025-12-28 2239 1698 0 0
2025-12-29 2241 1698 0 0
2025-12-30 2246 1698 0 0
2025-12-31 2244 1698 0 0
2026-01-01 2244 1698 0 0
2026-01-02 2249 1698 0 0
2026-01-03 2247 1698 0 0
2026-01-05 2263 1698 0 0
2026-01-06 2263 1698 0 0
2026-01-07 2264 1698 0 0
2026-01-08 2267 1698 0 0
2026-01-09 2265 1698 0 0
2026-01-10 2266 1698 0 0
2026-01-11 2266 1698 0 0
2026-01-12 2276 1698 0 0
2026-01-13 2273 1698 0 0
2026-01-14 2272 1698 0 0
2026-01-15 2273 1698 0 0
2026-01-16 2274 1698 0 0
2026-01-17 2273 1698 0 0
2026-01-18 2272 1698 0 0
2026-01-19 2270 1698 0 0
2026-01-20 2260 1698 0 0
2026-01-21 2261 1698 0 0
2026-01-22 2267 1698 0 0
2026-01-23 2275 1698 0 0
2026-01-24 2275 1698 0 0
2026-01-25 2275 1698 0 0
2026-01-26 2277 1698 0 0
2026-01-27 2282 1698 0 0
2026-01-28 2286 1698 0 0
2026-01-29 2285 1698 0 0
2026-01-30 2279 1698 0 0
2026-01-31 2277 1698 0 0
2026-02-01 2278 1698 0 0
2026-02-02 2268 1698 0 0
2026-02-03 2274 1698 0 0
2026-02-04 2284 1698 0 0
2026-02-05 2276 1698 0 0
2026-02-06 2280 1698 0 0
2026-02-07 2279 1698 0 0
2026-02-08 2279 1698 0 0
2026-02-09 2294 1698 0 0
2026-02-10 2299 1698 0 0
2026-02-11 2298 1698 0 0
2026-02-12 2296 1698 0 0
2026-02-13 2293 1698 0 0
2026-02-14 2291 1698 0 0
2026-02-15 2290 1698 0 0
2026-02-16 2288 1698 0 0
2026-02-17 2293 1698 0 0
2026-02-18 2295 1698 0 0
2026-02-19 2297 1698 0 0
2026-02-20 1812 2280.45 582.45 34.302
2026-02-21 1821 2280.45 0 0
2026-02-22 1818 2280.45 0 0
2026-02-23 1821 2280.45 0 0
2026-02-24 1823 2280.45 0 0
2026-02-25 1830 2280.45 0 0
2026-02-26 1829 2280.45 0 0
2026-02-27 1834 2280.45 0 0
2026-02-28 1838 2280.45 0 0
2026-03-01 1839 2280.45 0 0
2026-03-02 1832 2280.45 0 0
2026-03-03 1818 2280.45 0 0
2026-03-04 1806 2280.45 0 0
2026-03-05 1806 2280.45 0 0
2026-03-06 1804 2280.45 0 0
2026-03-07 1803 2280.45 0 0
2026-03-08 1802 2280.45 0 0
2026-03-09 1798 2280.45 0 0
2026-03-10 1838 2280.45 0 0
2026-03-11 1835 2280.45 0 0
2026-03-12 1824 2280.45 0 0
2026-03-13 1809 2280.45 0 0
2026-03-14 1805 2280.45 0 0
2026-03-15 1805 2280.45 0 0
2026-03-16 1805 2280.45 0 0
2026-03-17 1809 2280.45 0 0
2026-03-18 1812 2280.45 0 0
2026-03-19 1796 2280.45 0 0
2026-03-20 1780 2280.45 0 0
2026-03-21 1780 2280.45 0 0
2026-03-22 1779 2280.45 0 0
2026-03-23 1764 2280.45 0 0
2026-03-24 1778 2280.45 0 0
2026-03-25 1785 2280.45 0 0
2026-03-27 1779 2280.45 0 0
2026-03-28 1772 2280.45 0 0
2026-03-29 1771 2280.45 0 0
2026-03-30 1764 2280.45 0 0
2026-03-31 1766 2280.45 0 0
2026-04-01 1779 2280.45 0 0
2026-04-02 1786 2280.45 0 0
2026-04-03 1781 2280.45 0 0
2026-04-04 1781 2280.45 0 0
2026-04-05 1781 2280.45 0 0
2026-04-06 1780 2280.45 0 0
2026-04-07 1776 2280.45 0 0
2026-04-08 1806 2280.45 0 0
2026-04-09 1818 2280.45 0 0
2026-04-10 1815 2280.45 0 0
2026-04-11 1816 2280.45 0 0
2026-04-12 1816 2280.45 0 0
2026-04-13 1812 2280.45 0 0
2026-04-14 1821 2280.45 0 0
2026-04-15 1831 2280.45 0 0
2026-04-16 1840 2280.45 0 0
2026-04-17 1848 2280.45 0 0
2026-04-18 1854 2280.45 0 0
2026-04-19 1854 2280.45 0 0
2026-04-20 1860 2280.45 0 0
2026-04-21 1845 2280.45 0 0
2026-04-22 1845 2280.45 0 0
2026-04-23 1838 2280.45 0 0
2026-04-24 1833 2280.45 0 0
2026-04-25 1832 2280.45 0 0
2026-04-26 1832 2280.45 0 0
2026-04-27 1834 2280.45 0 0
2026-04-28 1829 2280.45 0 0
2026-04-29 1831 2280.45 0 0
2026-04-30 1827 2280.45 0 0
2026-05-01 1828 2280.45 0 0
2026-05-02 1828 2280.45 0 0
2026-05-04 1829 2280.45 0 0
2026-05-05 1833 2280.45 0 0
2026-05-06 1845 2280.45 0 0
2026-05-07 1851 2280.45 0 0
2026-05-08 1856 2280.45 0 0
2026-05-09 1857 2280.45 0 0
2026-05-10 1854 2280.45 0 0
2026-05-11 1862 2280.45 0 0
2026-05-12 1857 2280.45 0 0
2026-05-13 1847 2280.45 0 0
2026-05-14 1847 2280.45 0 0
2026-05-15 1845 2280.45 0 0
2026-05-16 1843 2280.45 0 0
2026-05-17 1839 2280.45 0 0
2026-05-18 1833 2280.45 0 0
2026-05-19 1834 2280.45 0 0
2026-05-20 1836 2280.45 0 0
2026-05-21 1833 2280.45 0 0
2026-05-22 1833 2280.45 0 0
2026-05-23 1834 2280.45 0 0
2026-05-24 1835 2280.45 0 0
2026-05-25 1840 2280.45 0 0
2026-05-26 1844 2280.45 0 0
2026-05-27 1841 2280.45 0 0
2026-05-28 1834 2280.45 0 0
2026-05-29 1837 2280.45 0 0
2026-05-30 1830 2280.45 0 0
2026-05-31 1831 2280.45 0 0
2026-06-01 1837 2280.45 0 0
2026-06-02 1837 2280.45 0 0
2026-06-03 1833 2280.45 0 0
2026-06-04 1825 2280.45 0 0
2026-06-05 1827 2280.45 0 0
2026-06-06 1816 2280.45 0 0
2026-06-07 1813 2280.45 0 0
2026-06-09 1803 2280.45 0 0
2026-06-10 1797 2280.45 0 0
2026-06-11 1793 2280.45 0 0
