2020-04-08 2137 1000 0 0
2020-04-09 2139 1000 0 0
2020-04-10 2150 1000 0 0
2020-04-11 2150 1000 0 0
2020-04-12 2150 1000 0 0
2020-04-13 2145 1000 0 0
2020-04-14 2145 1000 0 0
2020-04-15 2157 1000 0 0
2020-04-16 2149 1000 0 0
2020-04-17 2147 1000 0 0
2020-04-18 2159 1000 0 0
2020-04-19 2159 1000 0 0
2020-04-20 2158 1000 0 0
2020-04-21 2152 1000 0 0
2020-04-23 2149 1000 0 0
2020-04-24 2148 1000 0 0
2020-04-25 2147 1000 0 0
2020-04-26 2147 1000 0 0
2020-04-27 2146 1000 0 0
2020-04-28 2159 1000 0 0
2020-04-29 2166 1000 0 0
2020-04-30 2178 1000 0 0
2020-05-01 2183 1000 0 0
2020-05-02 2173 1000 0 0
2020-05-03 2172 1000 0 0
2020-05-04 2167 1000 0 0
2020-05-05 2163 1000 0 0
2020-05-06 2162 1000 0 0
2020-05-07 2157 1000 0 0
2020-05-08 2159 1000 0 0
2020-05-09 2177 1000 0 0
2020-05-10 2177 1000 0 0
2020-05-11 2173 1000 0 0
2020-05-12 2167 1000 0 0
2020-05-13 2171 1000 0 0
2020-05-14 2162 1000 0 0
2020-05-15 2157 1000 0 0
2020-05-16 2162 1000 0 0
2020-05-17 2162 1000 0 0
2020-05-18 2159 1000 0 0
2020-05-19 2166 1000 0 0
2020-05-20 2176 1000 0 0
2020-05-21 2172 1000 0 0
2020-05-23 2166 1000 0 0
2020-05-24 2166 1000 0 0
2020-05-25 2165 1000 0 0
2020-05-26 2164 1000 0 0
2020-05-27 2183 1000 0 0
2020-05-28 2185 1000 0 0
2020-05-29 2183 1000 0 0
2020-05-30 2191 1000 0 0
2020-05-31 2191 1000 0 0
2020-06-01 2191 1000 0 0
2020-06-02 2201 1000 0 0
2020-06-03 2213 1000 0 0
2020-06-04 2231 1000 0 0
2020-06-05 2232 1000 0 0
2020-06-06 2244 1000 0 0
2020-06-07 2244 1000 0 0
2020-06-08 2242 1000 0 0
2020-06-09 2241 1000 0 0
2020-06-10 2235 1000 0 0
2020-06-11 2229 1000 0 0
2020-06-12 2219 1000 0 0
2020-06-13 2226 1000 0 0
2020-06-14 2225 1000 0 0
2020-06-15 2211 1000 0 0
2020-06-16 2214 1000 0 0
2020-06-17 2219 1000 0 0
2020-06-18 2218 1000 0 0
2020-06-19 2223 1000 0 0
2020-06-20 2228 1000 0 0
2020-06-21 2227 1000 0 0
2020-06-22 2222 1000 0 0
2020-06-23 2225 1000 0 0
2020-06-24 2225 1000 0 0
2020-06-25 2222 1000 0 0
2020-06-26 2218 1000 0 0
2020-06-27 2223 1000 0 0
2020-06-28 2223 1000 0 0
2020-06-29 2214 1000 0 0
2020-06-30 2217 1000 0 0
2020-07-01 2219 1000 0 0
2020-07-07 2218 1000 0 0
2020-07-08 2234 1000 0 0
2020-07-09 2237 1000 0 0
2020-07-10 2235 1000 0 0
2020-07-11 2236 1000 0 0
2020-07-12 2236 1000 0 0
2020-07-13 2234 1000 0 0
2020-07-14 2236 1000 0 0
2020-07-15 2234 1000 0 0
2020-07-16 2232 1000 0 0
2020-07-17 2237 1000 0 0
2020-07-18 2237 1000 0 0
2020-07-20 2233 1000 0 0
2020-07-21 2233 1000 0 0
2020-07-22 2237 1000 0 0
2020-07-23 2244 1000 0 0
2020-07-24 2238 1000 0 0
2020-07-25 2236 1000 0 0
2020-07-26 2230 1000 0 0
2020-07-27 2221 1000 0 0
2020-07-28 2223 1000 0 0
2020-07-29 2224 1000 0 0
2020-07-30 2232 1000 0 0
2020-07-31 2232 1000 0 0
2020-08-04 2229 1000 0 0
2020-08-05 2229 1000 0 0
2020-08-06 2239 1000 0 0
2020-08-07 2237 1000 0 0
2020-08-08 2235 1000 0 0
2020-08-09 2235 1000 0 0
2020-08-10 2234 1000 0 0
2020-08-12 2232 1000 0 0
2020-08-13 2238 1000 0 0
2020-08-14 2242 1000 0 0
2020-08-15 2244 1000 0 0
2020-08-16 2244 1000 0 0
2020-08-17 2243 1000 0 0
2020-08-18 2242 1000 0 0
2020-08-19 2243 1000 0 0
2020-08-20 2235 1000 0 0
2020-08-21 2234 1000 0 0
2020-08-22 2240 1000 0 0
2020-08-23 2240 1000 0 0
2020-08-24 2238 1000 0 0
2020-08-25 2242 1000 0 0
2020-08-26 2245 1000 0 0
2020-08-27 2241 1000 0 0
2020-08-28 2246 1000 0 0
2020-08-29 2252 1000 0 0
2020-08-30 2252 1000 0 0
2020-08-31 2248 1000 0 0
2020-09-01 2250 1000 0 0
2020-09-02 2256 1000 0 0
2020-09-03 2255 1000 0 0
2020-09-04 2251 1000 0 0
2020-09-05 2254 1000 0 0
2020-09-06 2254 1000 0 0
2020-09-07 2253 1000 0 0
2020-09-09 2245 1000 0 0
2020-09-10 2246 1000 0 0
2020-09-11 2244 1000 0 0
2020-09-12 2247 1000 0 0
2020-09-13 2247 1000 0 0
2020-09-14 2247 1000 0 0
2020-09-15 2253 1000 0 0
2020-09-16 2256 1000 0 0
2020-09-17 2260 1000 0 0
2020-09-18 2262 1000 0 0
2020-09-19 2268 1000 0 0
2020-09-21 2257 1000 0 0
2020-09-22 2250 1000 0 0
2020-09-23 2243 1000 0 0
2020-09-24 2238 1000 0 0
2020-09-25 2235 1000 0 0
2020-09-26 2239 1000 0 0
2020-09-27 2239 1000 0 0
2020-09-28 2237 1000 0 0
2020-09-29 2237 1000 0 0
2020-09-30 2235 1000 0 0
2020-10-01 2236 1000 0 0
2020-10-03 2240 1000 0 0
2020-10-04 2240 1000 0 0
2020-10-05 2238 1000 0 0
2020-10-06 2244 1000 0 0
2020-10-07 2244 1000 0 0
2020-10-08 2249 1000 0 0
2020-10-09 2255 1000 0 0
2020-10-10 2260 1000 0 0
2020-10-11 2262 1000 0 0
2020-10-12 2258 1000 0 0
2020-10-13 2260 1000 0 0
2020-10-14 2257 1000 0 0
2020-10-16 2251 1000 0 0
2020-10-17 2251 1000 0 0
2020-10-18 2251 1000 0 0
2020-10-19 2256 1000 0 0
2020-10-20 2257 1000 0 0
2020-10-21 2258 1000 0 0
2020-10-22 2259 1000 0 0
2020-10-23 2258 1000 0 0
2020-10-24 2259 1000 0 0
2020-10-25 2258 1000 0 0
2020-10-26 2257 1000 0 0
2020-10-27 2256 1000 0 0
2020-10-28 2252 1000 0 0
2020-10-29 2248 1000 0 0
2020-10-30 2242 1000 0 0
2020-10-31 2244 1000 0 0
2020-11-01 2244 1000 0 0
2020-11-02 2243 1000 0 0
2020-11-03 2250 1000 0 0
2020-11-04 2256 1000 0 0
2020-11-05 2258 1000 0 0
2020-11-06 2267 1000 0 0
2020-11-07 2269 1000 0 0
2020-11-08 2269 1000 0 0
2020-11-09 2267 1000 0 0
2020-11-10 2284 1000 0 0
2020-11-12 2285 1000 0 0
2020-11-13 2284 1000 0 0
2020-11-14 2278 1000 0 0
2020-11-15 2278 1000 0 0
2020-11-17 2284 1000 0 0
2020-11-18 2282 1000 0 0
2020-11-19 2283 1000 0 0
2020-11-20 2280 1000 0 0
2020-11-21 2284 1000 0 0
2020-11-22 2284 1000 0 0
2020-11-23 2283 1000 0 0
2020-11-24 2287 1000 0 0
2020-11-25 2291 1000 0 0
2020-11-26 2291 1000 0 0
2020-11-27 2288 1000 0 0
2020-11-28 2292 1000 0 0
2020-11-30 2286 1000 0 0
2020-12-01 2284 1000 0 0
2020-12-02 2287 1000 0 0
2020-12-03 2290 1000 0 0
2020-12-04 2291 1000 0 0
2020-12-05 2295 1000 0 0
2020-12-06 2295 1000 0 0
2020-12-07 2291 1000 0 0
2020-12-08 2293 1000 0 0
2020-12-09 2298 1000 0 0
2020-12-10 2301 1000 0 0
2020-12-11 2295 1000 0 0
2020-12-12 2297 1000 0 0
2020-12-13 2297 1000 0 0
2020-12-14 2295 1000 0 0
2020-12-15 2297 1000 0 0
2020-12-16 2298 1000 0 0
2020-12-17 2304 1000 0 0
2020-12-18 2305 1000 0 0
2020-12-19 2306 1000 0 0
2020-12-20 2306 1000 0 0
2020-12-21 2301 1000 0 0
2020-12-22 2299 1000 0 0
2020-12-23 2343 1000 0 0
2020-12-24 2346 1000 0 0
2020-12-25 2347 1000 0 0
2020-12-26 2347 1000 0 0
2020-12-27 2347 1000 0 0
2020-12-28 2346 1000 0 0
2020-12-29 2345 1000 0 0
2020-12-31 2346 1000 0 0
2021-01-01 2348 1000 0 0
2021-01-02 2348 1000 0 0
2021-01-03 2348 1000 0 0
2021-01-04 2344 1000 0 0
2021-01-05 2347 1000 0 0
2021-01-06 2346 1000 0 0
2021-01-07 2352 1000 0 0
2021-01-08 2352 1000 0 0
2021-01-09 2356 1000 0 0
2021-01-10 2356 1000 0 0
2021-01-11 2353 1000 0 0
2021-01-12 2354 1000 0 0
2021-01-13 2351 1000 0 0
2021-01-14 2353 1000 0 0
2021-01-15 2355 1000 0 0
2021-01-16 2355 1000 0 0
2021-01-17 2355 1000 0 0
2021-01-18 2353 1000 0 0
2021-01-19 2351 1000 0 0
2021-01-20 2352 1000 0 0
2021-01-21 2354 1000 0 0
2021-01-22 2346 1000 0 0
2021-01-23 2345 1000 0 0
2021-01-24 2344 1000 0 0
2021-01-25 2341 1000 0 0
2021-01-26 2343 1000 0 0
2021-01-27 2345 1000 0 0
2021-01-28 2342 1000 0 0
2021-01-29 2341 1000 0 0
2021-01-30 2341 1000 0 0
2021-01-31 2341 1000 0 0
2021-02-01 2339 1000 0 0
2021-02-02 2338 1000 0 0
2021-02-03 2343 1000 0 0
2021-02-04 2344 1000 0 0
2021-02-05 2346 1000 0 0
2021-02-06 2349 1000 0 0
2021-02-07 2349 1000 0 0
2021-02-08 2347 1000 0 0
2021-02-09 2352 1000 0 0
2021-02-10 2355 1000 0 0
2021-02-11 2362 1000 0 0
2021-02-12 2360 1000 0 0
2021-02-13 2361 1000 0 0
2021-02-14 2361 1000 0 0
2021-02-15 2359 1000 0 0
2021-02-16 2358 1000 0 0
2021-02-17 2365 1000 0 0
2021-02-18 2361 1000 0 0
2021-02-19 2361 1000 0 0
2021-02-20 2366 1000 0 0
2021-02-21 2368 1000 0 0
2021-02-22 2365 1000 0 0
2021-02-23 2368 1000 0 0
2021-02-24 2369 1000 0 0
2021-02-25 2371 1000 0 0
2021-02-26 2365 1000 0 0
2021-02-27 2365 1000 0 0
2021-02-28 2367 1000 0 0
2021-03-01 2360 1000 0 0
2021-03-02 2370 1000 0 0
2021-03-03 2370 1000 0 0
2021-03-04 2368 1000 0 0
2021-03-05 2358 1000 0 0
2021-03-06 2368 1000 0 0
2021-03-07 2365 1000 0 0
2021-03-08 2359 1000 0 0
2021-03-09 2356 1000 0 0
2021-03-11 2348 1000 0 0
2021-03-14 287 8472.701 7472.701 747.27
2021-03-15 267 8818.811 346.11 4.085
2021-03-16 297 8238.465 -580.346 -6.581
2021-03-18 325 7672.103 -566.362 -6.875
2021-03-19 325 7672.103 0 0
2021-03-20 312 7846.906 174.803 2.278
2021-03-21 312 7846.906 0 0
2021-03-22 314 7841.662 -5.244 -0.067
2021-03-23 302 8040.938 199.276 2.541
2021-03-24 325 7654.623 -386.315 -4.804
2021-03-25 322 7638.891 -15.732 -0.206
2021-03-26 332 7609.174 -29.717 -0.389
2021-03-27 332 7609.174 0 0
2021-03-28 332 7609.174 0 0
2021-03-29 299 8042.686 433.512 5.697
2021-03-30 298 8042.686 0 0
2021-03-31 272 8626.528 583.842 7.259
2021-04-01 295 8269.929 -356.599 -4.134
2021-04-02 296 8269.929 0 0
2021-04-03 296 8269.929 0 0
2021-04-04 296 8269.929 0 0
2021-04-05 303 8030.449 -239.48 -2.896
2021-04-06 302 8140.575 110.126 1.371
2021-04-07 309 7923.82 -216.755 -2.663
2021-04-08 312 7923.82 0 0
2021-04-09 308 8014.717 90.897 1.147
2021-04-10 308 8014.717 0 0
2021-04-11 308 8014.717 0 0
2021-04-12 315 7904.591 -110.126 -1.374
2021-04-13 316 7904.591 0 0
2021-04-14 316 7990.245 85.654 1.084
2021-04-15 313 8005.977 15.732 0.197
2021-04-16 312 8023.457 17.48 0.218
2021-04-17 313 8023.457 0 0
2021-04-18 313 8023.457 0 0
2021-04-19 319 7991.993 -31.464 -0.392
2021-04-20 356 7450.103 -541.89 -6.78
2021-04-21 364 7338.23 -111.873 -1.502
2021-04-22 356 7483.316 145.086 1.977
2021-04-23 323 7964.024 480.708 6.424
2021-04-24 323 7964.024 0 0
2021-04-25 323 7964.024 0 0
2021-04-26 325 7983.253 19.229 0.241
2021-04-27 328 7960.528 -22.725 -0.285
2021-04-28 352 7640.639 -319.889 -4.018
2021-04-29 366 7439.615 -201.024 -2.631
2021-04-30 372 7324.245 -115.37 -1.551
2021-05-01 369 7324.245 0 0
2021-05-02 369 7324.245 0 0
2021-05-03 371 7352.214 27.969 0.382
2021-05-04 380 7172.167 -180.047 -2.449
2021-05-05 378 7212.371 40.204 0.561
2021-05-06 384 7032.324 -180.047 -2.496
2021-05-07 400 6805.08 -227.244 -3.231
2021-05-08 400 6805.08 0 0
2021-05-09 400 6805.08 0 0
2021-05-10 422 6479.947 -325.133 -4.778
2021-05-11 434 6336.608 -143.339 -2.212
2021-05-12 444 6202.25 -134.358 -2.12
2021-05-13 499 5627.148 -575.102 -9.272
2021-05-14 428 6394.533 767.385 13.637
2021-05-15 429 6394.533 0 0
2021-05-16 429 6394.533 0 0
2021-05-17 448 6176.03 -218.503 -3.417
2021-05-18 422 6537.872 361.842 5.859
2021-05-19 423 6504.659 -33.213 -0.508
2021-05-20 406 6798.328 293.669 4.515
2021-05-21 413 6670.722 -127.606 -1.877
2021-05-22 413 6670.722 0 0
2021-05-23 413 6670.722 0 0
2021-05-24 383 7105.982 435.26 6.525
2021-05-25 390 7043.052 -62.93 -0.886
2021-05-26 376 7333.225 290.173 4.12
2021-05-27 381 7193.383 -139.842 -1.907
2021-05-28 385 7156.674 -36.709 -0.51
2021-05-29 385 7156.674 0 0
2021-05-30 385 7156.674 0 0
2021-05-31 385 7156.674 0 0
2021-06-01 385 7247.572 90.898 1.27
2021-06-02 386 7165.415 -82.157 -1.134
2021-06-03 401 6934.675 -230.74 -3.22
2021-06-04 405 6824.549 -110.126 -1.588
2021-06-05 405 6824.549 0 0
2021-06-06 405 6824.549 0 0
2021-06-07 411 6770.36 -54.189 -0.794
2021-06-08 410 6782.596 12.236 0.181
2021-06-09 423 6630.517 -152.079 -2.242
2021-06-10 422 6679.462 48.945 0.738
2021-06-11 419 6773.856 94.394 1.413
2021-06-12 419 6773.856 0 0
2021-06-13 419 6773.856 0 0
2021-06-14 418 6758.124 -15.732 -0.232
2021-06-16 413 6786.092 27.968 0.414
2021-06-17 397 6971.383 185.291 2.73
2021-06-18 398 6915.446 -55.937 -0.802
2021-06-19 398 6915.446 0 0
2021-06-20 395 6915.446 0 0
2021-06-21 400 6920.69 5.244 0.076
2021-06-22 391 7022.076 101.386 1.465
2021-06-23 395 6995.856 -26.22 -0.373
2021-06-24 424 6698.691 -297.165 -4.248
2021-06-25 433 6564.092 -134.599 -2.009
2021-06-26 433 6564.092 0 0
2021-06-27 433 6564.092 0 0
2021-06-28 427 6712.675 148.583 2.264
2021-06-29 381 7396.154 683.479 10.182
2021-06-30 380 7336.721 -59.433 -0.804
