2023-04-06 1160 2707.841 0 0
2023-04-07 1161 2707.841 0 0
2023-04-08 1160 2707.841 0 0
2023-04-09 1159 2707.841 0 0
2023-04-10 1164 2700.844 -6.997 -0.258
2023-04-11 1171 2699.245 -1.599 -0.059
2023-04-12 1170 2696.846 -2.399 -0.089
2023-04-13 1166 2705.642 8.796 0.326
2023-04-14 1173 2702.044 -3.598 -0.133
2023-04-15 1168 2702.044 0 0
2023-04-16 1168 2702.044 0 0
2023-04-17 1164 2705.442 3.398 0.126
2023-04-18 1164 2702.843 -2.599 -0.096
2023-04-19 1161 2706.242 3.399 0.126
2023-04-20 1163 2701.444 -4.798 -0.177
2023-04-21 1154 2703.443 1.999 0.074
2023-04-22 1154 2703.443 0 0
2023-04-23 1154 2703.443 0 0
2023-04-24 1152 2703.243 -0.2 -0.007
2023-04-25 1150 2699.445 -3.798 -0.14
2023-04-26 1150 2698.645 -0.8 -0.03
2023-04-27 1160 2696.446 -2.199 -0.081
2023-04-28 1156 2702.044 5.598 0.208
2023-04-29 1158 2702.044 0 0
2023-05-01 1151 2717.836 15.792 0.584
2023-05-02 1148 2711.839 -5.997 -0.221
2023-05-03 1146 2718.036 6.197 0.229
2023-05-04 1144 2726.232 8.196 0.302
2023-05-06 1147 2726.232 0 0
2023-05-07 1147 2726.232 0 0
2023-05-08 1143 2730.829 4.597 0.169
2023-05-09 1138 2736.426 5.597 0.205
2023-05-10 1134 2742.024 5.598 0.205
2023-05-11 1140 2739.225 -2.799 -0.102
2023-05-12 1136 2738.625 -0.6 -0.022
2023-05-13 1135 2738.625 0 0
2023-05-14 1135 2738.625 0 0
2023-05-15 1135 2746.022 7.397 0.27
2023-05-16 1134 2739.025 -6.997 -0.255
2023-05-17 1134 2739.225 0.2 0.007
2023-05-19 1128 2736.426 -2.799 -0.102
2023-05-20 1129 2736.426 0 0
2023-05-21 1129 2736.426 0 0
2023-05-22 1125 2749.02 12.594 0.46
2023-05-23 1112 2770.409 21.389 0.778
2023-05-24 1111 2750.619 -19.79 -0.714
2023-05-25 1112 2743.023 -7.596 -0.276
2023-05-26 1114 2740.225 -2.798 -0.102
2023-05-27 1115 2740.225 0 0
2023-05-28 1115 2740.225 0 0
2023-05-29 1116 2740.225 0 0
2023-05-30 1104 2766.212 25.987 0.948
2023-05-31 1097 2764.013 -2.199 -0.079
2023-06-01 1094 2763.813 -0.2 -0.007
2023-06-02 1106 2765.212 1.399 0.051
2023-06-03 1108 2765.212 0 0
2023-06-04 1108 2765.212 0 0
2023-06-05 1112 2753.618 -11.594 -0.419
2023-06-06 1110 2752.818 -0.8 -0.029
2023-06-07 1108 2754.018 1.2 0.044
2023-06-08 1107 2749.22 -4.798 -0.174
2023-06-09 1113 2747.021 -2.199 -0.08
2023-06-10 1113 2747.021 0 0
2023-06-11 1114 2747.021 0 0
2023-06-12 1111 2759.015 11.994 0.437
2023-06-13 1108 2766.012 6.997 0.254
2023-06-14 1111 2762.613 -3.399 -0.123
2023-06-16 1123 2751.619 -10.994 -0.398
2023-06-17 1124 2751.619 0 0
2023-06-18 1124 2751.619 0 0
2023-06-19 1124 2751.619 0 0
2023-06-20 1120 2754.817 3.198 0.116
2023-06-21 1110 2754.018 -0.799 -0.029
2023-06-22 1115 2751.619 -2.399 -0.087
2023-06-23 1111 2750.619 -1 -0.036
2023-06-24 1108 2750.619 0 0
2023-06-25 1108 2750.619 0 0
2023-06-26 1116 2739.825 -10.794 -0.392
2023-06-27 1115 2740.225 0.4 0.015
2023-06-28 1124 2736.826 -3.399 -0.124
2023-06-29 1120 2730.23 -6.596 -0.241
2023-06-30 1129 2730.03 -0.2 -0.007
2023-07-01 1132 2730.03 0 0
2023-07-02 1132 2730.03 0 0
2023-07-03 1132 2731.229 1.199 0.044
2023-07-04 1132 2731.229 0 0
2023-07-06 1122 2725.632 -5.597 -0.205
2023-07-07 1115 2734.028 8.396 0.308
2023-07-08 1116 2734.028 0 0
2023-07-09 1116 2734.028 0 0
2023-07-10 1104 2765.012 30.984 1.133
2023-07-11 1122 2747.821 -17.191 -0.622
2023-07-12 1129 2746.621 -1.2 -0.044
2023-07-13 1142 2742.823 -3.798 -0.138
2023-07-14 1144 2744.422 1.599 0.058
2023-07-15 1146 2744.422 0 0
2023-07-16 1146 2744.422 0 0
2023-07-17 1147 2749.62 5.198 0.189
2023-07-18 1140 2752.219 2.599 0.095
2023-07-19 1146 2745.222 -6.997 -0.254
2023-07-20 1148 2741.624 -3.598 -0.131
2023-07-21 1145 2742.623 0.999 0.036
2023-07-22 1147 2742.623 0 0
2023-07-23 1147 2742.623 0 0
2023-07-24 1148 2735.927 -6.696 -0.244
2023-07-25 1152 2731.069 -4.858 -0.178
2023-07-26 1161 2730.23 -0.839 -0.031
2023-07-27 1157 2729.83 -0.4 -0.015
2023-07-28 1162 2733.228 3.398 0.124
2023-07-29 1164 2733.228 0 0
2023-07-30 1164 2733.228 0 0
2023-07-31 1164 2734.427 1.199 0.044
2023-08-01 1163 2733.028 -1.399 -0.051
2023-08-02 1147 2732.828 -0.2 -0.007
2023-08-04 1145 2734.028 1.2 0.044
2023-08-05 1149 2734.028 0 0
2023-08-06 1149 2734.028 0 0
2023-08-07 1147 2730.23 -3.798 -0.139
2023-08-08 1140 2732.029 1.799 0.066
2023-08-09 1133 2741.224 9.195 0.337
2023-08-10 1135 2733.028 -8.196 -0.299
2023-08-11 1137 2730.429 -2.599 -0.095
2023-08-12 1130 2730.429 0 0
2023-08-13 1130 2730.429 0 0
2023-08-14 1133 2730.429 0 0
2023-08-15 1124 2739.425 8.996 0.329
2023-08-16 1124 2727.231 -12.194 -0.445
2023-08-17 1120 2714.637 -12.594 -0.462
2023-08-18 1119 2710.639 -3.998 -0.147
2023-08-19 1115 2710.639 0 0
2023-08-20 1116 2710.639 0 0
2023-08-21 1119 2715.037 4.398 0.162
2023-08-22 1119 2716.836 1.799 0.066
2023-08-23 1127 2715.437 -1.399 -0.051
2023-08-24 1126 2710.839 -4.598 -0.169
2023-08-26 1122 2712.239 1.4 0.052
2023-08-27 1120 2712.239 0 0
2023-08-28 1126 2711.639 -0.6 -0.022
2023-08-29 1138 2711.639 0 0
2023-08-30 1144 2712.438 0.799 0.029
2023-08-31 1144 2711.639 -0.799 -0.029
2023-09-01 1146 2712.239 0.6 0.022
2023-09-02 1144 2712.239 0 0
2023-09-03 1144 2712.239 0 0
2023-09-04 1146 2712.239 0 0
2023-09-05 1147 2710.439 -1.8 -0.066
2023-09-06 1083 2851.04 140.601 5.187
2023-09-07 1081 2847.242 -3.798 -0.133
2023-09-08 1084 2850.241 2.999 0.105
2023-09-09 1083 2850.241 0 0
2023-09-10 1077 2850.241 0 0
2023-09-12 1081 2851.84 1.599 0.056
2023-09-14 1105 2802.154 -48.286 -1.694
2023-09-15 1099 2814.647 12.493 0.446
2023-09-17 1098 2814.647 0 0
2023-09-18 1093 2827.841 13.194 0.469
2023-09-19 1099 2817.846 -9.995 -0.353
2023-09-20 1094 2814.248 -3.598 -0.128
2023-09-21 1084 2809.95 -4.298 -0.153
2023-09-22 1087 2806.651 -3.299 -0.117
2023-09-23 1087 2806.651 0 0
2023-09-24 1087 2806.651 0 0
2023-09-25 1089 2800.654 -5.997 -0.214
2023-09-26 1082 2798.056 -2.598 -0.093
2023-09-27 1084 2799.255 1.199 0.043
2023-09-28 1082 2800.454 1.199 0.043
2023-09-29 1085 2800.255 -0.199 -0.007
2023-10-01 1084 2800.255 0 0
2023-10-02 1084 2797.856 -2.399 -0.086
2023-10-03 1088 2795.057 -2.799 -0.1
2023-10-04 1087 2791.059 -3.998 -0.143
2023-10-05 1084 2792.858 1.799 0.064
2023-10-06 1091 2790.06 -2.798 -0.1
2023-10-07 1091 2790.06 0 0
2023-10-08 1091 2790.06 0 0
2023-10-09 1090 2788.86 -1.2 -0.043
2023-10-10 1096 2791.259 2.399 0.086
2023-10-11 1102 2787.461 -3.798 -0.136
2023-10-12 1103 2781.864 -5.597 -0.201
2023-10-13 1093 2781.864 0 0
2023-10-14 1089 2781.864 0 0
2023-10-15 1089 2781.864 0 0
2023-10-16 1087 2780.664 -1.2 -0.043
2023-10-17 1089 2781.864 1.2 0.043
2023-10-18 1083 2776.067 -5.797 -0.208
2023-10-19 1075 2775.267 -0.8 -0.029
2023-10-21 1070 2775.867 0.6 0.022
2023-10-26 1055 2783.563 7.696 0.277
2023-10-27 1060 2779.265 -3.998 -0.144
2023-10-28 1060 2779.265 0 0
2023-10-29 1061 2779.265 0 0
2023-10-30 1064 2783.263 3.998 0.144
2023-10-31 1065 2785.662 2.399 0.086
2023-11-01 1063 2786.661 0.999 0.036
2023-11-02 1066 2786.861 0.2 0.007
2023-11-03 1076 2793.958 7.097 0.255
2023-11-04 1082 2793.458 -0.5 -0.018
2023-11-05 1082 2793.458 0 0
2023-11-06 1087 2795.657 2.199 0.079
2023-11-07 1084 2795.657 0 0
2023-11-08 1091 2792.658 -2.999 -0.107
2023-11-09 1088 2788.261 -4.397 -0.157
2023-11-10 1083 2788.66 0.399 0.014
2023-11-11 1081 2788.66 0 0
2023-11-13 1083 2789.86 1.2 0.043
2023-11-15 1102 2804.253 14.393 0.516
2023-11-16 1106 2797.256 -6.997 -0.25
2023-11-17 1095 2810.25 12.994 0.465
2023-11-18 1096 2810.25 0 0
2023-11-20 1102 2819.045 8.795 0.313
2023-11-21 1107 2812.648 -6.397 -0.227
2023-11-22 1110 2817.146 4.498 0.16
2023-11-24 1102 2825.042 7.896 0.28
2023-11-25 1102 2825.042 0 0
2023-11-26 1102 2825.042 0 0
2023-11-27 1105 2819.845 -5.197 -0.184
2023-11-28 1105 2820.644 0.799 0.028
2023-11-29 1106 2822.843 2.199 0.078
2023-11-30 1101 2830.639 7.796 0.276
2023-12-01 1097 2830.639 0 0
2023-12-03 1098 2834.437 3.798 0.134
2023-12-04 1091 2842.034 7.597 0.268
2023-12-05 1093 2834.637 -7.397 -0.26
2023-12-06 1094 2836.836 2.199 0.078
2023-12-07 1091 2843.833 6.997 0.247
2023-12-08 1096 2837.236 -6.597 -0.232
2023-12-09 1095 2837.236 0 0
2023-12-10 1096 2837.236 0 0
2023-12-12 1092 2837.036 -0.2 -0.007
2023-12-13 1088 2856.227 19.191 0.676
2023-12-14 1094 2863.423 7.196 0.252
2023-12-15 1104 2864.822 1.399 0.049
2023-12-16 1101 2864.822 0 0
2023-12-17 1101 2864.822 0 0
2023-12-18 1100 2866.222 1.4 0.049
2023-12-19 1101 2865.622 -0.6 -0.021
2023-12-20 1102 2852.828 -12.794 -0.446
2023-12-21 1100 2867.021 14.193 0.498
2023-12-22 1103 2876.017 8.996 0.314
2023-12-23 1103 2876.017 0 0
2023-12-25 1104 2876.017 0 0
2023-12-28 1109 2880.814 4.797 0.167
2023-12-29 1113 2871.819 -8.995 -0.312
2023-12-30 1111 2871.819 0 0
2023-12-31 1112 2871.819 0 0
2024-01-01 1111 2871.819 0 0
2024-01-02 1109 2871.219 -0.6 -0.021
2024-01-03 1106 2867.221 -3.998 -0.139
2024-01-04 1098 2871.419 4.198 0.146
2024-01-05 1093 2878.615 7.196 0.251
2024-01-06 1095 2878.615 0 0
2024-01-07 1096 2878.615 0 0
2024-01-08 1087 2900.404 21.789 0.757
2024-01-09 1085 2907.401 6.997 0.241
2024-01-10 1089 2896.207 -11.194 -0.385
2024-01-11 1094 2892.209 -3.998 -0.138
2024-01-12 1097 2889.41 -2.799 -0.097
2024-01-13 1099 2889.41 0 0
2024-01-14 1100 2889.41 0 0
2024-01-15 1099 2889.41 0 0
2024-01-16 1102 2876.616 -12.794 -0.443
2024-01-17 1095 2870.02 -6.596 -0.229
2024-01-18 1087 2868.021 -1.999 -0.07
2024-01-19 1095 2864.822 -3.199 -0.112
2024-01-20 1096 2864.822 0 0
2024-01-21 1096 2864.822 0 0
2024-01-22 1091 2870.819 5.997 0.209
2024-01-23 1093 2864.822 -5.997 -0.209
2024-01-24 1097 2862.224 -2.598 -0.091
2024-01-25 1100 2862.024 -0.2 -0.007
2024-01-26 1097 2861.024 -1 -0.035
2024-01-27 1099 2861.024 0 0
2024-01-28 1100 2861.024 0 0
2024-01-29 1095 2875.217 14.193 0.496
2024-01-30 1092 2866.022 -9.195 -0.32
2024-01-31 1091 2863.823 -2.199 -0.077
2024-02-01 1090 2870.419 6.596 0.23
2024-02-02 1093 2867.221 -3.198 -0.111
2024-02-03 1093 2867.221 0 0
2024-02-04 1092 2867.221 0 0
2024-02-05 1088 2867.621 0.4 0.014
2024-02-06 1091 2872.418 4.797 0.167
2024-02-07 1095 2870.619 -1.799 -0.063
2024-02-08 1091 2882.813 12.194 0.425
2024-02-09 1087 2892.808 9.995 0.347
2024-02-10 1088 2892.808 0 0
2024-02-11 1088 2892.808 0 0
2024-02-12 1084 2908.201 15.393 0.532
2024-02-13 1084 2892.408 -15.793 -0.543
2024-02-14 1086 2900.205 7.797 0.27
2024-02-15 1090 2906.601 6.396 0.221
2024-02-16 1097 2892.209 -14.392 -0.495
2024-02-17 1097 2892.209 0 0
2024-02-18 1098 2892.209 0 0
2024-02-19 1100 2892.209 0 0
2024-02-20 1079 2949.78 57.571 1.991
2024-02-21 1030 3099.392 149.612 5.072
2024-02-22 1037 3103.641 4.249 0.137
2024-02-23 1044 3099.392 -4.249 -0.137
2024-02-24 1043 3099.392 0 0
2024-02-25 1043 3099.392 0 0
2024-02-26 1025 3120.134 20.742 0.669
2024-02-27 1022 3141.875 21.741 0.697
2024-02-28 1020 3140.876 -0.999 -0.032
2024-02-29 1036 3102.891 -37.985 -1.209
2024-03-01 1032 3124.882 21.991 0.709
2024-03-02 1035 3124.882 0 0
2024-03-03 1035 3124.882 0 0
2024-03-04 1032 3129.13 4.248 0.136
2024-03-05 1038 3117.385 -11.745 -0.375
2024-03-06 1015 3174.049 56.664 1.818
2024-03-07 1022 3157.85 -16.199 -0.51
2024-03-08 1037 3130.253 -27.597 -0.874
2024-03-09 1041 3130.253 0 0
2024-03-10 1038 3130.253 0 0
2024-03-11 1045 3112.255 -17.998 -0.575
2024-03-12 1056 3100.856 -11.399 -0.366
2024-03-13 1053 3101.156 0.3 0.01
2024-03-14 1063 3085.557 -15.599 -0.503
2024-03-15 1069 3076.558 -8.999 -0.292
2024-03-16 1068 3076.558 0 0
2024-03-17 1068 3076.558 0 0
2024-03-18 1069 3080.158 3.6 0.117
2024-03-19 1070 3076.258 -3.9 -0.127
2024-03-20 1061 3107.155 30.897 1.004
2024-03-21 1060 3120.054 12.899 0.415
2024-03-22 1057 3109.855 -10.199 -0.327
2024-03-23 1055 3109.855 0 0
2024-03-24 1055 3109.855 0 0
2024-03-25 1058 3095.156 -14.699 -0.473
2024-03-26 1073 3080.758 -14.398 -0.465
2024-03-27 1069 3082.258 1.5 0.049
2024-03-28 1060 3103.856 21.598 0.701
2024-03-29 1060 3103.856 0 0
2024-03-30 1092 3103.856 0 0
2024-03-31 1092 3103.856 0 0
2024-04-01 1072 3084.957 -18.899 -0.609
2024-04-02 1106 3072.359 -12.598 -0.408
2024-04-03 1103 3079.558 7.199 0.234
2024-04-04 1104 3067.259 -12.299 -0.399
2024-04-05 1106 3065.159 -2.1 -0.068
2024-04-06 1105 3065.159 0 0
2024-04-07 1105 3065.159 0 0
2024-04-08 1105 3051.361 -13.798 -0.45
2024-04-09 1108 3055.86 4.499 0.147
2024-04-10 1113 3036.662 -19.198 -0.628
2024-04-11 1102 3054.96 18.298 0.603
2024-04-12 1101 3030.063 -24.897 -0.815
2024-04-13 1097 3030.063 0 0
2024-04-14 1097 3030.063 0 0
2024-04-15 1100 3015.964 -14.099 -0.465
2024-04-16 1095 3016.864 0.9 0.03
2024-04-17 1098 3013.265 -3.599 -0.119
2024-04-18 1095 3010.865 -2.4 -0.08
2024-04-19 1102 2998.566 -12.299 -0.408
2024-04-20 1106 2998.566 0 0
2024-04-21 1106 2998.566 0 0
2024-04-22 1110 2998.866 0.3 0.01
2024-04-23 1104 3015.064 16.198 0.54
2024-04-24 1111 3010.565 -4.499 -0.149
2024-04-25 1112 3005.465 -5.1 -0.169
2024-04-26 1118 3008.465 3 0.1
2024-04-27 1117 3008.465 0 0
2024-04-28 1117 3008.465 0 0
2024-04-29 1113 3020.164 11.699 0.389
2024-04-30 1120 3012.665 -7.499 -0.248
2024-05-01 1105 3034.263 21.598 0.717
2024-05-02 1110 3045.661 11.398 0.376
2024-05-03 1098 3068.159 22.498 0.739
2024-05-04 1101 3068.159 0 0
2024-05-05 1101 3068.159 0 0
2024-05-06 1101 3075.658 7.499 0.244
2024-05-07 1100 3078.658 3 0.098
2024-05-08 1103 3060.96 -17.698 -0.575
2024-05-09 1106 3062.76 1.8 0.059
2024-05-10 1140 2988.217 -74.543 -2.434
2024-05-11 1139 2988.217 0 0
2024-05-12 1139 2988.217 0 0
2024-05-13 1144 2985.667 -2.55 -0.085
2024-05-14 1146 2980.868 -4.799 -0.161
2024-05-15 1148 2979.668 -1.2 -0.04
2024-05-16 1155 2972.169 -7.499 -0.252
2024-05-17 1163 2966.469 -5.7 -0.192
2024-05-18 1161 2966.469 0 0
2024-05-19 1161 2966.469 0 0
2024-05-20 1155 2969.769 3.3 0.111
2024-05-21 1156 2968.869 -0.9 -0.03
2024-05-22 1149 2969.169 0.3 0.01
2024-05-23 1146 2967.069 -2.1 -0.071
2024-05-24 1145 2959.57 -7.499 -0.253
2024-05-25 1145 2959.57 0 0
2024-05-26 1145 2959.57 0 0
2024-05-27 1150 2959.57 0 0
2024-05-28 1148 2950.271 -9.299 -0.314
2024-05-29 1157 2937.672 -12.599 -0.427
2024-05-30 1150 2929.273 -8.399 -0.286
2024-05-31 1150 2925.673 -3.6 -0.123
2024-06-01 1149 2925.673 0 0
2024-06-02 1149 2925.673 0 0
2024-06-03 1156 2910.375 -15.298 -0.523
2024-06-04 1157 2902.276 -8.099 -0.278
2024-06-05 1157 2908.875 6.599 0.227
2024-06-06 1161 2903.476 -5.399 -0.186
2024-06-07 1171 2892.677 -10.799 -0.372
2024-06-09 1171 2892.677 0 0
2024-06-10 1168 2900.926 8.249 0.285
2024-06-11 1164 2917.874 16.948 0.584
2024-06-12 1160 2915.174 -2.7 -0.093
2024-06-13 1163 2912.175 -2.999 -0.103
2024-06-14 1165 2904.076 -8.099 -0.278
2024-06-15 1164 2904.076 0 0
2024-06-16 1164 2904.076 0 0
2024-06-17 1166 2901.676 -2.4 -0.083
2024-06-18 1168 2899.276 -2.4 -0.083
2024-06-19 1166 2899.276 0 0
2024-06-20 1163 2898.376 -0.9 -0.031
2024-06-21 1161 2899.576 1.2 0.041
2024-06-22 1159 2899.576 0 0
2024-06-23 1158 2899.576 0 0
2024-06-24 1156 2904.076 4.5 0.155
2024-06-25 1152 2912.775 8.699 0.3
2024-06-26 1160 2902.576 -10.199 -0.35
2024-06-27 1156 2899.576 -3 -0.103
2024-06-28 1155 2899.876 0.3 0.01
2024-06-29 1155 2899.876 0 0
2024-06-30 1155 2899.876 0 0
2024-07-01 1157 2901.076 1.2 0.041
2024-07-02 1157 2891.177 -9.899 -0.341
2024-07-03 1162 2880.978 -10.199 -0.353
2024-07-04 1167 2880.978 0 0
2024-07-05 1167 2877.678 -3.3 -0.115
2024-07-06 1167 2877.678 0 0
2024-07-07 1167 2877.678 0 0
2024-07-08 1163 2878.278 0.6 0.021
2024-07-09 1168 2885.477 7.199 0.25
2024-07-10 1161 2892.677 7.2 0.25
2024-07-11 1159 2912.475 19.798 0.684
2024-07-12 1162 2921.174 8.699 0.299
2024-07-13 1163 2921.174 0 0
2024-07-14 1163 2921.174 0 0
2024-07-15 1160 2919.674 -1.5 -0.051
2024-07-16 1149 2941.572 21.898 0.75
2024-07-17 1154 2927.473 -14.099 -0.479
2024-07-18 1159 2908.575 -18.898 -0.646
2024-07-19 1162 2898.076 -10.499 -0.361
2024-07-20 1159 2898.076 0 0
2024-07-21 1159 2898.076 0 0
2024-07-22 1155 2909.175 11.099 0.383
2024-07-23 1153 2919.974 10.799 0.371
2024-07-24 1140 2933.173 13.199 0.452
2024-07-25 1133 2942.172 8.999 0.307
2024-07-26 1141 2936.772 -5.4 -0.184
2024-07-27 1143 2936.772 0 0
2024-07-28 1143 2936.772 0 0
2024-07-29 1144 2930.773 -5.999 -0.204
2024-07-30 1174 2834.773 -96 -3.276
2024-07-31 1185 2827.874 -6.899 -0.243
2024-08-01 1187 2810.776 -17.098 -0.605
2024-08-02 1180 2799.677 -11.099 -0.395
2024-08-03 1180 2799.677 0 0
2024-08-04 1180 2799.677 0 0
2024-08-05 1174 2788.578 -11.099 -0.396
2024-08-06 1174 2798.177 9.599 0.344
2024-08-07 1182 2785.878 -12.299 -0.44
2024-08-08 1178 2804.176 18.298 0.657
2024-08-09 1156 2863.57 59.394 2.118
2024-08-10 1160 2863.57 0 0
2024-08-11 1160 2863.57 0 0
2024-08-12 1159 2868.52 4.95 0.173
2024-08-13 1152 2888.168 19.648 0.685
2024-08-14 1170 2869.27 -18.898 -0.654
2024-08-15 1169 2886.068 16.798 0.585
2024-08-16 1172 2880.969 -5.099 -0.177
2024-08-17 1171 2880.969 0 0
2024-08-18 1171 2880.969 0 0
2024-08-19 1165 2901.666 20.697 0.718
2024-08-20 1165 2904.666 3 0.103
2024-08-21 1162 2920.865 16.199 0.558
2024-08-22 1162 2914.565 -6.3 -0.216
2024-08-23 1159 2922.064 7.499 0.257
2024-08-24 1165 2922.064 0 0
2024-08-25 1165 2922.064 0 0
2024-08-26 1155 2922.964 0.9 0.031
2024-08-27 1160 2907.966 -14.998 -0.513
2024-08-28 1160 2905.866 -2.1 -0.072
2024-08-29 1163 2907.366 1.5 0.052
2024-08-30 1163 2915.765 8.399 0.289
2024-08-31 1161 2915.765 0 0
2024-09-01 1162 2915.765 0 0
2024-09-02 1159 2915.765 0 0
2024-09-03 1168 2891.467 -24.298 -0.833
2024-09-04 1172 2880.369 -11.098 -0.384
2024-09-05 1171 2879.769 -0.6 -0.021
2024-09-06 1170 2866.27 -13.499 -0.469
2024-09-07 1169 2866.27 0 0
2024-09-08 1169 2866.27 0 0
2024-09-09 1175 2861.77 -4.5 -0.157
2024-09-10 1182 2841.372 -20.398 -0.713
2024-09-11 1182 2846.472 5.1 0.179
2024-09-12 1184 2849.772 3.3 0.116
2024-09-13 1179 2876.169 26.397 0.926
2024-09-14 1182 2876.169 0 0
2024-09-15 1182 2876.169 0 0
2024-09-16 1189 2860.271 -15.898 -0.553
2024-09-17 1186 2878.569 18.298 0.64
2024-09-18 1183 2871.069 -7.5 -0.261
2024-09-19 1186 2876.469 5.4 0.188
2024-09-20 1188 2870.47 -5.999 -0.209
2024-09-21 1188 2870.47 0 0
2024-09-22 1188 2870.47 0 0
2024-09-23 1194 2855.771 -14.699 -0.512
2024-09-24 1210 2846.172 -9.599 -0.336
2024-09-25 1218 2842.572 -3.6 -0.126
2024-09-26 1225 2843.472 0.9 0.032
2024-09-27 1230 2854.271 10.799 0.38
2024-09-28 1230 2854.271 0 0
2024-09-29 1230 2854.271 0 0
2024-09-30 1241 2847.672 -6.599 -0.231
2024-10-01 1234 2846.472 -1.2 -0.042
2024-10-02 1227 2858.771 12.299 0.432
2024-10-03 1221 2858.771 0 0
2024-10-04 1218 2879.769 20.998 0.735
2024-10-05 1218 2879.769 0 0
2024-10-06 1218 2879.769 0 0
2024-10-07 1222 2865.67 -14.099 -0.49
2024-10-08 1231 2857.571 -8.099 -0.283
2024-10-09 1222 2854.271 -3.3 -0.115
2024-10-10 1221 2850.072 -4.199 -0.147
2024-10-11 1218 2858.171 8.099 0.284
2024-10-12 1219 2858.171 0 0
2024-10-13 1219 2858.171 0 0
2024-10-14 1218 2859.071 0.9 0.031
2024-10-15 1214 2853.671 -5.4 -0.189
2024-10-16 1218 2847.072 -6.599 -0.231
2024-10-17 1206 2871.069 23.997 0.843
2024-10-18 1210 2873.169 2.1 0.073
2024-10-19 1213 2873.169 0 0
2024-10-20 1213 2873.169 0 0
2024-10-21 1210 2863.57 -9.599 -0.334
2024-10-22 1207 2864.77 1.2 0.042
2024-10-23 1212 2860.571 -4.199 -0.147
2024-10-24 1194 2882.768 22.197 0.776
2024-10-25 1202 2886.068 3.3 0.114
2024-10-26 1203 2886.068 0 0
2024-10-27 1202 2886.068 0 0
2024-10-28 1200 2896.867 10.799 0.374
2024-10-29 1198 2890.268 -6.599 -0.228
2024-10-30 1188 2897.167 6.899 0.239
2024-10-31 1197 2879.169 -17.998 -0.621
2024-11-01 1189 2901.666 22.497 0.781
2024-11-02 1189 2901.666 0 0
2024-11-03 1189 2901.666 0 0
2024-11-04 1191 2909.166 7.5 0.258
2024-11-05 1194 2915.765 6.599 0.227
2024-11-06 1191 2930.164 14.399 0.494
2024-11-07 1190 2934.363 4.199 0.143
2024-11-08 1210 2883.518 -50.845 -1.733
2024-11-09 1206 2883.518 0 0
2024-11-10 1206 2883.518 0 0
2024-11-11 1206 2885.468 1.95 0.068
2024-11-12 1205 2856.671 -28.797 -0.998
2024-11-13 1208 2835.973 -20.698 -0.725
2024-11-14 1208 2823.674 -12.299 -0.434
2024-11-15 1205 2811.375 -12.299 -0.436
2024-11-16 1204 2811.375 0 0
2024-11-17 1204 2811.375 0 0
2024-11-18 1200 2818.875 7.5 0.267
2024-11-19 1204 2811.675 -7.2 -0.255
2024-11-20 1210 2810.176 -1.499 -0.053
2024-11-21 1205 2813.175 2.999 0.107
2024-11-22 1205 2822.474 9.299 0.331
2024-11-23 1203 2822.474 0 0
2024-11-24 1203 2822.474 0 0
2024-11-25 1196 2844.072 21.598 0.765
2024-11-26 1205 2839.573 -4.499 -0.158
2024-11-27 1205 2847.972 8.399 0.296
2024-11-28 1204 2847.972 0 0
2024-11-29 1210 2845.572 -2.4 -0.084
2024-11-30 1211 2845.572 0 0
2024-12-01 1211 2845.572 0 0
2024-12-02 1214 2838.073 -7.499 -0.264
2024-12-03 1216 2827.874 -10.199 -0.359
2024-12-04 1219 2827.874 0 0
2024-12-05 1221 2820.075 -7.799 -0.276
2024-12-06 1220 2836.873 16.798 0.596
2024-12-07 1221 2836.873 0 0
2024-12-08 1221 2836.873 0 0
2024-12-09 1225 2834.173 -2.7 -0.095
2024-12-10 1224 2823.674 -10.499 -0.37
2024-12-11 1227 2823.374 -0.3 -0.011
2024-12-12 1234 2804.776 -18.598 -0.659
2024-12-13 1231 2800.877 -3.899 -0.139
2024-12-14 1230 2800.877 0 0
2024-12-15 1229 2800.877 0 0
2024-12-16 1232 2801.176 0.299 0.011
2024-12-17 1230 2800.277 -0.899 -0.032
2024-12-18 1237 2783.778 -16.499 -0.589
2024-12-19 1229 2782.578 -1.2 -0.043
2024-12-20 1226 2787.378 4.8 0.173
2024-12-21 1227 2787.378 0 0
2024-12-22 1227 2787.378 0 0
2024-12-23 1220 2789.778 2.4 0.086
2024-12-24 1219 2790.678 0.9 0.032
2024-12-25 1218 2790.678 0 0
2024-12-26 1220 2793.977 3.299 0.118
2024-12-27 1225 2787.078 -6.899 -0.247
2024-12-28 1224 2787.078 0 0
2024-12-29 1224 2787.078 0 0
2024-12-30 1229 2781.078 -6 -0.215
2024-12-31 1217 2787.978 6.9 0.248
2025-01-01 1220 2787.978 0 0
2025-01-02 1213 2799.677 11.699 0.42
2025-01-03 1212 2795.477 -4.2 -0.15
2025-01-04 1212 2795.477 0 0
2025-01-05 1212 2795.477 0 0
2025-01-06 1213 2790.378 -5.099 -0.182
2025-01-07 1219 2787.978 -2.4 -0.086
2025-01-08 1220 2781.078 -6.9 -0.247
2025-01-09 1221 2781.078 0 0
2025-01-10 1225 2757.981 -23.097 -0.831
2025-01-11 1224 2757.981 0 0
2025-01-12 1224 2757.981 0 0
2025-01-13 1224 2739.383 -18.598 -0.674
2025-01-14 1227 2742.682 3.299 0.12
2025-01-15 1230 2743.282 0.6 0.022
2025-01-16 1232 2738.783 -4.499 -0.164
2025-01-17 1236 2743.282 4.499 0.164
2025-01-18 1237 2743.282 0 0
2025-01-19 1236 2743.282 0 0
2025-01-20 1237 2743.282 0 0
2025-01-21 1236 2742.382 -0.9 -0.033
2025-01-22 1236 2745.682 3.3 0.12
2025-01-23 1239 2751.681 5.999 0.218
2025-01-24 1240 2753.481 1.8 0.065
2025-01-25 1244 2753.481 0 0
2025-01-26 1244 2753.481 0 0
2025-01-27 1246 2753.481 0 0
2025-01-28 1246 2751.681 -1.8 -0.065
2025-01-29 1242 2748.082 -3.599 -0.131
2025-01-30 1245 2752.281 4.199 0.153
2025-01-31 1248 2741.482 -10.799 -0.392
2025-02-01 1246 2741.482 0 0
2025-02-02 1246 2741.482 0 0
2025-02-03 1250 2735.183 -6.299 -0.23
2025-02-04 1250 2740.283 5.1 0.186
2025-02-05 1246 2748.982 8.699 0.317
2025-02-06 1257 2742.382 -6.6 -0.24
2025-02-07 1258 2736.683 -5.699 -0.208
2025-02-08 1256 2736.683 0 0
2025-02-09 1257 2736.683 0 0
2025-02-10 1266 2725.584 -11.099 -0.406
2025-02-11 1263 2724.684 -0.9 -0.033
2025-02-12 1269 2726.184 1.5 0.055
2025-02-13 1269 2726.184 0 0
2025-02-14 1271 2733.083 6.899 0.253
2025-02-15 1271 2733.083 0 0
2025-02-16 1272 2733.083 0 0
2025-02-17 1274 2733.083 0 0
2025-02-18 1276 2732.783 -0.3 -0.011
2025-02-19 1275 2735.483 2.7 0.099
2025-02-20 1273 2734.283 -1.2 -0.044
2025-02-21 1279 2739.383 5.1 0.187
2025-02-22 1280 2739.383 0 0
2025-02-23 1281 2739.383 0 0
2025-02-24 1285 2732.483 -6.9 -0.252
2025-02-25 1280 2726.184 -6.299 -0.231
2025-02-26 1285 2726.484 0.3 0.011
2025-02-27 1285 2723.784 -2.7 -0.099
2025-02-28 1294 2693.037 -30.747 -1.129
2025-03-01 1300 2693.037 0 0
2025-03-02 1301 2693.037 0 0
2025-03-03 1306 2687.188 -5.849 -0.217
2025-03-04 1304 2683.588 -3.6 -0.134
2025-03-05 1308 2687.488 3.9 0.145
2025-03-06 1334 2678.489 -8.999 -0.335
2025-03-07 1334 2678.489 0 0
2025-03-08 1334 2678.489 0 0
2025-03-09 1340 2678.489 0 0
2025-03-10 1338 2677.889 -0.6 -0.022
2025-03-11 1331 2682.988 5.099 0.19
2025-03-12 1334 2680.589 -2.399 -0.089
2025-03-13 1328 2671.589 -9 -0.336
2025-03-14 1336 2673.689 2.1 0.079
2025-03-15 1339 2673.689 0 0
2025-03-16 1340 2673.689 0 0
2025-03-17 1339 2678.189 4.5 0.168
2025-03-18 1343 2673.089 -5.1 -0.19
2025-03-19 1346 2672.789 -0.3 -0.011
2025-03-20 1340 2672.189 -0.6 -0.022
2025-03-21 1336 2672.189 0 0
2025-03-22 1333 2672.189 0 0
2025-03-23 1333 2672.189 0 0
2025-03-24 1335 2674.889 2.7 0.101
2025-03-25 1338 2670.39 -4.499 -0.168
2025-03-26 1333 2669.19 -1.2 -0.045
2025-03-27 1330 2674.889 5.699 0.214
2025-03-28 1324 2672.789 -2.1 -0.079
2025-03-29 1324 2672.789 0 0
2025-03-30 1324 2672.789 0 0
2025-03-31 1315 2665.89 -6.899 -0.258
2025-04-01 1318 2663.49 -2.4 -0.09
2025-04-02 1379 2672.189 8.699 0.327
2025-04-03 1368 2663.49 -8.699 -0.326
2025-04-04 1359 2655.991 -7.499 -0.282
2025-04-05 1352 2655.991 0 0
2025-04-06 1352 2655.991 0 0
2025-04-07 1334 2656.891 0.9 0.034
2025-04-08 1336 2651.491 -5.4 -0.203
2025-04-09 1345 2664.09 12.599 0.475
2025-04-10 1346 2657.791 -6.299 -0.236
2025-04-11 1349 2664.99 7.199 0.271
2025-04-12 1357 2664.99 0 0
2025-04-13 1357 2664.99 0 0
2025-04-14 1360 2668.29 3.3 0.124
2025-04-15 1367 2662.89 -5.4 -0.202
2025-04-16 1366 2658.091 -4.799 -0.18
2025-04-17 1369 2657.791 -0.3 -0.011
2025-04-18 1370 2657.791 0 0
2025-04-19 1370 2657.791 0 0
2025-04-20 1370 2657.791 0 0
2025-04-21 1375 2658.391 0.6 0.023
2025-04-22 1378 2662.29 3.899 0.147
2025-04-23 1384 2661.69 -0.6 -0.023
2025-04-24 1387 2666.79 5.1 0.192
2025-04-25 1387 2671.289 4.499 0.169
2025-04-26 1384 2671.289 0 0
2025-04-27 1384 2671.289 0 0
2025-04-28 1390 2674.289 3 0.112
2025-04-29 1396 2672.789 -1.5 -0.056
2025-04-30 1393 2673.689 0.9 0.034
2025-05-01 1397 2665.89 -7.799 -0.292
2025-05-02 1399 2670.99 5.1 0.191
2025-05-03 1405 2670.99 0 0
2025-05-04 1405 2670.99 0 0
2025-05-05 1405 2670.99 0 0
2025-05-06 1410 2658.991 -11.999 -0.449
2025-05-07 1407 2659.891 0.9 0.034
2025-05-08 1409 2661.09 1.199 0.045
2025-05-09 1421 2618.495 -42.595 -1.601
2025-05-10 1422 2618.495 0 0
2025-05-11 1422 2618.495 0 0
2025-05-12 1431 2623.894 5.399 0.206
2025-05-13 1435 2619.695 -4.199 -0.16
2025-05-14 1439 2617.145 -2.55 -0.097
2025-05-15 1434 2618.795 1.65 0.063
2025-05-16 1436 2615.795 -3 -0.115
2025-05-17 1436 2615.795 0 0
2025-05-18 1436 2615.795 0 0
2025-05-19 1436 2620.895 5.1 0.195
2025-05-20 1441 2623.294 2.399 0.092
2025-05-21 1441 2618.645 -4.649 -0.177
2025-05-22 1438 2618.495 -0.15 -0.006
2025-05-23 1432 2619.395 0.9 0.034
2025-05-24 1432 2619.395 0 0
2025-05-25 1434 2619.395 0 0
2025-05-26 1432 2619.395 0 0
2025-05-27 1435 2617.895 -1.5 -0.057
2025-05-28 1436 2618.495 0.6 0.023
2025-05-29 1435 2620.895 2.4 0.092
2025-05-30 1435 2618.495 -2.4 -0.092
2025-05-31 1435 2618.495 0 0
2025-06-01 1435 2618.495 0 0
2025-06-02 1435 2618.795 0.3 0.011
2025-06-03 1443 2620.595 1.8 0.069
2025-06-04 1444 2620.895 0.3 0.011
2025-06-05 1440 2619.995 -0.9 -0.034
2025-06-06 1442 2627.494 7.499 0.286
2025-06-07 1439 2627.494 0 0
2025-06-08 1439 2627.494 0 0
2025-06-09 1444 2632.293 4.799 0.183
2025-06-10 1441 2637.393 5.1 0.194
2025-06-11 1446 2633.193 -4.2 -0.159
2025-06-12 1443 2635.293 2.1 0.08
2025-06-13 1443 2633.193 -2.1 -0.08
2025-06-14 1439 2633.193 0 0
2025-06-15 1437 2633.193 0 0
2025-06-16 1444 2628.394 -4.799 -0.182
2025-06-17 1445 2626.594 -1.8 -0.068
2025-06-18 1443 2627.194 0.6 0.023
2025-06-19 1437 2627.194 0 0
2025-06-20 1437 2625.394 -1.8 -0.069
2025-06-21 1437 2625.394 0 0
2025-06-22 1437 2625.394 0 0
2025-06-23 1442 2621.494 -3.9 -0.149
2025-06-24 1441 2622.394 0.9 0.034
2025-06-25 1455 2619.395 -2.999 -0.114
2025-06-26 1456 2618.195 -1.2 -0.046
2025-06-27 1455 2616.695 -1.5 -0.057
2025-06-28 1454 2616.695 0 0
2025-06-29 1454 2616.695 0 0
2025-06-30 1461 2617.595 0.9 0.034
2025-07-01 1467 2618.195 0.6 0.023
2025-07-02 1474 2618.495 0.3 0.011
2025-07-03 1470 2618.495 0 0
2025-07-04 1468 2618.495 0 0
2025-07-05 1467 2618.495 0 0
2025-07-06 1467 2618.495 0 0
2025-07-07 1466 2616.995 -1.5 -0.057
2025-07-08 1467 2619.095 2.1 0.08
2025-07-09 1468 2625.694 6.599 0.252
2025-07-10 1471 2623.894 -1.8 -0.069
2025-07-11 1474 2622.094 -1.8 -0.069
2025-07-12 1471 2622.094 0 0
2025-07-13 1471 2622.094 0 0
2025-07-14 1467 2626.294 4.2 0.16
2025-07-15 1463 2624.194 -2.1 -0.08
2025-07-16 1459 2632.893 8.699 0.331
2025-07-17 1461 2636.193 3.3 0.125
2025-07-18 1459 2632.893 -3.3 -0.125
2025-07-19 1463 2632.893 0 0
2025-07-20 1463 2632.893 0 0
2025-07-21 1461 2640.693 7.8 0.296
2025-07-22 1456 2659.891 19.198 0.727
2025-07-23 1451 2685.088 25.197 0.947
2025-07-24 1463 2664.69 -20.398 -0.76
2025-07-25 1467 2659.891 -4.799 -0.18
2025-07-26 1460 2659.891 0 0
2025-07-27 1460 2659.891 0 0
2025-07-28 1459 2654.491 -5.4 -0.203
2025-07-29 1456 2653.591 -0.9 -0.034
2025-07-30 1459 2646.092 -7.499 -0.283
2025-07-31 1451 2643.092 -3 -0.113
2025-08-01 1450 2646.392 3.3 0.125
2025-08-02 1453 2646.392 0 0
2025-08-03 1453 2646.392 0 0
2025-08-04 1448 2650.892 4.5 0.17
2025-08-05 1455 2648.492 -2.4 -0.091
2025-08-06 1455 2643.392 -5.1 -0.193
2025-08-07 1459 2645.192 1.8 0.068
2025-08-08 1472 2629.294 -15.898 -0.601
2025-08-09 1470 2629.294 0 0
2025-08-10 1470 2629.294 0 0
2025-08-11 1477 2625.094 -4.2 -0.16
2025-08-12 1477 2632.893 7.799 0.297
2025-08-13 1478 2639.493 6.6 0.251
2025-08-14 1477 2639.493 0 0
2025-08-15 1480 2642.492 2.999 0.114
2025-08-16 1480 2642.492 0 0
2025-08-17 1480 2642.492 0 0
2025-08-18 1486 2640.993 -1.499 -0.057
2025-08-19 1479 2643.992 2.999 0.114
2025-08-20 1483 2641.892 -2.1 -0.079
2025-08-21 1485 2642.192 0.3 0.011
2025-08-22 1485 2646.692 4.5 0.17
2025-08-23 1487 2646.692 0 0
2025-08-24 1487 2646.692 0 0
2025-08-25 1487 2641.892 -4.8 -0.181
2025-08-26 1489 2639.493 -2.399 -0.091
2025-08-27 1482 2638.593 -0.9 -0.034
2025-08-28 1481 2632.893 -5.7 -0.216
2025-08-29 1491 2632.893 0 0
2025-08-30 1493 2632.893 0 0
2025-08-31 1493 2632.893 0 0
2025-09-01 1493 2632.893 0 0
2025-09-02 1490 2631.693 -1.2 -0.046
2025-09-03 1491 2632.293 0.6 0.023
2025-09-04 1494 2631.993 -0.3 -0.011
2025-09-05 1487 2640.693 8.7 0.331
2025-09-06 1492 2640.693 0 0
2025-09-07 1492 2640.693 0 0
2025-09-08 1494 2637.393 -3.3 -0.125
2025-09-09 1498 2637.093 -0.3 -0.011
2025-09-10 1499 2637.393 0.3 0.011
2025-09-11 1496 2638.593 1.2 0.045
2025-09-12 1501 2634.093 -4.5 -0.171
2025-09-13 1499 2634.093 0 0
2025-09-14 1499 2634.093 0 0
2025-09-15 1501 2634.093 0 0
2025-09-16 1507 2634.993 0.9 0.034
2025-09-17 1514 2632.593 -2.4 -0.091
2025-09-18 1518 2631.993 -0.6 -0.023
2025-09-19 1513 2627.494 -4.499 -0.171
2025-09-20 1511 2627.494 0 0
2025-09-21 1511 2627.494 0 0
2025-09-22 1510 2629.594 2.1 0.08
2025-09-23 1507 2628.094 -1.5 -0.057
2025-09-24 1506 2629.594 1.5 0.057
2025-09-25 1502 2626.594 -3 -0.114
2025-09-26 1498 2629.294 2.7 0.103
2025-09-27 1495 2629.294 0 0
2025-09-28 1496 2629.294 0 0
2025-09-29 1496 2632.893 3.599 0.137
2025-09-30 1502 2631.093 -1.8 -0.068
2025-10-01 1506 2632.293 1.2 0.046
2025-10-02 1511 2633.493 1.2 0.046
2025-10-03 1510 2636.193 2.7 0.103
2025-10-04 1510 2636.193 0 0
2025-10-05 1510 2636.193 0 0
2025-10-06 1511 2632.293 -3.9 -0.148
2025-10-07 1516 2631.393 -0.9 -0.034
2025-10-08 1511 2634.093 2.7 0.103
2025-10-09 1512 2631.693 -2.4 -0.091
2025-10-10 1507 2628.994 -2.699 -0.103
2025-10-11 1508 2628.994 0 0
2025-10-12 1508 2628.994 0 0
2025-10-13 1504 2630.194 1.2 0.046
2025-10-14 1494 2629.594 -0.6 -0.023
2025-10-15 1496 2633.193 3.599 0.137
2025-10-16 1500 2633.193 0 0
2025-10-17 1498 2631.393 -1.8 -0.068
2025-10-18 1498 2631.393 0 0
2025-10-19 1499 2631.393 0 0
2025-10-20 1498 2635.593 4.2 0.16
2025-10-21 1504 2634.093 -1.5 -0.057
2025-10-22 1507 2630.494 -3.599 -0.137
2025-10-23 1502 2631.693 1.199 0.046
2025-10-24 1506 2633.493 1.8 0.068
2025-10-25 1506 2633.493 0 0
2025-10-26 1506 2633.493 0 0
2025-10-27 1509 2635.293 1.8 0.068
2025-10-28 1512 2631.693 -3.6 -0.137
2025-10-29 1514 2625.994 -5.699 -0.217
2025-10-30 1511 2624.494 -1.5 -0.057
2025-10-31 1508 2625.094 0.6 0.023
2025-11-01 1507 2625.094 0 0
2025-11-02 1507 2625.094 0 0
2025-11-03 1507 2624.494 -0.6 -0.023
2025-11-04 1501 2620.595 -3.899 -0.149
2025-11-05 1502 2620.295 -0.3 -0.011
2025-11-06 1489 2635.293 14.998 0.572
2025-11-07 1492 2634.993 -0.3 -0.011
2025-11-08 1494 2634.993 0 0
2025-11-09 1494 2634.993 0 0
2025-11-10 1500 2637.093 2.1 0.08
2025-11-11 1499 2645.492 8.399 0.318
2025-11-12 1501 2642.192 -3.3 -0.125
2025-11-13 1504 2638.293 -3.899 -0.148
2025-11-14 1500 2640.093 1.8 0.068
2025-11-15 1497 2640.093 0 0
2025-11-16 1497 2640.093 0 0
2025-11-17 1495 2638.593 -1.5 -0.057
2025-11-18 1486 2639.193 0.6 0.023
2025-11-19 1484 2633.793 -5.4 -0.205
2025-11-20 1483 2631.393 -2.4 -0.091
2025-11-21 1483 2633.193 1.8 0.068
2025-11-22 1480 2633.193 0 0
2025-11-23 1480 2633.193 0 0
2025-11-24 1483 2640.993 7.8 0.296
2025-11-25 1491 2640.393 -0.6 -0.023
2025-11-26 1490 2639.193 -1.2 -0.045
2025-11-27 1497 2639.193 0 0
2025-11-28 1500 2640.093 0.9 0.034
2025-11-29 1499 2640.093 0 0
2025-11-30 1499 2640.093 0 0
2025-12-01 1503 2632.893 -7.2 -0.273
2025-12-02 1504 2630.044 -2.849 -0.108
2025-12-03 1502 2632.293 2.249 0.086
2025-12-04 1498 2631.993 -0.3 -0.011
2025-12-05 1506 2631.993 0 0
2025-12-06 1502 2631.993 0 0
2025-12-07 1502 2631.993 0 0
2025-12-08 1501 2635.293 3.3 0.125
2025-12-09 1504 2633.493 -1.8 -0.068
2025-12-10 1506 2633.793 0.3 0.011
2025-12-11 1508 2633.493 -0.3 -0.011
2025-12-12 1509 2631.993 -1.5 -0.057
2025-12-13 1509 2631.993 0 0
2025-12-14 1509 2631.993 0 0
2025-12-15 1511 2630.794 -1.199 -0.046
2025-12-16 1504 2633.493 2.699 0.103
2025-12-17 1505 2641.592 8.099 0.308
2025-12-18 1509 2639.793 -1.799 -0.068
2025-12-19 1514 2640.393 0.6 0.023
2025-12-20 1515 2640.393 0 0
2025-12-21 1515 2640.393 0 0
2025-12-22 1512 2649.392 8.999 0.341
2025-12-23 1511 2650.592 1.2 0.045
2025-12-24 1518 2652.091 1.499 0.057
2025-12-25 1518 2652.091 0 0
2025-12-26 1516 2651.491 -0.6 -0.023
2025-12-27 1517 2651.491 0 0
2025-12-28 1516 2651.491 0 0
2025-12-29 1514 2649.692 -1.799 -0.068
2025-12-30 1517 2649.092 -0.6 -0.023
2025-12-31 1516 2647.892 -1.2 -0.045
2026-01-01 1515 2647.892 0 0
2026-01-02 1520 2641.592 -6.3 -0.238
2026-01-03 1520 2641.592 0 0
2026-01-05 1526 2639.493 -2.099 -0.079
2026-01-06 1534 2642.492 2.999 0.114
2026-01-07 1530 2649.092 6.6 0.25
2026-01-08 1530 2644.292 -4.8 -0.181
2026-01-09 1540 2639.493 -4.799 -0.181
2026-01-10 1538 2639.493 0 0
2026-01-11 1538 2639.493 0 0
2026-01-12 1542 2637.993 -1.5 -0.057
2026-01-13 1546 2636.493 -1.5 -0.057
2026-01-14 1544 2637.393 0.9 0.034
2026-01-15 1550 2632.593 -4.8 -0.182
2026-01-16 1548 2636.793 4.2 0.16
2026-01-17 1550 2636.793 0 0
2026-01-18 1550 2636.793 0 0
2026-01-19 1552 2636.793 0 0
2026-01-20 1541 2639.193 2.4 0.091
2026-01-21 1539 2641.292 2.099 0.08
2026-01-22 1537 2646.692 5.4 0.204
2026-01-23 1536 2645.192 -1.5 -0.057
2026-01-24 1538 2645.192 0 0
2026-01-25 1538 2645.192 0 0
2026-01-26 1530 2652.691 7.499 0.283
2026-01-27 1542 2655.391 2.7 0.102
2026-01-28 1551 2648.492 -6.899 -0.26
2026-01-29 1553 2644.892 -3.6 -0.136
2026-01-30 1549 2642.492 -2.4 -0.091
2026-01-31 1548 2642.492 0 0
