2020-01-19 345 6065.742 0 0
2020-02-07 327 6157.527 91.785 1.491
2020-02-15 320 6205.557 48.03 0.774
2020-02-16 320 6205.557 0 0
2020-02-17 319 6208.528 2.971 0.048
2020-02-18 319 6208.528 0 0
2020-02-19 327 6167.904 -40.624 -0.659
2020-02-20 332 6147.156 -20.748 -0.338
2020-02-21 326 6204.749 57.593 0.928
2020-02-22 330 6143.537 -61.212 -0.996
2020-02-23 330 6143.537 0 0
2020-02-24 329 6143.537 0 0
2020-02-25 336 5963.019 -180.518 -3.027
2020-02-26 345 5749.162 -213.857 -3.72
2020-02-27 349 5629.428 -119.734 -2.127
2020-02-28 355 5481.255 -148.173 -2.703
2020-02-29 359 5449.674 -31.581 -0.58
2020-03-01 361 5449.674 0 0
2020-03-02 369 5449.674 0 0
2020-03-03 358 5579.319 129.645 2.324
2020-03-04 369 5540.444 -38.875 -0.702
2020-03-05 354 5684.331 143.887 2.531
2020-03-06 363 5501.121 -183.21 -3.33
2020-03-07 374 5321.415 -179.706 -3.377
2020-03-08 377 5321.415 0 0
2020-03-09 370 5321.415 0 0
2020-03-10 417 4814.14 -507.275 -10.537
2020-03-11 382 5049.449 235.309 4.66
2020-03-12 413 4696.773 -352.676 -7.509
2020-03-13 483 4078.823 -617.95 -15.15
2020-03-14 442 4386.642 307.819 7.017
2020-03-15 442 4386.642 0 0
2020-03-16 432 4386.642 0 0
2020-03-17 545 3588.181 -798.461 -22.253
2020-03-18 554 3499.732 -88.449 -2.527
2020-03-19 667 3061.69 -438.042 -14.307
2020-03-20 600 3316.417 254.727 7.681
2020-03-21 319 5220.288 1903.871 36.471
2020-03-22 319 5220.288 0 0
2020-03-23 312 5220.288 0 0
2020-03-24 340 4835.377 -384.911 -7.96
2020-03-25 316 5349.543 514.166 9.611
2020-03-26 288 5785.584 436.041 7.537
2020-03-27 264 6299.132 513.548 8.153
2020-03-28 276 6075.292 -223.84 -3.684
2020-03-29 276 6075.292 0 0
2020-03-30 276 6075.292 0 0
2020-03-31 276 6170.166 94.874 1.538
2020-04-01 291 5911.255 -258.911 -4.38
2020-04-02 319 5470.405 -440.85 -8.059
2020-04-03 321 5459.293 -11.112 -0.204
2020-04-04 333 5245.875 -213.418 -4.068
2020-04-05 333 5245.875 0 0
2020-04-06 333 5245.875 0 0
2020-04-07 309 5725.505 479.63 8.377
2020-04-08 294 5983.553 258.048 4.313
2020-04-10 262 6678.581 695.028 10.407
2020-04-11 262 6678.581 0 0
2020-04-12 262 6678.581 0 0
2020-04-13 261 6678.581 0 0
2020-04-14 277 6418.182 -260.399 -4.057
2020-04-15 272 6516.985 98.803 1.516
2020-04-17 286 6153.101 -363.884 -5.914
2020-04-18 282 6349.886 196.785 3.099
2020-04-19 282 6349.886 0 0
2020-04-20 281 6349.886 0 0
2020-04-21 292 6071.052 -278.834 -4.593
2020-04-23 306 5868.721 -202.331 -3.448
2020-04-24 301 5929.747 61.026 1.029
2020-04-25 299 5966.933 37.186 0.623
2020-04-26 299 5966.933 0 0
2020-04-27 304 5966.933 0 0
2020-04-28 286 6244.407 277.474 4.444
2020-04-29 284 6372.076 127.669 2.004
2020-04-30 265 6765.373 393.297 5.813
2020-05-01 279 6520.484 -244.889 -3.756
2020-05-02 297 6158.547 -361.937 -5.877
2020-05-03 297 6158.547 0 0
2020-05-04 296 6158.547 0 0
2020-05-05 298 6114.013 -44.534 -0.728
2020-05-06 300 6109.307 -4.706 -0.077
2020-05-07 307 5948.716 -160.591 -2.7
2020-05-08 292 6239.538 290.822 4.661
2020-05-09 289 6441.554 202.016 3.136
2020-05-10 289 6441.554 0 0
2020-05-11 289 6441.554 0 0
2020-05-12 294 6277.202 -164.352 -2.618
2020-05-13 317 5868.944 -408.258 -6.956
2020-05-14 339 5560.071 -308.873 -5.555
2020-05-15 332 5679.835 119.764 2.109
2020-05-16 332 5690.638 10.803 0.19
2020-05-17 332 5690.638 0 0
2020-05-18 334 5690.638 0 0
2020-05-19 297 6167.561 476.923 7.733
2020-05-20 305 6096.183 -71.378 -1.171
2020-05-21 296 6273.109 176.926 2.82
2020-05-22 290 6384.141 111.032 1.739
2020-05-23 291 6353.986 -30.155 -0.475
2020-05-24 291 6353.986 0 0
2020-05-25 291 6353.986 0 0
2020-05-26 293 6353.986 0 0
2020-05-27 276 6770.034 416.048 6.145
2020-05-28 267 7009.479 239.445 3.416
2020-05-29 276 6820.813 -188.666 -2.766
2020-05-30 280 6780.661 -40.152 -0.592
2020-05-31 280 6780.661 0 0
2020-06-01 282 6780.661 0 0
2020-06-02 276 6889.432 108.771 1.579
2020-06-03 272 7055.753 166.321 2.357
2020-06-04 244 7572.679 516.926 6.826
2020-06-05 236 7735.531 162.852 2.105
2020-06-06 223 8112.983 377.452 4.652
2020-06-07 223 8112.983 0 0
2020-06-08 222 8112.983 0 0
2020-06-09 215 8351.735 238.752 2.859
2020-06-10 226 8027.557 -324.178 -4.038
2020-06-11 237 7712.376 -315.181 -4.087
2020-06-12 265 7140.437 -571.939 -8.01
2020-06-13 245 7440.724 300.287 4.036
2020-06-14 245 7440.724 0 0
2020-06-15 248 7440.724 0 0
2020-06-16 246 7529.224 88.5 1.175
2020-06-17 245 7614.967 85.743 1.126
2020-06-18 249 7614.967 0 0
2020-06-19 253 7476.473 -138.494 -1.852
2020-06-20 256 7397.285 -79.188 -1.071
2020-06-21 256 7397.285 0 0
2020-06-22 259 7397.285 0 0
2020-06-23 262 7339.169 -58.116 -0.792
2020-06-24 262 7339.169 0 0
2020-06-25 274 7006.495 -332.674 -4.748
2020-06-26 271 7090.818 84.323 1.189
2020-06-27 276 6872.039 -218.779 -3.184
2020-06-28 276 6872.039 0 0
2020-06-29 277 6872.039 0 0
2020-06-30 274 7019.152 147.113 2.096
