2020-12-23 1721 1655.306 0 0
2020-12-24 1704 1683.903 28.597 1.698
2020-12-25 1766 1603.109 -80.794 -5.04
2020-12-26 1766 1603.109 0 0
2020-12-27 1766 1603.109 0 0
2020-12-28 1784 1580.84 -22.269 -1.409
2020-12-29 1756 1610.269 29.429 1.828
2020-12-31 1769 1605.015 -5.254 -0.327
2021-01-01 1771 1602.855 -2.16 -0.135
2021-01-02 1771 1602.855 0 0
2021-01-03 1771 1602.855 0 0
2021-01-04 1682 1728.896 126.041 7.29
2021-01-05 1651 1800.696 71.8 3.987
2021-01-06 1716 1702.734 -97.962 -5.753
2021-01-07 1774 1629.638 -73.096 -4.485
2021-01-08 1780 1634.084 4.446 0.272
2021-01-09 1783 1630.499 -3.585 -0.22
2021-01-10 1783 1630.499 0 0
2021-01-11 1839 1549.975 -80.524 -5.195
2021-01-12 1822 1571.133 21.158 1.347
2021-01-13 1742 1671.147 100.014 5.985
2021-01-14 1720 1699.616 28.469 1.675
2021-01-15 1660 1787.3 87.684 4.906
2021-01-16 1660 1785.534 -1.766 -0.099
2021-01-17 1660 1785.534 0 0
2021-01-18 1565 1926.497 140.963 7.317
2021-01-19 1567 1926.191 -0.306 -0.016
2021-01-20 1525 1990.747 64.556 3.243
2021-01-21 1524 1997.791 7.044 0.353
2021-01-22 1487 2029.801 32.01 1.577
2021-01-23 1489 2025.602 -4.199 -0.207
2021-01-24 1489 2025.602 0 0
2021-01-25 1480 2041.998 16.396 0.803
2021-01-26 1456 2067.927 25.929 1.254
2021-01-27 1399 2153.678 85.751 3.982
2021-01-28 1405 2130.738 -22.94 -1.077
2021-01-29 1612 1861.412 -269.326 -14.469
2021-01-30 1608 1865.964 4.552 0.244
2021-01-31 1611 1865.964 0 0
2021-02-01 1665 1791.255 -74.709 -4.171
2021-02-02 1664 1799.135 7.88 0.438
2021-02-03 1692 1746.597 -52.538 -3.008
2021-02-04 1726 1697.75 -48.847 -2.877
2021-02-05 1757 1657.547 -40.203 -2.425
2021-02-06 1761 1653.683 -3.864 -0.234
2021-02-07 1761 1653.683 0 0
2021-02-08 1743 1684.391 30.708 1.823
2021-02-09 1742 1693.217 8.826 0.521
2021-02-10 1768 1661.141 -32.076 -1.931
2021-02-11 1776 1663.902 2.761 0.166
2021-02-12 1778 1663.902 0 0
2021-02-13 1778 1663.902 0 0
2021-02-14 1778 1663.902 0 0
2021-02-15 1779 1663.902 0 0
2021-02-16 1780 1663.902 0 0
2021-02-17 1781 1663.902 0 0
2021-02-19 1754 1697.777 33.875 1.995
2021-02-20 1755 1701.248 3.471 0.204
2021-02-21 1756 1701.248 0 0
2021-02-22 1779 1671.545 -29.703 -1.777
2021-02-23 1741 1720.954 49.409 2.871
2021-02-24 1774 1674.704 -46.25 -2.762
2021-02-25 1764 1682.704 8 0.475
2021-02-26 1807 1619.772 -62.932 -3.885
2021-02-27 1804 1617.44 -2.332 -0.144
2021-02-28 1805 1617.44 0 0
2021-03-01 1785 1659.217 41.777 2.518
2021-03-02 1768 1666.246 7.029 0.422
2021-03-03 1753 1690.611 24.365 1.441
