2021-12-21 811 3886.31 0 0
2021-12-22 836 3799.385 -86.925 -2.288
2021-12-23 844 3791.696 -7.689 -0.203
2021-12-24 834 3816.807 25.111 0.658
2021-12-25 835 3817.345 0.538 0.014
2021-12-26 835 3817.345 0 0
2021-12-27 835 3817.345 0 0
2021-12-28 878 3699.814 -117.531 -3.177
2021-12-29 958 3486.453 -213.361 -6.12
2021-12-30 911 3621.918 135.465 3.74
2021-12-31 869 3741.427 119.509 3.194
2022-01-02 870 3743.395 1.968 0.053
2022-01-03 817 3936.008 192.613 4.894
2022-01-04 887 3684.774 -251.234 -6.818
2022-01-05 926 3555.881 -128.893 -3.625
2022-01-06 925 3534.985 -20.896 -0.591
2022-01-07 903 3590.766 55.781 1.553
2022-01-08 912 3591.687 0.921 0.026
2022-01-09 912 3591.687 0 0
2022-01-10 875 3692.154 100.467 2.721
2022-01-11 843 3793.739 101.585 2.678
2022-01-12 776 4065.76 272.021 6.691
2022-01-13 818 3879.178 -186.582 -4.81
2022-01-14 832 3831.268 -47.91 -1.25
2022-01-15 829 3832.99 1.722 0.045
2022-01-16 832 3832.99 0 0
2022-01-17 817 3895.895 62.905 1.615
2022-01-18 753 4126.545 230.65 5.589
2022-01-19 898 3603.34 -523.205 -14.52
2022-01-20 916 3532.156 -71.184 -2.015
2022-01-22 863 3685.597 153.441 4.163
2022-01-23 863 3685.597 0 0
2022-01-24 887 3584.967 -100.63 -2.807
2022-01-25 892 3535.196 -49.771 -1.408
2022-01-26 868 3614.596 79.4 2.197
2022-01-27 931 3371.343 -243.253 -7.215
2022-01-28 985 3159.856 -211.487 -6.693
2022-01-29 989 3158.234 -1.622 -0.051
2022-01-30 989 3158.234 0 0
2022-01-31 974 3221.064 62.83 1.951
