2020-12-23 1834 1522.749 0 0
2020-12-24 1868 1482 -40.749 -2.676
2020-12-25 1870 1486.417 4.417 0.298
2020-12-26 1870 1486.417 0 0
2020-12-27 1870 1486.417 0 0
2020-12-28 1865 1490.708 4.291 0.289
2020-12-29 1926 1423.986 -66.722 -4.476
2020-12-31 1942 1416.607 -7.379 -0.518
2021-01-01 1943 1414.701 -1.906 -0.135
2021-01-02 1943 1414.701 0 0
2021-01-03 1943 1414.701 0 0
2021-01-04 1901 1464.514 49.813 3.521
2021-01-05 1896 1480.77 16.256 1.11
2021-01-06 1871 1514.343 33.573 2.267
2021-01-07 1891 1492.995 -21.348 -1.41
2021-01-08 1914 1464.953 -28.042 -1.878
2021-01-09 1916 1461.738 -3.215 -0.219
2021-01-10 1917 1461.738 0 0
2021-01-11 1923 1456.109 -5.629 -0.385
2021-01-12 1892 1481.42 25.311 1.738
2021-01-13 1915 1463.451 -17.969 -1.213
2021-01-14 1922 1462.661 -0.79 -0.054
2021-01-15 1878 1500.16 37.499 2.564
2021-01-16 1883 1498.677 -1.483 -0.099
2021-01-17 1883 1498.677 0 0
2021-01-18 1853 1536.766 38.089 2.542
2021-01-19 1864 1524.106 -12.66 -0.824
2021-01-20 1865 1527.774 3.668 0.241
2021-01-21 1836 1569.998 42.224 2.764
2021-01-22 1778 1623.159 53.161 3.386
2021-01-23 1783 1619.801 -3.358 -0.207
2021-01-24 1783 1619.801 0 0
2021-01-25 1859 1534.361 -85.44 -5.275
2021-01-26 1928 1455.638 -78.723 -5.131
2021-01-27 1921 1459.821 4.183 0.287
2021-01-28 1938 1439.401 -20.42 -1.399
2021-01-29 1995 1363.062 -76.339 -5.304
2021-01-30 1993 1366.396 3.334 0.245
2021-01-31 1995 1366.396 0 0
