2019-11-07 2083 1059.745 0 0
2020-01-19 2071 1109.287 49.542 4.675
2020-02-07 2094 1064.084 -45.203 -4.075
2020-02-15 2126 1038.941 -25.143 -2.363
2020-02-16 2127 1038.941 0 0
2020-02-17 2126 1039.264 0.323 0.031
2020-02-18 2116 1044.596 5.332 0.513
2020-02-19 2107 1054.468 9.872 0.945
2020-02-20 2112 1047.959 -6.509 -0.617
2020-02-21 2138 1025.15 -22.809 -2.177
2020-02-22 2138 1025.466 0.316 0.031
2020-02-23 2138 1025.466 0 0
2020-02-24 2136 1017.189 -8.277 -0.807
2020-02-25  987.67 -29.519 -2.902
2020-06-03 2198 1015.361 27.691 2.804
2020-06-04 2188 1035.8 20.439 2.013
2020-06-05 2191 1040.424 4.624 0.446
2020-06-06 2192 1043.011 2.587 0.249
2020-06-07 2192 1043.011 0 0
2020-06-08 2178 1051.916 8.905 0.854
2020-06-09 2191 1046.873 -5.043 -0.479
2020-06-10 2167 1056.189 9.316 0.89
2020-06-11 2210 1009.014 -47.175 -4.467
2020-06-12 2176 1035.438 26.424 2.619
2020-06-13 2177 1033.276 -2.162 -0.209
2020-06-14 2177 1033.276 0 0
2020-06-15 2186 1023.677 -9.599 -0.929
2020-06-16 2189 1032.983 9.306 0.909
2020-06-17 2203 1015.344 -17.639 -1.708
2020-06-18 2197 1026.004 10.66 1.05
2020-06-19 2172 1041.329 15.325 1.494
2020-06-20 2171 1041.566 0.237 0.023
2020-06-21 2171 1041.566 0 0
2020-06-22 2150 1052.337 10.771 1.034
2020-06-23 2155 1056.517 4.18 0.397
2020-06-24 2155 1056.517 0 0
2020-06-25 2151 1055.224 -1.293 -0.122
2020-06-26 2159 1048.009 -7.215 -0.684
2020-06-27 2161 1045.885 -2.124 -0.203
2020-06-28 2161 1045.885 0 0
2020-06-29 2162 1044.016 -1.869 -0.179
2020-06-30 2144 1056.13 12.114 1.16
