2022-09-27 1004 2805.3 0 0
2022-09-28 999 2805.3 0 0
2022-09-29 999 2805.3 0 0
2022-09-30 992 2805.3 0 0
2022-10-01 997 2805.3 0 0
2022-10-02 994 2805.3 0 0
2022-10-03 1000 2805.3 0 0
2022-10-04 1006 2805.3 0 0
2022-10-05 1009 2805.3 0 0
2022-10-06 1007 2805.3 0 0
2022-10-07 1003 2805.3 0 0
2022-10-08 1001 2805.3 0 0
2022-10-09 1001 2805.3 0 0
2022-10-10 996 2805.3 0 0
2022-10-11 991 2805.3 0 0
2022-10-12 992 2805.3 0 0
2022-10-13 993 2805.3 0 0
2022-10-14 989 2805.3 0 0
2022-10-15 993 2805.3 0 0
2022-10-16 992 2805.3 0 0
2022-10-17 996 2805.3 0 0
2022-10-18 999 2805.3 0 0
2022-10-19 998 2805.3 0 0
2022-10-20 994 2805.3 0 0
2022-10-21 988 2805.3 0 0
2022-10-22 988 2805.3 0 0
2022-10-23 986 2805.3 0 0
2022-10-24 980 2805.3 0 0
2022-10-25 983 2805.3 0 0
2022-10-26 991 2805.3 0 0
2022-10-27 998 2805.3 0 0
2022-10-28 996 2805.3 0 0
2022-10-29 988 2805.3 0 0
2022-10-30 988 2805.3 0 0
2022-10-31 990 2805.3 0 0
