2023-04-11 2583 1035.14 0 0
2023-04-12 2585 1036.351 1.211 0.117
2023-04-13 2577 1045.967 9.616 0.928
2023-04-14 2578 1048.895 2.928 0.28
2023-04-15 2580 1048.895 0 0
2023-04-16 2580 1048.895 0 0
2023-04-17 2570 1054.112 5.217 0.497
2023-04-18 2567 1051.478 -2.634 -0.25
2023-04-19 2551 1064.941 13.463 1.28
2023-04-20 2557 1059.445 -5.496 -0.516
2023-04-21 2557 1054.794 -4.651 -0.439
2023-04-22 2553 1055.347 0.553 0.052
2023-04-23 2553 1055.347 0 0
2023-04-24 2539 1064.956 9.609 0.911
2023-04-25 2525 1070.579 5.623 0.528
2023-04-26 2508 1078.984 8.405 0.785
2023-04-27 2502 1084.98 5.996 0.556
2023-04-28 2500 1089.539 4.559 0.42
2023-04-29 2503 1089.606 0.067 0.006
2023-05-01 2502 1089.606 0 0
2023-05-02 2473 1104.133 14.527 1.333
2023-05-03 2453 1117.197 13.064 1.183
2023-05-04 2464 1110.967 -6.23 -0.558
2023-05-06 2443 1127.302 16.335 1.47
2023-05-07 2443 1127.302 0 0
2023-05-08 2474 1109.443 -17.859 -1.584
2023-05-09 2488 1096.407 -13.036 -1.175
2023-05-10 2496 1088.154 -8.253 -0.753
2023-05-11 2489 1097.059 8.905 0.818
2023-05-12 2402 1146.946 49.887 4.547
2023-05-13 2401 1145.886 -1.06 -0.092
2023-05-14 2402 1145.886 0 0
2023-05-15 2410 1142.591 -3.295 -0.288
2023-05-16 2388 1156.52 13.929 1.219
2023-05-17 2372 1161.713 5.193 0.449
2023-05-19 2377 1157.284 -4.429 -0.381
2023-05-20 2386 1156.306 -0.978 -0.085
2023-05-21 2386 1156.306 0 0
2023-05-22 2394 1152.949 -3.357 -0.29
2023-05-23 2419 1132.271 -20.678 -1.793
2023-05-24 2395 1141.416 9.145 0.808
2023-05-25 2378 1147.17 5.754 0.504
2023-05-26 2378 1144.957 -2.213 -0.193
2023-05-27 2377 1147.27 2.313 0.202
2023-05-28 2377 1147.27 0 0
2023-05-29 2378 1147.468 0.198 0.017
2023-05-30 2341 1171.783 24.315 2.119
2023-05-31 2348 1153.473 -18.31 -1.563
2023-06-01 2329 1169.401 15.928 1.381
2023-06-02 2312 1197.025 27.624 2.362
2023-06-03 2318 1198.474 1.449 0.121
2023-06-04 2319 1198.474 0 0
2023-06-05 2294 1211.695 13.221 1.103
2023-06-06 2304 1206.458 -5.237 -0.432
2023-06-07 2326 1188.813 -17.645 -1.463
2023-06-08 2342 1181.459 -7.354 -0.619
2023-06-09 2329 1192.668 11.209 0.949
2023-06-10 2332 1194.29 1.622 0.136
2023-06-11 2333 1194.29 0 0
2023-06-12 2336 1190.067 -4.223 -0.354
2023-06-13 2316 1206.521 16.454 1.383
2023-06-14 2314 1208.055 1.534 0.127
2023-06-16 2340 1207.714 -0.341 -0.028
2023-06-17 2335 1211.313 3.599 0.298
2023-06-18 2335 1211.313 0 0
2023-06-19 2357 1196.554 -14.759 -1.218
2023-06-20 2346 1199.891 3.337 0.279
2023-06-21 2397 1157.075 -42.816 -3.568
2023-06-22 2354 1179.841 22.766 1.968
2023-06-23 2371 1161.645 -18.196 -1.542
2023-06-24 2367 1160.464 -1.181 -0.102
2023-06-25 2367 1160.464 0 0
2023-06-26 2346 1174.376 13.912 1.199
2023-06-27 2355 1176.346 1.97 0.168
2023-06-28 2292 1223.328 46.982 3.994
2023-06-29 2286 1222.975 -0.353 -0.029
2023-06-30 2318 1201.673 -21.302 -1.742
2023-07-01 2317 1201.967 0.294 0.024
2023-07-02 2317 1201.967 0 0
2023-07-03 2342 1192.665 -9.302 -0.774
2023-07-04 2351 1188.713 -3.952 -0.331
2023-07-06 2312 1202.309 13.596 1.144
2023-07-07 2343 1181.395 -20.914 -1.739
2023-07-08 2348 1177.837 -3.558 -0.301
2023-07-09 2349 1177.837 0 0
2023-07-10 2332 1189.79 11.953 1.015
2023-07-11 2232 1269.195 79.405 6.674
2023-07-12 2231 1279.608 10.413 0.82
2023-07-13 2237 1285.762 6.154 0.481
2023-07-14 2206 1308.721 22.959 1.786
2023-07-15 2210 1307.254 -1.467 -0.112
2023-07-16 2209 1307.254 0 0
2023-07-17 2190 1319.273 12.019 0.919
2023-07-18 2102 1392.453 73.18 5.547
2023-07-19 2041 1453.054 60.601 4.352
2023-07-20 1866 1586.492 133.438 9.183
2023-07-21 1913 1545.71 -40.782 -2.571
2023-07-22 1912 1546.371 0.661 0.043
2023-07-23 1912 1546.371 0 0
2023-07-24 1870 1583.581 37.21 2.406
2023-07-25 1872 1583.955 0.374 0.024
2023-07-26 1885 1577.475 -6.48 -0.409
2023-07-27 1885 1583.215 5.74 0.364
2023-07-28 1873 1600.105 16.89 1.067
2023-07-29 1881 1593.958 -6.147 -0.384
2023-07-30 1881 1593.958 0 0
2023-07-31 1862 1616.795 22.837 1.433
2023-08-01 1920 1555.335 -61.46 -3.801
2023-08-02 1926 1541.917 -13.418 -0.863
2023-08-04 1915 1541.273 -0.644 -0.042
2023-08-05 1926 1539.36 -1.913 -0.124
2023-08-06 1926 1539.36 0 0
2023-08-07 1930 1534.318 -5.042 -0.328
2023-08-08 1896 1559.093 24.775 1.615
2023-08-09 1885 1561.476 2.383 0.153
2023-08-10 1938 1528.569 -32.907 -2.107
2023-08-11 1894 1557.961 29.392 1.923
2023-08-12 1891 1555.063 -2.898 -0.186
2023-08-13 1890 1555.063 0 0
2023-08-14 1876 1566.687 11.624 0.747
2023-08-15 1856 1579.811 13.124 0.838
2023-08-16 1806 1615.217 35.406 2.241
2023-08-17 1810 1604.59 -10.627 -0.658
2023-08-18 1823 1585.511 -19.079 -1.189
2023-08-19 1823 1586.318 0.807 0.051
2023-08-20 1824 1586.318 0 0
2023-08-21 1796 1611.509 25.191 1.588
2023-08-22 1763 1659.958 48.449 3.006
2023-08-23 1724 1707.299 47.341 2.852
2023-08-24 1746 1678.092 -29.207 -1.711
2023-08-26 1751 1669.255 -8.837 -0.527
2023-08-27 1751 1669.255 0 0
2023-08-28 1726 1700.325 31.07 1.861
2023-08-29 1756 1677.216 -23.109 -1.359
2023-08-30 1752 1682.721 5.505 0.328
2023-08-31 1732 1708.148 25.427 1.511
2023-09-01 1720 1731.608 23.46 1.373
2023-09-02 1717 1733.067 1.459 0.084
2023-09-03 1717 1733.067 0 0
2023-09-04 1715 1739.777 6.71 0.387
2023-09-05 1691 1764.905 25.128 1.444
2023-09-06 1689 1757.667 -7.238 -0.41
2023-09-07 1709 1719.465 -38.202 -2.173
2023-09-08 1706 1723.547 4.082 0.237
2023-09-09 1699 1729.093 5.546 0.322
2023-09-10 1700 1729.093 0 0
2023-09-12 1765 1646.982 -82.111 -4.749
2023-09-14 1713 1718.019 74.783 4.551
2023-09-15 1708 1716.921 -1.098 -0.064
2023-09-17 1707 1714.114 -2.807 -0.163
2023-09-18 1718 1702.83 -11.284 -0.658
2023-09-19 1714 1700.918 -1.912 -0.112
2023-09-20 1674 1751.201 50.283 2.956
2023-09-21 1679 1733.856 -17.345 -0.99
2023-09-22 1703 1703.123 -30.733 -1.773
2023-09-23 1700 1706.452 3.329 0.195
2023-09-24 1700 1706.452 0 0
2023-09-25 1685 1732.073 25.621 1.501
2023-09-26 1695 1705.359 -26.714 -1.542
2023-09-27 1660 1775.681 70.322 4.124
2023-09-28 1672 1751.479 -24.202 -1.363
2023-09-29 1661 1769.287 17.808 1.017
2023-10-01 1660 1772.608 3.321 0.188
2023-10-02 1657 1772.608 0 0
2023-10-03 1644 1784.254 11.646 0.657
2023-10-04 1658 1760.618 -23.636 -1.325
2023-10-05 1669 1735.82 -24.798 -1.408
2023-10-06 1670 1742.172 6.352 0.366
2023-10-07 1669 1742.497 0.325 0.019
2023-10-08 1669 1742.497 0 0
2023-10-09 1686 1715.962 -26.535 -1.523
2023-10-10 1680 1724.848 8.886 0.518
2023-10-11 1680 1731.497 6.649 0.385
2023-10-12 1679 1737.541 6.044 0.349
2023-10-13 1652 1763.073 25.532 1.469
2023-10-14 1648 1762.703 -0.37 -0.021
2023-10-15 1647 1762.703 0 0
2023-10-16 1625 1794.821 32.118 1.822
2023-10-17 1608 1809.542 14.721 0.82
2023-10-18 1636 1765.97 -43.572 -2.408
2023-10-19 1639 1753.37 -12.6 -0.713
2023-10-21 1647 1734.197 -19.173 -1.093
2023-10-26 1732 1617.063 -117.134 -6.754
2023-10-27 1716 1650.933 33.87 2.095
2023-10-28 1716 1650.637 -0.296 -0.018
2023-10-29 1716 1650.637 0 0
2023-10-30 1731 1637.679 -12.958 -0.785
2023-10-31 1736 1631.946 -5.733 -0.35
2023-11-01 1736 1624.429 -7.517 -0.461
2023-11-02 1710 1673.738 49.309 3.035
2023-11-03 1728 1669.379 -4.359 -0.26
2023-11-04 1735 1668.653 -0.726 -0.043
2023-11-05 1735 1668.653 0 0
2023-11-06 1709 1702.656 34.003 2.038
2023-11-07 1724 1695.836 -6.82 -0.401
2023-11-08 1718 1698.923 3.087 0.182
2023-11-09 1712 1700.22 1.297 0.076
2023-11-10 1707 1701.505 1.285 0.076
2023-11-11 1708 1700.128 -1.377 -0.081
2023-11-13 1708 1698.251 -1.877 -0.11
2023-11-15 1728 1698.176 -0.075 -0.004
2023-11-16 1695 1746.426 48.25 2.841
2023-11-17 1693 1752.402 5.976 0.342
2023-11-18 1697 1751.613 -0.789 -0.045
2023-11-20 1696 1758.702 7.089 0.405
2023-11-21 1696 1757.878 -0.824 -0.047
2023-11-22 1697 1756.378 -1.5 -0.085
2023-11-24 1701 1747.858 -8.52 -0.485
2023-11-25 1706 1746.657 -1.201 -0.069
2023-11-26 1706 1746.657 0 0
2023-11-27 1703 1746.657 0 0
2023-11-28 1729 1719.119 -27.538 -1.577
2023-11-29 1733 1708.788 -10.331 -0.601
2023-11-30 1707 1744.488 35.7 2.089
2023-12-01 1713 1730.766 -13.722 -0.787
2023-12-03 1711 1732.788 2.022 0.117
2023-12-04 1682 1767.914 35.126 2.027
2023-12-05 1677 1773.127 5.213 0.295
2023-12-06 1677 1758.508 -14.619 -0.824
2023-12-07 1666 1793.263 34.755 1.976
2023-12-08 1656 1800.768 7.505 0.419
2023-12-09 1656 1800.309 -0.459 -0.025
2023-12-10 1656 1800.309 0 0
2023-12-12 1620 1852.79 52.481 2.915
2023-12-13 1604 1876.652 23.862 1.288
2023-12-14 1615 1867.974 -8.678 -0.462
2023-12-15 1624 1876.279 8.305 0.445
2023-12-16 1619 1883.807 7.528 0.401
2023-12-17 1619 1883.807 0 0
2023-12-18 1613 1884.741 0.934 0.05
2023-12-19 1625 1863.074 -21.667 -1.15
2023-12-20 1650 1816.656 -46.418 -2.491
2023-12-21 1626 1862.034 45.378 2.498
2023-12-22 1687 1774.827 -87.207 -4.683
2023-12-23 1685 1777.568 2.741 0.154
2023-12-25 1682 1777.568 0 0
2023-12-28 1676 1804.742 27.174 1.529
2023-12-29 1665 1819.869 15.127 0.838
2023-12-30 1669 1818.994 -0.875 -0.048
2023-12-31 1669 1818.994 0 0
2024-01-01 1675 1810.331 -8.663 -0.476
2024-01-02 1698 1772.047 -38.284 -2.115
2024-01-03 1676 1787.647 15.6 0.88
2024-01-04 1670 1785.373 -2.274 -0.127
2024-01-05 1674 1775.495 -9.878 -0.553
2024-01-06 1676 1776.881 1.386 0.078
2024-01-07 1676 1776.881 0 0
2024-01-08 1691 1759.409 -17.472 -0.983
2024-01-09 1810 1607.793 -151.616 -8.617
2024-01-10 1798 1622.727 14.934 0.929
2024-01-11 2197 1293.533 -329.194 -20.286
2024-01-12 2150 1326.81 33.277 2.573
2024-01-13 2150 1328.563 1.753 0.132
2024-01-14 2154 1328.563 0 0
2024-01-15 2070 1397.951 69.388 5.223
2024-01-16 2008 1443.037 45.086 3.225
2024-01-17 1946 1472.552 29.515 2.045
2024-01-18 1947 1468.562 -3.99 -0.271
2024-01-19 1956 1463.356 -5.206 -0.354
2024-01-20 1983 1439.137 -24.219 -1.655
2024-01-21 1983 1439.137 0 0
2024-01-22 1981 1439.137 0 0
2024-01-23 2054 1384.092 -55.045 -3.825
2024-01-24 1976 1445.9 61.808 4.466
2024-01-25 1992 1440.377 -5.523 -0.382
2024-01-26 1990 1440.636 0.259 0.018
2024-01-27 1990 1440.636 0 0
2024-01-28 1990 1440.636 0 0
2024-01-29 1989 1441.051 0.415 0.029
2024-01-30 1991 1430.604 -10.447 -0.725
2024-01-31 1974 1440.652 10.048 0.702
2024-02-01 2003 1417.495 -23.157 -1.607
2024-02-02 1964 1456.304 38.809 2.738
2024-02-03 1959 1457.213 0.909 0.062
2024-02-04 1958 1457.213 0 0
2024-02-05 1949 1457.085 -0.128 -0.009
2024-02-06 1964 1458.35 1.265 0.087
2024-02-07 1976 1456.134 -2.216 -0.152
2024-02-08 1998 1436.164 -19.97 -1.371
2024-02-09 2005 1431.692 -4.472 -0.311
2024-02-10 2008 1430.403 -1.289 -0.09
2024-02-11 2008 1430.403 0 0
2024-02-12 1998 1442.298 11.895 0.832
2024-02-13 2003 1437.967 -4.331 -0.3
2024-02-14 1992 1446.859 8.892 0.618
2024-02-15 1924 1513.221 66.362 4.587
2024-02-16 1893 1545.546 32.325 2.136
2024-02-17 1894 1546.058 0.512 0.033
2024-02-18 1896 1546.058 0 0
2024-02-19 1867 1578.748 32.69 2.114
2024-02-20 1873 1566.547 -12.201 -0.773
2024-02-21 1879 1564.532 -2.015 -0.129
2024-02-22 1891 1562.905 -1.627 -0.104
2024-02-23 1865 1596.062 33.157 2.121
2024-02-24 1863 1596.062 0 0
2024-02-25 1862 1596.062 0 0
2024-02-26 1871 1585.615 -10.447 -0.655
2024-02-27 1878 1579.796 -5.819 -0.367
2024-02-28 1886 1562.07 -17.726 -1.122
2024-02-29 1882 1575.421 13.351 0.855
2024-03-01 1874 1591.422 16.001 1.016
2024-03-02 1874 1588.722 -2.7 -0.17
2024-03-03 1875 1588.722 0 0
2024-03-04 1879 1584.164 -4.558 -0.287
2024-03-05 1838 1628.632 44.468 2.807
2024-03-06 1849 1616.731 -11.901 -0.731
2024-03-07 1849 1620.262 3.531 0.218
2024-03-08 1857 1621.163 0.901 0.056
2024-03-09 1867 1621.163 0 0
2024-03-10 1876 1621.163 0 0
2024-03-11 1875 1634.727 13.564 0.837
2024-03-12 1898 1611.095 -23.632 -1.446
2024-03-13 1915 1585.971 -25.124 -1.559
2024-03-14 1887 1620.332 34.361 2.167
2024-03-15 1884 1621.403 1.071 0.066
2024-03-16 1882 1620.183 -1.22 -0.075
2024-03-17 1882 1620.183 0 0
2024-03-18 1909 1589.154 -31.029 -1.915
2024-03-19 1944 1552.042 -37.112 -2.335
2024-03-20 1934 1566.73 14.688 0.946
2024-03-21 1864 1647.595 80.865 5.161
2024-03-22 1884 1621.12 -26.475 -1.607
2024-03-23 1882 1615.886 -5.234 -0.323
2024-03-24 1882 1615.886 0 0
2024-03-25 1882 1615.886 0 0
2024-03-26 1856 1649.226 33.34 2.063
2024-03-27 1843 1658.464 9.238 0.56
2024-03-28 1842 1666.334 7.87 0.475
2024-03-29 1844 1665.86 -0.474 -0.028
2024-03-30 1940 1665.86 0 0
2024-03-31 1939 1665.86 0 0
2024-04-01 1828 1686.54 20.68 1.241
2024-04-02 1888 1710.447 23.907 1.418
2024-04-03 1874 1727.966 17.519 1.024
2024-04-04 1885 1714.438 -13.528 -0.783
2024-04-05 1860 1744.813 30.375 1.772
2024-04-06 1858 1748.077 3.264 0.187
2024-04-07 1858 1748.077 0 0
2024-04-08 1869 1735.28 -12.797 -0.732
2024-04-09 1876 1728.986 -6.294 -0.363
2024-04-10 1872 1725.947 -3.039 -0.176
2024-04-11 1865 1728.456 2.509 0.145
2024-04-12 1841 1744.566 16.11 0.932
2024-04-13 1839 1739.795 -4.771 -0.273
2024-04-14 1840 1739.795 0 0
2024-04-15 1828 1743.259 3.464 0.199
2024-04-16 1835 1727.878 -15.381 -0.882
2024-04-17 1831 1725.918 -1.96 -0.113
2024-04-18 1820 1746.166 20.248 1.173
2024-04-19 1829 1734.772 -11.394 -0.653
2024-04-20 1831 1736.329 1.557 0.09
2024-04-21 1831 1736.329 0 0
2024-04-22 1798 1780.166 43.837 2.525
2024-04-23 1784 1803.233 23.067 1.296
2024-04-24 1768 1831.572 28.339 1.572
2024-04-25 1751 1846.983 15.411 0.841
2024-04-26 1767 1832.163 -14.82 -0.802
2024-04-27 1768 1831.617 -0.546 -0.03
2024-04-28 1768 1831.617 0 0
2024-04-29 1760 1847.363 15.746 0.86
2024-04-30 1751 1855.013 7.65 0.414
2024-05-01 1747 1855.954 0.941 0.051
2024-05-02 1720 1896.122 40.168 2.164
2024-05-03 1717 1907.393 11.271 0.594
2024-05-04 1718 1908.194 0.801 0.042
2024-05-05 1718 1908.194 0 0
2024-05-06 1704 1928.199 20.005 1.048
2024-05-07 1733 1899.181 -29.018 -1.505
2024-05-08 1700 1935.654 36.473 1.92
2024-05-09 1742 1896.986 -38.668 -1.998
2024-05-10 1650 2008.914 111.928 5.9
2024-05-11 1648 2009.157 0.243 0.012
2024-05-12 1648 2009.157 0 0
2024-05-13 1592 2095.56 86.403 4.3
2024-05-14 1611 2062.193 -33.367 -1.592
2024-05-15 1585 2108.849 46.656 2.262
2024-05-16 1584 2110.608 1.759 0.083
2024-05-17 1587 2115.231 4.623 0.219
2024-05-18 1581 2121.922 6.691 0.316
2024-05-19 1581 2121.922 0 0
2024-05-20 1582 2121.922 0 0
2024-05-21 1534 2184.904 62.982 2.968
2024-05-22 1563 2144.423 -40.481 -1.853
2024-05-23 1542 2169.648 25.225 1.176
2024-05-24 1532 2183.051 13.403 0.618
2024-05-25 1531 2187.869 4.818 0.221
2024-05-26 1531 2187.869 0 0
2024-05-27 1495 2239.129 51.26 2.343
2024-05-28 1520 2195.016 -44.113 -1.97
2024-05-29 1513 2206.523 11.507 0.524
2024-05-30 1517 2190.434 -16.089 -0.729
2024-05-31 1507 2202.231 11.797 0.539
2024-06-01 1515 2198.183 -4.048 -0.184
2024-06-02 1515 2198.183 0 0
2024-06-03 1472 2256.886 58.703 2.671
2024-06-04 1563 2117.182 -139.704 -6.19
2024-06-05 1502 2209.225 92.043 4.347
2024-06-06 1484 2236.314 27.089 1.226
2024-06-07 1485 2229.838 -6.476 -0.29
2024-06-09 1484 2232.51 2.672 0.12
2024-06-10 1490 2216.801 -15.709 -0.704
2024-06-11 1452 2276.283 59.482 2.683
2024-06-12 1448 2276.931 0.648 0.028
2024-06-13 1448 2291.263 14.332 0.629
2024-06-14 1440 2301.92 10.657 0.465
2024-06-15 1438 2301.543 -0.377 -0.016
2024-06-16 1438 2301.543 0 0
2024-06-17 1438 2301.543 0 0
2024-06-18 1438 2311.681 10.138 0.44
2024-06-19 1449 2280.662 -31.019 -1.342
2024-06-20 1459 2265.405 -15.257 -0.669
2024-06-21 1438 2302.195 36.79 1.624
2024-06-22 1434 2305.358 3.163 0.137
2024-06-23 1434 2305.358 0 0
2024-06-24 1406 2359.063 53.705 2.33
2024-06-25 1410 2352.969 -6.094 -0.258
2024-06-26 1415 2337.704 -15.265 -0.649
2024-06-27 1443 2272.527 -65.177 -2.788
2024-06-28 1489 2195.176 -77.351 -3.404
2024-06-29 1490 2197.047 1.871 0.085
2024-06-30 1491 2197.047 0 0
2024-07-01 1490 2197.667 0.62 0.028
2024-07-02 1513 2161.44 -36.227 -1.648
2024-07-03 1495 2186.136 24.696 1.143
2024-07-04 1508 2170.164 -15.972 -0.731
2024-07-05 1519 2159.451 -10.713 -0.494
2024-07-06 1520 2160.421 0.97 0.045
2024-07-07 1520 2160.421 0 0
2024-07-08 1531 2133.967 -26.454 -1.224
2024-07-09 1549 2105.102 -28.865 -1.353
2024-07-10 1574 2074.66 -30.442 -1.446
2024-07-11 1530 2153.643 78.983 3.807
2024-07-12 1540 2141.098 -12.545 -0.583
2024-07-13 1546 2141.942 0.844 0.039
2024-07-14 1545 2141.942 0 0
2024-07-15 1527 2169.096 27.154 1.268
2024-07-16 1539 2156.185 -12.911 -0.595
2024-07-17 1532 2156.571 0.386 0.018
2024-07-18 1545 2132.876 -23.695 -1.099
2024-07-19 1585 2072.447 -60.429 -2.833
2024-07-20 1580 2072.353 -0.094 -0.005
2024-07-21 1580 2072.353 0 0
2024-07-22 1600 2048.393 -23.96 -1.156
2024-07-23 1619 2020.827 -27.566 -1.346
2024-07-24 1580 2060.337 39.51 1.955
2024-07-25 1562 2088.776 28.439 1.38
2024-07-26 1542 2132.06 43.284 2.072
2024-07-27 1545 2131.552 -0.508 -0.024
2024-07-28 1545 2131.552 0 0
2024-07-29 1543 2140.07 8.518 0.4
2024-07-30 1524 2169.009 28.939 1.352
2024-07-31 1487 2227.455 58.446 2.695
2024-08-01 1505 2199.444 -28.011 -1.258
2024-08-02 1495 2193.523 -5.921 -0.269
2024-08-03 1498 2192.937 -0.586 -0.027
2024-08-04 1497 2192.937 0 0
2024-08-05 1545 2098.117 -94.82 -4.324
2024-08-06 1558 2080.563 -17.554 -0.837
2024-08-07 1503 2173.285 92.722 4.457
2024-08-08 1520 2150.31 -22.975 -1.057
2024-08-09 1519 2154.615 4.305 0.2
2024-08-10 1523 2154.841 0.226 0.01
2024-08-11 1523 2154.841 0 0
2024-08-12 1535 2135.197 -19.644 -0.912
2024-08-13 1574 2080.302 -54.895 -2.571
2024-08-14 1577 2079.212 -1.09 -0.052
2024-08-15 1586 2079.766 0.554 0.027
2024-08-16 1537 2161.837 82.071 3.946
2024-08-17 1535 2161.806 -0.031 -0.001
2024-08-18 1535 2161.806 0 0
2024-08-19 1541 2151.778 -10.028 -0.464
2024-08-20 1520 2199.222 47.444 2.205
2024-08-21 1519 2201.699 2.477 0.113
2024-08-22 1511 2212.107 10.408 0.473
2024-08-23 1528 2185.02 -27.087 -1.224
2024-08-24 1531 2186.255 1.235 0.057
2024-08-25 1531 2186.255 0 0
2024-08-26 1523 2192.78 6.525 0.298
2024-08-27 1521 2194.364 1.584 0.072
2024-08-28 1518 2198.625 4.261 0.194
2024-08-29 1521 2186.196 -12.429 -0.565
2024-08-30 1514 2209.213 23.017 1.053
2024-08-31 1512 2209.213 0 0
2024-09-01 1516 2209.213 0 0
2024-09-02 1532 2178.722 -30.491 -1.38
2024-09-03 1527 2194.007 15.285 0.702
2024-09-04 1535 2175.802 -18.205 -0.83
2024-09-05 1549 2152.921 -22.881 -1.052
2024-09-06 1547 2144.932 -7.989 -0.371
2024-09-07 1550 2145.888 0.956 0.045
2024-09-08 1550 2145.888 0 0
2024-09-09 1546 2158.112 12.224 0.57
2024-09-10 1539 2165.279 7.167 0.332
2024-09-11 1519 2205.654 40.375 1.865
2024-09-12 1512 2215.771 10.117 0.459
2024-09-13 1539 2187.056 -28.715 -1.296
2024-09-14 1540 2189.07 2.014 0.092
2024-09-15 1540 2189.07 0 0
2024-09-16 1543 2179.242 -9.828 -0.449
2024-09-17 1553 2170.24 -9.002 -0.413
2024-09-18 1559 2164.501 -5.739 -0.264
2024-09-19 1598 2105.256 -59.245 -2.737
2024-09-20 1581 2132.71 27.454 1.304
2024-09-21 1580 2135.685 2.975 0.139
2024-09-22 1580 2135.685 0 0
2024-09-23 1569 2152.58 16.895 0.791
2024-09-24 1569 2168.141 15.561 0.723
2024-09-25 1572 2171.816 3.675 0.17
2024-09-26 1553 2195.304 23.488 1.081
2024-09-27 1503 2291.523 96.219 4.383
2024-09-28 1503 2290.121 -1.402 -0.061
2024-09-29 1503 2290.121 0 0
2024-09-30 1543 2258.378 -31.743 -1.386
2024-10-01 1466 2371.491 113.113 5.009
2024-10-02 1469 2370.996 -0.495 -0.021
2024-10-03 1456 2376.975 5.979 0.252
2024-10-04 1479 2322.589 -54.386 -2.288
2024-10-05 1479 2322.522 -0.067 -0.003
2024-10-06 1479 2322.522 0 0
2024-10-07 1498 2288.736 -33.786 -1.455
2024-10-08 1474 2348.328 59.592 2.604
2024-10-09 1436 2390.622 42.294 1.801
2024-10-10 1432 2407.935 17.313 0.724
2024-10-11 1424 2406.262 -1.673 -0.069
2024-10-12 1425 2403.581 -2.681 -0.111
2024-10-13 1425 2403.581 0 0
2024-10-14 1428 2413.879 10.298 0.428
2024-10-15 1418 2417.354 3.475 0.144
2024-10-16 1476 2321.066 -96.288 -3.983
2024-10-17 1485 2296.781 -24.285 -1.046
2024-10-18 1492 2299.577 2.796 0.122
2024-10-19 1493 2299.544 -0.033 -0.001
2024-10-20 1493 2299.544 0 0
2024-10-21 1551 2218.775 -80.769 -3.512
2024-10-22 1594 2148.679 -70.096 -3.159
2024-10-23 1584 2159.181 10.502 0.489
2024-10-24 1622 2104.941 -54.24 -2.512
2024-10-25 1626 2092.434 -12.507 -0.594
2024-10-26 1624 2092.343 -0.091 -0.004
2024-10-27 1624 2092.343 0 0
2024-10-28 1651 2062.589 -29.754 -1.422
2024-10-29 1641 2069.872 7.283 0.353
2024-10-30 1633 2071.209 1.337 0.065
2024-10-31 1614 2098.854 27.645 1.335
2024-11-01 1616 2105.665 6.811 0.325
2024-11-02 1616 2105.665 0 0
2024-11-03 1616 2105.665 0 0
2024-11-04 1609 2111.262 5.597 0.266
2024-11-05 1591 2145.468 34.206 1.62
2024-11-06 1543 2225.306 79.838 3.721
2024-11-07 1559 2198.691 -26.615 -1.196
2024-11-08 1583 2164.812 -33.879 -1.541
2024-11-09 1578 2164.781 -0.031 -0.001
2024-11-10 1578 2164.781 0 0
2024-11-11 1594 2160.9 -3.881 -0.179
2024-11-12 1624 2099.045 -61.855 -2.862
2024-11-13 1656 2042.745 -56.3 -2.682
2024-11-14 1657 2034.424 -8.321 -0.407
2024-11-15 1647 2034.003 -0.421 -0.021
2024-11-16 1646 2034.003 0 0
2024-11-17 1646 2034.003 0 0
2024-11-18 1600 2079.947 45.944 2.259
2024-11-19 1591 2101.653 21.706 1.044
2024-11-20 1594 2101.126 -0.527 -0.025
2024-11-21 1616 2067.062 -34.064 -1.621
2024-11-22 1571 2131.053 63.991 3.096
2024-11-23 1571 2131.967 0.914 0.043
2024-11-24 1571 2131.967 0 0
2024-11-25 1549 2178.54 46.573 2.185
2024-11-26 1524 2217.356 38.816 1.782
2024-11-27 1501 2269.483 52.127 2.351
2024-11-28 1477 2299.153 29.67 1.307
2024-11-29 1447 2345.731 46.578 2.026
2024-11-30 1449 2344.483 -1.248 -0.053
2024-12-01 1449 2344.483 0 0
