2024-03-30 1349 2515.281 0 0
2024-03-31 1349 2515.281 0 0
2024-04-02 1329 2563.123 47.842 1.902
2024-04-03 1342 2518.554 -44.569 -1.739
2024-04-04 1340 2518.458 -0.096 -0.004
2024-04-05 1316 2577.801 59.343 2.356
2024-04-06 1315 2577.899 0.098 0.004
2024-04-07 1315 2577.899 0 0
2024-04-08 1351 2502.892 -75.007 -2.91
2024-04-09 1327 2545.277 42.385 1.693
2024-04-10 1392 2438.917 -106.36 -4.179
2024-04-11 1423 2362.757 -76.16 -3.123
2024-04-12 1404 2377.959 15.202 0.643
2024-04-13 1399 2377.716 -0.243 -0.01
2024-04-14 1399 2377.716 0 0
2024-04-15 1396 2385.602 7.886 0.332
2024-04-16 1422 2324.974 -60.628 -2.541
2024-04-17 1391 2371.282 46.308 1.992
2024-04-18 1366 2426.861 55.579 2.344
2024-04-19 1418 2328.178 -98.683 -4.066
2024-04-20 1417 2327.613 -0.565 -0.024
2024-04-21 1417 2327.613 0 0
2024-04-22 1368 2426.241 98.628 4.237
2024-04-23 1423 2326.841 -99.4 -4.097
2024-04-24 1385 2393.855 67.014 2.88
2024-04-25 1461 2261.095 -132.76 -5.546
2024-04-26 1445 2301.467 40.372 1.786
2024-04-27 1444 2301.496 0.029 0.001
2024-04-28 1444 2301.496 0 0
2024-04-29 1441 2313.339 11.843 0.515
2024-04-30 1509 2183.512 -129.827 -5.612
2024-05-01 1509 2185.075 1.563 0.072
2024-05-02 1523 2144.904 -40.171 -1.838
2024-05-03 1541 2130.956 -13.948 -0.65
2024-05-04 1540 2132.456 1.5 0.07
2024-05-05 1540 2132.456 0 0
2024-05-06 1534 2152.238 19.782 0.928
2024-05-07 1563 2115.439 -36.799 -1.71
2024-05-08 1585 2090.297 -25.142 -1.189
2024-05-09 1535 2154.484 64.187 3.071
2024-05-10 1536 2170.908 16.424 0.762
2024-05-11 1536 2171.547 0.639 0.029
2024-05-12 1536 2171.547 0 0
2024-05-13 1522 2195.28 23.733 1.093
2024-05-14 1571 2120.126 -75.154 -3.423
2024-05-15 1572 2120.316 0.19 0.009
2024-05-16 1556 2160.316 40 1.887
2024-05-17 1484 2269.819 109.503 5.069
2024-05-18 1482 2270.11 0.291 0.013
2024-05-19 1482 2270.11 0 0
2024-05-20 1478 2278.033 7.923 0.349
2024-05-21 1416 2397.687 119.654 5.253
2024-05-22 1292 2641.131 243.444 10.153
2024-05-23 1170 2909.608 268.477 10.165
2024-05-24 1100 3067.09 157.482 5.412
2024-05-25 1102 3065.284 -1.806 -0.059
2024-05-26 1102 3065.284 0 0
2024-05-27 976 3377.746 312.462 10.194
2024-05-28 1022 3263.045 -114.701 -3.396
2024-05-29 967 3402.783 139.738 4.282
2024-05-30 940 3484.001 81.218 2.387
2024-05-31 1006 3301.16 -182.841 -5.248
