2024-07-19 2489 1175.752 0 0
2024-07-20 2487 1175.752 0 0
2024-07-21 2486 1175.752 0 0
2024-07-22 2488 1175.752 0 0
2024-07-23 2484 1175.752 0 0
2024-07-24 2478 1175.752 0 0
2024-07-25 2473 1175.752 0 0
2024-07-26 2483 1175.752 0 0
2024-07-27 2481 1175.752 0 0
2024-07-28 2481 1175.752 0 0
2024-07-29 2484 1175.752 0 0
2024-07-30 2480 1175.752 0 0
2024-07-31 2497 1175.752 0 0
2024-08-01 2484 1175.752 0 0
2024-08-02 2481 1175.752 0 0
2024-08-03 2480 1175.752 0 0
2024-08-04 2480 1175.752 0 0
2024-08-05 2457 1175.752 0 0
2024-08-06 2463 1175.752 0 0
2024-08-07 2471 1175.752 0 0
2024-08-08 2473 1175.752 0 0
2024-08-09 2470 1175.752 0 0
2024-08-10 2476 1175.752 0 0
2024-08-11 2476 1175.752 0 0
2024-08-12 2480 1175.752 0 0
2024-08-13 2485 1175.752 0 0
2024-08-14 2398 1240.13 64.378 5.475
2024-08-15 2404 1240.13 0 0
2024-08-16 2404 1240.13 0 0
2024-08-17 2402 1240.13 0 0
2024-08-18 2402 1240.13 0 0
2024-08-19 2405 1240.13 0 0
2024-08-20 2402 1240.13 0 0
2024-08-21 2408 1240.13 0 0
2024-08-22 2409 1240.13 0 0
2024-08-23 2412 1240.13 0 0
2024-08-24 2413 1240.13 0 0
2024-08-25 2413 1240.13 0 0
2024-08-26 2417 1240.13 0 0
2024-08-27 2421 1240.13 0 0
2024-08-28 2417 1240.13 0 0
2024-08-29 2422 1240.13 0 0
2024-08-30 2432 1240.13 0 0
2024-08-31 2431 1240.13 0 0
