2023-05-04 2610 990.32 0 0
2023-05-09 2604 1006.498 16.178 1.607
2023-05-10 2602 1009.041 2.543 0.252
2023-05-11 2562 1039.987 30.946 2.976
2023-05-12 2558 1036.831 -3.156 -0.304
2023-05-13 2557 1036.831 0 0
2023-05-14 2557 1036.831 0 0
2023-05-15 2557 1039.466 2.635 0.253
2023-05-16 2561 1035.575 -3.891 -0.376
2023-05-17 2554 1037.996 2.421 0.233
2023-05-18 2545 1042.163 4.167 0.4
2023-05-19 2545 1042.163 0 0
2023-05-20 2552 1038.854 -3.309 -0.319
2023-05-21 2552 1038.854 0 0
2023-05-22 2559 1033.767 -5.087 -0.492
2023-05-23 2554 1033.767 0 0
2023-05-24 2551 1031.531 -2.236 -0.217
2023-05-25 2535 1043.572 12.041 1.154
2023-05-26 2527 1046.881 3.309 0.316
2023-05-27 2528 1046.881 0 0
2023-05-28 2528 1046.881 0 0
2023-05-29 2528 1046.881 0 0
2023-05-30 2530 1041.489 -5.392 -0.518
2023-05-31 2534 1037.904 -3.585 -0.345
