2024-03-30 2560 1136 0 0
2024-03-31 2560 1136 0 0
2024-04-02 2562 1136 0 0
2024-04-03 2560 1136 0 0
2024-04-04 2560 1136 0 0
2024-04-05 2563 1136 0 0
2024-04-06 2560 1136 0 0
2024-04-07 2560 1136 0 0
2024-04-08 2555 1136 0 0
2024-04-09 2557 1136 0 0
2024-04-10 2554 1136 0 0
2024-04-11 2553 1136 0 0
2024-04-12 2550 1136 0 0
2024-04-13 2544 1136 0 0
2024-04-14 2544 1136 0 0
2024-04-15 2537 1136 0 0
2024-04-16 2525 1136 0 0
2024-04-17 2519 1136 0 0
2024-04-18 2523 1136 0 0
2024-04-19 2517 1136 0 0
2024-04-20 2518 1136 0 0
2024-04-21 2519 1136 0 0
2024-04-22 2525 1136 0 0
2024-04-23 2531 1136 0 0
2024-04-24 2538 1136 0 0
2024-04-25 2530 1136 0 0
2024-04-26 2543 1136 0 0
2024-04-27 2545 1136 0 0
2024-04-28 2545 1136 0 0
2024-04-29 2563 1136 0 0
2024-04-30 2550 1136 0 0
