2019-11-07 1455 1715.221 0 0
2020-01-19 1511 1725.884 10.663 0.622
2020-02-07 1463 1744.835 18.951 1.098
2020-02-15 1480 1731.408 -13.427 -0.77
2020-02-16 1480 1731.408 0 0
2020-02-17 1484 1728.216 -3.192 -0.184
2020-02-18 1484 1728.216 0 0
2020-02-19 1497 1720.819 -7.397 -0.428
2020-02-20 1492 1722.623 1.804 0.105
2020-02-21 1496 1719.547 -3.076 -0.179
2020-02-22 1494 1719.547 0 0
2020-02-23 1495 1719.547 0 0
2020-02-24 1480 1719.547 0 0
2020-02-25 1476 1712.128 -7.419 -0.431
2020-02-26 1475 1711.992 -0.136 -0.008
2020-02-27 1457 1713.072 1.08 0.063
2020-02-28 1447 1712.342 -0.73 -0.043
2020-02-29 1452 1697.99 -14.352 -0.838
