2025-04-02 1436 2556.859 0 0
2025-04-03 1422 2556.859 0 0
2025-04-04 1417 2556.859 0 0
2025-04-05 1410 2556.859 0 0
2025-04-06 1409 2556.859 0 0
2025-04-07 1383 2556.859 0 0
2025-04-08 1379 2556.859 0 0
2025-04-09 1391 2556.859 0 0
2025-04-10 1386 2556.859 0 0
2025-04-11 1390 2556.859 0 0
2025-04-12 1407 2556.859 0 0
2025-04-13 1407 2556.859 0 0
2025-04-14 1410 2556.859 0 0
2025-04-15 1424 2556.859 0 0
2025-04-16 1416 2556.859 0 0
2025-04-17 1421 2556.859 0 0
2025-04-18 1424 2556.859 0 0
2025-04-19 1425 2556.859 0 0
2025-04-20 1425 2556.859 0 0
2025-04-21 1428 2556.859 0 0
2025-04-22 1432 2556.859 0 0
2025-04-23 1442 2556.859 0 0
2025-04-24 1440 2556.859 0 0
2025-04-25 1447 2556.859 0 0
2025-04-26 1447 2556.859 0 0
2025-04-27 1447 2556.859 0 0
2025-04-28 1446 2556.859 0 0
2025-04-29 1446 2556.859 0 0
2025-04-30 1445 2556.859 0 0
2025-05-01 1447 2556.859 0 0
2025-05-02 1451 2556.859 0 0
2025-05-03 1456 2556.859 0 0
2025-05-04 1456 2556.859 0 0
2025-05-05 1456 2556.859 0 0
2025-05-06 1451 2556.859 0 0
2025-05-07 1453 2556.859 0 0
2025-05-08 1459 2556.859 0 0
2025-05-09 1453 2556.859 0 0
2025-05-10 1452 2556.859 0 0
2025-05-11 1452 2556.859 0 0
2025-05-12 1463 2556.859 0 0
2025-05-13 1468 2556.859 0 0
2025-05-14 1472 2556.859 0 0
2025-05-15 1466 2556.859 0 0
2025-05-16 1463 2556.859 0 0
2025-05-17 1463 2556.859 0 0
2025-05-18 1463 2556.859 0 0
2025-05-19 1464 2556.859 0 0
2025-05-20 1464 2556.859 0 0
2025-05-21 1468 2556.859 0 0
2025-05-22 1465 2556.859 0 0
2025-05-23 1461 2556.859 0 0
2025-05-24 1461 2556.859 0 0
2025-05-25 1464 2556.859 0 0
2025-05-26 1463 2556.859 0 0
2025-05-27 1467 2556.859 0 0
2025-05-28 1462 2556.859 0 0
2025-05-29 1465 2556.859 0 0
2025-05-30 1465 2556.859 0 0
2025-05-31 1464 2556.859 0 0
2025-06-01 1464 2556.859 0 0
2025-06-02 1462 2556.859 0 0
2025-06-03 1468 2556.859 0 0
2025-06-04 1468 2556.859 0 0
2025-06-05 1476 2556.859 0 0
2025-06-06 1475 2556.859 0 0
2025-06-07 1476 2556.859 0 0
2025-06-08 1476 2556.859 0 0
2025-06-09 1477 2556.859 0 0
2025-06-10 1483 2556.859 0 0
2025-06-11 1486 2556.859 0 0
2025-06-12 1481 2556.859 0 0
2025-06-13 1481 2556.859 0 0
2025-06-14 1479 2556.859 0 0
2025-06-15 1477 2556.859 0 0
2025-06-16 1476 2556.859 0 0
2025-06-17 1478 2556.859 0 0
2025-06-18 1476 2556.859 0 0
2025-06-19 1468 2556.859 0 0
2025-06-20 1471 2556.859 0 0
2025-06-21 1469 2556.859 0 0
2025-06-22 1469 2556.859 0 0
2025-06-23 1464 2556.859 0 0
2025-06-24 1474 2556.859 0 0
2025-06-25 1483 2556.859 0 0
2025-06-26 1483 2556.859 0 0
2025-06-27 1487 2556.859 0 0
2025-06-28 1487 2556.859 0 0
2025-06-29 1487 2556.859 0 0
2025-06-30 1499 2556.859 0 0
2025-07-01 1498 2556.859 0 0
2025-07-02 1497 2556.859 0 0
2025-07-03 1497 2556.859 0 0
2025-07-04 1496 2556.859 0 0
2025-07-05 1496 2556.859 0 0
2025-07-06 1496 2556.859 0 0
2025-07-07 1495 2556.859 0 0
2025-07-08 1497 2556.859 0 0
2025-07-09 1501 2556.859 0 0
2025-07-10 1501 2556.859 0 0
2025-07-11 1504 2556.859 0 0
2025-07-12 1504 2556.859 0 0
2025-07-13 1504 2556.859 0 0
2025-07-14 1499 2556.859 0 0
2025-07-15 1499 2556.859 0 0
2025-07-16 1497 2556.859 0 0
2025-07-17 1504 2556.859 0 0
2025-07-18 1503 2556.859 0 0
2025-07-19 1505 2556.859 0 0
2025-07-20 1505 2556.859 0 0
2025-07-21 1505 2556.859 0 0
2025-07-22 1504 2556.859 0 0
2025-07-23 1509 2556.859 0 0
2025-07-24 1508 2556.859 0 0
2025-07-25 1511 2556.859 0 0
2025-07-26 1508 2556.859 0 0
2025-07-27 1508 2556.859 0 0
2025-07-28 1511 2556.859 0 0
2025-07-29 1509 2556.859 0 0
2025-07-30 1503 2556.859 0 0
2025-07-31 1493 2556.859 0 0
2025-08-01 1492 2556.859 0 0
2025-08-02 1495 2556.859 0 0
2025-08-03 1495 2556.859 0 0
2025-08-04 1501 2556.859 0 0
2025-08-05 1504 2556.859 0 0
2025-08-06 1510 2556.859 0 0
2025-08-07 1512 2556.859 0 0
2025-08-08 1514 2556.859 0 0
2025-08-09 1514 2556.859 0 0
2025-08-10 1514 2556.859 0 0
2025-08-11 1519 2556.859 0 0
2025-08-12 1516 2556.859 0 0
2025-08-13 1524 2556.859 0 0
2025-08-14 1520 2556.859 0 0
2025-08-15 1525 2556.859 0 0
2025-08-16 1524 2556.859 0 0
2025-08-17 1524 2556.859 0 0
2025-08-18 1524 2556.859 0 0
2025-08-19 1522 2556.859 0 0
2025-08-20 1527 2556.859 0 0
2025-08-21 1523 2556.859 0 0
2025-08-22 1525 2556.859 0 0
2025-08-23 1526 2556.859 0 0
2025-08-24 1526 2556.859 0 0
2025-08-25 1527 2556.859 0 0
2025-08-26 1527 2556.859 0 0
2025-08-27 1527 2556.859 0 0
2025-08-28 1528 2556.859 0 0
2025-08-29 1529 2556.859 0 0
2025-08-30 1528 2556.859 0 0
2025-08-31 1528 2556.859 0 0
2025-09-01 1529 2556.859 0 0
2025-09-02 1521 2556.859 0 0
2025-09-03 1527 2556.859 0 0
2025-09-04 1522 2556.859 0 0
2025-09-05 1532 2556.859 0 0
2025-09-06 1533 2556.859 0 0
2025-09-07 1533 2556.859 0 0
2025-09-08 1534 2556.859 0 0
2025-09-09 1531 2556.859 0 0
2025-09-10 1532 2556.859 0 0
2025-09-11 1539 2556.859 0 0
2025-09-12 1536 2556.859 0 0
2025-09-13 1537 2556.859 0 0
2025-09-14 1536 2556.859 0 0
2025-09-15 1542 2556.859 0 0
2025-09-16 1549 2556.859 0 0
2025-09-17 1546 2556.859 0 0
2025-09-18 1552 2556.859 0 0
2025-09-19 1543 2556.859 0 0
2025-09-20 1543 2556.859 0 0
2025-09-21 1543 2556.859 0 0
2025-09-22 1545 2556.859 0 0
2025-09-23 1540 2556.859 0 0
2025-09-24 1539 2556.859 0 0
2025-09-25 1537 2556.859 0 0
2025-09-26 1534 2556.859 0 0
2025-09-27 1533 2556.859 0 0
2025-09-28 1533 2556.859 0 0
2025-09-29 1539 2556.859 0 0
2025-09-30 1540 2556.859 0 0
2025-10-01 1542 2556.859 0 0
2025-10-02 1552 2556.859 0 0
2025-10-03 1551 2556.859 0 0
2025-10-04 1551 2556.859 0 0
2025-10-05 1551 2556.859 0 0
2025-10-06 1553 2556.859 0 0
2025-10-07 1550 2556.859 0 0
2025-10-08 1548 2556.859 0 0
2025-10-09 1547 2556.859 0 0
2025-10-10 1540 2556.859 0 0
2025-10-11 1540 2556.859 0 0
2025-10-12 1540 2556.859 0 0
2025-10-13 1541 2556.859 0 0
2025-10-14 1533 2556.859 0 0
2025-10-15 1532 2556.859 0 0
2025-10-16 1533 2556.859 0 0
2025-10-17 1533 2556.859 0 0
2025-10-18 1532 2556.859 0 0
2025-10-19 1533 2556.859 0 0
2025-10-20 1543 2556.859 0 0
2025-10-21 1544 2556.859 0 0
2025-10-22 1545 2556.859 0 0
2025-10-23 1545 2556.859 0 0
2025-10-24 1550 2556.859 0 0
2025-10-25 1550 2556.859 0 0
2025-10-26 1550 2556.859 0 0
2025-10-27 1553 2556.859 0 0
2025-10-28 1548 2556.859 0 0
2025-10-29 1545 2556.859 0 0
2025-10-30 1545 2556.859 0 0
2025-10-31 1546 2556.859 0 0
2025-11-01 1545 2556.859 0 0
2025-11-02 1544 2556.859 0 0
2025-11-03 1541 2556.859 0 0
2025-11-04 1534 2556.859 0 0
2025-11-05 1535 2556.859 0 0
2025-11-06 1529 2556.859 0 0
2025-11-07 1536 2556.859 0 0
2025-11-08 1536 2556.859 0 0
2025-11-09 1536 2556.859 0 0
2025-11-10 1543 2556.859 0 0
2025-11-11 1543 2556.859 0 0
2025-11-12 1546 2556.859 0 0
2025-11-13 1543 2556.859 0 0
2025-11-14 1537 2556.859 0 0
2025-11-15 1536 2556.859 0 0
2025-11-16 1536 2556.859 0 0
2025-11-17 1540 2556.859 0 0
2025-11-18 1531 2556.859 0 0
2025-11-19 1531 2556.859 0 0
2025-11-20 1521 2556.859 0 0
2025-11-21 1523 2556.859 0 0
2025-11-22 1519 2556.859 0 0
2025-11-23 1519 2556.859 0 0
2025-11-24 1520 2556.859 0 0
2025-11-25 1527 2556.859 0 0
2025-11-26 1535 2556.859 0 0
2025-11-27 1535 2556.859 0 0
2025-11-28 1540 2556.859 0 0
2025-11-29 1539 2556.859 0 0
2025-11-30 1539 2556.859 0 0
2025-12-01 1538 2556.859 0 0
2025-12-02 1538 2556.859 0 0
2025-12-03 1540 2556.859 0 0
2025-12-04 1538 2556.859 0 0
2025-12-05 1547 2556.859 0 0
2025-12-06 1548 2556.859 0 0
2025-12-07 1548 2556.859 0 0
2025-12-08 1546 2556.859 0 0
2025-12-09 1546 2556.859 0 0
2025-12-10 1551 2556.859 0 0
2025-12-11 1552 2556.859 0 0
2025-12-12 1552 2556.859 0 0
2025-12-13 1550 2556.859 0 0
2025-12-14 1548 2556.859 0 0
2025-12-15 1550 2556.859 0 0
2025-12-16 1549 2556.859 0 0
2025-12-17 1550 2556.859 0 0
2025-12-18 1552 2556.859 0 0
2025-12-19 1556 2556.859 0 0
2025-12-20 1560 2556.859 0 0
2025-12-21 1560 2556.859 0 0
2025-12-22 1563 2556.859 0 0
2025-12-23 1561 2556.859 0 0
2025-12-24 1560 2556.859 0 0
2025-12-25 1566 2556.859 0 0
2025-12-26 1568 2556.859 0 0
2025-12-27 1568 2556.859 0 0
2025-12-28 1568 2556.859 0 0
2025-12-29 1562 2556.859 0 0
2025-12-30 1558 2556.859 0 0
2025-12-31 1561 2556.859 0 0
2026-01-01 1560 2556.859 0 0
2026-01-02 1565 2556.859 0 0
2026-01-03 1564 2556.859 0 0
2026-01-05 1568 2556.859 0 0
2026-01-06 1579 2556.859 0 0
2026-01-07 1583 2556.859 0 0
2026-01-08 1585 2556.859 0 0
2026-01-09 1586 2556.859 0 0
2026-01-10 1584 2556.859 0 0
2026-01-11 1585 2556.859 0 0
2026-01-12 1587 2556.859 0 0
2026-01-13 1591 2556.859 0 0
2026-01-14 1594 2556.859 0 0
2026-01-15 1592 2556.859 0 0
2026-01-16 1592 2556.859 0 0
2026-01-17 1593 2556.859 0 0
2026-01-18 1592 2556.859 0 0
2026-01-19 1589 2556.859 0 0
2026-01-20 1584 2556.859 0 0
2026-01-21 1585 2556.859 0 0
2026-01-22 1589 2556.859 0 0
2026-01-23 1592 2556.859 0 0
2026-01-24 1594 2556.859 0 0
2026-01-25 1594 2556.859 0 0
2026-01-26 1599 2556.859 0 0
2026-01-27 1601 2556.859 0 0
2026-01-28 1610 2556.859 0 0
2026-01-29 1597 2556.859 0 0
2026-01-30 1598 2556.859 0 0
2026-01-31 1595 2556.859 0 0
2026-02-01 1596 2556.859 0 0
2026-02-02 1584 2556.859 0 0
2026-02-03 1598 2556.859 0 0
2026-02-04 1607 2556.859 0 0
2026-02-05 1599 2556.859 0 0
2026-02-06 1597 2556.859 0 0
2026-02-07 1599 2556.859 0 0
2026-02-08 1599 2556.859 0 0
2026-02-09 1614 2556.859 0 0
2026-02-10 1622 2556.859 0 0
2026-02-11 1623 2556.859 0 0
2026-02-12 1625 2556.859 0 0
2026-02-13 1618 2556.859 0 0
2026-02-14 1615 2556.859 0 0
2026-02-15 1614 2556.859 0 0
2026-02-16 1614 2556.859 0 0
2026-02-17 1617 2556.859 0 0
2026-02-18 1615 2556.859 0 0
2026-02-19 1614 2556.859 0 0
2026-02-20 1617 2556.859 0 0
2026-02-21 1626 2556.859 0 0
2026-02-22 1623 2556.859 0 0
2026-02-23 1623 2556.859 0 0
2026-02-24 1626 2556.859 0 0
2026-02-25 1632 2556.859 0 0
2026-02-26 1641 2556.859 0 0
2026-02-27 1624 2556.859 0 0
2026-02-28 1633 2556.859 0 0
2026-03-01 1634 2556.859 0 0
2026-03-02 1625 2556.859 0 0
2026-03-03 1613 2556.859 0 0
2026-03-04 1603 2556.859 0 0
2026-03-05 1609 2556.859 0 0
2026-03-06 1607 2556.859 0 0
2026-03-07 1607 2556.859 0 0
2026-03-08 1607 2556.859 0 0
2026-03-09 1606 2556.859 0 0
2026-03-10 1632 2556.859 0 0
2026-03-11 1631 2556.859 0 0
2026-03-12 1625 2556.859 0 0
2026-03-13 1615 2556.859 0 0
2026-03-14 1610 2556.859 0 0
2026-03-15 1610 2556.859 0 0
2026-03-16 1613 2556.859 0 0
2026-03-17 1611 2556.859 0 0
2026-03-18 1609 2556.859 0 0
2026-03-19 1606 2556.859 0 0
2026-03-20 1595 2556.859 0 0
2026-03-21 1591 2556.859 0 0
2026-03-22 1591 2556.859 0 0
2026-03-23 1575 2556.859 0 0
2026-03-24 1586 2556.859 0 0
2026-03-25 1591 2556.859 0 0
2026-03-27 1587 2556.859 0 0
2026-03-28 1586 2556.859 0 0
2026-03-29 1586 2556.859 0 0
2026-03-30 1581 2556.859 0 0
2026-03-31 1581 2556.859 0 0
2026-04-01 1591 2556.859 0 0
2026-04-02 1590 2556.859 0 0
2026-04-03 1586 2556.859 0 0
2026-04-04 1586 2556.859 0 0
2026-04-05 1585 2556.859 0 0
2026-04-06 1585 2556.859 0 0
2026-04-07 1587 2556.859 0 0
2026-04-08 1608 2556.859 0 0
2026-04-09 1617 2556.859 0 0
2026-04-10 1619 2556.859 0 0
2026-04-11 1620 2556.859 0 0
2026-04-12 1619 2556.859 0 0
2026-04-13 1622 2556.859 0 0
2026-04-14 1631 2556.859 0 0
2026-04-15 1641 2556.859 0 0
2026-04-16 1640 2556.859 0 0
2026-04-17 1648 2556.859 0 0
2026-04-18 1647 2556.859 0 0
2026-04-19 1647 2556.859 0 0
2026-04-20 1649 2556.859 0 0
2026-04-21 1648 2556.859 0 0
2026-04-22 1647 2556.859 0 0
2026-04-23 1640 2556.859 0 0
2026-04-24 1634 2556.859 0 0
2026-04-25 1635 2556.859 0 0
2026-04-26 1634 2556.859 0 0
2026-04-27 1639 2556.859 0 0
2026-04-28 1630 2556.859 0 0
2026-04-29 1628 2556.859 0 0
2026-04-30 1625 2556.859 0 0
2026-05-01 1630 2556.859 0 0
2026-05-02 1632 2556.859 0 0
2026-05-04 1631 2556.859 0 0
2026-05-05 1632 2556.859 0 0
2026-05-06 1638 2556.859 0 0
2026-05-07 1643 2556.859 0 0
2026-05-08 1649 2556.859 0 0
2026-05-09 1661 2556.859 0 0
2026-05-10 1661 2556.859 0 0
2026-05-11 1662 2556.859 0 0
2026-05-12 1662 2556.859 0 0
2026-05-13 1658 2556.859 0 0
2026-05-14 1655 2556.859 0 0
2026-05-15 1653 2556.859 0 0
2026-05-16 1647 2556.859 0 0
2026-05-17 1639 2556.859 0 0
2026-05-18 1634 2556.859 0 0
2026-05-19 1636 2556.859 0 0
2026-05-20 1630 2556.859 0 0
2026-05-21 1637 2556.859 0 0
2026-05-22 1645 2556.859 0 0
2026-05-23 1640 2556.859 0 0
2026-05-24 1640 2556.859 0 0
2026-05-25 1642 2556.859 0 0
2026-05-26 1642 2556.859 0 0
2026-05-27 1648 2556.859 0 0
2026-05-28 1649 2556.859 0 0
2026-05-29 1653 2556.859 0 0
2026-05-30 1649 2556.859 0 0
2026-05-31 1656 2556.859 0 0
2026-06-01 1653 2556.859 0 0
2026-06-02 1652 2556.859 0 0
2026-06-03 1654 2556.859 0 0
2026-06-04 1647 2556.859 0 0
2026-06-05 1634 2556.859 0 0
2026-06-06 1621 2556.859 0 0
2026-06-07 1620 2556.859 0 0
2026-06-09 1618 2556.859 0 0
2026-06-10 1614 2556.859 0 0
2026-06-11 1606 2556.859 0 0
2026-06-12 1610 2556.859 0 0
2026-06-13 1612 2556.859 0 0
2026-06-14 1619 2556.859 0 0
2026-06-16 1641 2556.859 0 0
2026-06-17 1639 2556.859 0 0
2026-06-18 1642 2556.859 0 0
2026-06-19 1634 2556.859 0 0
2026-06-20 1629 2556.859 0 0
2026-06-21 1629 2556.859 0 0
2026-06-22 1635 2556.859 0 0
2026-06-23 1634 2556.859 0 0
2026-06-24 1619 2556.859 0 0
2026-06-25 1627 2556.859 0 0
2026-06-26 1615 2556.859 0 0
2026-06-27 1632 2556.859 0 0
2026-06-28 1629 2556.859 0 0
2026-06-29 1624 2556.859 0 0
2026-06-30 1625 2556.859 0 0
2026-07-01 1632 2556.859 0 0
2026-07-02 1637 2556.859 0 0
2026-07-03 1644 2556.859 0 0
2026-07-04 1649 2556.859 0 0
2026-07-05 1649 2556.859 0 0
2026-07-06 1646 2556.859 0 0
2026-07-07 1636 2556.859 0 0
2026-07-08 1634 2556.859 0 0
2026-07-09 1617 2556.859 0 0
2026-07-10 1628 2556.859 0 0
2026-07-11 1621 2556.859 0 0
2026-07-12 1623 2556.859 0 0
2026-07-13 1614 2556.859 0 0
2026-07-14 1611 2556.859 0 0
