2019-11-07 324 6084.959 0 0
2020-01-19 312 6538.91 453.951 7.46
2020-02-07 304 6529.382 -9.528 -0.146
2020-02-15 310 6498.632 -30.75 -0.471
2020-02-16 310 6498.632 0 0
2020-02-17 308 6484.677 -13.955 -0.215
2020-02-18 307 6496.723 12.046 0.186
2020-02-19 308 6534.479 37.756 0.581
2020-02-20 314 6454.553 -79.926 -1.223
2020-02-21 313 6436.936 -17.617 -0.273
2020-02-22 313 6465.575 28.639 0.445
2020-02-23 313 6465.575 0 0
2020-02-24 319 6308.147 -157.428 -2.435
2020-02-25 317 6204.003 -104.144 -1.651
2020-02-26 312 6262.521 58.518 0.943
2020-02-27 321 6082.593 -179.928 -2.873
2020-02-28 326 5957.364 -125.229 -2.059
2020-02-29 320 5956.056 -1.308 -0.022
2020-03-01 320 5956.056 0 0
2020-03-02 323 5947.318 -8.738 -0.147
2020-03-03 318 6092.656 145.338 2.444
2020-03-04 322 6146.1 53.444 0.877
2020-03-05 326 6127.66 -18.44 -0.3
2020-03-06 328 5982.672 -144.988 -2.366
2020-03-07 324 6047.635 64.963 1.086
2020-03-08 322 6047.635 0 0
2020-03-09 344 5711.677 -335.958 -5.555
2020-03-10 332 5725.046 13.369 0.234
2020-03-11 339 5553.105 -171.941 -3.003
2020-03-12 358 5047.311 -505.794 -9.108
2020-03-13 352 5084.936 37.625 0.745
2020-03-14 351 5079.307 -5.629 -0.111
2020-03-15 351 5079.307 0 0
2020-03-16 396 4585.659 -493.648 -9.719
2020-03-17 381 4670.413 84.754 1.848
2020-03-18 372 4732.48 62.067 1.329
2020-03-19 375 4603.156 -129.324 -2.733
2020-03-20 335 5034.953 431.797 9.38
2020-03-21 335 5029.033 -5.92 -0.118
2020-03-22 335 5029.033 0 0
2020-03-23 363 4717.072 -311.961 -6.203
2020-03-24 355 4748.032 30.96 0.656
2020-03-25 320 5306.912 558.88 11.771
2020-03-26 326 5290.535 -16.377 -0.309
2020-03-27 330 5359.805 69.27 1.309
2020-03-28 330 5346.442 -13.363 -0.249
2020-03-29 330 5346.442 0 0
2020-03-30 330 5346.442 0 0
2020-03-31 327 5377.239 30.797 0.576
2020-04-01 323 5477.792 100.553 1.87
2020-04-02 324 5357.029 -120.763 -2.205
2020-04-03 340 5130.409 -226.62 -4.23
2020-04-04 359 4912.213 -218.196 -4.253
2020-04-05 359 4912.213 0 0
2020-04-06 359 4912.213 0 0
2020-04-07 349 5117.55 205.337 4.18
2020-04-08 342 5358.544 240.994 4.709
2020-04-09 342 5409.708 51.164 0.955
2020-04-10 339 5446.988 37.28 0.689
2020-04-11 339 5446.988 0 0
2020-04-12 339 5446.988 0 0
2020-04-13 338 5446.988 0 0
2020-04-14 343 5430.335 -16.653 -0.306
2020-04-15 345 5406.635 -23.7 -0.436
2020-04-16 327 5596.106 189.471 3.504
2020-04-17 335 5568.442 -27.664 -0.494
2020-04-18 336 5588.451 20.009 0.359
2020-04-19 336 5588.451 0 0
2020-04-20 334 5595.762 7.311 0.131
2020-04-21 346 5397.146 -198.616 -3.549
2020-04-23 337 5563.345 166.199 3.079
2020-04-24 342 5507.998 -55.347 -0.995
2020-04-25 343 5499.661 -8.337 -0.151
2020-04-26 343 5499.661 0 0
2020-04-27 333 5675.733 176.072 3.202
2020-04-28 343 5558.408 -117.325 -2.067
2020-04-29 348 5490.8 -67.608 -1.216
2020-04-30 355 5390.73 -100.07 -1.823
