2026-03-10 3298 1051.26 0 0
2026-03-11 3299 1049.637 -1.623 -0.154
2026-03-12 3212 1103.56 53.923 5.137
2026-03-13 3195 1113.909 10.349 0.938
2026-03-14 3202 1106.153 -7.756 -0.696
2026-03-15 3201 1106.153 0 0
2026-03-16 3241 1080.035 -26.118 -2.361
2026-03-17 3184 1118.974 38.939 3.605
2026-03-18 3163 1133.734 14.76 1.319
2026-03-19 3156 1129.171 -4.563 -0.402
2026-03-20 3166 1117.999 -11.172 -0.989
2026-03-21 3154 1122.959 4.96 0.444
2026-03-22 3154 1122.959 0 0
2026-03-23 3149 1116.738 -6.221 -0.554
2026-03-24 3112 1137.945 21.207 1.899
2026-03-25 3099 1155.118 17.173 1.509
2026-03-27 3126 1135.008 -20.11 -1.741
2026-03-28 3131 1127.033 -7.975 -0.703
2026-03-29 3131 1127.033 0 0
2026-03-30 3102 1134.788 7.755 0.688
2026-03-31 3073 1152.402 17.614 1.552
2026-04-01 3051 1173.942 21.54 1.869
2026-04-02 3035 1191.174 17.232 1.468
2026-04-03 3039 1181.782 -9.392 -0.788
2026-04-04 3039 1181.782 0 0
2026-04-05 3039 1181.782 0 0
2026-04-06 3041 1181.782 0 0
2026-04-07 3116 1137.652 -44.13 -3.734
2026-04-08 3132 1143.585 5.933 0.522
2026-04-09 3128 1151.441 7.856 0.687
2026-04-10 3066 1190.113 38.672 3.359
2026-04-11 3067 1192.073 1.96 0.165
2026-04-12 3067 1192.073 0 0
2026-04-13 2966 1242.465 50.392 4.227
2026-04-14 2872 1312.893 70.428 5.668
2026-04-15 2900 1305.049 -7.844 -0.597
2026-04-16 2962 1266.717 -38.332 -2.937
2026-04-17 2969 1264.561 -2.156 -0.17
2026-04-18 2963 1272.678 8.117 0.642
2026-04-19 2963 1272.678 0 0
2026-04-20 2983 1258.555 -14.123 -1.11
2026-04-21 2981 1259.816 1.261 0.1
2026-04-22 3000 1245.52 -14.296 -1.135
2026-04-23 3024 1227.114 -18.406 -1.478
2026-04-24 3017 1228.166 1.052 0.086
2026-04-25 3021 1224.105 -4.061 -0.331
2026-04-26 3021 1224.105 0 0
2026-04-27 2997 1234.082 9.977 0.815
2026-04-28 3001 1231.209 -2.873 -0.233
2026-04-29 3020 1219.835 -11.374 -0.924
2026-04-30 2953 1261.37 41.535 3.405
2026-05-01 2953 1273.627 12.257 0.972
2026-05-02 2947 1278.695 5.068 0.398
2026-05-04 2875 1323.661 44.966 3.517
2026-05-05 2876 1323.947 0 0
2026-05-06 2852 1343.093 0 0
2026-05-07 2752 1423.645 0 0
2026-05-08 2740 1440.824 0 0
2026-05-09 2769 1422.436 0 0
2026-05-10 2770 1421.338 0 0
2026-05-11 2774 1421.338 0 0
2026-05-12 2801 1403.807 0 0
2026-05-13 2827 1375.777 0 0
2026-05-14 2834 1363.756 0 0
2026-05-15 2843 1358.979 0 0
2026-05-16 2855 1335.157 0 0
2026-05-17 2855 1329.723 0 0
2026-05-18 2853 1329.723 0 0
2026-05-19 2840 1342.476 0 0
2026-05-20 2834 1349.704 0 0
2026-05-21 2817 1367.852 0 0
2026-05-22 2814 1365.364 0 0
2026-05-23 2808 1371.137 0 0
2026-05-24 2807 1373.231 0 0
2026-05-25 2808 1373.231 0 0
2026-05-26 2806 1373.231 0 0
2026-05-27 2767 1396.407 0 0
2026-05-28 2755 1406.805 0 0
2026-05-29 2746 1412.941 0 0
2026-05-30 2856 1332.067 0 0
2026-05-31 2850 1338.204 0 0
2026-06-01 2846 1338.204 0 0
2026-06-02 2952 1277.026 0 0
2026-06-03 2986 1245.678 0 0
2026-06-04 3048 1202.033 0 0
2026-06-05 3006 1222.675 0 0
2026-06-06 3023 1207.699 0 0
2026-06-07 3032 1198.575 0 0
2026-06-09 3028 1195.321 0 0
2026-06-10 3036 1190.493 0 0
2026-06-11 3066 1169.567 0 0
2026-06-12 3112 1158.921 0 0
2026-06-13 3119 1153.543 0 0
2026-06-14 3116 1159.483 0 0
2026-06-16 3109 1170.028 0 0
2026-06-17 3128 1161.051 0 0
