2023-04-06 618 4584.148 0 0
2023-04-07 620 4577.979 -6.169 -0.135
2023-04-08 618 4577.979 0 0
2023-04-09 618 4577.979 0 0
2023-04-10 620 4577.979 0 0
2023-04-11 626 4543.63 -34.349 -0.75
2023-04-12 625 4537.482 -6.148 -0.135
2023-04-13 623 4583.964 46.482 1.024
2023-04-14 623 4598.731 14.767 0.322
2023-04-15 626 4574.918 -23.813 -0.518
2023-04-16 626 4574.918 0 0
2023-04-17 626 4577.711 2.793 0.061
2023-04-18 631 4554.488 -23.223 -0.507
2023-04-19 622 4578.875 24.387 0.535
2023-04-20 618 4585.983 7.108 0.155
2023-04-21 616 4593.134 7.151 0.156
2023-04-22 616 4573.574 -19.56 -0.426
2023-04-23 616 4573.574 0 0
2023-04-24 613 4573.731 0.157 0.003
2023-04-25 605 4595.813 22.082 0.483
2023-04-26 608 4576.109 -19.704 -0.429
2023-04-27 609 4595.299 19.19 0.419
2023-04-28 610 4588.997 -6.302 -0.137
2023-04-29 604 4625.161 36.164 0.788
2023-05-01 605 4625.161 0 0
2023-05-02 607 4592.571 -32.59 -0.705
2023-05-03 608 4572.976 -19.595 -0.427
2023-05-04 608 4598.013 25.037 0.547
2023-05-06 600 4628.227 30.214 0.657
2023-05-07 600 4628.227 0 0
2023-05-08 600 4627.948 -0.279 -0.006
2023-05-09 600 4633.276 5.328 0.115
2023-05-10 602 4629.438 -3.838 -0.083
2023-05-11 601 4637.448 8.01 0.173
2023-05-12 604 4604.287 -33.161 -0.715
2023-05-13 607 4585.212 -19.075 -0.414
2023-05-14 607 4585.212 0 0
2023-05-15 610 4587.166 1.954 0.043
2023-05-16 606 4603.476 16.31 0.356
2023-05-17 607 4600.354 -3.122 -0.068
2023-05-19 609 4573.516 -26.838 -0.583
2023-05-20 607 4585.043 11.527 0.252
2023-05-21 607 4585.043 0 0
2023-05-22 609 4585.197 0.154 0.003
2023-05-23 610 4573.594 -11.603 -0.253
2023-05-24 608 4567.465 -6.129 -0.134
2023-05-25 607 4547.109 -20.356 -0.446
2023-05-26 607 4539.191 -7.918 -0.174
2023-05-27 608 4538.576 -0.615 -0.014
2023-05-28 609 4538.576 0 0
2023-05-29 607 4536.361 -2.215 -0.049
2023-05-30 605 4540.303 3.942 0.087
2023-05-31 598 4566.098 25.795 0.568
