2025-04-02 2279 1504.541 0 0
2025-04-03 2234 1510.911 6.37 0.423
2025-04-04 2188 1547.365 36.454 2.413
2025-04-05 2200 1529.341 -18.024 -1.165
2025-04-06 2199 1529.341 0 0
2025-04-07 2157 1529.341 0 0
2025-04-08 2170 1520.153 -9.188 -0.601
2025-04-09 2178 1518.494 -1.659 -0.109
2025-04-10 2173 1536.262 17.768 1.17
2025-04-11 2177 1536.262 0 0
2025-04-12 2141 1577.891 41.629 2.71
2025-04-13 2141 1577.891 0 0
2025-04-14 2146 1577.891 0 0
2025-04-15 2155 1582.017 4.126 0.261
2025-04-16 2153 1576.461 -5.556 -0.351
2025-04-17 2146 1584.178 7.717 0.49
2025-04-18 2158 1579.682 -4.496 -0.284
2025-04-19 2158 1579.682 0 0
2025-04-20 2158 1579.682 0 0
2025-04-21 2156 1579.682 0 0
2025-04-22 2147 1600.207 20.525 1.299
2025-04-23 2158 1597.452 -2.755 -0.172
2025-04-24 2170 1579.503 -17.949 -1.124
2025-04-25 2175 1582.916 3.413 0.216
2025-04-26 2172 1582.196 -0.72 -0.045
2025-04-27 2172 1582.196 0 0
2025-04-28 2168 1582.196 0 0
2025-04-29 2171 1583.637 1.441 0.091
2025-04-30 2174 1584.178 0.541 0.034
2025-05-01 2182 1582.017 -2.161 -0.136
2025-05-02 2217 1570.059 -11.958 -0.756
2025-05-03 2195 1582.196 12.137 0.773
2025-05-04 2194 1582.196 0 0
2025-05-05 2199 1582.196 0 0
2025-05-06 2193 1582.196 0 0
2025-05-07 2205 1578.607 -3.589 -0.227
2025-05-08 2201 1582.017 3.41 0.216
2025-05-09 2222 1569.527 -12.49 -0.789
2025-05-10 2222 1568.289 -1.238 -0.079
2025-05-11 2222 1568.289 0 0
2025-05-12 2235 1568.289 0 0
2025-05-13 2268 1546.505 -21.784 -1.389
2025-05-14 2263 1553.41 6.905 0.446
2025-05-15 2259 1560.552 7.142 0.46
2025-05-16 2263 1556.886 -3.666 -0.235
2025-05-17 2266 1552.544 -4.342 -0.279
2025-05-18 2266 1552.544 0 0
2025-05-19 2267 1552.544 0 0
2025-05-20 2260 1566.172 13.628 0.878
2025-05-21 2249 1568.289 2.117 0.135
2025-05-22 2224 1578.249 9.96 0.635
2025-05-23 2241 1569.704 -8.545 -0.541
2025-05-24 2241 1569.704 0 0
2025-05-25 2228 1578.786 9.082 0.579
2025-05-26 2225 1578.786 0 0
2025-05-27 2231 1578.786 0 0
2025-05-28 2234 1578.428 -0.358 -0.023
2025-05-29 2254 1572.898 -5.53 -0.35
2025-05-30 2234 1579.682 6.784 0.431
2025-05-31 2233 1579.862 0.18 0.011
2025-06-01 2233 1579.862 0 0
