2023-04-06 1761 1738.575 0 0
2023-04-07 1760 1740.91 2.335 0.134
2023-04-08 1759 1740.91 0 0
2023-04-09 1758 1740.91 0 0
2023-04-10 1760 1740.91 0 0
2023-04-11 1760 1739.077 -1.833 -0.105
2023-04-12 1760 1739.077 0 0
2023-04-13 1768 1736.853 -2.224 -0.128
2023-04-14 1771 1741.733 4.88 0.281
2023-04-15 1772 1741.733 0 0
2023-04-16 1772 1741.733 0 0
2023-04-17 1768 1741.733 0 0
2023-04-18 1771 1739.345 -2.388 -0.137
2023-04-19 1762 1737.858 -1.487 -0.085
2023-04-20 1758 1733.896 -3.962 -0.228
2023-04-21 1753 1735.531 1.635 0.094
2023-04-22 1751 1736.445 0.914 0.053
2023-04-23 1751 1736.445 0 0
2023-04-24 1749 1736.445 0 0
2023-04-25 1736 1740.538 4.093 0.236
2023-04-26 1739 1740.3 -0.238 -0.014
2023-04-27 1739 1743.599 3.299 0.19
2023-04-28 1749 1742.105 -1.494 -0.086
2023-04-29 1750 1742.212 0.107 0.006
2023-05-01 1749 1742.212 0 0
2023-05-02 1740 1742.212 0 0
2023-05-03 1739 1740.963 -1.249 -0.072
2023-05-04 1740 1742.32 1.357 0.078
2023-05-06 1742 1742.932 0.612 0.035
2023-05-07 1742 1742.932 0 0
2023-05-08 1747 1742.932 0 0
2023-05-09 1744 1743.013 0.081 0.005
2023-05-10 1748 1737.78 -5.233 -0.3
2023-05-11 1749 1738.865 1.085 0.062
2023-05-12 1743 1736.8 -2.065 -0.119
2023-05-13 1744 1735.189 -1.611 -0.093
2023-05-14 1742 1735.189 0 0
2023-05-15 1742 1735.189 0 0
2023-05-16 1741 1732.263 -2.926 -0.169
2023-05-17 1736 1734.199 1.936 0.112
2023-05-19 1736 1726.183 -8.016 -0.462
2023-05-20 1741 1724.719 -1.464 -0.085
2023-05-21 1742 1724.719 0 0
2023-05-22 1743 1724.719 0 0
2023-05-23 1740 1721.363 -3.356 -0.195
2023-05-24 1733 1721.882 0.519 0.03
2023-05-25 1726 1724.59 2.708 0.157
2023-05-26 1723 1723.21 -1.38 -0.08
2023-05-27 1718 1726.704 3.494 0.203
2023-05-28 1718 1726.704 0 0
2023-05-29 1714 1726.704 0 0
2023-05-30 1717 1726.704 0 0
2023-05-31 1715 1723.704 -3 -0.174
2023-06-01 1712 1723.352 -0.352 -0.02
2023-06-02 1717 1730.031 6.679 0.388
2023-06-03 1724 1732.133 2.102 0.122
2023-06-04 1724 1732.133 0 0
2023-06-05 1725 1732.133 0 0
2023-06-06 1726 1724.434 -7.699 -0.444
2023-06-07 1720 1725.907 1.473 0.085
2023-06-08 1717 1727.124 1.217 0.071
2023-06-09 1723 1726.651 -0.473 -0.027
2023-06-10 1721 1729.007 2.356 0.136
2023-06-11 1722 1729.007 0 0
2023-06-12 1726 1729.007 0 0
2023-06-13 1726 1729.611 0.604 0.035
2023-06-14 1728 1729.611 0 0
2023-06-16 1746 1734.898 5.287 0.306
2023-06-17 1741 1740.085 5.187 0.299
2023-06-18 1740 1740.085 0 0
2023-06-19 1736 1740.085 0 0
2023-06-20 1737 1740.085 0 0
2023-06-21 1723 1736.284 -3.801 -0.218
2023-06-22 1725 1737.858 1.574 0.091
2023-06-23 1717 1739.742 1.884 0.108
2023-06-24 1716 1737.966 -1.776 -0.102
2023-06-25 1716 1737.966 0 0
2023-06-26 1709 1737.966 0 0
2023-06-27 1713 1737.914 -0.052 -0.003
2023-06-28 1718 1738.045 0.131 0.008
2023-06-29 1713 1737.541 -0.504 -0.029
2023-06-30 1715 1737.541 0 0
2023-07-01 1715 1737.966 0.425 0.024
2023-07-02 1715 1737.966 0 0
2023-07-03 1721 1737.966 0 0
2023-07-04 1718 1739.663 1.697 0.098
2023-07-06 1712 1733.951 -5.712 -0.328
2023-07-07 1706 1728.433 -5.518 -0.318
2023-07-08 1715 1723.21 -5.223 -0.302
2023-07-09 1715 1723.21 0 0
2023-07-10 1718 1723.21 0 0
2023-07-11 1724 1726.574 3.364 0.195
2023-07-12 1722 1731.003 4.429 0.257
2023-07-13 1737 1733.474 2.471 0.143
2023-07-14 1745 1737.223 3.749 0.216
2023-07-15 1748 1735.27 -1.953 -0.112
2023-07-16 1748 1735.27 0 0
2023-07-17 1749 1735.27 0 0
2023-07-18 1742 1737.41 2.14 0.123
2023-07-19 1747 1737.966 0.556 0.032
2023-07-20 1736 1736.722 -1.244 -0.072
2023-07-21 1735 1738.865 2.143 0.123
2023-07-22 1731 1739.61 0.745 0.043
2023-07-23 1731 1739.61 0 0
2023-07-24 1731 1739.61 0 0
2023-07-25 1734 1742.293 2.683 0.154
2023-07-26 1743 1741.467 -0.826 -0.047
2023-07-27 1741 1738.787 -2.68 -0.154
2023-07-28 1746 1740.02 1.233 0.071
2023-07-29 1752 1733.318 -6.702 -0.385
2023-07-30 1753 1733.318 0 0
2023-07-31 1756 1733.318 0 0
2023-08-01 1754 1733.474 0.156 0.009
2023-08-02 1742 1733.318 -0.156 -0.009
2023-08-04 1754 1723.364 -9.954 -0.574
2023-08-05 1761 1721.219 -2.145 -0.124
2023-08-06 1761 1721.219 0 0
2023-08-07 1760 1721.219 0 0
2023-08-08 1753 1723.052 1.833 0.106
2023-08-09 1751 1721.18 -1.872 -0.109
2023-08-10 1752 1721.402 0.222 0.013
2023-08-11 1743 1724.148 2.746 0.16
2023-08-12 1741 1720.933 -3.215 -0.186
2023-08-13 1741 1720.933 0 0
2023-08-14 1736 1720.933 0 0
2023-08-15 1729 1718.897 -2.036 -0.118
2023-08-16 1725 1718.897 0 0
2023-08-17 1721 1718.897 0 0
2023-08-18 1712 1714.765 -4.132 -0.24
2023-08-19 1711 1715.64 0.875 0.051
2023-08-20 1712 1715.64 0 0
2023-08-21 1713 1715.64 0 0
2023-08-22 1718 1715.588 -0.052 -0.003
2023-08-23 1711 1719.08 3.492 0.204
2023-08-24 1709 1723.964 4.884 0.284
2023-08-26 1703 1724.93 0.966 0.056
2023-08-27 1703 1724.93 0 0
2023-08-28 1710 1724.93 0 0
2023-08-29 1721 1725.452 0.522 0.03
2023-08-30 1726 1723.887 -1.565 -0.091
2023-08-31 1722 1723.887 0 0
2023-09-01 1730 1722.221 -1.666 -0.097
2023-09-02 1726 1723.677 1.456 0.085
2023-09-03 1726 1723.677 0 0
2023-09-04 1730 1723.677 0 0
2023-09-05 1724 1723.677 0 0
2023-09-06 1719 1717.009 -6.668 -0.387
2023-09-07 1716 1714.765 -2.244 -0.131
2023-09-08 1713 1713.372 -1.393 -0.081
2023-09-09 1707 1718.897 5.525 0.322
2023-09-10 1708 1718.897 0 0
2023-09-12 1707 1718.897 0 0
2023-09-14 1712 1718.071 0.882 0.051
2023-09-15 1707 1717.036 -1.035 -0.06
2023-09-17 1706 1714.222 -2.814 -0.164
2023-09-18 1702 1714.222 0 0
2023-09-19 1703 1712.293 -1.929 -0.113
2023-09-20 1701 1712.293 0 0
2023-09-21 1579 1885.47 173.177 10.114
2023-09-22 1580 1888.022 2.552 0.135
2023-09-23 1579 1891.722 3.7 0.196
2023-09-24 1578 1891.722 0 0
2023-09-25 1581 1890.666 -1.056 -0.056
2023-09-26 1578 1880.405 -10.261 -0.543
2023-09-27 1579 1883.708 3.303 0.176
2023-09-28 1576 1882.877 -0.831 -0.044
2023-09-29 1580 1884.998 2.121 0.113
