2021-04-09 2686 1032.268 0 0
2021-04-10 2682 1032.268 0 0
2021-04-11 2683 1032.268 0 0
2021-04-12 2673 1032.302 0.034 0.003
2021-04-13 2668 1032.302 0 0
2021-04-14 2670 1032.53 0.228 0.022
2021-04-15 2675 1032.724 0.194 0.019
2021-04-16 2674 1032.496 -0.228 -0.022
2021-04-17 2681 1032.496 0 0
2021-04-18 2681 1032.496 0 0
2021-04-19 2690 1031.322 -1.174 -0.114
2021-04-20 2690 1029.826 -1.496 -0.145
2021-04-21 2694 1031.262 1.436 0.139
2021-04-22 2691 1031.6 0.338 0.033
2021-04-23 2691 1033.544 1.944 0.188
2021-04-24 2691 1033.544 0 0
2021-04-25 2696 1033.544 0 0
2021-04-26 2700 1031.296 -2.248 -0.218
2021-04-27 2699 1032.243 0.947 0.092
2021-04-28 2695 1031.795 -0.448 -0.043
2021-04-29 2693 1031.609 -0.186 -0.018
2021-04-30 2687 1030.35 -1.259 -0.122
2021-05-01 2687 1030.35 0 0
