2021-04-09 2427 1218.346 0 0
2021-04-10 2424 1217.477 -0.869 -0.071
2021-04-11 2425 1217.477 0 0
2021-04-12 2408 1217.477 0 0
2021-04-13 2409 1217.477 0 0
2021-04-14 2411 1221.252 3.775 0.31
2021-04-15 2412 1225.491 4.239 0.347
2021-04-16 2417 1225.784 0.293 0.024
2021-04-17 2419 1226.665 0.881 0.072
2021-04-18 2419 1226.665 0 0
2021-04-19 2420 1226.665 0 0
2021-04-20 2412 1230.793 4.128 0.337
2021-04-21 2412 1233.759 2.966 0.241
2021-04-22 2420 1231.682 -2.077 -0.168
2021-04-23 2427 1231.089 -0.593 -0.048
2021-04-24 2427 1231.089 0 0
2021-04-25 2423 1233.908 2.819 0.229
2021-04-26 2429 1233.908 0 0
2021-04-27 2425 1237.337 3.429 0.278
2021-04-28 2426 1237.187 -0.15 -0.012
2021-04-29 2415 1237.935 0.748 0.06
2021-04-30 2421 1240.334 2.399 0.194
2021-05-01 2425 1232.719 -7.615 -0.614
