2021-04-09 2590 1109.618 0 0
2021-04-10 2590 1106.454 -3.164 -0.286
2021-04-11 2591 1106.454 0 0
2021-04-12 2577 1102.409 -4.045 -0.367
2021-04-13 2543 1123.787 21.378 1.902
2021-04-14 2568 1114.901 -8.886 -0.797
2021-04-15 2530 1137.709 22.808 2.005
2021-04-16 2530 1137.712 0.003 0
2021-04-17 2535 1136.843 -0.869 -0.076
2021-04-18 2535 1136.843 0 0
2021-04-19 2575 1118.222 -18.621 -1.665
2021-04-20 2553 1130.848 12.626 1.117
2021-04-21 2592 1108.209 -22.639 -2.043
2021-04-22 2562 1131.225 23.016 2.035
2021-04-23 2550 1144.053 12.828 1.121
2021-04-24 2550 1144.053 0 0
2021-04-25 2553 1143.174 -0.879 -0.077
2021-04-26 2548 1147.861 4.687 0.408
2021-04-27 2578 1134.387 -13.474 -1.188
2021-04-28 2587 1128.219 -6.168 -0.547
2021-04-29 2583 1123.715 -4.504 -0.401
2021-04-30 2542 1150.629 26.914 2.339
2021-05-01 2544 1146.925 -3.704 -0.323
2021-05-02 2543 1146.925 0 0
2021-05-03 2545 1146.925 0 0
2021-05-04 2533 1150.836 3.911 0.34
2021-05-05 2538 1148.003 -2.833 -0.247
2021-05-06 2575 1120.02 -27.983 -2.498
2021-05-07 2564 1124.326 4.306 0.383
2021-05-08 2563 1129.486 5.16 0.457
2021-05-09 2563 1129.486 0 0
2021-05-10 2548 1134.735 5.249 0.463
2021-05-11 2593 1101.556 -33.179 -3.012
2021-05-12 2586 1108.704 7.148 0.645
2021-05-13 2590 1091.21 -17.494 -1.603
2021-05-14 2583 1105.925 14.715 1.331
2021-05-15 2581 1107.405 1.48 0.134
2021-05-16 2581 1107.405 0 0
2021-05-17 2587 1110.877 3.472 0.313
2021-05-18 2567 1128.439 17.562 1.556
2021-05-19 2533 1154.053 25.614 2.219
2021-05-20 2530 1161.251 7.198 0.62
2021-05-21 2512 1164.99 3.739 0.321
2021-05-22 2522 1163.788 -1.202 -0.103
2021-05-24 2532 1161.464 -2.324 -0.2
2021-05-25 2513 1169.599 8.135 0.696
2021-05-26 2496 1192.109 22.51 1.888
2021-05-27 2494 1196.159 4.05 0.339
2021-05-28 2470 1207.214 11.055 0.916
2021-05-29 2473 1204.582 -2.632 -0.218
2021-05-30 2473 1204.582 0 0
2021-05-31 2513 1180.976 -23.606 -1.999
2021-06-01 2504 1190.188 9.212 0.774
2021-06-02 2465 1214.249 24.061 1.982
2021-06-03 2447 1228.671 14.422 1.174
2021-06-04 2454 1224.282 -4.389 -0.358
2021-06-05 2448 1231.504 7.222 0.586
2021-06-06 2448 1231.504 0 0
2021-06-07 2453 1228.613 -2.891 -0.235
2021-06-08 2456 1228.137 -0.476 -0.039
2021-06-09 2449 1231.228 3.091 0.251
2021-06-10 2445 1235.191 3.963 0.321
2021-06-11 2441 1240.335 5.144 0.415
2021-06-12 2441 1238.565 -1.77 -0.143
2021-06-13 2441 1238.565 0 0
2021-06-14 2441 1242.026 3.461 0.279
2021-06-16 2419 1252.871 10.845 0.866
2021-06-17 2426 1249.826 -3.045 -0.244
2021-06-18 2456 1216.27 -33.556 -2.759
2021-06-19 2456 1216.27 0 0
2021-06-20 2450 1216.108 -0.162 -0.013
2021-06-21 2495 1183.943 -32.165 -2.717
2021-06-22 2459 1215.445 31.502 2.592
2021-06-23 2476 1209.127 -6.318 -0.523
2021-06-24 2487 1202.664 -6.463 -0.537
2021-06-25 2464 1218.699 16.035 1.316
2021-06-26 2465 1219.506 0.807 0.066
2021-06-27 2465 1219.506 0 0
2021-06-28 2481 1205.216 -14.29 -1.186
2021-06-29 2484 1204.526 -0.69 -0.057
2021-06-30 2495 1193.199 -11.327 -0.949
2021-07-01 2487 1196.656 3.457 0.289
2021-07-02 2465 1204.509 7.853 0.652
2021-07-03 2461 1206.891 2.382 0.197
2021-07-04 2461 1206.891 0 0
2021-07-05 2497 1181.862 -25.029 -2.118
2021-07-06 2497 1175.605 -6.257 -0.532
2021-07-07 2492 1180.539 4.934 0.418
2021-07-08 2491 1177.259 -3.28 -0.279
2021-07-09 2486 1181.358 4.099 0.347
2021-07-10 2492 1175.221 -6.137 -0.522
2021-07-11 2492 1175.221 0 0
2021-07-12 2474 1202.816 27.595 2.294
2021-07-13 2482 1196.782 -6.034 -0.504
2021-07-14 2482 1192.914 -3.868 -0.324
2021-07-15 2483 1192.423 -0.491 -0.041
2021-07-16 2471 1199.336 6.913 0.576
2021-07-17 2473 1198.59 -0.746 -0.062
2021-07-18 2473 1198.59 0 0
2021-07-19 2467 1195.139 -3.451 -0.289
2021-07-20 2415 1231.31 36.171 2.938
2021-07-21 2427 1228.626 -2.684 -0.218
2021-07-22 2444 1224.266 -4.36 -0.356
2021-07-23 2429 1226.442 2.176 0.177
2021-07-24 2435 1221.719 -4.723 -0.387
2021-07-25 2435 1221.719 0 0
2021-07-26 2395 1239.472 17.753 1.432
2021-07-27 2360 1249.85 10.378 0.83
2021-07-28 2399 1224.86 -24.99 -2.04
2021-07-29 2408 1223.264 -1.596 -0.13
2021-07-30 2457 1189.337 -33.927 -2.853
2021-07-31 2460 1187.959 -1.378 -0.116
