2020-01-19 646 3833.329 0 0
2020-02-07 615 3868.502 35.173 0.909
2020-02-15 660 3690.566 -177.936 -4.821
2020-02-16 660 3690.566 0 0
2020-02-17 657 3690.566 0 0
2020-02-18 620 3865.399 174.833 4.523
2020-02-19 633 3795.052 -70.347 -1.854
2020-02-20 629 3826.087 31.035 0.811
2020-02-21 642 3777.465 -48.622 -1.287
2020-02-22 638 3777.465 0 0
2020-02-23 637 3777.465 0 0
2020-02-24 655 3672.98 -104.485 -2.845
2020-02-25 653 3609.875 -63.105 -1.748
2020-02-26 662 3550.908 -58.967 -1.661
2020-02-27 665 3512.631 -38.277 -1.09
2020-02-28 680 3421.594 -91.037 -2.661
2020-02-29 673 3421.594 0 0
2020-03-01 677 3421.594 0 0
2020-03-02 646 3586.081 164.487 4.587
2020-03-03 647 3590.219 4.138 0.115
2020-03-04 648 3593.322 3.103 0.086
2020-03-05 686 3459.871 -133.451 -3.857
2020-03-06 688 3410.214 -49.657 -1.456
2020-03-07 690 3410.214 0 0
2020-03-08 691 3410.214 0 0
2020-03-09 734 3188.829 -221.385 -6.943
2020-03-10 707 3255.038 66.209 2.034
2020-03-11 747 3115.379 -139.659 -4.483
2020-03-12 776 2904.339 -211.04 -7.266
2020-03-13 719 3043.998 139.659 4.588
2020-03-14 728 3043.998 0 0
2020-03-15 728 3043.998 0 0
2020-03-16 714 3007.79 -36.208 -1.204
2020-03-17 629 3256.072 248.282 7.625
2020-03-18 634 3218.83 -37.242 -1.157
2020-03-19 644 3180.553 -38.277 -1.203
2020-03-20 712 2918.822 -261.731 -8.967
2020-03-21 716 2918.822 0 0
2020-03-22 716 2918.822 0 0
2020-03-23 757 2753.3 -165.522 -6.012
2020-03-24 754 2753.3 0 0
2020-03-25 744 2883.649 130.349 4.52
2020-03-26 750 2907.442 23.793 0.818
2020-03-27 713 3055.377 147.935 4.842
2020-03-28 741 2965.375 -90.002 -3.035
2020-03-29 741 2965.375 0 0
2020-03-30 741 2965.375 0 0
2020-03-31 721 3007.79 42.415 1.41
2020-04-01 758 2897.097 -110.693 -3.821
2020-04-02 767 2811.233 -85.864 -3.054
2020-04-03 761 2831.923 20.69 0.731
2020-04-04 774 2785.37 -46.553 -1.671
2020-04-05 774 2785.37 0 0
2020-04-06 774 2785.37 0 0
2020-04-07 763 2891.925 106.555 3.685
2020-04-08 772 2948.823 56.898 1.93
2020-04-10 791 2909.511 -39.312 -1.351
2020-04-11 791 2909.511 0 0
2020-04-12 791 2909.511 0 0
2020-04-13 809 2835.027 -74.484 -2.627
2020-04-14 804 2858.82 23.793 0.832
2020-04-15 837 2754.335 -104.485 -3.793
2020-04-17 805 2860.889 106.554 3.725
2020-04-18 811 2860.889 0 0
2020-04-19 811 2860.889 0 0
2020-04-20 809 2854.682 -6.207 -0.217
2020-04-21 805 2823.647 -31.035 -1.099
2020-04-23 815 2811.233 -12.414 -0.442
2020-04-24 816 2817.44 6.207 0.22
2020-04-25 816 2817.44 0 0
2020-04-26 816 2817.44 0 0
2020-04-27 792 2912.615 95.175 3.268
2020-04-28 777 2970.547 57.932 1.95
2020-04-29 758 3083.309 112.762 3.657
2020-04-30 751 3119.517 36.208 1.161
