2025-04-02 1690 2141.152 0 0
2025-04-03 1715 2083.778 -57.374 -2.68
2025-04-04 1796 1983.986 -99.792 -4.789
2025-04-05 1797 1960.876 -23.11 -1.165
2025-04-06 1797 1960.876 0 0
2025-04-07 1758 1970.089 9.213 0.47
2025-04-08 1745 1976.567 6.478 0.329
2025-04-09 1786 1930.505 -46.062 -2.33
2025-04-10 1749 1993.812 63.307 3.279
2025-04-11 1734 2016.947 23.135 1.16
2025-04-12 1704 2071.601 54.654 2.71
2025-04-13 1704 2071.601 0 0
2025-04-14 1671 2137.184 65.583 3.166
2025-04-15 1649 2178.032 40.848 1.911
2025-04-16 1630 2208.368 30.336 1.393
2025-04-17 1617 2229.675 21.307 0.965
2025-04-18 1624 2223.347 -6.328 -0.284
2025-04-19 1624 2223.347 0 0
2025-04-20 1624 2223.347 0 0
2025-04-21 1623 2223.347 0 0
2025-04-22 1668 2164.518 -58.829 -2.646
2025-04-23 1651 2204.093 39.575 1.828
2025-04-24 1654 2201.212 -2.881 -0.131
2025-04-25 1620 2263.179 61.967 2.815
2025-04-26 1621 2262.15 -1.029 -0.045
2025-04-27 1621 2262.15 0 0
2025-04-28 1620 2262.15 0 0
2025-04-29 1510 2450.228 188.078 8.314
2025-04-30 1492 2467.288 17.06 0.696
2025-05-01 1500 2463.922 -3.366 -0.136
2025-05-02 1478 2506.773 42.851 1.739
2025-05-03 1474 2526.152 19.379 0.773
2025-05-04 1474 2526.152 0 0
2025-05-05 1463 2545.214 19.062 0.755
2025-05-06 1476 2518.527 -26.687 -1.049
2025-05-07 1484 2500.452 -18.075 -0.718
2025-05-08 1481 2519.194 18.742 0.75
2025-05-09 1459 2548.47 29.276 1.162
2025-05-10 1461 2546.459 -2.011 -0.079
2025-05-11 1461 2546.459 0 0
2025-05-12 1489 2513.395 -33.064 -1.298
2025-05-13 1483 2531.583 18.188 0.724
2025-05-14 1463 2578.444 46.861 1.851
2025-05-15 1459 2575.257 -3.187 -0.124
2025-05-16 1459 2572.959 -2.298 -0.089
2025-05-17 1461 2565.783 -7.176 -0.279
2025-05-18 1461 2565.783 0 0
2025-05-19 1455 2577.005 11.222 0.437
2025-05-20 1443 2618.494 41.489 1.61
2025-05-21 1438 2620.146 1.652 0.063
2025-05-22 1386 2720.447 100.301 3.828
2025-05-23 1405 2683.025 -37.422 -1.376
2025-05-24 1405 2683.025 0 0
2025-05-25 1397 2698.548 15.523 0.579
2025-05-26 1369 2761.316 62.768 2.326
2025-05-27 1350 2806.965 45.649 1.653
2025-05-28 1353 2787.312 -19.653 -0.7
2025-05-29 1380 2743.437 -43.875 -1.574
2025-05-30 1353 2789.527 46.09 1.68
2025-05-31 1354 2789.843 0.316 0.011
2025-06-01 1354 2789.843 0 0
