2019-11-07 1653 1473.791 0 0
2020-01-19 1708 1473.791 0 0
2020-02-07 1691 1473.791 0 0
2020-02-15 1699 1473.791 0 0
2020-02-16 1699 1473.791 0 0
2020-02-17 1704 1473.791 0 0
2020-02-18 1701 1473.791 0 0
2020-02-19 1705 1473.791 0 0
2020-02-20 1705 1473.791 0 0
2020-02-21 1702 1473.791 0 0
2020-02-22 1702 1473.791 0 0
2020-02-23 1703 1473.791 0 0
2020-02-24 1688 1473.791 0 0
2020-02-25 1677 1473.791 0 0
2020-02-26 1668 1473.791 0 0
2020-02-27 1654 1473.791 0 0
2020-02-28 1639 1473.791 0 0
2020-02-29 1631 1473.791 0 0
