2019-11-07 1415 1772.58 0 0
2020-01-19 1476 1773.88 1.3 0.073
2020-02-07 1606 1579.658 -194.222 -10.949
2020-02-15 1599 1599.026 19.368 1.226
2020-02-16 1600 1599.026 0 0
2020-02-17 1604 1598.454 -0.572 -0.036
2020-02-18 1599 1598.454 0 0
2020-02-19 1624 1566.58 -31.874 -1.994
2020-02-20 1651 1539.264 -27.316 -1.744
2020-02-21 1669 1512.76 -26.504 -1.722
2020-02-22 1710 1458.619 -54.141 -3.579
2020-02-23 1711 1458.619 0 0
2020-02-24 1702 1458.619 0 0
2020-02-25 1760 1365.057 -93.562 -6.414
2020-02-26 1735 1391.094 26.037 1.907
2020-02-27 1756 1352.077 -39.017 -2.805
2020-02-28 1753 1352.525 0.448 0.033
2020-02-29 1777 1311.136 -41.389 -3.06
2020-03-01 1312 1912.312 601.176 45.852
2020-03-02 1326 1912.312 0 0
2020-03-03 1320 1928.523 16.211 0.848
2020-03-04 1329 1914.723 -13.8 -0.716
2020-03-05 1320 1942.6 27.877 1.456
2020-03-06 1274 1990.63 48.03 2.472
2020-03-07 1328 1892.572 -98.058 -4.926
2020-03-08 1297 1948 55.428 2.929
2020-03-09 1266 1948 0 0
2020-03-10 1371 1774.289 -173.711 -8.917
2020-03-11 1347 1782.835 8.546 0.482
2020-03-12 1330 1753.158 -29.677 -1.665
2020-03-13 1392 1629.329 -123.829 -7.063
2020-03-14 1480 1534.441 -94.888 -5.824
2020-03-15 1480 1534.441 0 0
2020-03-16 1435 1534.441 0 0
2020-03-17 1508 1440.638 -93.803 -6.113
2020-03-18 1620 1291.615 -149.023 -10.344
2020-03-19 1279 1689.146 397.531 30.778
2020-03-20 1461 1448.357 -240.789 -14.255
2020-03-21 1327 1613.084 164.727 11.373
2020-03-22 1327 1613.084 0 0
2020-03-23 1320 1613.084 0 0
2020-03-24 1296 1633.397 20.313 1.259
2020-03-25 1246 1772.206 138.809 8.498
2020-03-26 1036 2139.356 367.15 20.717
2020-03-27 1085 2090.27 -49.086 -2.294
2020-03-28 1026 2162.278 72.008 3.445
2020-03-29 1026 2162.278 0 0
2020-03-30 1026 2162.278 0 0
2020-03-31 1069 2080.117 -82.161 -3.8
