2019-11-07 824 2985.029 0 0
2020-01-19 859 3006.1 21.071 0.706
2020-02-07 908 2863.316 -142.784 -4.75
2020-02-15 924 2826.921 -36.395 -1.271
2020-02-16 924 2826.921 0 0
2020-02-17 909 2865.545 38.624 1.366
2020-02-18 902 2890.865 25.32 0.884
2020-02-19 890 2917.245 26.38 0.913
2020-02-20 900 2882.297 -34.948 -1.198
2020-02-21 831 3070.302 188.005 6.523
2020-02-22 827 3079.861 9.559 0.311
2020-02-23 827 3079.861 0 0
2020-02-24 817 3070.503 -9.358 -0.304
2020-02-25 841 2973.057 -97.446 -3.174
2020-02-26 841 2941.353 -31.704 -1.066
2020-02-27 868 2850.577 -90.776 -3.086
2020-02-28 888 2771.029 -79.548 -2.791
2020-02-29 888 2764 -7.029 -0.254
