2020-02-25 2025 1101.98 0 0
2020-02-26 2039 1080.722 -21.258 -1.967
2020-02-27 2048 1068.164 -12.558 -1.176
2020-02-28 2033 1072.716 4.552 0.424
2020-02-29 2051 1051.691 -21.025 -1.999
2020-03-01 2060 1041.127 -10.564 -1.015
2020-03-02 2077 1033.813 -7.314 -0.707
2020-03-03 2060 1045.614 11.801 1.129
2020-03-04 2066 1050.893 5.279 0.502
2020-03-05 2070 1050.198 -0.695 -0.066
2020-03-06 2081 1034.104 -16.094 -1.556
2020-03-07 2078 1037.943 3.839 0.37
2020-03-08 2073 1037.943 0 0
2020-03-09 2073 1015.382 -22.561 -2.222
2020-03-10 2052 1027.056 11.674 1.137
2020-04-28 2152 1003.018 -24.038 -2.397
2020-04-29 2155 1005.091 2.073 0.206
2020-04-30 2154 1018.28 13.189 1.295
2020-05-01 2166 1010.178 -8.102 -0.802
2020-05-06 2159 1002.481 -7.697 -0.768
2020-05-07 2168 998.668 -3.813 -0.382
2020-05-08 2141 1015.03 16.362 1.612
2020-05-09 2135 1028.972 13.942 1.355
2020-05-10 2135 1028.972 0 0
2020-05-11 2124 1040.513 11.541 1.109
2020-05-12 2143 1024.516 -15.997 -1.561
2020-05-13 2130 1030.413 5.897 0.572
2020-05-14 2143 1017.565 -12.848 -1.263
2020-05-15 2141 1012.83 -4.735 -0.468
2020-05-16 2144 1011.401 -1.429 -0.141
2020-05-17 2144 1011.401 0 0
2020-05-18 2145 1013.826 2.425 0.239
2020-05-19 2128 1032.315 18.489 1.791
2020-05-20 2108 1050.751 18.436 1.755
2020-05-21 2095 1059.693 8.942 0.844
2020-05-22 2102 1049.923 -9.77 -0.931
2020-05-23 2110 1042.731 -7.192 -0.69
2020-05-24 2110 1042.731 0 0
2020-05-25 2118 1039.442 -3.289 -0.316
2020-05-26 2126 1039.442 0 0
2020-05-27 2097 1064.939 25.497 2.394
2020-05-28 2098 1061.461 -3.478 -0.328
2020-05-29 2086 1079.575 18.114 1.678
2020-05-30 2091 1076.063 -3.512 -0.326
2020-05-31 2091 1076.063 0 0
