2020-08-06 2160 1084.653 0 0
2020-08-07 2159 1083.633 -1.02 -0.094
2020-08-08 2159 1081.325 -2.308 -0.213
2020-08-09 2159 1081.325 0 0
2020-08-10 2165 1076.103 -5.222 -0.485
2020-08-12 2241 994.181 -81.922 -8.24
2020-08-14 2251 990.499 -3.682 -0.372
2020-08-18 2185 1067.762 77.263 7.236
2020-08-19 2186 1063.168 -4.594 -0.432
2020-08-20 2249 994.481 -68.687 -6.907
2020-08-25 2251 989.492 -4.989 -0.504
2021-01-05 2222 1159.368 169.876 14.652
2021-01-06 2130 1220.634 61.266 5.019
2021-01-07 2211 1163.623 -57.011 -4.899
2021-01-08 2251 1129.405 -34.218 -3.03
2021-01-09 2257 1127.003 -2.402 -0.213
2021-01-10 2257 1127.003 0 0
2021-01-11 2281 1096.841 -30.162 -2.75
2021-01-12 2293 1088.471 -8.37 -0.769
2021-01-13 2312 1057.73 -30.741 -2.906
2021-01-14 2350 1003.208 -54.522 -5.435
2021-01-15 2336 1031.624 28.416 2.754
2021-01-16 2334 1030.647 -0.977 -0.095
2021-01-17 2334 1030.647 0 0
2021-01-18 2337 1035.307 4.66 0.45
2021-01-19 2349 1002.474 -32.833 -3.275
2021-01-20 2350 1001.343 -1.131 -0.113
2021-01-21 2347 1013.006 11.663 1.151
2021-01-22 2359 986.163 -26.843 -2.722
2021-01-28 1658 1800.199 814.036 45.219
2021-01-29 1695 1724.904 -75.295 -4.365
2021-01-30 1694 1729.019 4.115 0.238
2021-01-31 1697 1729.019 0 0
2021-02-01 1718 1704.953 -24.066 -1.412
2021-02-02 1745 1671.086 -33.867 -2.027
2021-02-03 1727 1696.186 25.1 1.48
2021-02-04 1727 1694.729 -1.457 -0.086
2021-02-05 1740 1680.778 -13.951 -0.83
2021-02-06 1746 1676.957 -3.821 -0.228
2021-02-07 1746 1676.957 0 0
2021-02-08 1710 1737.272 60.315 3.472
2021-02-09 1700 1760.109 22.837 1.297
2021-02-10 1686 1798.585 38.476 2.139
2021-02-11 1683 1801.504 2.919 0.162
2021-02-12 1686 1801.501 -0.003 0
2021-02-13 1685 1801.5 -0.001 0
2021-02-14 1685 1801.5 0 0
2021-02-15 1686 1801.5 0 0
2021-02-16 1691 1800.602 -0.898 -0.05
2021-02-17 1689 1801.504 0.902 0.05
2021-02-19 1642 1868.323 66.819 3.576
2021-02-20 1639 1872.058 3.735 0.2
2021-02-21 1640 1872.058 0 0
2021-02-22 1604 1925.353 53.295 2.768
2021-02-23 1637 1873.164 -52.189 -2.786
2021-02-24 1630 1873.434 0.27 0.014
2021-02-25 1638 1850.823 -22.611 -1.222
2021-02-26 1643 1835.216 -15.607 -0.85
2021-02-27 1643 1832.615 -2.601 -0.142
2021-02-28 1644 1832.615 0 0
2021-03-01 1611 1890.273 57.658 3.05
2021-03-02 1628 1853.183 -37.09 -2.001
2021-03-03 1603 1904.413 51.23 2.69
2021-03-04 1604 1906.875 2.462 0.129
2021-03-05 1612 1884.43 -22.445 -1.191
2021-03-06 1609 1881.954 -2.476 -0.132
2021-03-07 1612 1881.954 0 0
2021-03-08 1636 1829.553 -52.401 -2.864
2021-03-09 1657 1794.049 -35.504 -1.979
2021-03-11 1679 1797.586 3.537 0.197
2021-03-12 1702 1772.46 -25.126 -1.418
2021-03-13 1700 1769.133 -3.327 -0.188
2021-03-14 1701 1769.133 0 0
2021-03-15 1719 1739.931 -29.202 -1.678
2021-03-16 1718 1744.058 4.127 0.237
2021-03-18 1700 1764.419 20.361 1.154
2021-03-19 1699 1764.419 0 0
2021-03-20 1719 1739.37 -25.049 -1.44
2021-03-21 1719 1739.37 0 0
2021-03-22 1719 1745.174 5.804 0.333
2021-03-23 1710 1739.72 -5.454 -0.313
2021-03-24 1717 1723.995 -15.725 -0.912
2021-03-26 1703 1744.051 20.056 1.15
2021-03-27 1703 1739.482 -4.569 -0.263
2021-03-28 1703 1739.482 0 0
2021-03-29 1694 1743.432 3.95 0.227
2021-03-30 1705 1737.958 -5.474 -0.315
2021-03-31 1729 1706.21 -31.748 -1.861
