2020-01-19 1416 1838.7 0 0
2020-02-07 1395 1838.035 -0.665 -0.036
2020-02-15 1380 1876.078 38.043 2.028
2020-02-16 1381 1876.078 0 0
2020-02-17 1382 1876.078 0 0
2020-02-18 1380 1880.222 4.144 0.22
2020-02-19 1383 1883.316 3.094 0.164
2020-02-20 1379 1883.255 -0.061 -0.003
2020-02-21 1373 1888.645 5.39 0.285
2020-02-22 1379 1888.645 0 0
2020-02-23 1378 1888.645 0 0
2020-02-24 1376 1886.26 -2.385 -0.126
2020-02-25 1371 1884.069 -2.191 -0.116
2020-02-26 1368 1883.369 -0.7 -0.037
2020-02-27 1353 1880.335 -3.034 -0.161
2020-02-28 1332 1879.259 -1.076 -0.057
2020-02-29 1332 1879.259 0 0
