2025-04-02 1849 1957.405 0 0
2025-04-03 1817 1965.693 8.288 0.423
2025-04-04 1773 2013.12 47.427 2.413
2025-04-05 1782 1989.67 -23.45 -1.165
2025-04-06 1782 1989.67 0 0
2025-04-07 1745 1989.67 0 0
2025-04-08 1742 1977.717 -11.953 -0.601
2025-04-09 1753 1975.559 -2.158 -0.109
2025-04-10 1742 1998.675 23.116 1.17
2025-04-11 1749 1998.675 0 0
2025-04-12 1721 2052.834 54.159 2.71
2025-04-13 1721 2052.834 0 0
2025-04-14 1728 2052.834 0 0
2025-04-15 1728 2058.202 5.368 0.261
2025-04-16 1728 2050.974 -7.228 -0.351
2025-04-17 1726 2061.013 10.039 0.489
2025-04-18 1733 2055.165 -5.848 -0.284
2025-04-19 1733 2055.165 0 0
2025-04-20 1733 2055.165 0 0
2025-04-21 1731 2055.165 0 0
2025-04-22 1724 2081.867 26.702 1.299
2025-04-23 1737 2078.283 -3.584 -0.172
2025-04-24 1755 2054.931 -23.352 -1.124
2025-04-25 1753 2059.372 4.441 0.216
2025-04-26 1756 2058.436 -0.936 -0.045
2025-04-27 1756 2058.436 0 0
2025-04-28 1755 2058.436 0 0
2025-04-29 1761 2060.31 1.874 0.091
2025-04-30 1759 2061.013 0.703 0.034
2025-05-01 1760 2058.202 -2.811 -0.136
2025-05-02 1775 2042.644 -15.558 -0.756
