2021-04-09 1191 2700 0 0
2021-04-10 1190 2700 0 0
2021-04-11 1190 2700 0 0
2021-04-12 1185 2700 0 0
2021-04-13 1183 2700 0 0
2021-04-14 1188 2700 0 0
2021-04-15 1192 2700 0 0
2021-04-16 1194 2700 0 0
2021-04-17 1196 2700 0 0
2021-04-18 1195 2700 0 0
2021-04-19 1198 2700 0 0
2021-04-20 1200 2700 0 0
2021-04-21 1202 2700 0 0
2021-04-22 1208 2700 0 0
2021-04-23 1210 2700 0 0
2021-04-24 1210 2700 0 0
2021-04-25 1211 2700 0 0
2021-04-26 1211 2700 0 0
2021-04-27 1216 2700 0 0
2021-04-28 1218 2700 0 0
2021-04-29 1215 2700 0 0
2021-04-30 1215 2700 0 0
2021-05-01 1214 2700 0 0
2021-05-02 1213 2700 0 0
2021-05-03 1214 2700 0 0
2021-05-04 1209 2700 0 0
2021-05-05 1208 2700 0 0
2021-05-06 1200 2700 0 0
2021-05-07 1195 2700 0 0
2021-05-08 1198 2700 0 0
2021-05-09 1198 2700 0 0
2021-05-10 1195 2700 0 0
2021-05-11 1200 2700 0 0
2021-05-12 1194 2700 0 0
2021-05-13 1189 2700 0 0
2021-05-14 1199 2700 0 0
2021-05-15 1200 2700 0 0
2021-05-16 1200 2700 0 0
2021-05-17 1207 2700 0 0
2021-05-18 1204 2700 0 0
2021-05-19 1204 2700 0 0
2021-05-20 1209 2700 0 0
2021-05-21 1207 2700 0 0
2021-05-22 1206 2700 0 0
2021-05-24 1211 2700 0 0
2021-05-25 1214 2700 0 0
2021-05-26 1223 2700 0 0
2021-05-27 1227 2700 0 0
2021-05-28 1232 2700 0 0
2021-05-29 1233 2700 0 0
2021-05-30 1233 2700 0 0
2021-05-31 1235 2700 0 0
