2021-04-09 1611 2000 0 0
2021-04-10 1611 2000 0 0
2021-04-11 1611 2000 0 0
2021-04-12 1602 2000 0 0
2021-04-13 1600 2000 0 0
2021-04-14 1613 2000 0 0
2021-04-15 1620 2000 0 0
2021-04-16 1622 2000 0 0
2021-04-17 1624 2000 0 0
2021-04-18 1623 2000 0 0
2021-04-19 1627 2000 0 0
2021-04-20 1628 2000 0 0
2021-04-21 1625 2000 0 0
2021-04-22 1632 2000 0 0
2021-04-23 1638 2000 0 0
2021-04-24 1638 2000 0 0
2021-04-25 1638 2000 0 0
2021-04-26 1641 2000 0 0
2021-04-27 1641 2000 0 0
2021-04-28 1643 2000 0 0
2021-04-29 1644 2000 0 0
2021-04-30 1640 2000 0 0
2021-05-01 1632 2000 0 0
2021-05-02 1631 2000 0 0
2021-05-03 1630 2000 0 0
2021-05-04 1632 2000 0 0
2021-05-05 1632 2000 0 0
2021-05-06 1631 2000 0 0
2021-05-07 1625 2000 0 0
2021-05-08 1634 2000 0 0
2021-05-09 1634 2000 0 0
2021-05-10 1629 2000 0 0
2021-05-11 1629 2000 0 0
2021-05-12 1619 2000 0 0
2021-05-13 1605 2000 0 0
2021-05-14 1617 2000 0 0
2021-05-15 1622 2000 0 0
2021-05-16 1622 2000 0 0
2021-05-17 1631 2000 0 0
2021-05-18 1634 2000 0 0
2021-05-19 1630 2000 0 0
2021-05-20 1640 2000 0 0
2021-05-21 1638 2000 0 0
2021-05-22 1638 2000 0 0
2021-05-23 1638 2000 0 0
2021-05-24 1641 2000 0 0
2021-05-25 1648 2000 0 0
2021-05-26 1652 2000 0 0
2021-05-27 1660 2000 0 0
2021-05-28 1668 2000 0 0
2021-05-29 1672 2000 0 0
2021-05-30 1672 2000 0 0
2021-05-31 1680 2000 0 0
