2023-04-28 2546 1055.849 0 0
2023-04-29 2571 1040.03 -15.819 -1.521
2023-04-30 2571 1040.03 0 0
2023-05-01 2620 845.096 -194.934 -23.066
2023-06-01 2568 1012.61 167.514 16.543
2023-06-02 2512 1064.23 51.62 4.85
2023-06-03 2520 1058.781 -5.449 -0.515
2023-06-04 2520 1058.781 0 0
2023-06-05 2507 1068.732 9.951 0.931
2023-06-06 2577 1016.03 -52.702 -5.187
2023-06-07 2521 1057.834 41.804 3.952
2023-06-08 2545 1040.934 -16.9 -1.624
2023-06-09 2434 1107.919 66.985 6.046
2023-06-10 2442 1104.818 -3.101 -0.281
2023-06-11 2443 1104.818 0 0
2023-06-12 2485 1085.874 -18.944 -1.745
2023-06-13 2375 1164.549 78.675 6.756
2023-06-14 2342 1194.409 29.86 2.5
2023-06-15 2225 1286.64 92.231 7.168
2023-06-16 2163 1335.669 49.029 3.671
2023-06-17 2167 1325.947 -9.722 -0.733
2023-06-18 2167 1325.947 0 0
2023-06-19 2157 1341.661 15.714 1.171
2023-06-20 2116 1374.072 32.411 2.359
2023-06-21 2160 1325.247 -48.825 -3.684
2023-06-22 2250 1264.157 -61.09 -4.832
2023-06-23 2363 1167.975 -96.182 -8.235
2023-06-24 2368 1160.175 -7.8 -0.672
2023-06-25 2368 1160.175 0 0
2023-06-26 2426 1123.437 -36.738 -3.27
2023-06-27 2495 1071.231 -52.206 -4.873
2023-06-28 2529 1056.531 -14.7 -1.391
2023-06-29 2448 1103.759 47.228 4.279
2023-06-30 2461 1097.383 -6.376 -0.581
