2021-04-09 1561 2074.77 0 0
2021-04-10 1560 2074.77 0 0
2021-04-11 1560 2074.77 0 0
2021-04-12 1600 2008.304 -66.466 -3.204
2021-04-13 1597 2008.304 0 0
2021-04-14 1456 2227.238 218.934 10.901
2021-04-15 1452 2225.853 -1.385 -0.062
2021-04-16 1383 2345.942 120.089 5.395
2021-04-17 1385 2345.942 0 0
2021-04-18 1385 2345.942 0 0
2021-04-19 1461 2234.892 -111.05 -4.734
2021-04-20 1499 2171.582 -63.31 -2.833
2021-04-21 1397 2331.176 159.594 7.349
2021-04-22 1390 2337.097 5.921 0.254
2021-04-23 1369 2375.352 38.255 1.637
2021-04-24 1368 2375.352 0 0
2021-04-25 1370 2375.352 0 0
2021-04-26 1329 2435.389 60.037 2.527
2021-04-27 1304 2500.409 65.02 2.67
2021-04-28 1338 2442.227 -58.182 -2.327
2021-04-29 1378 2397.474 -44.753 -1.832
2021-04-30 1352 2414.302 16.828 0.702
2021-05-01 1349 2414.302 0 0
