2020-01-19 2174 1024.923 0 0
2020-02-15 1650 1529.435 504.512 32.987
2020-02-16 1650 1529.435 0 0
2020-02-17 1657 1527.942 -1.493 -0.098
2020-02-18 1658 1527.942 0 0
2020-02-19 1674 1507.341 -20.601 -1.367
2020-02-20 1673 1512.223 4.882 0.323
2020-02-21 1666 1515.922 3.699 0.244
2020-02-22 1689 1487.131 -28.791 -1.936
2020-02-23 1690 1487.131 0 0
2020-02-24 1679 1487.131 0 0
2020-02-25 1712 1429.528 -57.603 -4.03
2020-02-26 1702 1434.046 4.518 0.315
2020-02-27 1702 1417.053 -16.993 -1.199
2020-02-28 1734 1366.042 -51.011 -3.734
2020-02-29 1729 1370.139 4.097 0.299
2020-03-01 1732 1370.139 0 0
2020-03-02 1735 1370.139 0 0
2020-03-03 1712 1411.001 40.862 2.896
2020-03-04 1747 1372.824 -38.177 -2.781
2020-03-05 1703 1416.368 43.544 3.074
2020-03-06 1677 1434.291 17.923 1.25
2020-03-07 1703 1404.509 -29.782 -2.12
2020-03-08 1695 1404.509 0 0
2020-03-09 1632 1440 35.491 2.465
2020-03-10 1709 1344.412 -95.588 -7.11
2020-03-11 1639 1404.011 59.599 4.245
2020-03-12 1669 1328.99 -75.021 -5.645
2020-03-13 1808 1172.803 -156.187 -13.317
2020-03-14 1754 1216.285 43.482 3.575
2020-03-15 1754 1216.285 0 0
2020-03-16 1729 1216.285 0 0
2020-03-17 1873 1074.427 -141.858 -13.203
2020-03-18 1797 1121.022 46.595 4.156
2020-03-19 1837 1068.768 -52.254 -4.889
2020-03-20 1807 1107.949 39.181 3.536
2020-03-21 1868 1053.478 -54.471 -5.171
2020-03-22 1868 1053.478 0 0
2020-03-23 1846 1053.478 0 0
2020-03-25 1795 1125.153 71.675 6.37
2020-03-26 1712 1213.179 88.026 7.256
2020-03-27 1663 1290.441 77.262 5.987
2020-03-28 1683 1253.99 -36.451 -2.907
2020-03-29 1683 1253.99 0 0
2020-03-30 1683 1253.99 0 0
2020-03-31 1655 1283.115 29.125 2.27
2020-04-01 1707 1233.608 -49.507 -4.013
2020-04-02 1773 1159.717 -73.891 -6.371
2020-04-03 1770 1168.827 9.11 0.779
2020-04-04 1776 1152.691 -16.136 -1.4
2020-04-05 1776 1152.691 0 0
2020-04-06 1776 1152.691 0 0
2020-04-07 1702 1254.558 101.867 8.12
2020-04-08 1801 1266.572 12.014 0.949
2020-04-10 1747 1326.073 59.501 4.487
2020-04-11 1747 1326.073 0 0
2020-04-12 1747 1326.073 0 0
2020-04-13 1744 1326.073 0 0
2020-04-14 1789 1286.359 -39.714 -3.087
2020-04-15 1746 1330.536 44.177 3.32
2020-04-17 1804 1282.752 -47.784 -3.725
2020-04-18 1735 1342.521 59.769 4.452
2020-04-19 1735 1342.521 0 0
2020-04-20 1745 1342.521 0 0
2020-04-21 1772 1305.766 -36.755 -2.815
2020-04-23 1771 1302.692 -3.074 -0.236
2020-04-24 1798 1285.728 -16.964 -1.319
2020-04-25 1769 1305.205 19.477 1.492
2020-04-26 1769 1305.205 0 0
2020-04-27 1777 1305.205 0 0
2020-04-28 1747 1343.162 37.957 2.826
2020-04-29 1745 1352.994 9.832 0.727
2020-04-30 1745 1362.603 9.609 0.705
2020-05-01 1784 1331.687 -30.916 -2.322
2020-05-02 1821 1291.855 -39.832 -3.083
2020-05-03 1821 1291.855 0 0
2020-05-04 1817 1291.855 0 0
2020-05-05 1822 1289.645 -2.21 -0.171
2020-05-06 1805 1304.625 14.98 1.148
2020-05-07 1788 1312.309 7.684 0.586
2020-05-08 1785 1321.388 9.079 0.687
2020-05-09 1763 1353.952 32.564 2.405
2020-05-10 1763 1353.952 0 0
2020-05-11 1761 1353.952 0 0
2020-05-12 1766 1343.283 -10.669 -0.794
2020-05-13 1821 1300.431 -42.852 -3.295
2020-05-14 1862 1255.034 -45.397 -3.617
2020-05-15 1835 1274.378 19.344 1.518
2020-05-16 1843 1268.075 -6.303 -0.497
2020-05-17 1843 1268.075 0 0
2020-05-18 1854 1268.075 0 0
2020-05-19 1777 1343.033 74.958 5.581
2020-05-20 1794 1334.927 -8.106 -0.607
2020-05-21 1764 1361.574 26.647 1.957
2020-05-22 1731 1385.315 23.741 1.714
2020-05-23 1733 1377.349 -7.966 -0.578
2020-05-24 1733 1377.349 0 0
2020-05-25 1736 1377.349 0 0
2020-05-26 1747 1377.349 0 0
2020-05-27 1703 1437.497 60.148 4.184
2020-05-28 1644 1494.958 57.461 3.844
2020-05-29 1686 1454.661 -40.297 -2.77
2020-05-30 1702 1438.448 -16.213 -1.127
2020-05-31 1702 1438.448 0 0
2020-06-01 1712 1438.448 0 0
2020-06-02 1691 1466.711 28.263 1.927
2020-06-03 1691 1492.239 25.528 1.711
2020-06-04 1620 1563.541 71.302 4.56
2020-06-05 1652 1539.644 -23.897 -1.552
2020-06-06 1620 1583.928 44.284 2.796
2020-06-07 1620 1583.928 0 0
2020-06-08 1625 1583.928 0 0
2020-06-09 1606 1608.556 24.628 1.531
2020-06-10 1638 1567.021 -41.535 -2.651
2020-06-11 1634 1545.952 -21.069 -1.363
2020-06-12 1737 1436.885 -109.067 -7.591
2020-06-13 1713 1459.667 22.782 1.561
2020-06-14 1713 1459.667 0 0
2020-06-15 1708 1459.667 0 0
2020-06-16 1697 1481.465 21.798 1.471
2020-06-17 1670 1513.347 31.882 2.107
2020-06-18 1664 1513.347 0 0
2020-06-19 1696 1489.155 -24.192 -1.625
2020-06-20 1724 1453.961 -35.194 -2.421
2020-06-21 1724 1453.961 0 0
2020-06-22 1719 1453.961 0 0
2020-06-23 1697 1491.922 37.961 2.544
2020-06-24 1697 1491.922 0 0
2020-06-25 1701 1480.497 -11.425 -0.772
2020-06-26 1684 1495.241 14.744 0.986
2020-06-27 1775 1400.762 -94.479 -6.745
2020-06-28 1775 1400.762 0 0
2020-06-29 1771 1400.762 0 0
2020-06-30 1726 1450.054 49.292 3.399
2020-07-01 1705 1476.139 26.085 1.767
2020-07-07 1729 1476.139 0 0
2020-07-08 1770 1447.311 -28.828 -1.992
2020-07-09 1748 1469.641 22.33 1.519
2020-07-10 1783 1434.08 -35.561 -2.48
2020-07-11 1756 1460.762 26.682 1.827
2020-07-12 1756 1460.762 0 0
2020-07-13 1757 1460.762 0 0
2020-07-14 1774 1442.059 -18.703 -1.297
2020-07-15 1769 1450.162 8.103 0.559
2020-07-16 1762 1450.162 0 0
2020-07-17 1739 1481.829 31.667 2.137
2020-07-18 1739 1481.829 0 0
2020-07-20 1761 1455.441 -26.388 -1.813
2020-07-21 1765 1455.441 0 0
2020-07-22 1749 1480.479 25.038 1.691
2020-07-23 1749 1480.479 0 0
2020-07-24 1733 1480.479 0 0
2020-07-25 1736 1480.479 0 0
2020-07-26 1731 1480.479 0 0
2020-07-27 1726 1480.479 0 0
2020-07-28 1735 1480.479 0 0
2020-07-29 1738 1480.479 0 0
2020-07-30 1746 1480.479 0 0
2020-07-31 1750 1480.479 0 0
2020-08-04 1749 1480.479 0 0
2020-08-05 1750 1480.479 0 0
2020-08-06 1755 1480.479 0 0
2020-08-07 1749 1480.479 0 0
2020-08-08 1749 1480.479 0 0
2020-08-09 1749 1480.479 0 0
2020-08-10 1749 1480.479 0 0
2020-08-12 1749 1480.479 0 0
2020-08-13 1748 1480.479 0 0
2020-08-14 1752 1480.479 0 0
2020-08-15 1752 1480.479 0 0
2020-08-16 1752 1480.479 0 0
2020-08-17 1756 1480.479 0 0
2020-08-18 1762 1480.479 0 0
2020-08-19 1757 1480.479 0 0
2020-08-20 1748 1480.479 0 0
2020-08-21 1749 1480.479 0 0
2020-08-22 1749 1480.479 0 0
2020-08-23 1749 1480.479 0 0
2020-08-24 1748 1480.479 0 0
2020-08-25 1752 1480.479 0 0
2020-08-26 1749 1480.479 0 0
2020-08-27 1751 1480.479 0 0
2020-08-28 1755 1480.479 0 0
2020-08-29 1762 1480.479 0 0
2020-08-30 1762 1480.479 0 0
2020-08-31 1758 1480.479 0 0
2020-09-01 1761 1480.479 0 0
2020-09-02 1769 1480.479 0 0
2020-09-03 1759 1480.479 0 0
2020-09-04 1755 1480.479 0 0
2020-09-05 1756 1480.479 0 0
2020-09-06 1756 1480.479 0 0
2020-09-07 1755 1480.479 0 0
2020-09-08 1749 1480.479 0 0
2020-09-09 1740 1480.479 0 0
2020-09-10 1740 1480.479 0 0
2020-09-11 1745 1480.479 0 0
2020-09-12 1746 1480.479 0 0
2020-09-13 1746 1480.479 0 0
2020-09-14 1749 1480.479 0 0
2020-09-15 1759 1480.479 0 0
2020-09-16 1757 1480.479 0 0
2020-09-17 1763 1480.479 0 0
2020-09-18 1773 1480.479 0 0
2020-09-19 1773 1480.479 0 0
2020-09-21 1763 1480.479 0 0
2020-09-22 1752 1480.479 0 0
2020-09-23 1752 1480.479 0 0
2020-09-24 1735 1480.479 0 0
2020-09-25 1740 1480.479 0 0
2020-09-26 1739 1480.479 0 0
2020-09-27 1740 1480.479 0 0
2020-09-28 1740 1480.479 0 0
2020-09-29 1745 1480.479 0 0
2020-09-30 1747 1480.479 0 0
2020-10-01 1750 1480.479 0 0
2020-10-03 1751 1480.479 0 0
2020-10-04 1751 1480.479 0 0
2020-10-05 1755 1480.479 0 0
2020-10-06 1755 1480.479 0 0
2020-10-07 1755 1480.479 0 0
2020-10-08 1762 1480.479 0 0
2020-10-09 1770 1480.479 0 0
2020-10-10 1774 1480.479 0 0
2020-10-11 1777 1480.479 0 0
2020-10-12 1777 1480.479 0 0
2020-10-13 1777 1480.479 0 0
2020-10-14 1776 1480.479 0 0
2020-10-16 1773 1480.479 0 0
2020-10-17 1773 1480.479 0 0
2020-10-18 1773 1480.479 0 0
2020-10-19 1768 1480.479 0 0
2020-10-20 1775 1480.479 0 0
2020-10-21 1777 1480.479 0 0
2020-10-22 1780 1480.479 0 0
2020-10-23 1780 1480.479 0 0
2020-10-24 1780 1480.479 0 0
2020-10-25 1778 1480.479 0 0
2020-10-26 1773 1480.479 0 0
2020-10-27 1770 1480.479 0 0
2020-10-28 1764 1480.479 0 0
2020-10-29 1761 1480.479 0 0
2020-10-30 1746 1480.479 0 0
2020-10-31 1746 1480.479 0 0
2020-11-01 1746 1480.479 0 0
2020-11-02 1750 1480.479 0 0
2020-11-03 1758 1480.479 0 0
2020-11-04 1765 1480.479 0 0
2020-11-05 1779 1480.479 0 0
2020-11-06 1780 1480.479 0 0
2020-11-07 1782 1480.479 0 0
2020-11-08 1781 1480.479 0 0
2020-11-09 1799 1480.479 0 0
2020-11-10 1800 1480.479 0 0
2020-11-11 1793 1480.479 0 0
2020-11-12 1793 1480.479 0 0
2020-11-13 1796 1480.479 0 0
2020-11-14 1791 1480.479 0 0
2020-11-15 1791 1480.479 0 0
2020-11-17 1799 1480.479 0 0
2020-11-18 1800 1480.479 0 0
2020-11-19 1798 1480.479 0 0
2020-11-20 1800 1480.479 0 0
2020-11-21 1804 1480.479 0 0
2020-11-22 1805 1480.479 0 0
2020-11-23 1808 1480.479 0 0
2020-11-24 1811 1480.479 0 0
2020-11-25 1806 1480.479 0 0
2020-11-26 1804 1480.479 0 0
2020-11-27 1809 1480.479 0 0
2020-11-28 1809 1480.479 0 0
2020-11-29 1809 1480.479 0 0
2020-11-30 1808 1480.479 0 0
