2021-04-09 881 3532.41 0 0
2021-04-10 880 3532.41 0 0
2021-04-11 880 3532.41 0 0
2021-04-12 874 3528 -4.41 -0.125
2021-04-13 897 3448.62 -79.38 -2.25
2021-04-14 901 3457.44 8.82 0.256
2021-04-15 899 3483.9 26.46 0.765
2021-04-16 895 3510.36 26.46 0.759
2021-04-17 897 3510.36 0 0
2021-04-18 897 3510.36 0 0
2021-04-19 812 3792.6 282.24 8.04
2021-04-20 846 3664.71 -127.89 -3.372
2021-04-21 822 3748.5 83.79 2.286
2021-04-22 840 3704.4 -44.1 -1.176
2021-04-23 855 3664.71 -39.69 -1.071
2021-04-24 855 3664.71 0 0
2021-04-25 856 3664.71 0 0
2021-04-26 834 3748.5 83.79 2.286
2021-04-27 796 3836.7 88.2 2.353
2021-04-28 798 3836.7 0 0
2021-04-29 838 3735.27 -101.43 -2.644
2021-04-30 828 3748.5 13.23 0.354
2021-05-01 826 3748.5 0 0
2021-05-02 825 3748.5 0 0
2021-05-03 824 3748.5 0 0
2021-05-04 820 3748.5 0 0
2021-05-05 845 3682.35 -66.15 -1.765
2021-05-06 878 3572.1 -110.25 -2.994
2021-05-07 868 3611.79 39.69 1.111
2021-05-08 873 3611.79 0 0
2021-05-09 873 3611.79 0 0
2021-05-10 882 3585.33 -26.46 -0.733
2021-05-11 889 3563.28 -22.05 -0.615
2021-05-12 936 3395.7 -167.58 -4.703
2021-05-13 915 3439.8 44.1 1.299
2021-05-14 907 3488.31 48.51 1.41
2021-05-15 910 3488.31 0 0
2021-05-16 910 3488.31 0 0
2021-05-17 927 3439.8 -48.51 -1.391
2021-05-18 900 3532.41 92.61 2.692
2021-05-19 900 3528 -4.41 -0.125
2021-05-20 906 3528 0 0
2021-05-21 905 3528 0 0
2021-05-22 904 3528 0 0
2021-05-23 904 3528 0 0
2021-05-24 904 3536.82 8.82 0.25
2021-05-25 882 3607.38 70.56 1.995
2021-05-26 840 3748.5 141.12 3.912
2021-05-27 789 3933.72 185.22 4.941
2021-05-28 770 4043.97 110.25 2.803
2021-05-29 772 4043.97 0 0
2021-05-30 772 4043.97 0 0
2021-05-31 774 4043.97 0 0
2021-06-01 760 4114.53 70.56 1.745
2021-06-02 731 4233.6 119.07 2.894
2021-06-03 742 4193.91 -39.69 -0.938
2021-06-04 744 4176.27 -17.64 -0.421
2021-06-05 744 4176.27 0 0
2021-06-06 744 4176.27 0 0
2021-06-07 753 4136.58 -39.69 -0.95
2021-06-08 757 4132.17 -4.41 -0.107
2021-06-09 771 4096.89 -35.28 -0.854
2021-06-10 775 4079.25 -17.64 -0.431
2021-06-11 742 4198.32 119.07 2.919
2021-06-12 739 4198.32 0 0
2021-06-13 739 4198.32 0 0
2021-06-14 748 4163.04 -35.28 -0.84
2021-06-16 761 4105.71 -57.33 -1.377
2021-06-17 764 4083.66 -22.05 -0.537
2021-06-18 732 4198.32 114.66 2.808
2021-06-19 732 4198.32 0 0
2021-06-20 732 4198.32 0 0
2021-06-21 739 4140.99 -57.33 -1.366
2021-06-22 729 4215.96 74.97 1.81
2021-06-23 733 4207.14 -8.82 -0.209
2021-06-24 735 4202.73 -4.41 -0.105
2021-06-25 734 4215.96 13.23 0.315
2021-06-26 738 4215.96 0 0
2021-06-27 738 4215.96 0 0
2021-06-28 742 4193.91 -22.05 -0.523
2021-06-29 691 4480.56 286.65 6.835
2021-06-30 650 4674.6 194.04 4.331
