2022-04-05 1638 1921.39 0 0
2022-04-06 1635 1926.809 5.419 0.282
2022-04-07 1627 1916.127 -10.682 -0.554
2022-04-08 1631 1911.082 -5.045 -0.263
2022-04-09 1629 1912.152 1.07 0.056
2022-04-10 1629 1912.152 0 0
2022-04-11 1618 1912.152 0 0
2022-04-12 1624 1910.83 -1.322 -0.069
2022-04-13 1623 1906.564 -4.266 -0.223
2022-04-14 1625 1905.405 -1.159 -0.061
2022-04-15 1620 1905.405 0 0
2022-04-16 1620 1905.405 0 0
2022-04-17 1620 1905.405 0 0
2022-04-18 1625 1905.405 0 0
2022-04-19 1621 1903.439 -1.966 -0.103
2022-04-20 1624 1897.405 -6.034 -0.317
2022-04-21 1608 1905.063 7.658 0.404
2022-04-22 1596 1906.078 1.015 0.053
2022-04-23 1599 1897.872 -8.206 -0.431
2022-04-24 1598 1897.872 0 0
2022-04-25 1581 1897.872 0 0
2022-04-26 1573 1892.767 -5.105 -0.269
2022-04-27 1571 1895.671 2.904 0.153
2022-04-28 1576 1896.786 1.115 0.059
2022-04-29 1575 1897.792 1.006 0.053
2022-04-30 1578 1898.957 1.165 0.061
2022-05-01 1578 1898.957 0 0
2022-05-02 1578 1898.957 0 0
2022-05-03 1574 1897.358 -1.599 -0.084
2022-05-04 1575 1897.358 0 0
2022-05-05 1577 1899.329 1.971 0.104
2022-05-06 1560 1903.564 4.235 0.223
2022-05-07 1565 1886.862 -16.702 -0.877
2022-05-08 1565 1886.862 0 0
2022-05-09 1548 1886.862 0 0
2022-05-10 1559 1873.831 -13.031 -0.691
2022-05-11 1561 1877.284 3.453 0.184
2022-05-12 1554 1879.35 2.066 0.11
2022-05-13 1562 1874.92 -4.43 -0.236
2022-05-14 1563 1874.283 -0.637 -0.034
2022-05-15 1564 1874.283 0 0
2022-05-16 1568 1874.283 0 0
2022-05-17 1580 1874.283 0 0
2022-05-18 1578 1871.476 -2.807 -0.15
2022-05-19 1575 1871.085 -0.391 -0.021
2022-05-20 1584 1867.488 -3.597 -0.192
2022-05-21 1588 1871.927 4.439 0.238
2022-05-22 1588 1871.927 0 0
2022-05-23 1590 1871.927 0 0
2022-05-24 1580 1872.381 0.454 0.024
2022-05-25 1583 1870.933 -1.448 -0.077
2022-05-26 1589 1872.291 1.358 0.073
2022-05-27 1594 1871.145 -1.146 -0.061
2022-05-28 1595 1871.263 0.118 0.006
2022-05-29 1595 1871.263 0 0
2022-05-30 1600 1871.263 0 0
2022-05-31 1603 1871.263 0 0
2022-06-01 1608 1869.757 -1.506 -0.08
2022-06-02 1608 1872.231 2.474 0.132
2022-06-03 1605 1870.301 -1.93 -0.103
2022-06-04 1607 1869.88 -0.421 -0.023
2022-06-05 1607 1869.88 0 0
2022-06-06 1615 1869.88 0 0
2022-06-07 1614 1869.817 -0.063 -0.003
2022-06-08 1605 1867.863 -1.954 -0.105
2022-06-09 1592 1867.323 -0.54 -0.029
2022-06-10 1586 1866.782 -0.541 -0.029
2022-06-11 1581 1864.833 -1.949 -0.104
2022-06-12 1581 1864.833 0 0
2022-06-13 1573 1864.833 0 0
2022-06-14 1562 1859.934 -4.899 -0.263
2022-06-15 1565 1860.891 0.957 0.051
2022-06-16 1566 1859.37 -1.521 -0.082
2022-06-17 1566 1859.191 -0.179 -0.01
2022-06-18 1565 1859.339 0.148 0.008
2022-06-19 1565 1859.339 0 0
2022-06-20 1568 1859.339 0 0
2022-06-21 1572 1859.339 0 0
2022-06-22 1572 1859.132 -0.207 -0.011
2022-06-24 1594 1853.375 -5.757 -0.31
2022-06-25 1595 1852.902 -0.473 -0.026
2022-06-26 1596 1852.902 0 0
2022-06-27 1601 1852.902 0 0
2022-06-28 1610 1852.725 -0.177 -0.01
2022-06-29 1608 1842.409 -10.316 -0.557
2022-06-30 1610 1838.368 -4.041 -0.219
2022-07-01 1604 1838.121 -0.247 -0.013
2022-07-02 1606 1836.756 -1.365 -0.074
2022-07-03 1606 1836.756 0 0
2022-07-04 1607 1836.756 0 0
2022-07-05 1604 1836.756 0 0
2022-07-06 1597 1829.118 -7.638 -0.416
2022-07-07 1607 1830.414 1.296 0.071
2022-07-08 1609 1833.392 2.978 0.163
2022-07-09 1609 1831.511 -1.881 -0.103
2022-07-10 1609 1831.511 0 0
2022-07-11 1599 1831.511 0 0
2022-07-12 1589 1827.446 -4.065 -0.222
2022-07-13 1593 1823.688 -3.758 -0.206
2022-07-14 1595 1822.772 -0.916 -0.05
2022-07-15 1589 1817.279 -5.493 -0.301
2022-07-16 1590 1817.268 -0.011 -0.001
2022-07-17 1590 1817.268 0 0
2022-07-18 1600 1817.268 0 0
2022-07-19 1605 1815.023 -2.245 -0.124
2022-07-20 1613 1815.618 0.595 0.033
2022-07-21 1615 1814.796 -0.822 -0.045
2022-07-22 1616 1815.904 1.108 0.061
2022-07-23 1615 1817.637 1.733 0.095
2022-07-24 1615 1817.637 0 0
2022-07-25 1609 1817.637 0 0
2022-07-26 1606 1817.637 0 0
2022-07-27 1602 1819.459 1.822 0.1
2022-07-28 1607 1819.459 0 0
2022-07-29 1616 1820.087 0.628 0.035
2022-07-30 1611 1831.423 11.336 0.623
2022-07-31 1611 1831.423 0 0
2022-08-01 1615 1831.423 0 0
2022-08-02 1605 1836.9 5.477 0.299
2022-08-03 1601 1844.017 7.117 0.387
2022-08-04 1604 1833.781 -10.236 -0.555
2022-08-05 1616 1826.556 -7.225 -0.394
2022-08-06 1614 1831.077 4.521 0.248
2022-08-07 1614 1831.077 0 0
2022-08-08 1615 1831.077 0 0
2022-08-09 1621 1822.63 -8.447 -0.461
2022-08-10 1619 1822.63 0 0
2022-08-11 1638 1825.523 2.893 0.159
2022-08-12 1635 1823.129 -2.394 -0.131
2022-08-13 1637 1822.314 -0.815 -0.045
2022-08-14 1636 1822.314 0 0
2022-08-15 1641 1822.314 0 0
2022-08-16 1639 1822.314 0 0
2022-08-17 1631 1822.314 0 0
2022-08-18 1625 1827.131 4.817 0.264
2022-08-19 1624 1821.928 -5.203 -0.285
2022-08-20 1621 1819.473 -2.455 -0.135
2022-08-21 1621 1819.473 0 0
2022-08-22 1616 1819.473 0 0
2022-08-23 1610 1817.523 -1.95 -0.107
2022-08-24 1606 1817.493 -0.03 -0.002
2022-08-25 1608 1818.661 1.168 0.064
2022-08-26 1606 1817.138 -1.523 -0.084
2022-08-27 1607 1817.493 0.355 0.02
2022-08-28 1606 1817.493 0 0
2022-08-29 1605 1817.493 0 0
2022-08-30 1602 1815.447 -2.046 -0.113
2022-08-31 1591 1826.885 11.438 0.63
2022-09-01 1582 1826.885 0 0
2022-09-03 1582 1818.946 -7.939 -0.435
2022-09-04 1583 1818.946 0 0
2022-09-05 1577 1818.946 0 0
2022-09-06 1584 1818.946 0 0
2022-09-07 1580 1818.176 -0.77 -0.042
2022-09-08 1581 1816.727 -1.449 -0.08
2022-09-09 1584 1820.858 4.131 0.227
2022-09-11 1586 1823.917 3.059 0.168
2022-09-12 1594 1823.917 0 0
2022-09-13 1586 1825.208 1.291 0.071
2022-09-14 1572 1833.911 8.703 0.477
2022-09-15 1575 1827.131 -6.78 -0.37
2022-09-16 1560 1821.37 -5.761 -0.315
2022-09-17 1561 1820.285 -1.085 -0.06
2022-09-18 1562 1820.285 0 0
2022-09-19 1562 1820.285 0 0
2022-09-20 1560 1819.573 -0.712 -0.039
2022-09-21 1546 1820.087 0.514 0.028
2022-09-22 1548 1814.91 -5.177 -0.284
2022-09-23 1549 1795.269 -19.641 -1.082
2022-09-24 1541 1792.498 -2.771 -0.154
2022-09-25 1542 1792.498 0 0
2022-09-26 1531 1792.498 0 0
2022-09-27 1568 1778.552 -13.946 -0.778
2022-09-28 1570 1779.424 0.872 0.049
2022-09-29 1569 1779.424 0 0
2022-09-30 1569 1773.338 -6.086 -0.342
2022-10-01 1562 1784.374 11.036 0.622
2022-10-02 1560 1784.374 0 0
2022-10-03 1565 1784.374 0 0
2022-10-04 1586 1772.781 -11.593 -0.65
2022-10-05 1589 1780.789 8.008 0.452
2022-10-06 1580 1780.789 0 0
2022-10-07 1581 1772.66 -8.129 -0.456
2022-10-08 1585 1763.201 -9.459 -0.534
2022-10-09 1585 1763.201 0 0
2022-10-10 1576 1763.201 0 0
2022-10-11 1565 1763.16 -0.041 -0.002
2022-10-12 1571 1763 -0.16 -0.009
2022-10-13 1575 1763.535 0.535 0.03
2022-10-14 1575 1762.707 -0.828 -0.047
2022-10-15 1577 1762.439 -0.268 -0.015
2022-10-16 1576 1762.439 0 0
2022-10-17 1581 1762.439 0 0
2022-10-18 1585 1762.572 0.133 0.008
2022-10-19 1589 1762.572 0 0
2022-10-20 1586 1749.033 -13.539 -0.768
2022-10-21 1583 1754.053 5.02 0.287
2022-10-22 1579 1755.669 1.616 0.092
2022-10-23 1578 1755.669 0 0
2022-10-24 1573 1755.669 0 0
2022-10-25 1581 1755.669 0 0
2022-10-26 1593 1754.583 -1.086 -0.062
2022-10-27 1592 1754.583 0 0
2022-10-28 1581 1759.66 5.077 0.289
2022-10-29 1580 1760.127 0.467 0.027
2022-10-30 1580 1760.127 0 0
2022-10-31 1574 1760.127 0 0
2022-11-01 1589 1753.629 -6.498 -0.369
2022-11-02 1591 1755.219 1.59 0.091
2022-11-03 1595 1753.47 -1.749 -0.1
2022-11-04 1596 1751.118 -2.352 -0.134
2022-11-05 1597 1760.754 9.636 0.55
2022-11-06 1597 1760.754 0 0
2022-11-07 1598 1760.754 0 0
2022-11-08 1596 1771.715 10.961 0.623
2022-11-09 1593 1771.715 0 0
2022-11-10 1594 1771.715 0 0
2022-11-11 1613 1774.53 2.815 0.159
2022-11-12 1606 1796.325 21.795 1.228
2022-11-13 1606 1796.325 0 0
2022-11-14 1609 1796.325 0 0
2022-11-15 1622 1786.432 -9.893 -0.551
2022-11-16 1617 1789.736 3.304 0.185
2022-11-17 1614 1785.388 -4.348 -0.243
2022-11-18 1612 1777.736 -7.652 -0.429
2022-11-19 1615 1776.92 -0.816 -0.046
2022-11-20 1615 1776.92 0 0
2022-11-21 1610 1776.92 0 0
2022-11-22 1606 1776.92 0 0
2022-11-23 1610 1777.355 0.435 0.024
2022-11-24 1613 1773.392 -3.963 -0.223
2022-11-25 1614 1773.392 0 0
2022-11-26 1614 1773.392 0 0
2022-11-27 1614 1776.811 3.419 0.193
2022-11-28 1605 1776.811 0 0
2022-11-29 1613 1777.463 0.652 0.037
2022-11-30 1620 1776.267 -1.196 -0.067
2022-12-02 1629 1787.16 10.893 0.613
2022-12-04 1629 1785.088 -2.072 -0.116
2022-12-05 1626 1785.088 0 0
2022-12-06 1633 1774.639 -10.449 -0.585
2022-12-07 1646 1757.078 -17.561 -0.99
2022-12-08 1645 1759.794 2.716 0.155
2022-12-09 1638 1761.075 1.281 0.073
2022-12-10 1649 1764.285 3.21 0.182
2022-12-11 1649 1764.285 0 0
2022-12-12 1646 1764.285 0 0
2022-12-13 1653 1758.702 -5.583 -0.316
2022-12-14 1655 1753.127 -5.575 -0.317
2022-12-15 1642 1760.567 7.44 0.424
2022-12-16 1641 1753.972 -6.595 -0.375
2022-12-17 1639 1751.724 -2.248 -0.128
2022-12-18 1639 1751.724 0 0
2022-12-19 1636 1751.724 0 0
2022-12-20 1630 1751.724 0 0
2022-12-21 1638 1754.08 2.356 0.134
2022-12-22 1638 1754.08 0 0
2022-12-23 1639 1753.947 -0.133 -0.008
2022-12-24 1639 1751.777 -2.17 -0.124
2022-12-25 1639 1751.777 0 0
2022-12-26 1637 1751.777 0 0
2022-12-27 1638 1751.777 0 0
2022-12-28 1628 1751.83 0.053 0.003
2022-12-29 1940 1431.225 -320.605 -18.301
2022-12-30 1935 1432.305 1.08 0.075
2022-12-31 1937 1433.603 1.298 0.091
