2019-11-07 537 4138.726 0 0
2020-01-19 587 4029.494 -109.232 -2.639
2020-02-07 608 3919.926 -109.568 -2.719
2020-02-15 581 4054.395 134.469 3.43
2020-02-16 581 4054.395 0 0
2020-02-17 577 4084.856 30.461 0.751
2020-02-18 591 4026.448 -58.408 -1.43
2020-02-19 598 3990.353 -36.095 -0.896
2020-02-20 609 3932.359 -57.994 -1.453
2020-02-21 620 3856.984 -75.375 -1.917
2020-02-22 629 3822.853 -34.131 -0.885
2020-02-23 628 3822.853 0 0
2020-02-24 653 3684.668 -138.185 -3.615
2020-02-25 647 3653.807 -30.861 -0.838
2020-02-26 637 3677.271 23.464 0.642
2020-02-27 633 3633.935 -43.336 -1.178
2020-02-28 657 3506.827 -127.108 -3.498
2020-02-29 650 3514.623 7.796 0.222
