2023-04-06 1192 2649.209 0 0
2023-04-07 1190 2652.103 2.894 0.109
2023-04-08 1189 2652.103 0 0
2023-04-09 1188 2652.103 0 0
2023-04-10 1189 2652.103 0 0
2023-04-11 1196 2631.693 -20.41 -0.77
2023-04-12 1196 2631.693 0 0
2023-04-13 1189 2665.203 33.51 1.273
2023-04-14 1186 2682.28 17.077 0.641
2023-04-15 1191 2672.537 -9.743 -0.363
2023-04-16 1191 2672.537 0 0
2023-04-17 1186 2672.537 0 0
2023-04-18 1195 2650.366 -22.171 -0.83
2023-04-19 1187 2661.697 11.331 0.428
2023-04-20 1185 2660.822 -0.875 -0.033
2023-04-21 1178 2665.496 4.674 0.176
2023-04-22 1177 2664.326 -1.17 -0.044
2023-04-23 1177 2664.326 0 0
2023-04-24 1173 2664.326 0 0
2023-04-25 1165 2677.843 13.517 0.507
2023-04-26 1171 2665.203 -12.64 -0.472
2023-04-27 1170 2681.391 16.188 0.607
2023-04-28 1173 2673.42 -7.971 -0.297
2023-04-29 1173 2680.503 7.083 0.265
2023-05-01 1173 2680.503 0 0
2023-05-02 1174 2666.081 -14.422 -0.538
2023-05-03 1174 2665.788 -0.293 -0.011
2023-05-04 1168 2683.763 17.975 0.674
2023-05-06 1175 2672.243 -11.52 -0.429
2023-05-07 1175 2672.243 0 0
2023-05-08 1176 2672.243 0 0
2023-05-09 1170 2674.303 2.06 0.077
2023-05-10 1174 2659.947 -14.356 -0.537
2023-05-11 1181 2664.033 4.086 0.154
2023-05-12 1178 2650.944 -13.089 -0.491
2023-05-13 1183 2637.41 -13.534 -0.511
2023-05-14 1183 2637.41 0 0
2023-05-15 1185 2637.41 0 0
2023-05-16 1191 2638.27 0.86 0.033
2023-05-17 1187 2638.27 0 0
2023-05-19 1188 2614.97 -23.3 -0.883
2023-05-20 1187 2619.202 4.232 0.162
2023-05-21 1187 2619.202 0 0
2023-05-22 1185 2619.202 0 0
2023-05-23 1176 2622.03 2.828 0.108
2023-05-24 1171 2616.943 -5.087 -0.194
2023-05-25 1169 2613 -3.943 -0.151
2023-05-26 1173 2604.871 -8.129 -0.311
2023-05-27 1178 2599.293 -5.578 -0.214
2023-05-28 1178 2599.293 0 0
2023-05-29 1176 2599.293 0 0
2023-05-30 1181 2599.293 0 0
2023-05-31 1165 2604.591 5.298 0.204
