2021-04-09 2603 1100.718 0 0
2021-04-10 2604 1099.056 -1.662 -0.151
2021-04-11 2605 1099.056 0 0
2021-04-12 2627 1068.097 -30.959 -2.899
2021-04-13 2646 1046.813 -21.284 -2.033
2021-04-14 2656 1046.521 -0.292 -0.028
2021-04-15 2654 1051.853 5.332 0.507
2021-04-16 2597 1095.71 43.857 4.003
2021-04-17 2599 1097.34 1.63 0.149
2021-04-18 2599 1097.34 0 0
2021-04-19 2590 1108.041 10.701 0.966
2021-04-20 2568 1122.649 14.608 1.301
2021-04-21 2593 1107.813 -14.836 -1.339
2021-04-22 2550 1140.121 32.308 2.834
2021-04-23 2490 1194.054 53.933 4.517
2021-04-24 2490 1194.054 0 0
2021-04-25 2492 1193.135 -0.919 -0.077
2021-04-26 2516 1177.5 -15.635 -1.328
2021-04-27 2539 1156.093 -21.407 -1.852
2021-04-28 2536 1154.439 -1.654 -0.143
2021-04-29 2563 1138.053 -16.386 -1.44
2021-04-30 2572 1131.496 -6.557 -0.579
2021-05-01 2571 1130.569 -0.927 -0.082
2021-05-02 2570 1130.569 0 0
2021-05-03 2570 1130.569 0 0
2021-05-04 2568 1130.569 0 0
2021-05-05 2563 1130.569 0 0
2021-05-06 2583 1114.88 -15.689 -1.407
2021-05-07 2624 1086.008 -28.872 -2.659
2021-05-08 2623 1088.581 2.573 0.236
2021-05-09 2623 1088.581 0 0
2021-05-10 2616 1089.563 0.982 0.09
2021-05-11 2652 1057.93 -31.633 -2.99
2021-05-12 2643 1064.38 6.45 0.606
2021-05-13 2643 1049.063 -15.317 -1.46
2021-05-14 2624 1070.626 21.563 2.014
2021-05-15 2624 1073.954 3.328 0.31
2021-05-16 2624 1073.954 0 0
2021-05-17 2628 1073.954 0 0
2021-05-18 2716 990.022 -83.932 -8.478
2021-05-29 2610 1099.517 109.495 9.958
2021-05-30 2610 1099.517 0 0
2021-05-31 2571 1139.391 39.874 3.5
