2020-04-08 1739 1320.71 0 0
2020-04-09 1749 1318.414 -2.296 -0.174
2020-04-10 1745 1327.499 9.085 0.689
2020-04-11 1745 1327.499 0 0
2020-04-12 1745 1327.499 0 0
2020-04-13 1740 1327.499 0 0
2020-04-14 1758 1322.869 -4.63 -0.349
2020-04-15 1745 1331.14 8.271 0.625
2020-04-16 1741 1323.446 -7.694 -0.578
2020-04-17 1763 1316.697 -6.749 -0.51
2020-04-18 1764 1321.429 4.732 0.359
2020-04-19 1764 1321.429 0 0
2020-04-20 1770 1321.429 0 0
2020-04-21 1750 1320.566 -0.863 -0.065
2020-04-23 1763 1313.989 -6.577 -0.498
2020-04-24 1760 1314.131 0.142 0.011
2020-04-25 1763 1312.142 -1.989 -0.151
2020-04-26 1763 1312.142 0 0
2020-04-27 1772 1312.142 0 0
2020-04-28 1779 1315.556 3.414 0.26
2020-04-29 1794 1314.558 -0.998 -0.076
2020-04-30 1797 1317.126 2.568 0.195
2020-05-01 1786 1329.244 12.118 0.92
2020-05-02 1775 1335.975 6.731 0.506
2020-05-03 1775 1335.975 0 0
2020-05-04 1765 1335.975 0 0
2020-05-05 1774 1324.891 -11.084 -0.83
2020-05-06 1786 1315.556 -9.335 -0.705
2020-05-07 1792 1310.442 -5.114 -0.389
2020-05-08 1806 1307.9 -2.542 -0.194
2020-05-09 1799 1319.417 11.517 0.881
2020-05-10 1799 1319.417 0 0
2020-05-11 1805 1319.417 0 0
2020-05-12 1802 1313.704 -5.713 -0.433
2020-05-13 1790 1319.704 6 0.457
2020-05-14 1795 1315.413 -4.291 -0.325
2020-05-15 1799 1312.284 -3.129 -0.238
2020-05-16 1798 1312.994 0.71 0.054
2020-05-17 1799 1312.994 0 0
2020-05-18 1805 1312.994 0 0
2020-05-19 1810 1317.698 4.704 0.358
2020-05-20 1803 1328.517 10.819 0.821
2020-05-21 1798 1334.066 5.549 0.418
2020-05-23 1796 1321.716 -12.35 -0.926
2020-05-24 1796 1321.716 0 0
2020-05-25 1800 1321.716 0 0
2020-05-26 1811 1321.716 0 0
2020-05-27 1807 1333.04 11.324 0.857
2020-05-28 1814 1331.724 -1.316 -0.099
2020-05-29 1813 1341.736 10.012 0.752
2020-05-30 1802 1349.944 8.208 0.612
2020-05-31 1802 1349.944 0 0
