2023-08-03 1107 2803.116 0 0
2023-08-04 1150 2723.016 -80.1 -2.942
2023-08-05 1151 2726.428 3.412 0.125
2023-08-06 1151 2726.428 0 0
2023-08-07 1225 2581.126 -145.302 -5.629
2023-08-08 1207 2613.04 31.914 1.221
2023-08-09 1117 2762.545 149.505 5.412
2023-08-10 1176 2671.015 -91.53 -3.427
2023-08-11 1167 2685.558 14.543 0.542
2023-08-12 1169 2675.535 -10.023 -0.375
2023-08-13 1169 2675.535 0 0
2023-08-14 1120 2753.486 77.951 2.831
2023-08-15 1075 2826.117 72.631 2.57
2023-08-16 1126 2722.939 -103.178 -3.789
2023-08-17 1160 2659.445 -63.494 -2.387
2023-08-18 1134 2689.773 30.328 1.128
2023-08-19 1128 2697.005 7.232 0.268
2023-08-20 1129 2697.005 0 0
2023-08-21 1190 2594.165 -102.84 -3.964
2023-08-22 1260 2442.751 -151.414 -6.199
2023-08-23 1308 2326.81 -115.941 -4.983
2023-08-24 1301 2352.008 25.198 1.071
2023-08-25 1300 2346.151 -5.857 -0.25
2023-08-26 1298 2342.385 -3.766 -0.161
2023-08-27 1298 2342.385 0 0
2023-08-28 1313 2323.853 -18.532 -0.797
2023-08-29 1263 2450.1 126.247 5.153
2023-08-30 1281 2429.113 -20.987 -0.864
2023-08-31 1253 2471.258 42.145 1.705
