2019-11-07 1436 1740.397 0 0
2020-01-19 1380 1894.349 153.952 8.846
2020-02-07 1483 1719.795 -174.554 -9.214
2020-02-15 1401 1837.923 118.128 6.869
2020-02-16 1402 1837.923 0 0
2020-02-17 1384 1873.907 35.984 1.958
2020-02-18 1385 1873.907 0 0
2020-02-19 1410 1831.37 -42.537 -2.27
2020-02-20 1397 1851.693 20.323 1.11
2020-02-21 1413 1821.252 -30.441 -1.644
2020-02-22 1440 1786.817 -34.435 -1.891
2020-02-23 1439 1786.817 0 0
2020-02-24 1430 1786.817 0 0
2020-02-25 1446 1747.568 -39.249 -2.197
2020-02-26 1439 1758.524 10.956 0.627
2020-02-27 1420 1767.368 8.844 0.503
2020-02-28 1383 1798.464 31.096 1.759
2020-02-29 1419 1741.964 -56.5 -3.142
