2020-01-19 754 3386.9 0 0
2020-02-07 734 3386.9 0 0
2020-02-15 736 3386.9 0 0
2020-02-16 736 3386.9 0 0
2020-02-17 737 3386.9 0 0
2020-02-18 740 3386.9 0 0
2020-02-19 738 3386.9 0 0
2020-02-20 739 3386.9 0 0
2020-02-21 736 3386.9 0 0
2020-02-22 735 3386.9 0 0
2020-02-23 735 3386.9 0 0
2020-02-24 729 3386.9 0 0
2020-02-25 719 3386.9 0 0
2020-02-26 709 3386.9 0 0
2020-02-27 701 3386.9 0 0
2020-02-28 689 3386.9 0 0
2020-02-29 686 3386.9 0 0
2020-03-01 686 3386.9 0 0
2020-03-02 696 3386.9 0 0
2020-03-03 708 3386.9 0 0
2020-03-04 706 3386.9 0 0
2020-03-05 706 3386.9 0 0
2020-03-06 697 3386.9 0 0
2020-03-07 698 3386.9 0 0
2020-03-08 702 3386.9 0 0
2020-03-09 686 3386.9 0 0
2020-03-10 680 3386.9 0 0
2020-03-11 677 3386.9 0 0
2020-03-12 643 3386.9 0 0
2020-03-13 624 3386.9 0 0
2020-03-14 632 3386.9 0 0
2020-03-15 632 3386.9 0 0
2020-03-16 605 3386.9 0 0
2020-03-17 594 3386.9 0 0
2020-03-18 588 3386.9 0 0
2020-03-19 576 3386.9 0 0
2020-03-20 584 3386.9 0 0
2020-03-21 585 3386.9 0 0
2020-03-22 584 3386.9 0 0
2020-03-23 570 3386.9 0 0
2020-03-24 565 3386.9 0 0
2020-03-25 659 3124.5 -262.4 -8.398
2020-03-26 674 3124.5 0 0
2020-03-27 694 3124.5 0 0
2020-03-28 688 3124.5 0 0
2020-03-29 688 3124.5 0 0
2020-03-30 688 3124.5 0 0
2020-03-31 689 3124.5 0 0
2020-04-01 686 3124.5 0 0
2020-04-02 679 3124.5 0 0
2020-04-03 678 3124.5 0 0
2020-04-04 669 3124.5 0 0
2020-04-05 669 3124.5 0 0
2020-04-06 669 3124.5 0 0
2020-04-07 696 3124.5 0 0
2020-04-08 713 3124.5 0 0
2020-04-10 727 3124.5 0 0
2020-04-11 727 3124.5 0 0
2020-04-12 727 3124.5 0 0
2020-04-13 723 3124.5 0 0
2020-04-14 723 3124.5 0 0
2020-04-15 723 3124.5 0 0
2020-04-17 724 3124.5 0 0
2020-04-18 732 3124.5 0 0
2020-04-19 732 3124.5 0 0
2020-04-20 733 3124.5 0 0
2020-04-21 722 3124.5 0 0
2020-04-23 722 3124.5 0 0
2020-04-24 728 3124.5 0 0
2020-04-25 727 3124.5 0 0
2020-04-26 727 3124.5 0 0
2020-04-27 734 3124.5 0 0
2020-04-28 735 3124.5 0 0
2020-04-29 740 3124.5 0 0
2020-04-30 745 3124.5 0 0
2020-05-01 739 3124.5 0 0
2020-05-02 737 3124.5 0 0
2020-05-03 737 3124.5 0 0
2020-05-04 735 3124.5 0 0
2020-05-05 739 3124.5 0 0
2020-05-06 740 3124.5 0 0
2020-05-07 740 3124.5 0 0
2020-05-08 741 3124.5 0 0
2020-05-09 746 3124.5 0 0
2020-05-10 746 3124.5 0 0
2020-05-11 745 3124.5 0 0
2020-05-12 742 3124.5 0 0
2020-05-13 741 3124.5 0 0
2020-05-14 736 3124.5 0 0
2020-05-15 737 3124.5 0 0
2020-05-16 739 3124.5 0 0
2020-05-17 739 3124.5 0 0
2020-05-18 742 3124.5 0 0
2020-05-19 743 3124.5 0 0
2020-05-20 744 3124.5 0 0
2020-05-21 745 3124.5 0 0
2020-05-22 742 3124.5 0 0
2020-05-23 738 3124.5 0 0
2020-05-24 738 3124.5 0 0
2020-05-25 739 3124.5 0 0
2020-05-26 749 3124.5 0 0
2020-05-27 761 3124.5 0 0
2020-05-28 764 3124.5 0 0
2020-05-29 765 3124.5 0 0
2020-05-30 765 3124.5 0 0
2020-05-31 765 3124.5 0 0
2020-06-01 768 3124.5 0 0
2020-06-02 772 3124.5 0 0
2020-06-03 777 3124.5 0 0
2020-06-04 781 3124.5 0 0
2020-06-05 789 3124.5 0 0
2020-06-06 794 3124.5 0 0
2020-06-07 794 3124.5 0 0
2020-06-08 793 3124.5 0 0
2020-06-09 801 3124.5 0 0
2020-06-10 798 3124.5 0 0
2020-06-11 785 3124.5 0 0
2020-06-12 785 3124.5 0 0
2020-06-13 783 3124.5 0 0
2020-06-14 783 3124.5 0 0
2020-06-15 782 3124.5 0 0
2020-06-16 788 3124.5 0 0
2020-06-17 790 3124.5 0 0
2020-06-18 789 3124.5 0 0
2020-06-19 789 3124.5 0 0
2020-06-20 788 3124.5 0 0
2020-06-21 788 3124.5 0 0
2020-06-22 791 3124.5 0 0
2020-06-23 796 3124.5 0 0
2020-06-24 796 3124.5 0 0
2020-06-25 793 3124.5 0 0
2020-06-26 790 3124.5 0 0
2020-06-27 837 2969.271 -155.229 -5.228
2020-06-28 837 2969.271 0 0
2020-06-29 844 2969.271 0 0
2020-06-30 848 2969.271 0 0
2020-07-01 848 2969.271 0 0
2020-07-07 860 2969.271 0 0
2020-07-08 865 2969.271 0 0
2020-07-09 868 2969.271 0 0
2020-07-10 866 2969.271 0 0
2020-07-11 863 2969.271 0 0
2020-07-12 863 2969.271 0 0
2020-07-13 874 2969.271 0 0
2020-07-14 867 2969.271 0 0
2020-07-15 867 2969.271 0 0
2020-07-16 865 2969.271 0 0
2020-07-17 869 2969.271 0 0
2020-07-18 869 2969.271 0 0
2020-07-20 872 2969.271 0 0
2020-07-21 877 2969.271 0 0
2020-07-22 882 2969.271 0 0
2020-07-23 884 2969.271 0 0
2020-07-24 869 2969.271 0 0
2020-07-25 863 2969.271 0 0
2020-07-26 859 2969.271 0 0
2020-07-27 860 2969.271 0 0
2020-07-28 863 2969.271 0 0
2020-07-29 871 2969.271 0 0
2020-07-30 876 2969.271 0 0
2020-07-31 881 2969.271 0 0
2020-08-04 887 2969.271 0 0
2020-08-05 887 2969.271 0 0
2020-08-06 893 2969.271 0 0
2020-08-07 889 2969.271 0 0
2020-08-08 886 2969.271 0 0
2020-08-09 886 2969.271 0 0
2020-08-10 887 2969.271 0 0
2020-08-12 885 2969.271 0 0
2020-08-13 889 2969.271 0 0
2020-08-14 887 2969.271 0 0
2020-08-15 887 2969.271 0 0
2020-08-16 887 2969.271 0 0
2020-08-17 890 2969.271 0 0
2020-08-18 891 2969.271 0 0
2020-08-19 892 2969.271 0 0
2020-08-20 882 2969.271 0 0
2020-08-21 886 2969.271 0 0
2020-08-22 885 2969.271 0 0
2020-08-23 885 2969.271 0 0
2020-08-24 889 2969.271 0 0
2020-08-25 895 2969.271 0 0
2020-08-26 899 2969.271 0 0
2020-08-27 900 2969.271 0 0
2020-08-28 902 2969.271 0 0
2020-08-29 903 2969.271 0 0
2020-08-30 903 2969.271 0 0
2020-08-31 898 2969.271 0 0
2020-09-01 904 2969.271 0 0
2020-09-02 919 2969.271 0 0
2020-09-03 910 2969.271 0 0
2020-09-04 905 2969.271 0 0
2020-09-05 905 2969.271 0 0
2020-09-06 905 2969.271 0 0
2020-09-07 897 2969.271 0 0
2020-09-08 898 2969.271 0 0
2020-09-09 897 2969.271 0 0
2020-09-10 893 2969.271 0 0
2020-09-11 893 2969.271 0 0
2020-09-12 893 2969.271 0 0
2020-09-13 893 2969.271 0 0
2020-09-14 899 2969.271 0 0
2020-09-15 906 2969.271 0 0
2020-09-16 907 2969.271 0 0
2020-09-17 909 2969.271 0 0
2020-09-18 909 2969.271 0 0
2020-09-19 911 2969.271 0 0
2020-09-21 902 2969.271 0 0
2020-09-22 896 2969.271 0 0
2020-09-23 899 2969.271 0 0
2020-09-24 888 2969.271 0 0
2020-09-25 883 2969.271 0 0
2020-09-26 882 2969.271 0 0
2020-09-27 882 2969.271 0 0
2020-09-28 885 2969.271 0 0
2020-09-29 889 2969.271 0 0
2020-09-30 897 2969.271 0 0
2020-10-01 899 2969.271 0 0
2020-10-03 899 2969.271 0 0
2020-10-04 899 2969.271 0 0
2020-10-05 901 2969.271 0 0
2020-10-06 908 2969.271 0 0
2020-10-07 908 2969.271 0 0
2020-10-08 908 2969.271 0 0
2020-10-09 913 2969.271 0 0
2020-10-10 911 2969.271 0 0
2020-10-11 912 2969.271 0 0
2020-10-12 920 2969.271 0 0
2020-10-13 916 2969.271 0 0
2020-10-14 913 2969.271 0 0
2020-10-16 914 2969.271 0 0
2020-10-17 914 2969.271 0 0
2020-10-18 914 2969.271 0 0
2020-10-19 914 2969.271 0 0
2020-10-20 916 2969.271 0 0
2020-10-21 915 2969.271 0 0
2020-10-22 914 2969.271 0 0
2020-10-23 913 2969.271 0 0
2020-10-24 912 2969.271 0 0
2020-10-25 911 2969.271 0 0
2020-10-26 910 2969.271 0 0
2020-10-27 909 2969.271 0 0
2020-10-28 905 2969.271 0 0
2020-10-29 901 2969.271 0 0
2020-10-30 893 2969.271 0 0
2020-10-31 895 2969.271 0 0
2020-11-01 895 2969.271 0 0
2020-11-02 900 2969.271 0 0
2020-11-03 908 2969.271 0 0
2020-11-04 917 2969.271 0 0
2020-11-05 923 2969.271 0 0
2020-11-06 930 2969.271 0 0
2020-11-07 933 2969.271 0 0
2020-11-08 933 2969.271 0 0
2020-11-09 937 2969.271 0 0
2020-11-10 944 2969.271 0 0
2020-11-11 946 2969.271 0 0
2020-11-12 944 2969.271 0 0
2020-11-13 946 2969.271 0 0
2020-11-14 943 2969.271 0 0
2020-11-15 943 2969.271 0 0
2020-11-17 947 2969.271 0 0
2020-11-18 943 2969.271 0 0
2020-11-19 945 2969.271 0 0
2020-11-20 948 2969.271 0 0
2020-11-21 949 2969.271 0 0
2020-11-22 947 2969.271 0 0
2020-11-23 951 2969.271 0 0
2020-11-24 952 2969.271 0 0
2020-11-25 941 2969.271 0 0
2020-11-26 941 2969.271 0 0
2020-11-27 944 2969.271 0 0
2020-11-28 943 2969.271 0 0
2020-11-29 943 2969.271 0 0
2020-11-30 944 2969.271 0 0
