2025-03-13 1940 1699.171 0 0
2025-03-14 1944 1701.011 1.84 0.108
2025-03-15 1945 1701.011 0 0
2025-03-16 1945 1701.011 0 0
2025-03-17 1952 1701.655 0.644 0.038
2025-03-18 1961 1701.839 0.184 0.011
2025-03-19 1958 1703.956 2.117 0.124
2025-03-20 1954 1702.76 -1.196 -0.07
2025-03-21 1943 1704.692 1.932 0.113
2025-03-22 1944 1704.692 0 0
2025-03-23 1944 1704.692 0 0
2025-03-24 1946 1704.14 -0.552 -0.032
2025-03-25 1944 1705.612 1.472 0.086
2025-03-26 1947 1705.612 0 0
2025-03-27 1940 1705.612 0 0
2025-03-28 1933 1705.612 0 0
2025-03-29 1933 1705.612 0 0
2025-03-30 1933 1705.612 0 0
2025-03-31 1931 1705.612 0 0
2025-04-01 1936 1705.612 0 0
2025-04-02 2041 1705.612 0 0
