2026-03-10 2307 1770.363 0 0
2026-03-11 2405 1680.819 -89.544 -5.058
2026-03-12 2489 1594.653 -86.166 -5.126
2026-03-13 2553 1536.509 -58.144 -3.646
2026-03-14 2557 1530.365 -6.144 -0.4
2026-03-15 2557 1530.365 0 0
2026-03-16 2611 1485.862 -44.503 -2.908
2026-03-17 2630 1467.617 -18.245 -1.228
2026-03-18 2581 1505.228 37.611 2.563
2026-03-19 2759 1368.714 -136.514 -9.069
2026-03-20 2805 1325.441 -43.273 -3.162
2026-03-21 2796 1329.12 3.679 0.278
2026-03-22 2796 1329.12 0 0
2026-03-23 2877 1269.475 -59.645 -4.488
2026-03-24 2755 1350.577 81.102 6.389
2026-03-25 2685 1404.067 53.49 3.961
2026-03-27 2809 1317.947 -86.12 -6.134
2026-03-28 2809 1313.637 -4.31 -0.327
2026-03-29 2809 1313.637 0 0
2026-03-30 2776 1328.582 14.945 1.138
2026-03-31 2851 1292.896 -35.686 -2.686
2026-04-01 2786 1334.774 0 0
2026-04-02 2809 1319.824 0 0
2026-04-03 2799 1324.792 0 0
2026-04-04 2651 1423.286 0 0
2026-04-05 2651 1423.286 0 0
2026-04-06 2649 1423.286 0 0
