2026-03-10 1449 2898.215 0 0
2026-03-11 1449 2911.717 13.502 0.466
2026-03-12 1456 2891.511 -20.206 -0.694
2026-03-13 1451 2880.516 -10.995 -0.38
2026-03-14 1456 2861.067 -19.449 -0.675
2026-03-15 1456 2861.067 0 0
2026-03-16 1460 2861.067 0 0
2026-03-17 1455 2871.253 10.186 0.356
2026-03-18 1460 2871.253 0 0
2026-03-19 1448 2878.195 6.942 0.242
2026-03-20 1437 2878.526 0.331 0.012
2026-03-21 1438 2886.169 7.643 0.266
2026-03-22 1438 2886.169 0 0
2026-03-23 1419 2886.169 0 0
2026-03-24 1418 2896.536 10.367 0.359
2026-03-25 1431 2894.524 -2.012 -0.069
2026-03-27 1422 2894.524 0 0
2026-03-28 1427 2880.184 -14.34 -0.495
2026-03-29 1426 2880.184 0 0
2026-03-30 1415 2880.184 0 0
2026-03-31 1421 2866.315 -13.869 -0.482
2026-04-01 1424 2880.516 0 0
2026-04-02 1423 2880.516 0 0
2026-04-03 1414 2905.963 0 0
2026-04-04 1424 2887.836 0 0
2026-04-05 1424 2887.836 0 0
2026-04-06 1424 2887.836 0 0
2026-04-07 1419 2887.836 0 0
2026-04-08 1428 2885.503 0 0
