2019-11-07 76 16981.721 0 0
2020-01-19 63 18883.159 1901.438 11.197
2020-02-07 66 18336.475 -546.684 -2.895
2020-02-15 66 18467.008 130.533 0.712
2020-02-16 66 18467.008 0 0
2020-02-17 67 18233.691 -233.317 -1.263
2020-02-18 67 18233.691 0 0
2020-02-19 67 18116.299 -117.392 -0.644
2020-02-20 68 18176.847 60.548 0.334
2020-02-21 69 17858.15 -318.697 -1.753
2020-02-22 68 18023.224 165.074 0.924
2020-02-23 68 18023.224 0 0
2020-02-24 66 18023.224 0 0
2020-02-25 66 17519.491 -503.733 -2.795
2020-02-26 51 20987.499 3468.008 19.795
2020-02-27 50 20842.769 -144.73 -0.69
2020-02-28 50 20499.625 -343.144 -1.646
2020-02-29 53 19516.044 -983.581 -4.798
