2024-03-30 1926 1671 0 0
2024-03-31 1925 1671 0 0
2024-04-02 1923 1671 0 0
2024-04-03 1924 1671 0 0
2024-04-04 1919 1671 0 0
2024-04-05 1923 1671 0 0
2024-04-06 1921 1671 0 0
2024-04-07 1922 1671 0 0
2024-04-08 1924 1671 0 0
2024-04-09 1923 1671 0 0
2024-04-10 1923 1671 0 0
2024-04-11 1916 1671 0 0
2024-04-12 1906 1671 0 0
2024-04-13 1900 1671 0 0
2024-04-14 1900 1671 0 0
2024-04-15 1899 1671 0 0
2024-04-16 1889 1671 0 0
2024-04-17 1891 1671 0 0
2024-04-18 1892 1671 0 0
2024-04-19 1888 1671 0 0
2024-04-20 1888 1671 0 0
2024-04-21 1888 1671 0 0
2024-04-22 1889 1671 0 0
2024-04-23 1897 1671 0 0
2024-04-24 1899 1671 0 0
2024-04-25 1896 1671 0 0
2024-04-26 1909 1671 0 0
2024-04-27 1911 1671 0 0
2024-04-28 1911 1671 0 0
2024-04-29 1920 1671 0 0
2024-04-30 1917 1671 0 0
2024-05-01 1912 1671 0 0
2024-05-02 1920 1671 0 0
2024-05-03 1920 1671 0 0
2024-05-04 1925 1671 0 0
2024-05-05 1925 1671 0 0
2024-05-06 1931 1671 0 0
2024-05-07 1935 1671 0 0
2024-05-08 1934 1671 0 0
2024-05-09 1938 1671 0 0
2024-05-10 1936 1671 0 0
2024-05-11 1936 1671 0 0
2024-05-12 1936 1671 0 0
2024-05-13 1931 1671 0 0
2024-05-14 1937 1671 0 0
2024-05-15 1940 1671 0 0
2024-05-16 1943 1671 0 0
2024-05-17 1947 1671 0 0
2024-05-18 1945 1671 0 0
2024-05-19 1945 1671 0 0
2024-05-20 1950 1671 0 0
2024-05-21 1945 1671 0 0
2024-05-22 1946 1671 0 0
2024-05-23 1937 1671 0 0
2024-05-24 1936 1671 0 0
2024-05-25 1936 1671 0 0
2024-05-26 1936 1671 0 0
2024-05-27 1938 1671 0 0
2024-05-28 1935 1671 0 0
2024-05-29 1930 1671 0 0
2024-05-30 1923 1671 0 0
2024-05-31 1930 1671 0 0
2024-06-01 1928 1671 0 0
2024-06-02 1929 1671 0 0
2024-06-03 1930 1671 0 0
2024-06-04 1921 1671 0 0
2024-06-05 1926 1671 0 0
2024-06-06 1922 1671 0 0
2024-06-07 1926 1671 0 0
2024-06-09 1923 1671 0 0
2024-06-10 1932 1671 0 0
2024-06-11 1929 1671 0 0
2024-06-12 1931 1671 0 0
2024-06-13 1932 1671 0 0
2024-06-14 1922 1671 0 0
2024-06-15 1919 1671 0 0
2024-06-16 1918 1671 0 0
2024-06-17 1920 1671 0 0
2024-06-18 1920 1671 0 0
2024-06-19 1917 1671 0 0
2024-06-20 1921 1671 0 0
2024-06-21 1919 1671 0 0
2024-06-22 1915 1671 0 0
2024-06-23 1914 1671 0 0
2024-06-24 1914 1671 0 0
2024-06-25 1915 1671 0 0
2024-06-26 1914 1671 0 0
2024-06-27 1912 1671 0 0
2024-06-28 1900 1671 0 0
2024-06-29 1901 1671 0 0
2024-06-30 1901 1671 0 0
2024-07-01 1902 1671 0 0
2024-07-02 1897 1671 0 0
2024-07-03 1903 1671 0 0
2024-07-04 1904 1671 0 0
2024-07-05 1906 1671 0 0
2024-07-06 1911 1671 0 0
2024-07-07 1911 1671 0 0
2024-07-08 1905 1671 0 0
2024-07-09 1909 1671 0 0
2024-07-10 1914 1671 0 0
2024-07-11 1924 1671 0 0
2024-07-12 1936 1671 0 0
2024-07-13 1938 1671 0 0
2024-07-14 1938 1671 0 0
2024-07-15 1933 1671 0 0
2024-07-16 1928 1671 0 0
2024-07-17 1923 1671 0 0
2024-07-18 1933 1671 0 0
2024-07-19 1920 1671 0 0
2024-07-20 1918 1671 0 0
2024-07-21 1918 1671 0 0
2024-07-22 1914 1671 0 0
2024-07-23 1906 1671 0 0
2024-07-24 1900 1671 0 0
2024-07-25 1900 1671 0 0
2024-07-26 1907 1671 0 0
2024-07-27 1907 1671 0 0
2024-07-28 1907 1671 0 0
2024-07-29 1906 1671 0 0
2024-07-30 1902 1671 0 0
2024-07-31 1915 1671 0 0
