2021-04-09 2190 1405.745 0 0
2021-04-10 2187 1405.69 -0.055 -0.004
2021-04-11 2188 1405.69 0 0
2021-04-12 2256 1337.843 -67.847 -4.827
2021-04-13 2363 1242.514 -95.329 -7.126
2021-04-14 2333 1286.133 43.619 3.511
2021-04-15 2344 1281.984 -4.149 -0.323
2021-04-16 2310 1305.404 23.42 1.827
2021-04-17 2313 1304.866 -0.538 -0.041
2021-04-18 2313 1304.866 0 0
2021-04-19 2324 1300.568 -4.298 -0.329
2021-04-20 2311 1320.246 19.678 1.513
2021-04-21 2363 1271.819 -48.427 -3.668
2021-04-22 2317 1313.72 41.901 3.295
2021-04-23 2251 1376.364 62.644 4.768
2021-04-24 2251 1376.364 0 0
2021-04-25 2253 1376.24 -0.124 -0.009
2021-04-26 2266 1370.214 -6.026 -0.438
2021-04-27 2228 1404.792 34.578 2.524
2021-04-28 2253 1388.866 -15.926 -1.134
2021-04-29 2247 1387.844 -1.022 -0.074
2021-04-30 2297 1339.533 -48.311 -3.481
2021-05-01 2295 1338.93 -0.603 -0.045
