2020-01-19 1180 2230 0 0
2020-02-07 1162 2230 0 0
2020-02-15 1175 2230 0 0
2020-02-16 1175 2230 0 0
2020-02-17 1176 2230 0 0
2020-02-18 1176 2230 0 0
2020-02-19 1181 2230 0 0
2020-02-20 1178 2230 0 0
2020-02-21 1174 2230 0 0
2020-02-22 1177 2230 0 0
2020-02-23 1176 2230 0 0
2020-02-24 1165 2230 0 0
2020-02-25 1156 2230 0 0
2020-02-26 1139 2230 0 0
2020-02-27 1131 2230 0 0
2020-02-28 1114 2230 0 0
2020-02-29 1116 2230 0 0
2020-03-01 1115 2230 0 0
2020-03-02 1121 2230 0 0
2020-03-03 1130 2230 0 0
2020-03-04 1138 2230 0 0
2020-03-05 1138 2230 0 0
2020-03-06 1126 2230 0 0
2020-03-07 1126 2230 0 0
2020-03-08 1123 2230 0 0
2020-03-09 1096 2230 0 0
2020-03-10 1090 2230 0 0
2020-03-11 1077 2230 0 0
2020-03-12 1025 2230 0 0
2020-03-13 994 2230 0 0
2020-03-14 1000 2230 0 0
2020-03-15 1000 2230 0 0
2020-03-16 971 2230 0 0
2020-03-17 953 2230 0 0
2020-03-18 944 2230 0 0
2020-03-19 943 2230 0 0
2020-03-20 948 2230 0 0
2020-03-21 951 2230 0 0
2020-03-22 951 2230 0 0
2020-03-23 937 2230 0 0
2020-03-24 929 2230 0 0
2020-03-25 952 2230 0 0
2020-03-26 975 2230 0 0
2020-03-27 998 2230 0 0
2020-03-28 987 2230 0 0
2020-03-29 987 2230 0 0
2020-03-30 987 2230 0 0
2020-03-31 983 2230 0 0
2020-04-01 989 2230 0 0
2020-04-02 981 2230 0 0
2020-04-03 973 2230 0 0
2020-04-04 969 2230 0 0
2020-04-05 969 2230 0 0
2020-04-06 969 2230 0 0
2020-04-07 991 2230 0 0
2020-04-08 1027 2230 0 0
2020-04-10 1041 2230 0 0
2020-04-11 1041 2230 0 0
2020-04-12 1041 2230 0 0
2020-04-13 1042 2230 0 0
2020-04-14 1050 2230 0 0
2020-04-15 1044 2230 0 0
2020-04-17 1043 2230 0 0
2020-04-18 1049 2230 0 0
2020-04-19 1049 2230 0 0
2020-04-20 1050 2230 0 0
2020-04-21 1040 2230 0 0
2020-04-23 1040 2230 0 0
2020-04-24 1040 2230 0 0
2020-04-25 1037 2230 0 0
2020-04-26 1037 2230 0 0
2020-04-27 1043 2230 0 0
2020-04-28 1055 2230 0 0
2020-04-29 1063 2230 0 0
2020-04-30 1061 2230 0 0
2020-05-01 1064 2230 0 0
2020-05-02 1061 2230 0 0
2020-05-03 1061 2230 0 0
2020-05-04 1060 2230 0 0
2020-05-05 1062 2230 0 0
2020-05-06 1066 2230 0 0
2020-05-07 1055 2230 0 0
2020-05-08 1062 2230 0 0
2020-05-09 1074 2230 0 0
2020-05-10 1074 2230 0 0
2020-05-11 1072 2230 0 0
2020-05-12 1073 2230 0 0
2020-05-13 1063 2230 0 0
2020-05-14 1048 2230 0 0
2020-05-15 1046 2230 0 0
2020-05-16 1046 2230 0 0
2020-05-17 1046 2230 0 0
2020-05-18 1067 2230 0 0
2020-05-19 1076 2230 0 0
2020-05-20 1079 2230 0 0
2020-05-21 1080 2230 0 0
2020-05-22 1078 2230 0 0
2020-05-23 1072 2230 0 0
2020-05-24 1072 2230 0 0
2020-05-25 1079 2230 0 0
2020-05-26 1092 2230 0 0
2020-05-27 1096 2230 0 0
2020-05-28 1099 2230 0 0
2020-05-29 1106 2230 0 0
2020-05-30 1106 2230 0 0
2020-05-31 1106 2230 0 0
2020-06-01 1112 2230 0 0
2020-06-02 1119 2230 0 0
2020-06-03 1134 2230 0 0
2020-06-04 1145 2230 0 0
2020-06-05 1150 2230 0 0
2020-06-06 1152 2230 0 0
2020-06-07 1152 2230 0 0
2020-06-08 1156 2230 0 0
2020-06-09 1155 2230 0 0
2020-06-10 1152 2230 0 0
2020-06-11 1143 2230 0 0
2020-06-12 1143 2230 0 0
2020-06-13 1141 2230 0 0
2020-06-14 1141 2230 0 0
2020-06-15 1142 2230 0 0
2020-06-16 1148 2230 0 0
2020-06-17 1153 2230 0 0
2020-06-18 1151 2230 0 0
2020-06-19 1147 2230 0 0
2020-06-20 1145 2230 0 0
2020-06-21 1145 2230 0 0
2020-06-22 1145 2230 0 0
2020-06-23 1156 2230 0 0
2020-06-24 1156 2230 0 0
2020-06-25 1145 2230 0 0
2020-06-26 1143 2230 0 0
2020-06-27 1144 2230 0 0
2020-06-28 1145 2230 0 0
2020-06-29 1143 2230 0 0
2020-06-30 1141 2230 0 0
2020-07-01 1148 2230 0 0
2020-07-07 1167 2230 0 0
2020-07-08 1184 2230 0 0
2020-07-09 1185 2230 0 0
2020-07-10 1175 2230 0 0
2020-07-11 1177 2230 0 0
2020-07-12 1177 2230 0 0
2020-07-13 1183 2230 0 0
2020-07-14 1185 2230 0 0
2020-07-15 1183 2230 0 0
2020-07-16 1179 2230 0 0
2020-07-17 1191 2230 0 0
2020-07-18 1191 2230 0 0
2020-07-20 1193 2230 0 0
2020-07-21 1193 2230 0 0
2020-07-22 1339 2000 -230 -11.5
2020-07-23 1335 2000 0 0
2020-07-24 1328 2000 0 0
2020-07-25 1327 2000 0 0
2020-07-26 1326 2000 0 0
2020-07-27 1326 2000 0 0
2020-07-28 1334 2000 0 0
2020-07-29 1337 2000 0 0
2020-07-30 1342 2000 0 0
2020-07-31 1344 2000 0 0
2020-08-04 1358 2000 0 0
2020-08-05 1357 2000 0 0
2020-08-06 1362 2000 0 0
2020-08-07 1357 2000 0 0
2020-08-08 1357 2000 0 0
2020-08-09 1357 2000 0 0
2020-08-10 1358 2000 0 0
2020-08-12 1355 2000 0 0
2020-08-13 1359 2000 0 0
2020-08-14 1358 2000 0 0
2020-08-15 1358 2000 0 0
2020-08-16 1358 2000 0 0
2020-08-17 1360 2000 0 0
2020-08-18 1361 2000 0 0
2020-08-19 1362 2000 0 0
2020-08-20 1356 2000 0 0
2020-08-21 1357 2000 0 0
2020-08-22 1358 2000 0 0
2020-08-23 1358 2000 0 0
2020-08-24 1353 2000 0 0
2020-08-25 1356 2000 0 0
2020-08-26 1360 2000 0 0
2020-08-27 1360 2000 0 0
2020-08-28 1365 2000 0 0
2020-08-29 1367 2000 0 0
2020-08-30 1367 2000 0 0
2020-08-31 1362 2000 0 0
2020-09-01 1371 2000 0 0
2020-09-02 1377 2000 0 0
2020-09-03 1368 2000 0 0
2020-09-04 1361 2000 0 0
2020-09-05 1362 2000 0 0
2020-09-06 1362 2000 0 0
2020-09-07 1364 2000 0 0
2020-09-08 1360 2000 0 0
2020-09-09 1357 2000 0 0
2020-09-10 1359 2000 0 0
2020-09-11 1358 2000 0 0
2020-09-12 1358 2000 0 0
2020-09-13 1358 2000 0 0
2020-09-14 1366 2000 0 0
2020-09-15 1375 2000 0 0
2020-09-16 1375 2000 0 0
2020-09-17 1372 2000 0 0
2020-09-18 1372 2000 0 0
2020-09-19 1373 2000 0 0
2020-09-21 1362 2000 0 0
2020-09-22 1356 2000 0 0
2020-09-23 1355 2000 0 0
2020-09-24 1346 2000 0 0
2020-09-25 1350 2000 0 0
2020-09-26 1349 2000 0 0
2020-09-27 1350 2000 0 0
2020-09-28 1357 2000 0 0
2020-09-29 1358 2000 0 0
2020-09-30 1362 2000 0 0
2020-10-01 1368 2000 0 0
2020-10-03 1368 2000 0 0
2020-10-04 1368 2000 0 0
2020-10-05 1371 2000 0 0
2020-10-06 1373 2000 0 0
2020-10-07 1373 2000 0 0
2020-10-08 1379 2000 0 0
2020-10-09 1391 2000 0 0
2020-10-10 1393 2000 0 0
2020-10-11 1395 2000 0 0
2020-10-12 1398 2000 0 0
2020-10-13 1400 2000 0 0
2020-10-14 1392 2000 0 0
2020-10-16 1386 2000 0 0
2020-10-17 1386 2000 0 0
2020-10-18 1386 2000 0 0
2020-10-19 1382 2000 0 0
2020-10-20 1387 2000 0 0
2020-10-21 1388 2000 0 0
2020-10-22 1385 2000 0 0
2020-10-23 1380 2000 0 0
2020-10-24 1380 2000 0 0
2020-10-25 1379 2000 0 0
2020-10-26 1377 2000 0 0
2020-10-27 1373 2000 0 0
2020-10-28 1367 2000 0 0
2020-10-29 1367 2000 0 0
2020-10-30 1357 2000 0 0
2020-10-31 1358 2000 0 0
2020-11-01 1358 2000 0 0
2020-11-02 1360 2000 0 0
2020-11-03 1364 2000 0 0
2020-11-04 1378 2000 0 0
2020-11-05 1388 2000 0 0
2020-11-06 1393 2000 0 0
2020-11-07 1395 2000 0 0
2020-11-08 1395 2000 0 0
2020-11-09 1399 2000 0 0
2020-11-10 1406 2000 0 0
2020-11-11 1404 2000 0 0
2020-11-12 1398 2000 0 0
2020-11-13 1402 2000 0 0
2020-11-14 1395 2000 0 0
2020-11-15 1395 2000 0 0
2020-11-17 1403 2000 0 0
2020-11-18 1407 2000 0 0
2020-11-19 1407 2000 0 0
2020-11-20 1413 2000 0 0
2020-11-21 1416 2000 0 0
2020-11-22 1416 2000 0 0
2020-11-23 1417 2000 0 0
2020-11-24 1418 2000 0 0
2020-11-25 1409 2000 0 0
2020-11-26 1412 2000 0 0
2020-11-27 1414 2000 0 0
2020-11-28 1416 2000 0 0
2020-11-29 1416 2000 0 0
2020-11-30 1417 2000 0 0
2020-12-01 1420 2000 0 0
2020-12-02 1423 2000 0 0
2020-12-03 1423 2000 0 0
2020-12-04 1437 2000 0 0
2020-12-05 1435 2000 0 0
2020-12-06 1435 2000 0 0
2020-12-07 1434 2000 0 0
2020-12-08 1444 2000 0 0
2020-12-09 1452 2000 0 0
2020-12-10 1445 2000 0 0
2020-12-11 1447 2000 0 0
2020-12-12 1447 2000 0 0
2020-12-13 1447 2000 0 0
2020-12-14 1450 2000 0 0
2020-12-15 1445 2000 0 0
2020-12-16 1444 2000 0 0
2020-12-17 1462 2000 0 0
2020-12-18 1465 2000 0 0
2020-12-19 1464 2000 0 0
2020-12-20 1464 2000 0 0
2020-12-21 1461 2000 0 0
2020-12-22 1456 2000 0 0
2020-12-23 1484 2000 0 0
2020-12-24 1482 2000 0 0
2020-12-25 1483 2000 0 0
2020-12-26 1483 2000 0 0
2020-12-27 1483 2000 0 0
2020-12-28 1478 2000 0 0
2020-12-29 1475 2000 0 0
2020-12-31 1486 2000 0 0
2021-01-01 1484 2000 0 0
2021-01-02 1484 2000 0 0
2021-01-03 1484 2000 0 0
2021-01-04 1491 2000 0 0
2021-01-05 1500 2000 0 0
2021-01-06 1496 2000 0 0
2021-01-07 1499 2000 0 0
2021-01-08 1515 2000 0 0
2021-01-09 1509 2000 0 0
2021-01-10 1509 2000 0 0
2021-01-11 1504 2000 0 0
2021-01-12 1497 2000 0 0
2021-01-13 1496 2000 0 0
2021-01-14 1508 2000 0 0
2021-01-15 1508 2000 0 0
2021-01-16 1506 2000 0 0
2021-01-17 1506 2000 0 0
2021-01-18 1503 2000 0 0
2021-01-19 1505 2000 0 0
2021-01-20 1511 2000 0 0
2021-01-21 1519 2000 0 0
2021-01-22 1517 2000 0 0
2021-01-23 1515 2000 0 0
2021-01-24 1515 2000 0 0
2021-01-25 1519 2000 0 0
2021-01-26 1512 2000 0 0
2021-01-27 1514 2000 0 0
2021-01-28 1506 2000 0 0
2021-01-29 1497 2000 0 0
2021-01-30 1495 2000 0 0
2021-01-31 1495 2000 0 0
2021-02-01 1504 2000 0 0
2021-02-02 1508 2000 0 0
2021-02-03 1522 2000 0 0
2021-02-04 1530 2000 0 0
2021-02-05 1523 2000 0 0
2021-02-06 1526 2000 0 0
2021-02-07 1526 2000 0 0
2021-02-08 1532 2000 0 0
2021-02-09 1543 2000 0 0
2021-02-10 1542 2000 0 0
2021-02-11 1547 2000 0 0
2021-02-12 1548 2000 0 0
2021-02-13 1547 2000 0 0
2021-02-14 1547 2000 0 0
2021-02-15 1547 2000 0 0
2021-02-16 1552 2000 0 0
2021-02-17 1555 2000 0 0
2021-02-19 1545 2000 0 0
2021-02-20 1550 2000 0 0
2021-02-21 1551 2000 0 0
2021-02-22 1544 2000 0 0
2021-02-23 1542 2000 0 0
2021-02-24 1541 2000 0 0
2021-02-25 1537 2000 0 0
2021-02-26 1529 2000 0 0
2021-02-27 1520 2000 0 0
2021-02-28 1522 2000 0 0
2021-03-01 1540 2000 0 0
2021-03-02 1534 2000 0 0
2021-03-03 1534 2000 0 0
2021-03-04 1538 2000 0 0
2021-03-05 1526 2000 0 0
2021-03-06 1523 2000 0 0
2021-03-07 976 3020 1020 33.775
2021-03-08 973 3020 0 0
2021-03-09 966 3020 0 0
2021-03-11 984 3020 0 0
2021-03-12 988 3020 0 0
2021-03-13 989 3020 0 0
2021-03-14 990 3020 0 0
2021-03-15 985 3020 0 0
2021-03-16 990 3020 0 0
2021-03-18 996 3020 0 0
2021-03-19 996 3020 0 0
2021-03-20 995 3020 0 0
2021-03-21 995 3020 0 0
2021-03-22 995 3020 0 0
2021-03-23 986 3020 0 0
2021-03-24 980 3020 0 0
2021-03-26 990 3020 0 0
2021-03-27 987 3020 0 0
2021-03-28 987 3020 0 0
2021-03-29 986 3020 0 0
2021-03-30 996 3020 0 0
2021-03-31 988 3020 0 0
2021-04-01 1000 3020 0 0
2021-04-02 1001 3020 0 0
2021-04-03 1001 3020 0 0
2021-04-04 1001 3020 0 0
2021-04-05 1001 3020 0 0
2021-04-06 1006 3020 0 0
2021-04-07 1011 3020 0 0
2021-04-08 1008 3020 0 0
2021-04-09 1046 3020 0 0
2021-04-10 1044 3020 0 0
2021-04-11 1044 3020 0 0
2021-04-12 1035 3020 0 0
2021-04-13 1036 3020 0 0
2021-04-14 1043 3020 0 0
2021-04-15 1046 3020 0 0
2021-04-16 1045 3020 0 0
2021-04-17 1047 3020 0 0
2021-04-18 1047 3020 0 0
2021-04-19 1051 3020 0 0
2021-04-20 1055 3020 0 0
2021-04-21 1059 3020 0 0
2021-04-22 1056 3020 0 0
2021-04-23 1061 3020 0 0
2021-04-24 1061 3020 0 0
2021-04-25 1061 3020 0 0
2021-04-26 1059 3020 0 0
2021-04-27 1065 3020 0 0
2021-04-28 1065 3020 0 0
2021-04-29 1067 3020 0 0
2021-04-30 1063 3020 0 0
2021-05-01 1058 3020 0 0
2021-05-02 1057 3020 0 0
2021-05-03 1061 3020 0 0
2021-05-04 1060 3020 0 0
2021-05-05 1058 3020 0 0
2021-05-06 1054 3020 0 0
2021-05-07 1051 3020 0 0
2021-05-08 1057 3020 0 0
2021-05-09 1057 3020 0 0
2021-05-10 1056 3020 0 0
2021-05-11 1056 3020 0 0
2021-05-12 1056 3020 0 0
2021-05-13 1043 3020 0 0
2021-05-14 1052 3020 0 0
2021-05-15 1055 3020 0 0
2021-05-16 1055 3020 0 0
2021-05-17 1062 3020 0 0
2021-05-18 1061 3020 0 0
2021-05-19 1062 3020 0 0
2021-05-20 1064 3020 0 0
2021-05-21 1065 3020 0 0
2021-05-22 1064 3020 0 0
2021-05-24 1067 3020 0 0
2021-05-25 1071 3020 0 0
2021-05-26 1072 3020 0 0
2021-05-27 1077 3020 0 0
2021-05-28 1076 3020 0 0
2021-05-29 1075 3020 0 0
2021-05-30 1075 3020 0 0
2021-05-31 1082 3020 0 0
2021-06-01 1078 3020 0 0
2021-06-02 1080 3020 0 0
2021-06-03 1077 3020 0 0
2021-06-04 1076 3020 0 0
2021-06-05 1075 3020 0 0
2021-06-06 1075 3020 0 0
2021-06-07 1074 3020 0 0
2021-06-08 1078 3020 0 0
2021-06-09 1082 3020 0 0
2021-06-10 1087 3020 0 0
2021-06-11 1083 3020 0 0
2021-06-12 1080 3020 0 0
2021-06-13 1080 3020 0 0
2021-06-14 1082 3020 0 0
2021-06-16 1071 3020 0 0
2021-06-17 1069 3020 0 0
2021-06-18 1062 3020 0 0
2021-06-19 1062 3020 0 0
2021-06-20 1061 3020 0 0
2021-06-21 1067 3020 0 0
2021-06-22 1068 3020 0 0
2021-06-23 1071 3020 0 0
2021-06-24 1073 3020 0 0
2021-06-25 1077 3020 0 0
2021-06-26 1080 3020 0 0
2021-06-27 1080 3020 0 0
2021-06-28 1083 3020 0 0
2021-06-29 1081 3020 0 0
2021-06-30 1077 3020 0 0
2021-07-01 1075 3020 0 0
2021-07-02 1069 3020 0 0
2021-07-03 1069 3020 0 0
2021-07-04 1069 3020 0 0
2021-07-05 1069 3020 0 0
2021-07-06 1064 3020 0 0
2021-07-07 1073 3020 0 0
2021-07-08 1071 3020 0 0
2021-07-09 1077 3020 0 0
2021-07-10 1076 3020 0 0
2021-07-11 1076 3020 0 0
2021-07-12 1084 3020 0 0
2021-07-13 1080 3020 0 0
2021-07-14 1073 3020 0 0
2021-07-15 1081 3020 0 0
2021-07-16 1072 3020 0 0
2021-07-17 1072 3020 0 0
2021-07-18 1072 3020 0 0
2021-07-19 1069 3020 0 0
2021-07-20 1069 3020 0 0
2021-07-21 1080 3020 0 0
2021-07-22 1079 3020 0 0
2021-07-23 1074 3020 0 0
2021-07-24 1071 3020 0 0
2021-07-25 1071 3020 0 0
2021-07-26 1074 3020 0 0
2021-07-27 1062 3020 0 0
2021-07-28 1060 3020 0 0
2021-07-29 1067 3020 0 0
2021-07-30 1070 3020 0 0
2021-07-31 1066 3020 0 0
2021-08-01 1066 3020 0 0
2021-08-02 1070 3020 0 0
2021-08-03 1078 3020 0 0
2021-08-04 1084 3020 0 0
2021-08-05 1078 3020 0 0
2021-08-06 1077 3020 0 0
2021-08-07 1074 3020 0 0
2021-08-08 1074 3020 0 0
2021-08-09 1078 3020 0 0
2021-08-10 1077 3020 0 0
2021-08-11 1078 3020 0 0
2021-08-13 1077 3020 0 0
2021-08-14 1079 3020 0 0
2021-08-15 1078 3020 0 0
2021-08-16 1073 3020 0 0
2021-08-17 1070 3020 0 0
2021-08-18 1075 3020 0 0
2021-08-19 1070 3020 0 0
2021-08-20 1073 3020 0 0
2021-08-21 1073 3020 0 0
2021-08-22 1073 3020 0 0
2021-08-23 1078 3020 0 0
2021-08-24 1087 3020 0 0
2021-08-25 1092 3020 0 0
2021-08-26 1084 3020 0 0
2021-08-27 1091 3020 0 0
2021-08-28 1097 3020 0 0
2021-08-29 1097 3020 0 0
2021-08-30 1100 3020 0 0
2021-08-31 1093 3020 0 0
2021-09-01 619 5000 1980 39.6
2021-09-02 614 5000 0 0
2021-09-03 616 5000 0 0
2021-09-04 618 5000 0 0
2021-09-05 617 5000 0 0
2021-09-06 618 5000 0 0
2021-09-07 622 5000 0 0
2021-09-08 621 5000 0 0
2021-09-09 618 5000 0 0
2021-09-10 621 5000 0 0
2021-09-11 620 5000 0 0
2021-09-12 620 5000 0 0
2021-09-13 617 5000 0 0
2021-09-14 618 5000 0 0
2021-09-15 619 5000 0 0
2021-09-16 614 5000 0 0
2021-09-17 616 5000 0 0
2021-09-18 618 5000 0 0
2021-09-19 616 5000 0 0
2021-09-20 609 5000 0 0
2021-09-21 610 5000 0 0
2021-09-22 611 5000 0 0
2021-09-23 619 5000 0 0
2021-09-24 614 5000 0 0
2021-09-25 610 5000 0 0
2021-09-26 610 5000 0 0
2021-09-27 605 5000 0 0
2021-09-28 604 5000 0 0
2021-09-29 597 5000 0 0
2021-09-30 597 5000 0 0
2021-10-01 594 5000 0 0
2021-10-02 594 5000 0 0
2021-10-03 594 5000 0 0
2021-10-05 596 5000 0 0
2021-10-06 597 5000 0 0
2021-10-07 598 5000 0 0
2021-10-08 599 5000 0 0
2021-10-09 600 5000 0 0
2021-10-10 600 5000 0 0
2021-10-11 600 5000 0 0
2021-10-12 600 5000 0 0
2021-10-13 607 5000 0 0
2021-10-14 611 5000 0 0
2021-10-15 615 5000 0 0
2021-10-16 617 5000 0 0
2021-10-17 616 5000 0 0
2021-10-18 615 5000 0 0
2021-10-19 610 5000 0 0
2021-10-20 619 5000 0 0
2021-10-21 616 5000 0 0
2021-10-22 616 5000 0 0
2021-10-23 617 5000 0 0
2021-10-25 619 5000 0 0
2021-10-26 622 5000 0 0
2021-10-27 619 5000 0 0
2021-10-28 617 5000 0 0
2021-10-29 619 5000 0 0
2021-10-30 619 5000 0 0
2021-10-31 619 5000 0 0
2021-11-01 627 5000 0 0
2021-11-02 625 5000 0 0
2021-11-03 624 5000 0 0
2021-11-04 624 5000 0 0
2021-11-05 629 5000 0 0
2021-11-06 629 5000 0 0
2021-11-07 629 5000 0 0
2021-11-08 628 5000 0 0
2021-11-09 628 5000 0 0
2021-11-10 627 5000 0 0
2021-11-11 623 5000 0 0
2021-11-12 623 5000 0 0
2021-11-13 622 5000 0 0
2021-11-14 622 5000 0 0
2021-11-15 625 5000 0 0
2021-11-16 633 5000 0 0
2021-11-17 623 5000 0 0
2021-11-18 622 5000 0 0
2021-11-19 624 5000 0 0
2021-11-20 622 5000 0 0
2021-11-21 622 5000 0 0
2021-11-22 621 5000 0 0
2021-11-23 619 5000 0 0
2021-11-24 614 5000 0 0
2021-11-25 613 5000 0 0
2021-11-26 608 5000 0 0
2021-11-27 608 5000 0 0
2021-11-28 608 5000 0 0
2021-11-29 609 5000 0 0
2021-11-30 602 5000 0 0
2021-12-01 595 5000 0 0
2021-12-02 599 5000 0 0
2021-12-03 600 5000 0 0
2021-12-04 600 5000 0 0
2021-12-05 600 5000 0 0
2021-12-06 598 5000 0 0
2021-12-07 607 5000 0 0
2021-12-08 615 5000 0 0
2021-12-09 614 5000 0 0
2021-12-10 609 5000 0 0
2021-12-11 608 5000 0 0
2021-12-12 608 5000 0 0
2021-12-13 606 5000 0 0
2021-12-14 600 5000 0 0
2021-12-15 599 5000 0 0
2021-12-16 597 5000 0 0
2021-12-17 594 5000 0 0
2021-12-18 592 5000 0 0
2021-12-19 593 5000 0 0
2021-12-20 583 5000 0 0
2021-12-21 589 5000 0 0
2021-12-22 597 5000 0 0
2021-12-23 602 5000 0 0
2021-12-24 600 5000 0 0
2021-12-25 603 5000 0 0
2021-12-26 603 5000 0 0
2021-12-27 604 5000 0 0
2021-12-28 608 5000 0 0
2021-12-29 608 5000 0 0
2021-12-30 609 5000 0 0
2021-12-31 611 5000 0 0
2022-01-02 610 5000 0 0
2022-01-03 606 5000 0 0
2022-01-04 606 5000 0 0
2022-01-05 593 5000 0 0
2022-01-06 599 5000 0 0
2022-01-07 594 5000 0 0
2022-01-08 596 5000 0 0
2022-01-09 596 5000 0 0
2022-01-10 597 5000 0 0
2022-01-11 594 5000 0 0
2022-01-12 596 5000 0 0
2022-01-13 592 5000 0 0
2022-01-14 590 5000 0 0
2022-01-15 587 5000 0 0
2022-01-16 587 5000 0 0
2022-01-17 587 5000 0 0
2022-01-18 586 5000 0 0
2022-01-19 585 5000 0 0
2022-01-20 586 5000 0 0
2022-01-22 581 5000 0 0
2022-01-23 581 5000 0 0
2022-01-24 575 5000 0 0
2022-01-25 573 5000 0 0
2022-01-26 570 5000 0 0
2022-01-27 570 5000 0 0
2022-01-28 566 5000 0 0
2022-01-29 571 5000 0 0
2022-01-30 571 5000 0 0
2022-01-31 577 5000 0 0
2022-02-01 583 5000 0 0
2022-02-02 587 5000 0 0
2022-02-03 583 5000 0 0
2022-02-04 580 5000 0 0
2022-02-05 579 5000 0 0
2022-02-06 579 5000 0 0
2022-02-07 580 5000 0 0
2022-02-08 579 5000 0 0
2022-02-09 583 5000 0 0
2022-02-10 588 5000 0 0
2022-02-11 587 5000 0 0
2022-02-12 583 5000 0 0
2022-02-13 585 5000 0 0
2022-02-14 576 5000 0 0
2022-02-15 584 5000 0 0
2022-02-16 585 5000 0 0
2022-02-17 585 5000 0 0
2022-02-18 584 5000 0 0
2022-02-19 583 5000 0 0
2022-02-20 583 5000 0 0
2022-02-21 578 5000 0 0
2022-02-22 577 5000 0 0
2022-02-23 574 5000 0 0
2022-02-24 573 5000 0 0
2022-02-25 577 5000 0 0
2022-02-26 585 5000 0 0
2022-02-27 586 5000 0 0
2022-02-28 589 5000 0 0
2022-03-01 582 5000 0 0
2022-03-02 581 5000 0 0
2022-03-03 577 5000 0 0
2022-03-04 569 5000 0 0
2022-03-05 563 5000 0 0
2022-03-06 564 5000 0 0
2022-03-07 557 5000 0 0
2022-03-08 541 5000 0 0
2022-03-09 547 5000 0 0
2022-03-10 564 5000 0 0
2022-03-11 558 5000 0 0
2022-03-12 549 5000 0 0
2022-03-13 551 5000 0 0
2022-03-14 539 5000 0 0
2022-03-15 537 5000 0 0
2022-03-16 556 5000 0 0
2022-03-17 564 5000 0 0
2022-03-18 573 5000 0 0
2022-03-19 573 5000 0 0
2022-03-20 573 5000 0 0
2022-03-21 561 5000 0 0
2022-03-22 569 5000 0 0
2022-03-23 569 5000 0 0
2022-03-24 572 5000 0 0
2022-03-25 566 5000 0 0
2022-03-26 566 5000 0 0
2022-03-27 566 5000 0 0
2022-03-28 569 5000 0 0
2022-03-29 570 5000 0 0
2022-03-30 577 5000 0 0
2022-04-01 573 5000 0 0
2022-04-02 575 5000 0 0
2022-04-03 574 5000 0 0
2022-04-05 589 5000 0 0
2022-04-06 581 5000 0 0
2022-04-07 573 5000 0 0
2022-04-08 574 5000 0 0
2022-04-09 577 5000 0 0
2022-04-10 577 5000 0 0
2022-04-11 570 5000 0 0
2022-04-12 566 5000 0 0
2022-04-13 570 5000 0 0
2022-04-14 569 5000 0 0
2022-04-15 567 5000 0 0
2022-04-16 567 5000 0 0
2022-04-17 567 5000 0 0
2022-04-18 565 5000 0 0
2022-04-19 566 5000 0 0
2022-04-20 565 5000 0 0
2022-04-21 558 5000 0 0
2022-04-22 554 5000 0 0
2022-04-23 552 5000 0 0
2022-04-24 552 5000 0 0
2022-04-25 546 5000 0 0
2022-04-26 539 5000 0 0
2022-04-27 534 5000 0 0
2022-04-28 537 5000 0 0
2022-04-29 534 5000 0 0
2022-04-30 532 5000 0 0
2022-05-01 532 5000 0 0
2022-05-02 534 5000 0 0
2022-05-03 531 5000 0 0
2022-05-04 533 5000 0 0
2022-05-05 536 5000 0 0
2022-05-06 528 5000 0 0
2022-05-07 526 5000 0 0
2022-05-08 526 5000 0 0
2022-05-09 517 5000 0 0
2022-05-10 511 5000 0 0
2022-05-11 513 5000 0 0
2022-05-12 513 5000 0 0
2022-05-13 514 5000 0 0
2022-05-14 518 5000 0 0
2022-05-15 518 5000 0 0
2022-05-16 516 5000 0 0
2022-05-17 523 5000 0 0
2022-05-18 526 5000 0 0
2022-05-19 515 5000 0 0
2022-05-20 518 5000 0 0
2022-05-21 516 5000 0 0
2022-05-22 516 5000 0 0
2022-05-23 519 5000 0 0
2022-05-24 520 5000 0 0
2022-05-25 520 5000 0 0
2022-05-26 526 5000 0 0
2022-05-27 530 5000 0 0
2022-05-28 534 5000 0 0
2022-05-29 534 5000 0 0
2022-05-30 535 5000 0 0
2022-05-31 539 5000 0 0
2022-06-01 536 5000 0 0
2022-06-02 534 5000 0 0
2022-06-03 533 5000 0 0
2022-06-04 534 5000 0 0
2022-06-05 534 5000 0 0
2022-06-06 540 5000 0 0
2022-06-07 540 5000 0 0
2022-06-08 539 5000 0 0
2022-06-09 531 5000 0 0
2022-06-10 530 5000 0 0
2022-06-11 519 5000 0 0
2022-06-12 519 5000 0 0
2022-06-13 515 5000 0 0
2022-06-14 506 5000 0 0
2022-06-15 505 5000 0 0
2022-06-16 496 5000 0 0
2022-06-17 500 5000 0 0
2022-06-18 500 5000 0 0
2022-06-19 500 5000 0 0
2022-06-20 500 5000 0 0
2022-06-21 509 5000 0 0
2022-06-22 511 5000 0 0
2022-06-23 516 5000 0 0
2022-06-24 518 5000 0 0
2022-06-25 524 5000 0 0
2022-06-26 524 5000 0 0
2022-06-27 529 5000 0 0
2022-06-28 527 5000 0 0
2022-06-29 521 5000 0 0
2022-06-30 516 5000 0 0
2022-07-01 512 5000 0 0
2022-07-02 513 5000 0 0
2022-07-03 513 5000 0 0
2022-07-04 516 5000 0 0
2022-07-05 519 5000 0 0
2022-07-06 511 5000 0 0
2022-07-07 516 5000 0 0
2022-07-08 515 5000 0 0
2022-07-09 516 5000 0 0
2022-07-10 516 5000 0 0
2022-07-11 510 5000 0 0
2022-07-12 508 5000 0 0
2022-07-13 508 5000 0 0
2022-07-14 508 5000 0 0
2022-07-15 510 5000 0 0
2022-07-16 510 5000 0 0
2022-07-17 510 5000 0 0
2022-07-18 508 5000 0 0
2022-07-19 516 5000 0 0
2022-07-20 521 5000 0 0
2022-07-21 524 5000 0 0
2022-07-22 522 5000 0 0
2022-07-23 522 5000 0 0
2022-07-24 522 5000 0 0
2022-07-25 519 5000 0 0
2022-07-26 521 5000 0 0
2022-07-27 517 5000 0 0
2022-07-28 517 5000 0 0
2022-07-29 520 5000 0 0
2022-07-30 522 5000 0 0
2022-07-31 522 5000 0 0
2022-08-01 526 5000 0 0
2022-08-02 527 5000 0 0
2022-08-03 530 5000 0 0
2022-08-04 533 5000 0 0
2022-08-05 536 5000 0 0
2022-08-06 536 5000 0 0
2022-08-07 536 5000 0 0
2022-08-08 536 5000 0 0
2022-08-09 533 5000 0 0
2022-08-10 534 5000 0 0
2022-08-11 547 5000 0 0
2022-08-12 547 5000 0 0
2022-08-13 548 5000 0 0
2022-08-14 547 5000 0 0
2022-08-15 554 5000 0 0
2022-08-16 549 5000 0 0
2022-08-17 545 5000 0 0
2022-08-18 543 5000 0 0
2022-08-19 537 5000 0 0
2022-08-20 536 5000 0 0
2022-08-21 536 5000 0 0
2022-08-22 534 5000 0 0
2022-08-23 527 5000 0 0
2022-08-24 530 5000 0 0
2022-08-25 533 5000 0 0
2022-08-26 533 5000 0 0
2022-08-27 530 5000 0 0
2022-08-28 530 5000 0 0
2022-08-29 525 5000 0 0
2022-08-30 520 5000 0 0
2022-08-31 520 5000 0 0
2022-09-01 513 5000 0 0
2022-09-03 650 4171.461 -828.539 -19.862
2022-09-04 654 4171.461 0 0
2022-09-05 656 4171.461 0 0
2022-09-06 662 4165.378 -6.083 -0.146
2022-09-07 648 4242.722 77.344 1.823
2022-09-08 645 4260.268 17.546 0.412
2022-09-09 642 4311.69 51.422 1.193
2022-09-11 644 4311.69 0 0
2022-09-12 641 4336.676 24.986 0.576
2022-09-13 659 4214.741 -121.935 -2.893
2022-09-14 643 4249.974 35.233 0.829
2022-09-15 649 4181.099 -68.875 -1.647
2022-09-16 642 4185.217 4.118 0.098
2022-09-17 643 4185.217 0 0
2022-09-18 644 4185.217 0 0
2022-09-19 648 4156.956 -28.261 -0.68
2022-09-20 647 4160.98 4.024 0.097
2022-09-21 645 4118.214 -42.766 -1.038
2022-09-22 654 4062.206 -56.008 -1.379
2022-09-23 654 4049.386 -12.82 -0.317
2022-09-24 650 4049.386 0 0
2022-09-25 651 4049.386 0 0
2022-09-26 637 4057.948 8.562 0.211
2022-09-27 647 4084.525 26.577 0.651
2022-09-28 642 4121.068 36.543 0.887
2022-09-29 645 4121.068 0 0
2022-09-30 652 4018.27 -102.798 -2.558
2022-10-01 654 4018.27 0 0
2022-10-02 654 4018.27 0 0
2022-10-03 654 4062.627 44.357 1.092
2022-10-04 650 4133.795 71.168 1.722
2022-10-05 651 4141.141 7.346 0.177
2022-10-06 648 4130.566 -10.575 -0.256
2022-10-07 659 4044.66 -85.906 -2.124
2022-10-08 658 4044.66 0 0
2022-10-09 658 4044.66 0 0
2022-10-10 662 4019.768 -24.892 -0.619
2022-10-11 657 4000.303 -19.465 -0.487
2022-10-12 655 4021.733 21.43 0.533
2022-10-13 648 4057.855 36.122 0.89
2022-10-14 662 3984.535 -73.32 -1.84
2022-10-15 665 3984.535 0 0
2022-10-16 663 3984.535 0 0
2022-10-17 642 4095.099 110.564 2.7
2022-10-18 645 4118.073 22.974 0.558
2022-10-19 650 4087.286 -30.787 -0.753
2022-10-20 645 4082.981 -4.305 -0.105
2022-10-21 638 4157.985 75.004 1.804
2022-10-22 633 4157.985 0 0
2022-10-23 631 4157.985 0 0
2022-10-24 628 4160.699 2.714 0.065
2022-10-25 619 4227.702 67.003 1.585
2022-10-26 632 4191.721 -35.981 -0.858
2022-10-27 640 4180.538 -11.183 -0.268
2022-10-28 630 4226.345 45.807 1.084
2022-10-29 629 4226.345 0 0
2022-10-30 629 4226.345 0 0
2022-10-31 626 4206.273 -20.072 -0.477
2022-11-01 654 4053.644 -152.629 -3.765
2022-11-02 661 4007.555 -46.089 -1.15
2022-11-03 676 3913.788 -93.767 -2.396
2022-11-04 687 3896.008 -17.78 -0.456
2022-11-05 693 3896.008 0 0
2022-11-06 693 3896.008 0 0
2022-11-07 685 3937.745 41.737 1.06
2022-11-08 678 3996.045 58.3 1.459
2022-11-09 686 3930.445 -65.6 -1.669
2022-11-10 649 4092.76 162.315 3.966
2022-11-11 656 4115.219 22.459 0.546
2022-11-12 662 4115.219 0 0
2022-11-13 662 4115.219 0 0
2022-11-14 672 4067.072 -48.147 -1.184
2022-11-15 671 4110.447 43.375 1.055
2022-11-16 683 4047.935 -62.512 -1.544
2022-11-17 691 3992.817 -55.118 -1.38
2022-11-18 692 3984.348 -8.469 -0.213
2022-11-19 692 3984.348 0 0
2022-11-20 692 3984.348 0 0
2022-11-21 694 3960.625 -23.723 -0.599
2022-11-22 691 3960.625 0 0
2022-11-23 674 4058.182 97.557 2.404
2022-11-24 679 4058.182 0 0
2022-11-25 681 4042.367 -15.815 -0.391
2022-11-26 681 4042.367 0 0
2022-11-27 684 4042.367 0 0
2022-11-28 683 4010.41 -31.957 -0.797
2022-11-29 693 3982.663 -27.747 -0.697
2022-11-30 670 4113.114 130.451 3.172
2022-12-02 679 4114.658 1.544 0.038
2022-12-03 680 4114.658 0 0
2022-12-04 679 4114.658 0 0
2022-12-05 688 4054.86 -59.798 -1.475
2022-12-06 693 4029.781 -25.079 -0.622
2022-12-07 687 4024.447 -5.334 -0.133
2022-12-08 679 4105.534 81.087 1.975
2022-12-09 686 4076.805 -28.729 -0.705
2022-12-10 685 4076.805 0 0
2022-12-11 685 4076.805 0 0
2022-12-12 685 4081.016 4.211 0.103
2022-12-13 651 4228.521 147.505 3.488
2022-12-14 651 4234.557 6.036 0.143
2022-12-15 688 4061.364 -173.193 -4.264
2022-12-16 693 4007.321 -54.043 -1.349
2022-12-17 691 4007.321 0 0
2022-12-18 691 4007.321 0 0
2022-12-19 692 3991.867 -15.454 -0.387
2022-12-20 681 4017.147 25.28 0.629
2022-12-21 678 4046.391 29.244 0.723
2022-12-22 682 4046.391 0 0
2022-12-23 681 4005.029 -41.362 -1.033
2022-12-24 683 4005.029 0 0
2022-12-25 683 4005.029 0 0
2022-12-26 684 4005.029 0 0
2022-12-27 691 3998.572 -6.457 -0.161
2022-12-28 693 3967.644 -30.928 -0.78
2022-12-29 680 4034.881 67.237 1.666
2022-12-30 682 4027.16 -7.721 -0.192
2022-12-31 683 4027.16 0 0
2023-01-01 683 4027.16 0 0
2023-01-02 685 4027.16 0 0
2023-01-03 683 4036.331 9.171 0.227
2023-01-04 682 4038.156 1.825 0.045
2023-01-05 699 3963.526 -74.63 -1.883
2023-01-06 687 4014.527 51.001 1.27
2023-01-07 691 4014.527 0 0
2023-01-08 691 4014.527 0 0
2023-01-09 686 4055.796 41.269 1.018
2023-01-10 696 4024.634 -31.162 -0.774
2023-01-11 692 4055.655 31.021 0.765
2023-01-13 708 4045.83 -9.825 -0.243
2023-01-14 708 4045.83 0 0
2023-01-15 708 4045.83 0 0
2023-01-16 709 4045.83 0 0
2023-01-17 713 4031.746 -14.084 -0.349
2023-01-18 712 4012.422 -19.324 -0.482
2023-01-19 718 3977.469 -34.953 -0.879
2023-01-20 695 4068.57 91.101 2.239
2023-01-21 694 4068.57 0 0
2023-01-22 694 4068.57 0 0
2023-01-23 689 4124.39 55.82 1.353
2023-01-24 697 4084.852 -39.538 -0.968
2023-01-25 696 4084.852 0 0
2023-01-26 692 4136.321 51.469 1.244
2023-01-27 683 4183.439 47.118 1.126
2023-01-29 684 4183.439 0 0
2023-01-30 684 4154.57 -28.869 -0.695
2023-01-31 681 4183.673 29.103 0.696
2023-02-01 686 4183.673 0 0
2023-02-02 678 4243.938 60.265 1.42
2023-02-03 691 4188.773 -55.165 -1.317
2023-02-04 691 4188.773 0 0
2023-02-05 689 4188.773 0 0
2023-02-06 691 4147.738 -41.035 -0.989
2023-02-07 678 4207.068 59.33 1.41
2023-02-08 678 4179.321 -27.747 -0.664
2023-02-09 681 4169.963 -9.358 -0.224
2023-02-10 682 4140.86 -29.103 -0.703
2023-02-11 679 4140.86 0 0
2023-02-12 679 4140.86 0 0
2023-02-13 678 4162.243 21.383 0.514
2023-02-14 674 4180.398 18.155 0.434
2023-02-15 677 4176.982 -3.416 -0.082
2023-02-16 685 4116.716 -60.266 -1.464
2023-02-17 682 4098.094 -18.622 -0.454
2023-02-18 683 4098.094 0 0
2023-02-19 683 4098.094 0 0
2023-02-20 684 4098.094 0 0
2023-02-21 686 4060.101 -37.993 -0.936
2023-02-22 677 4107.452 47.351 1.153
2023-02-23 676 4133.187 25.735 0.623
2023-02-24 667 4170.291 37.104 0.89
2023-02-25 663 4170.291 0 0
2023-02-26 662 4170.291 0 0
2023-02-27 670 4136.649 -33.642 -0.813
2023-02-28 671 4111.195 -25.454 -0.619
2023-03-01 677 4083.542 -27.653 -0.677
2023-03-02 677 4079.331 -4.211 -0.103
2023-03-03 673 4117.465 38.134 0.926
2023-03-04 675 4117.465 0 0
2023-03-05 676 4117.465 0 0
2023-03-06 675 4117.465 0 0
2023-03-07 676 4121.068 3.603 0.087
2023-03-08 668 4155.599 34.531 0.831
2023-03-09 670 4099.03 -56.569 -1.38
2023-03-10 676 4043.022 -56.008 -1.385
2023-03-11 681 4043.022 0 0
2023-03-12 681 4043.022 0 0
2023-03-13 677 4038.109 -4.913 -0.122
2023-03-14 665 4116.436 78.327 1.903
2023-03-15 668 4107.171 -9.265 -0.226
2023-03-16 651 4162.524 55.353 1.33
2023-03-17 652 4141.656 -20.868 -0.504
2023-03-18 654 4141.656 0 0
2023-03-19 654 4141.656 0 0
2023-03-20 656 4132.999 -8.657 -0.209
2023-03-21 658 4180.678 47.679 1.14
2023-03-22 659 4144.089 -36.589 -0.883
2023-03-23 654 4167.343 23.254 0.558
2023-03-24 646 4215.958 48.615 1.153
2023-03-25 643 4215.958 0 0
2023-03-26 643 4215.958 0 0
2023-03-27 645 4215.958 0 0
2023-03-28 655 4168.045 -47.913 -1.15
2023-03-29 654 4216.847 48.802 1.157
2023-03-30 643 4265.181 48.334 1.133
2023-03-31 647 4292.039 26.858 0.626
2023-04-01 647 4292.039 0 0
2023-04-02 647 4292.039 0 0
2023-04-03 650 4267.895 -24.144 -0.566
2023-04-04 646 4256.08 -11.815 -0.278
2023-04-05 650 4260.783 4.703 0.11
2023-04-06 672 4292.881 32.098 0.748
2023-04-07 671 4296.39 3.509 0.082
2023-04-08 669 4296.39 0 0
2023-04-09 669 4296.39 0 0
2023-04-10 671 4286.845 -9.545 -0.223
2023-04-11 679 4253.063 -33.782 -0.794
2023-04-12 679 4253.063 0 0
2023-04-13 679 4273.229 20.166 0.472
2023-04-14 682 4272.34 -0.889 -0.021
2023-04-15 683 4272.34 0 0
2023-04-16 683 4272.34 0 0
2023-04-17 682 4265.181 -7.159 -0.168
2023-04-18 674 4276.879 11.698 0.274
2023-04-19 672 4290.448 13.569 0.316
2023-04-20 668 4299.385 8.937 0.208
2023-04-21 665 4294.706 -4.679 -0.109
2023-04-22 665 4294.706 0 0
2023-04-23 665 4294.706 0 0
2023-04-24 668 4275.615 -19.091 -0.447
2023-04-25 686 4170.385 -105.23 -2.523
2023-04-26 689 4141.702 -28.683 -0.693
2023-04-27 676 4214.04 72.338 1.717
2023-04-28 667 4283.242 69.202 1.616
2023-04-29 667 4283.242 0 0
2023-04-30 667 4283.242 0 0
