2025-04-02 2820 1116.553 0 0
2025-04-03 2793 1116.553 0 0
2025-04-04 2781 1116.553 0 0
2025-04-05 2778 1116.553 0 0
2025-04-06 2777 1116.553 0 0
2025-04-07 2732 1116.553 0 0
2025-04-08 2729 1116.553 0 0
2025-04-09 2743 1116.553 0 0
2025-04-10 2748 1116.553 0 0
2025-04-11 2753 1116.553 0 0
2025-04-12 2767 1116.553 0 0
2025-04-13 2767 1116.553 0 0
2025-04-14 2778 1116.553 0 0
2025-04-15 2782 1116.553 0 0
2025-04-16 2766 1116.553 0 0
2025-04-17 2774 1116.553 0 0
2025-04-18 2782 1116.553 0 0
2025-04-19 2782 1116.553 0 0
2025-04-20 2782 1116.553 0 0
2025-04-21 2783 1116.553 0 0
2025-04-22 2786 1116.553 0 0
2025-04-23 2798 1116.553 0 0
2025-04-24 2798 1116.553 0 0
2025-04-25 2802 1116.553 0 0
2025-04-26 2803 1116.553 0 0
2025-04-27 2803 1116.553 0 0
2025-04-28 2796 1116.553 0 0
2025-04-29 2800 1116.553 0 0
2025-04-30 2803 1116.553 0 0
2025-05-01 2804 1116.553 0 0
2025-05-02 2811 1116.553 0 0
2025-05-03 2817 1116.553 0 0
2025-05-04 2816 1116.553 0 0
2025-05-05 2813 1116.553 0 0
2025-05-06 2819 1116.553 0 0
2025-05-07 2825 1116.553 0 0
2025-05-08 2828 1116.553 0 0
2025-05-09 2822 1116.553 0 0
2025-05-10 2821 1116.553 0 0
2025-05-11 2821 1116.553 0 0
2025-05-12 2837 1116.553 0 0
2025-05-13 2833 1116.553 0 0
2025-05-14 2837 1116.553 0 0
2025-05-15 2834 1116.553 0 0
2025-05-16 2840 1116.553 0 0
2025-05-17 2838 1116.553 0 0
2025-05-18 2838 1116.553 0 0
2025-05-19 2834 1116.553 0 0
2025-05-20 2837 1116.553 0 0
2025-05-21 2839 1116.553 0 0
2025-05-22 2837 1116.553 0 0
2025-05-23 2833 1116.553 0 0
2025-05-24 2833 1116.553 0 0
2025-05-25 2837 1116.553 0 0
2025-05-26 2836 1116.553 0 0
2025-05-27 2839 1116.553 0 0
2025-05-28 2838 1116.553 0 0
2025-05-29 2838 1116.553 0 0
2025-05-30 2840 1116.553 0 0
2025-05-31 2838 1116.553 0 0
2025-06-01 2838 1116.553 0 0
2025-06-02 2836 1116.553 0 0
2025-06-03 2838 1116.553 0 0
2025-06-04 2838 1116.553 0 0
2025-06-05 2844 1116.553 0 0
2025-06-06 2851 1116.553 0 0
2025-06-07 2849 1116.553 0 0
2025-06-08 2849 1116.553 0 0
2025-06-09 2853 1116.553 0 0
2025-06-10 2856 1116.553 0 0
2025-06-11 2856 1116.553 0 0
2025-06-12 2845 1116.553 0 0
2025-06-13 2842 1116.553 0 0
2025-06-14 2839 1116.553 0 0
2025-06-15 2838 1116.553 0 0
2025-06-16 2841 1116.553 0 0
2025-06-17 2838 1116.553 0 0
2025-06-18 2839 1116.553 0 0
2025-06-19 2831 1116.553 0 0
2025-06-20 2828 1116.553 0 0
2025-06-21 2827 1116.553 0 0
2025-06-22 2827 1116.553 0 0
2025-06-23 2830 1116.553 0 0
2025-06-24 2845 1116.553 0 0
2025-06-25 2852 1116.553 0 0
2025-06-26 2853 1116.553 0 0
2025-06-27 2857 1116.553 0 0
2025-06-28 2858 1116.553 0 0
2025-06-29 2857 1116.553 0 0
2025-06-30 2857 1116.553 0 0
2025-07-01 2862 1116.553 0 0
2025-07-02 2867 1116.553 0 0
2025-07-03 2871 1116.553 0 0
2025-07-04 2869 1116.553 0 0
2025-07-05 2869 1116.553 0 0
2025-07-06 2869 1116.553 0 0
2025-07-07 2868 1116.553 0 0
2025-07-08 2868 1116.553 0 0
2025-07-09 2868 1116.553 0 0
2025-07-10 2873 1116.553 0 0
2025-07-11 2870 1116.553 0 0
2025-07-12 2868 1116.553 0 0
2025-07-13 2868 1116.553 0 0
2025-07-14 2869 1116.553 0 0
2025-07-15 2869 1116.553 0 0
2025-07-16 2873 1116.553 0 0
2025-07-17 2871 1116.553 0 0
2025-07-18 2878 1116.553 0 0
2025-07-19 2879 1116.553 0 0
2025-07-20 2879 1116.553 0 0
2025-07-21 2885 1116.553 0 0
2025-07-22 2893 1116.553 0 0
2025-07-23 2893 1116.553 0 0
2025-07-24 2896 1116.553 0 0
2025-07-25 2901 1116.553 0 0
2025-07-26 2895 1116.553 0 0
2025-07-27 2895 1116.553 0 0
2025-07-28 2897 1116.553 0 0
2025-07-29 2898 1116.553 0 0
2025-07-30 2894 1116.553 0 0
2025-07-31 2883 1116.553 0 0
2025-08-01 2879 1116.553 0 0
2025-08-02 2879 1116.553 0 0
2025-08-03 2879 1116.553 0 0
2025-08-04 2885 1116.553 0 0
2025-08-05 2890 1116.553 0 0
2025-08-06 2904 1116.553 0 0
2025-08-07 2900 1116.553 0 0
2025-08-08 2900 1116.553 0 0
2025-08-09 2897 1116.553 0 0
2025-08-10 2897 1116.553 0 0
2025-08-11 2910 1116.553 0 0
2025-08-12 2908 1116.553 0 0
2025-08-13 2918 1116.553 0 0
2025-08-14 2918 1116.553 0 0
2025-08-15 2926 1116.553 0 0
2025-08-16 2925 1116.553 0 0
2025-08-17 2925 1116.553 0 0
2025-08-18 2928 1116.553 0 0
2025-08-19 2929 1116.553 0 0
2025-08-20 2931 1116.553 0 0
2025-08-21 2938 1116.553 0 0
2025-08-22 2941 1116.553 0 0
2025-08-23 2945 1116.553 0 0
2025-08-24 2945 1116.553 0 0
2025-08-25 2949 1116.553 0 0
2025-08-26 2952 1116.553 0 0
2025-08-27 2944 1116.553 0 0
2025-08-28 2951 1116.553 0 0
2025-08-29 2947 1116.553 0 0
2025-08-30 2946 1116.553 0 0
2025-08-31 2946 1116.553 0 0
2025-09-01 2947 1116.553 0 0
2025-09-02 2944 1116.553 0 0
2025-09-03 2939 1116.553 0 0
2025-09-04 2925 1116.553 0 0
2025-09-05 2941 1116.553 0 0
2025-09-06 2942 1116.553 0 0
2025-09-07 2942 1116.553 0 0
2025-09-08 2951 1116.553 0 0
2025-09-09 2943 1116.553 0 0
2025-09-10 2946 1116.553 0 0
2025-09-11 2958 1116.553 0 0
2025-09-12 2952 1116.553 0 0
2025-09-13 2952 1116.553 0 0
2025-09-14 2952 1116.553 0 0
2025-09-15 2957 1116.553 0 0
2025-09-16 2965 1116.553 0 0
2025-09-17 2968 1116.553 0 0
2025-09-18 2966 1116.553 0 0
2025-09-19 2963 1116.553 0 0
2025-09-20 2958 1116.553 0 0
2025-09-21 2959 1116.553 0 0
2025-09-22 2966 1116.553 0 0
2025-09-23 2956 1116.553 0 0
2025-09-24 2972 1116.553 0 0
2025-09-25 2966 1116.553 0 0
2025-09-26 2958 1116.553 0 0
2025-09-27 2958 1116.553 0 0
2025-09-28 2959 1116.553 0 0
2025-09-29 2957 1116.553 0 0
2025-09-30 2956 1116.553 0 0
2025-10-01 2959 1116.553 0 0
2025-10-02 2963 1116.553 0 0
2025-10-03 2964 1116.553 0 0
2025-10-04 2965 1116.553 0 0
2025-10-05 2965 1116.553 0 0
2025-10-06 2964 1116.553 0 0
2025-10-07 2969 1116.553 0 0
2025-10-08 2970 1116.553 0 0
2025-10-09 2969 1116.553 0 0
2025-10-10 2953 1116.553 0 0
2025-10-11 2951 1116.553 0 0
2025-10-12 2950 1116.553 0 0
2025-10-13 2957 1116.553 0 0
2025-10-14 2949 1116.553 0 0
2025-10-15 2953 1116.553 0 0
2025-10-16 2958 1116.553 0 0
2025-10-17 2944 1116.553 0 0
2025-10-18 2942 1116.553 0 0
2025-10-19 2943 1116.553 0 0
2025-10-20 2947 1116.553 0 0
2025-10-21 2956 1116.553 0 0
2025-10-22 2950 1116.553 0 0
2025-10-23 2952 1116.553 0 0
2025-10-24 2953 1116.553 0 0
2025-10-25 2954 1116.553 0 0
2025-10-26 2954 1116.553 0 0
2025-10-27 2960 1116.553 0 0
2025-10-28 2960 1116.553 0 0
2025-10-29 2961 1116.553 0 0
2025-10-30 2957 1116.553 0 0
2025-10-31 2957 1116.553 0 0
2025-11-01 2958 1116.553 0 0
2025-11-02 2958 1116.553 0 0
2025-11-03 2953 1116.553 0 0
2025-11-04 2949 1116.553 0 0
2025-11-05 2950 1116.553 0 0
2025-11-06 2946 1116.553 0 0
2025-11-07 2945 1116.553 0 0
2025-11-08 2945 1116.553 0 0
2025-11-09 2946 1116.553 0 0
2025-11-10 2954 1116.553 0 0
2025-11-11 2957 1116.553 0 0
2025-11-12 2959 1116.553 0 0
2025-11-13 2957 1116.553 0 0
2025-11-14 2955 1116.553 0 0
2025-11-15 2952 1116.553 0 0
2025-11-16 2952 1116.553 0 0
2025-11-17 2951 1116.553 0 0
2025-11-18 2936 1116.553 0 0
2025-11-19 2937 1116.553 0 0
2025-11-20 2933 1116.553 0 0
2025-11-21 2933 1116.553 0 0
2025-11-22 2933 1116.553 0 0
2025-11-23 2933 1116.553 0 0
2025-11-24 2938 1116.553 0 0
2025-11-25 2946 1116.553 0 0
2025-11-26 2954 1116.553 0 0
2025-11-27 2956 1116.553 0 0
2025-11-28 2953 1116.553 0 0
2025-11-29 2954 1116.553 0 0
2025-11-30 2954 1116.553 0 0
2025-12-01 2959 1116.553 0 0
2025-12-02 2956 1116.553 0 0
2025-12-03 2956 1116.553 0 0
2025-12-04 2955 1116.553 0 0
2025-12-05 2956 1116.553 0 0
2025-12-06 2957 1116.553 0 0
2025-12-07 2958 1116.553 0 0
2025-12-08 2969 1116.553 0 0
2025-12-09 2963 1116.553 0 0
2025-12-10 2966 1116.553 0 0
2025-12-11 2966 1116.553 0 0
2025-12-12 2967 1116.553 0 0
2025-12-13 2967 1116.553 0 0
2025-12-14 2967 1116.553 0 0
2025-12-15 2965 1116.553 0 0
2025-12-16 2957 1116.553 0 0
2025-12-17 2957 1116.553 0 0
2025-12-18 2962 1116.553 0 0
2025-12-19 2972 1116.553 0 0
2025-12-20 2973 1116.553 0 0
2025-12-21 2978 1116.553 0 0
2025-12-22 2980 1116.553 0 0
2025-12-23 2981 1116.553 0 0
2025-12-24 2984 1116.553 0 0
2025-12-25 2990 1116.553 0 0
2025-12-26 2991 1116.553 0 0
2025-12-27 2991 1116.553 0 0
2025-12-28 2991 1116.553 0 0
2025-12-29 2989 1116.553 0 0
2025-12-30 2989 1116.553 0 0
2025-12-31 2987 1116.553 0 0
2026-01-01 2988 1116.553 0 0
2026-01-02 2986 1116.553 0 0
2026-01-03 2986 1116.553 0 0
2026-01-05 2993 1116.553 0 0
2026-01-06 3004 1116.553 0 0
2026-01-07 3007 1116.553 0 0
2026-01-08 3015 1116.553 0 0
2026-01-09 3019 1116.553 0 0
2026-01-10 3020 1116.553 0 0
2026-01-11 3020 1116.553 0 0
2026-01-12 3026 1116.553 0 0
2026-01-13 3022 1116.553 0 0
2026-01-14 3025 1116.553 0 0
2026-01-15 3032 1116.553 0 0
2026-01-16 3028 1116.553 0 0
2026-01-17 3029 1116.553 0 0
2026-01-18 3028 1116.553 0 0
2026-01-19 3026 1116.553 0 0
2026-01-20 3021 1116.553 0 0
2026-01-21 3019 1116.553 0 0
2026-01-22 3023 1116.553 0 0
2026-01-23 3031 1116.553 0 0
2026-01-24 3031 1116.553 0 0
2026-01-25 3031 1116.553 0 0
2026-01-26 3028 1116.553 0 0
2026-01-27 3030 1116.553 0 0
2026-01-28 3037 1116.553 0 0
2026-01-29 3027 1116.553 0 0
2026-01-30 3018 1116.553 0 0
2026-01-31 3019 1116.553 0 0
2026-02-01 3018 1116.553 0 0
2026-02-02 3002 1116.553 0 0
2026-02-03 3009 1116.553 0 0
2026-02-04 3016 1116.553 0 0
2026-02-05 3008 1116.553 0 0
2026-02-06 3011 1116.553 0 0
2026-02-07 3013 1116.553 0 0
2026-02-08 3014 1116.553 0 0
2026-02-09 3016 1116.553 0 0
2026-02-10 3030 1116.553 0 0
2026-02-11 3030 1116.553 0 0
2026-02-12 3028 1116.553 0 0
2026-02-13 3024 1116.553 0 0
2026-02-14 3025 1116.553 0 0
2026-02-15 3024 1116.553 0 0
2026-02-16 3023 1116.553 0 0
2026-02-17 3026 1116.553 0 0
2026-02-18 3028 1116.553 0 0
2026-02-19 3028 1116.553 0 0
2026-02-20 3028 1116.553 0 0
2026-02-21 3030 1116.553 0 0
2026-02-22 3029 1116.553 0 0
2026-02-23 3028 1116.553 0 0
2026-02-24 3031 1116.553 0 0
2026-02-25 2685 1370.074 253.521 22.706
2026-02-26 2680 1370.074 0 0
2026-02-27 2683 1370.074 0 0
2026-02-28 2684 1370.074 0 0
2026-03-01 2684 1370.074 0 0
2026-03-02 2475 1560.772 190.698 13.919
2026-03-03 2461 1560.772 0 0
2026-03-04 2442 1560.772 0 0
2026-03-05 2442 1560.772 0 0
2026-03-06 2446 1560.772 0 0
2026-03-07 2443 1560.772 0 0
2026-03-08 2443 1560.772 0 0
2026-03-09 2431 1560.772 0 0
2026-03-10 2533 1560.772 0 0
2026-03-11 2541 1560.772 0 0
2026-03-12 2531 1560.772 0 0
2026-03-13 2520 1560.772 0 0
2026-03-14 2514 1560.772 0 0
2026-03-15 2514 1560.772 0 0
2026-03-16 2519 1560.772 0 0
2026-03-17 2518 1560.772 0 0
2026-03-18 2525 1560.772 0 0
2026-03-19 2507 1560.772 0 0
2026-03-20 2500 1560.772 0 0
2026-03-21 2495 1560.772 0 0
2026-03-22 2492 1560.772 0 0
2026-03-23 2479 1560.772 0 0
2026-03-24 2485 1560.772 0 0
2026-03-25 2497 1560.772 0 0
2026-03-26 2498 1560.772 0 0
2026-03-27 2495 1560.772 0 0
2026-03-28 2491 1560.772 0 0
2026-03-29 2488 1560.772 0 0
2026-03-30 2481 1560.772 0 0
2026-03-31 2478 1560.772 0 0
2026-04-01 2492 1560.772 0 0
2026-04-02 2498 1560.772 0 0
2026-04-03 2495 1560.772 0 0
2026-04-04 2495 1560.772 0 0
2026-04-05 2495 1560.772 0 0
2026-04-06 2495 1560.772 0 0
2026-04-07 2492 1560.772 0 0
2026-04-08 2530 1560.772 0 0
2026-04-09 2534 1560.772 0 0
2026-04-10 2543 1560.772 0 0
2026-04-11 2543 1560.772 0 0
2026-04-12 2543 1560.772 0 0
2026-04-13 2542 1560.772 0 0
2026-04-14 2551 1560.772 0 0
2026-04-15 2562 1560.772 0 0
2026-04-16 2561 1560.772 0 0
2026-04-17 2562 1560.772 0 0
2026-04-18 2566 1560.772 0 0
2026-04-19 2566 1560.772 0 0
2026-04-20 2573 1560.772 0 0
2026-04-21 2569 1560.772 0 0
2026-04-22 2571 1560.772 0 0
2026-04-23 2561 1560.772 0 0
2026-04-24 2563 1560.772 0 0
2026-04-25 2562 1560.772 0 0
2026-04-26 2562 1560.772 0 0
2026-04-27 2563 1560.772 0 0
2026-04-28 2554 1560.772 0 0
2026-04-29 2555 1560.772 0 0
2026-04-30 2551 1560.772 0 0
2026-05-01 2553 1560.772 0 0
2026-05-02 2554 1560.772 0 0
2026-05-04 2560 1560.772 0 0
2026-05-05 2559 1560.772 0 0
2026-05-06 2561 1560.772 0 0
2026-05-07 2574 1560.772 0 0
2026-05-08 2580 1560.772 0 0
2026-05-09 2584 1560.772 0 0
2026-05-10 2582 1560.772 0 0
2026-05-11 2585 1560.772 0 0
2026-05-12 2578 1560.772 0 0
2026-05-13 2567 1560.772 0 0
2026-05-14 2558 1560.772 0 0
2026-05-15 2570 1560.772 0 0
2026-05-16 2567 1560.772 0 0
2026-05-17 2560 1560.772 0 0
2026-05-18 2548 1560.772 0 0
2026-05-19 2555 1560.772 0 0
2026-05-20 2549 1560.772 0 0
2026-05-21 2572 1560.772 0 0
2026-05-22 2556 1560.772 0 0
2026-05-23 2556 1560.772 0 0
