2025-10-09 1122 3632 0 0
2025-10-10 1110 3632 0 0
2025-10-11 1109 3632 0 0
2025-10-12 1109 3632 0 0
2025-10-13 1107 3632 0 0
2025-10-14 1104 3632 0 0
2025-10-15 1111 3632 0 0
2025-10-16 1107 3632 0 0
2025-10-17 1104 3632 0 0
2025-10-18 1104 3632 0 0
2025-10-19 1105 3632 0 0
2025-10-20 1113 3632 0 0
2025-10-21 1114 3632 0 0
2025-10-22 1112 3632 0 0
2025-10-23 1113 3632 0 0
2025-10-24 1114 3632 0 0
2025-10-25 1114 3632 0 0
2025-10-26 1114 3632 0 0
2025-10-27 1121 3632 0 0
2025-10-28 1120 3632 0 0
2025-10-29 1113 3632 0 0
2025-10-30 1110 3632 0 0
2025-10-31 1104 3632 0 0
2025-11-01 1103 3632 0 0
2025-11-02 1103 3632 0 0
2025-11-03 1107 3632 0 0
2025-11-04 1098 3632 0 0
2025-11-05 1099 3632 0 0
2025-11-06 1098 3632 0 0
2025-11-07 1101 3632 0 0
2025-11-08 1102 3632 0 0
2025-11-09 1102 3632 0 0
2025-11-10 1106 3632 0 0
2025-11-11 1104 3632 0 0
2025-11-12 1106 3632 0 0
2025-11-13 1107 3632 0 0
2025-11-14 1105 3632 0 0
2025-11-15 1104 3632 0 0
2025-11-16 1105 3632 0 0
2025-11-17 1097 3632 0 0
2025-11-18 1093 3632 0 0
2025-11-19 1095 3632 0 0
2025-11-20 1090 3632 0 0
2025-11-21 1088 3632 0 0
2025-11-22 1087 3632 0 0
2025-11-23 1087 3632 0 0
2025-11-24 1092 3632 0 0
2025-11-25 1093 3632 0 0
2025-11-26 1104 3632 0 0
2025-11-27 1108 3632 0 0
2025-11-28 1106 3632 0 0
2025-11-29 1106 3632 0 0
2025-11-30 1106 3632 0 0
2025-12-01 1106 3632 0 0
2025-12-02 1103 3632 0 0
2025-12-03 1102 3632 0 0
2025-12-04 1104 3632 0 0
2025-12-05 1105 3632 0 0
2025-12-06 1101 3632 0 0
2025-12-07 1102 3632 0 0
2025-12-08 1101 3632 0 0
2025-12-09 1104 3632 0 0
2025-12-10 1105 3632 0 0
2025-12-11 1104 3632 0 0
2025-12-12 1111 3632 0 0
2025-12-13 1111 3632 0 0
2025-12-14 1111 3632 0 0
2025-12-15 1115 3632 0 0
2025-12-16 1110 3632 0 0
2025-12-17 1111 3632 0 0
2025-12-18 1116 3632 0 0
2025-12-19 1124 3632 0 0
2025-12-20 1128 3632 0 0
2025-12-21 1128 3632 0 0
2025-12-22 1135 3632 0 0
2025-12-23 1135 3632 0 0
2025-12-24 1138 3632 0 0
2025-12-25 1139 3632 0 0
2025-12-26 1139 3632 0 0
2025-12-27 1139 3632 0 0
2025-12-28 1139 3632 0 0
2025-12-29 1129 3632 0 0
2025-12-30 1124 3632 0 0
2025-12-31 1121 3632 0 0
2026-01-01 1122 3632 0 0
2026-01-02 1131 3632 0 0
2026-01-03 1130 3632 0 0
2026-01-05 1135 3632 0 0
2026-01-06 1144 3632 0 0
2026-01-07 1145 3632 0 0
2026-01-08 1138 3632 0 0
2026-01-09 1139 3632 0 0
2026-01-10 1138 3632 0 0
2026-01-11 1138 3632 0 0
2026-01-12 1145 3632 0 0
2026-01-13 1141 3632 0 0
2026-01-14 1141 3632 0 0
2026-01-15 1143 3632 0 0
2026-01-16 1143 3632 0 0
2026-01-17 1143 3632 0 0
2026-01-18 1142 3632 0 0
2026-01-19 1141 3632 0 0
2026-01-20 1134 3632 0 0
2026-01-21 1134 3632 0 0
2026-01-22 1141 3632 0 0
2026-01-23 1139 3632 0 0
2026-01-24 1140 3632 0 0
2026-01-25 1140 3632 0 0
2026-01-26 1138 3632 0 0
2026-01-27 1150 3632 0 0
2026-01-28 1151 3632 0 0
2026-01-29 1152 3632 0 0
2026-01-30 1147 3632 0 0
2026-01-31 1147 3632 0 0
2026-02-01 1144 3632 0 0
2026-02-02 1137 3632 0 0
2026-02-03 1139 3632 0 0
2026-02-04 1145 3632 0 0
2026-02-05 1147 3632 0 0
2026-02-06 1152 3632 0 0
2026-02-07 1155 3632 0 0
2026-02-08 1155 3632 0 0
2026-02-09 1161 3632 0 0
2026-02-10 1164 3632 0 0
2026-02-11 1163 3632 0 0
2026-02-12 1157 3632 0 0
2026-02-13 1162 3632 0 0
2026-02-14 1159 3632 0 0
2026-02-15 1158 3632 0 0
2026-02-16 1155 3632 0 0
2026-02-17 1153 3632 0 0
2026-02-18 1153 3632 0 0
2026-02-19 1158 3632 0 0
2026-02-20 1155 3632 0 0
2026-02-21 1164 3632 0 0
2026-02-22 1164 3632 0 0
2026-02-23 1164 3632 0 0
2026-02-24 1173 3632 0 0
2026-02-25 1175 3632 0 0
2026-02-26 1175 3632 0 0
2026-02-27 1169 3632 0 0
2026-02-28 1174 3632 0 0
2026-03-01 1175 3632 0 0
2026-03-02 1177 3632 0 0
2026-03-03 1167 3632 0 0
2026-03-04 1162 3632 0 0
2026-03-05 1166 3632 0 0
2026-03-06 1162 3632 0 0
2026-03-07 1163 3632 0 0
2026-03-08 1163 3632 0 0
2026-03-09 1156 3632 0 0
2026-03-10 1172 3632 0 0
2026-03-11 1175 3632 0 0
2026-03-12 1166 3632 0 0
2026-03-13 1155 3632 0 0
2026-03-14 1152 3632 0 0
2026-03-15 1152 3632 0 0
2026-03-16 1156 3632 0 0
2026-03-17 1164 3632 0 0
2026-03-18 1163 3632 0 0
2026-03-19 1156 3632 0 0
2026-03-20 1148 3632 0 0
2026-03-21 1146 3632 0 0
2026-03-22 1146 3632 0 0
2026-03-23 1147 3632 0 0
2026-03-24 1144 3632 0 0
2026-03-25 1147 3632 0 0
2026-03-27 1138 3632 0 0
2026-03-28 1134 3632 0 0
2026-03-29 1134 3632 0 0
2026-03-30 1135 3632 0 0
2026-03-31 1136 3632 0 0
2026-04-01 1144 3632 0 0
2026-04-02 1150 3632 0 0
2026-04-03 1147 3632 0 0
2026-04-04 1147 3632 0 0
2026-04-05 1147 3632 0 0
2026-04-06 1147 3632 0 0
2026-04-07 1148 3632 0 0
2026-04-08 1161 3632 0 0
2026-04-09 1170 3632 0 0
2026-04-10 1172 3632 0 0
2026-04-11 1172 3632 0 0
2026-04-12 1172 3632 0 0
2026-04-13 1171 3632 0 0
2026-04-14 1175 3632 0 0
2026-04-15 1185 3632 0 0
2026-04-16 1187 3632 0 0
2026-04-17 1191 3632 0 0
2026-04-18 1192 3632 0 0
2026-04-19 1192 3632 0 0
2026-04-20 1190 3632 0 0
2026-04-21 1185 3632 0 0
2026-04-22 1184 3632 0 0
2026-04-23 1179 3632 0 0
2026-04-24 1179 3632 0 0
2026-04-25 1178 3632 0 0
2026-04-26 1178 3632 0 0
2026-04-27 1178 3632 0 0
2026-04-28 1182 3632 0 0
2026-04-29 1181 3632 0 0
2026-04-30 1179 3632 0 0
2026-05-01 1181 3632 0 0
2026-05-02 1181 3632 0 0
2026-05-04 1183 3632 0 0
2026-05-05 1184 3632.0 0 0
2026-05-06 1185 3632.0 0 0
2026-05-07 1188 3632.0 0 0
2026-05-08 1191 3632.0 0 0
2026-05-09 1197 3632.0 0 0
2026-05-10 1197 3632.0 0 0
2026-05-11 1196 3632.0 0 0
2026-05-12 1187 3632.0 0 0
2026-05-13 1188 3632.0 0 0
2026-05-14 1179 3632.0 0 0
2026-05-15 1180 3632.0 0 0
2026-05-16 1181 3632.0 0 0
2026-05-17 1180 3632.0 0 0
2026-05-18 1180 3632.0 0 0
2026-05-19 1181 3632.0 0 0
2026-05-20 1178 3632.0 0 0
2026-05-21 1184 3632.0 0 0
2026-05-22 1186 3632.0 0 0
2026-05-23 1189 3632.0 0 0
2026-05-24 1189 3632.0 0 0
2026-05-25 1187 3632.0 0 0
2026-05-26 1185 3632.0 0 0
2026-05-27 1182 3632.0 0 0
2026-05-28 1184 3632.0 0 0
2026-05-29 1187 3632.0 0 0
2026-05-30 1187 3632.0 0 0
2026-05-31 1191 3632.0 0 0
2026-06-01 1189 3632.0 0 0
2026-06-02 1181 3632.0 0 0
2026-06-03 1177 3632.0 0 0
2026-06-04 1169 3632.0 0 0
2026-06-05 1169 3632.0 0 0
2026-06-06 1168 3632.0 0 0
