2019-11-07 476 4525 0 0
2020-01-19 493 4525 0 0
2020-02-07 492 4525 0 0
2020-02-15 493 4525 0 0
2020-02-16 493 4525 0 0
2020-02-17 496 4525 0 0
2020-02-18 497 4525 0 0
2020-02-19 495 4525 0 0
2020-02-20 497 4525 0 0
2020-02-21 490 4525 0 0
2020-02-22 489 4525 0 0
2020-02-23 489 4525 0 0
2020-02-24 485 4525 0 0
2020-02-25 476 4525 0 0
2020-02-26 472 4525 0 0
2020-02-27 464 4525 0 0
2020-02-28 462 4525 0 0
2020-02-29 460 4525 0 0
2020-03-01 462 4525 0 0
2020-03-02 466 4525 0 0
2020-03-03 474 4525 0 0
2020-03-04 479 4525 0 0
2020-03-05 476 4525 0 0
2020-03-06 469 4525 0 0
2020-03-07 469 4525 0 0
2020-03-08 470 4525 0 0
2020-03-09 460 4525 0 0
2020-03-10 457 4525 0 0
2020-03-11 446 4525 0 0
2020-03-12 438 4525 0 0
2020-03-13 420 4525 0 0
2020-03-14 425 4525 0 0
2020-03-15 425 4525 0 0
2020-03-16 410 4525 0 0
2020-03-17 406 4525 0 0
2020-03-18 394 4525 0 0
2020-03-19 386 4525 0 0
2020-03-20 390 4525 0 0
2020-03-21 388 4525 0 0
2020-03-22 388 4525 0 0
2020-03-23 386 4525 0 0
2020-03-24 386 4525 0 0
2020-03-25 394 4525 0 0
2020-03-26 405 4525 0 0
2020-03-27 413 4525 0 0
2020-03-28 412 4525 0 0
2020-03-29 412 4525 0 0
2020-03-30 412 4525 0 0
2020-03-31 414 4525 0 0
2020-04-01 416 4525 0 0
2020-04-02 408 4525 0 0
2020-04-03 410 4525 0 0
2020-04-04 404 4525 0 0
2020-04-05 404 4525 0 0
2020-04-06 404 4525 0 0
2020-04-07 418 4525 0 0
2020-04-08 428 4525 0 0
2020-04-09 430 4525 0 0
2020-04-10 435 4525 0 0
2020-04-11 435 4525 0 0
2020-04-12 435 4525 0 0
2020-04-13 437 4525 0 0
2020-04-14 439 4525 0 0
2020-04-15 441 4525 0 0
2020-04-16 434 4525 0 0
2020-04-17 435 4525 0 0
2020-04-18 440 4525 0 0
2020-04-19 440 4525 0 0
2020-04-20 439 4525 0 0
2020-04-21 437 4525 0 0
2020-04-23 440 4525 0 0
2020-04-24 442 4525 0 0
2020-04-25 441 4525 0 0
2020-04-26 441 4525 0 0
2020-04-27 443 4525 0 0
2020-04-28 441 4525 0 0
2020-04-29 451 4525 0 0
2020-04-30 444 4525 0 0
2020-05-01 445 4525 0 0
2020-05-02 445 4525 0 0
2020-05-03 445 4525 0 0
2020-05-04 444 4525 0 0
2020-05-05 440 4525 0 0
2020-05-06 443 4525 0 0
2020-05-07 442 4525 0 0
2020-05-08 445 4525 0 0
2020-05-09 451 4525 0 0
2020-05-10 451 4525 0 0
2020-05-11 451 4525 0 0
2020-05-12 452 4525 0 0
2020-05-13 451 4525 0 0
2020-05-14 445 4525 0 0
2020-05-15 448 4525 0 0
2020-05-16 447 4525 0 0
2020-05-17 447 4525 0 0
2020-05-18 449 4525 0 0
2020-05-19 455 4525 0 0
2020-05-20 460 4525 0 0
2020-05-21 460 4525 0 0
2020-05-23 459 4525 0 0
2020-05-24 459 4525 0 0
2020-05-25 462 4525 0 0
2020-05-26 464 4525 0 0
2020-05-27 468 4525 0 0
2020-05-28 466 4525 0 0
2020-05-29 476 4525 0 0
2020-05-30 474 4525 0 0
2020-05-31 474 4525 0 0
2020-06-01 474 4525 0 0
2020-06-02 481 4525 0 0
2020-06-03 486 4525 0 0
2020-06-04 493 4525 0 0
2020-06-05 489 4525 0 0
2020-06-06 493 4525 0 0
2020-06-07 493 4525 0 0
2020-06-08 498 4525 0 0
2020-06-09 497 4525 0 0
2020-06-10 497 4525 0 0
2020-06-11 491 4525 0 0
2020-06-12 488 4525 0 0
2020-06-13 488 4525 0 0
2020-06-14 488 4525 0 0
2020-06-15 487 4525 0 0
2020-06-16 493 4525 0 0
2020-06-17 491 4525 0 0
2020-06-18 493 4525 0 0
2020-06-19 493 4525 0 0
2020-06-20 492 4525 0 0
2020-06-21 492 4525 0 0
2020-06-22 491 4525 0 0
2020-06-23 499 4525 0 0
2020-06-24 499 4525 0 0
2020-06-25 492 4525 0 0
2020-06-26 488 4525 0 0
2020-06-27 486 4525 0 0
2020-06-28 486 4525 0 0
2020-06-29 488 4525 0 0
2020-06-30 487 4525 0 0
