2019-11-07 1445 1732.515 0 0
2020-01-19 1430 1820.239 87.724 5.063
2020-02-07 1419 1806.271 -13.968 -0.767
2020-02-15 1448 1780.607 -25.664 -1.421
2020-02-16 1448 1780.607 0 0
2020-02-17 1449 1780.607 0 0
2020-02-18 1446 1780.607 0 0
2020-02-19 1452 1776.753 -3.854 -0.216
2020-02-20 1456 1771.768 -4.985 -0.281
2020-02-21 1451 1773.682 1.914 0.108
2020-02-22 1466 1747.173 -26.509 -1.495
2020-02-23 1466 1747.173 0 0
2020-02-24 1458 1747.173 0 0
2020-02-25 1445 1747.932 0.759 0.043
2020-02-26 1445 1749.261 1.329 0.076
2020-02-27 1431 1749.451 0.19 0.011
2020-02-28 1403 1768.864 19.413 1.11
2020-02-29 1399 1768.475 -0.389 -0.022
2020-03-01 1400 1768.475 0 0
2020-03-02 1410 1768.475 0 0
2020-03-03 1399 1792.097 23.622 1.336
2020-03-04 1400 1799.709 7.612 0.425
2020-03-05 1406 1793.694 -6.015 -0.334
2020-03-06 1393 1801.522 7.828 0.436
2020-03-07 1377 1821.084 19.562 1.086
2020-03-08 1373 1821.084 0 0
2020-03-09 1346 1821.084 0 0
2020-03-10 1325 1838.342 17.258 0.948
2020-03-11 1322 1826.455 -11.887 -0.647
2020-03-12 1288 1815.744 -10.711 -0.586
2020-03-13 1296 1784.153 -31.591 -1.74
2020-03-14 1300 1782.178 -1.975 -0.111
2020-03-15 1301 1782.178 0 0
2020-03-16 1263 1782.178 0 0
2020-03-17 1244 1793.295 11.117 0.624
2020-03-18 1243 1766.535 -26.76 -1.492
2020-03-19 1246 1744.145 -22.39 -1.267
2020-03-20 1269 1723.052 -21.093 -1.209
2020-03-21 1276 1721.026 -2.026 -0.118
2020-03-22 1276 1721.026 0 0
2020-03-23 1258 1721.026 0 0
2020-03-24 1240 1732.322 11.296 0.656
2020-03-25 1265 1738.307 5.985 0.345
2020-03-26 1279 1744.145 5.838 0.336
2020-03-27 1275 1774.909 30.764 1.764
2020-03-28 1260 1780.405 5.496 0.31
2020-03-29 1260 1780.405 0 0
2020-03-30 1260 1780.405 0 0
2020-03-31 1260 1775.692 -4.713 -0.265
2020-04-01 1271 1766.535 -9.157 -0.516
2020-04-02 1267 1758.816 -7.719 -0.437
2020-04-03 1275 1749.071 -9.745 -0.554
2020-04-04 1274 1738.495 -10.576 -0.605
2020-04-05 1274 1738.495 0 0
2020-04-06 1274 1738.495 0 0
2020-04-07 1305 1736.245 -2.25 -0.129
2020-04-08 1337 1752.117 15.872 0.914
2020-04-09 1347 1749.071 -3.046 -0.174
2020-04-10 1340 1761.124 12.053 0.689
2020-04-11 1340 1761.124 0 0
2020-04-12 1340 1761.124 0 0
2020-04-13 1341 1761.124 0 0
2020-04-14 1353 1754.981 -6.143 -0.349
2020-04-15 1346 1765.954 10.973 0.625
2020-04-16 1349 1755.747 -10.207 -0.578
2020-04-17 1360 1746.794 -8.953 -0.51
2020-04-18 1362 1753.071 6.277 0.359
2020-04-19 1362 1753.071 0 0
2020-04-20 1362 1753.071 0 0
2020-04-21 1352 1751.926 -1.145 -0.065
2020-04-23 1357 1743.201 -8.725 -0.498
2020-04-24 1352 1743.389 0.188 0.011
2020-04-25 1347 1740.75 -2.639 -0.151
2020-04-26 1347 1740.75 0 0
2020-04-27 1356 1740.75 0 0
2020-04-28 1357 1745.279 4.529 0.26
2020-04-29 1372 1743.956 -1.323 -0.076
2020-04-30 1387 1747.363 3.407 0.195
2020-05-01 1373 1763.439 16.076 0.92
2020-05-02 1367 1772.369 8.93 0.506
2020-05-03 1367 1772.369 0 0
2020-05-04 1363 1772.369 0 0
2020-05-05 1373 1757.664 -14.705 -0.83
2020-05-06 1382 1745.279 -12.385 -0.705
2020-05-07 1377 1738.495 -6.784 -0.389
2020-05-08 1385 1735.122 -3.373 -0.194
2020-05-09 1383 1750.402 15.28 0.881
2020-05-10 1383 1750.402 0 0
2020-05-11 1385 1750.402 0 0
2020-05-12 1388 1742.823 -7.579 -0.433
2020-05-13 1380 1750.783 7.96 0.457
2020-05-14 1380 1745.09 -5.693 -0.325
2020-05-15 1381 1740.939 -4.151 -0.238
2020-05-16 1384 1741.88 0.941 0.054
2020-05-17 1384 1741.88 0 0
2020-05-18 1390 1741.88 0 0
2020-05-19 1395 1748.122 6.242 0.358
2020-05-20 1394 1762.474 14.352 0.821
2020-05-21 1385 1769.836 7.362 0.418
2020-05-23 1394 1753.452 -16.384 -0.926
2020-05-24 1394 1753.452 0 0
2020-05-25 1396 1753.452 0 0
2020-05-26 1402 1753.452 0 0
2020-05-27 1401 1768.475 15.023 0.857
2020-05-28 1400 1766.729 -1.746 -0.099
2020-05-29 1395 1780.011 13.282 0.752
2020-05-30 1383 1790.901 10.89 0.612
2020-05-31 1383 1790.901 0 0
2020-06-01 1392 1790.901 0 0
2020-06-02 1406 1793.095 2.194 0.123
2020-06-03 1419 1800.514 7.419 0.414
2020-06-04 1418 1806.373 5.859 0.325
2020-06-05 1409 1826.455 20.082 1.112
2020-06-06 1417 1821.496 -4.959 -0.272
2020-06-07 1417 1821.496 0 0
2020-06-08 1413 1821.496 0 0
2020-06-09 1420 1819.437 -2.059 -0.113
2020-06-10 1419 1828.114 8.677 0.477
2020-06-11 1404 1827.699 -0.415 -0.023
2020-06-12 1396 1832.275 4.576 0.25
2020-06-13 1408 1810.639 -21.636 -1.181
2020-06-14 1408 1810.639 0 0
2020-06-15 1416 1810.639 0 0
2020-06-16 1422 1815.13 4.491 0.248
2020-06-17 1430 1809.215 -5.915 -0.326
2020-06-18 1426 1809.215 0 0
2020-06-19 1432 1806.373 -2.842 -0.157
2020-06-20 1434 1803.135 -3.238 -0.179
2020-06-21 1434 1803.135 0 0
2020-06-22 1432 1803.135 0 0
2020-06-23 1431 1814.862 11.727 0.65
2020-06-24 1431 1814.862 0 0
2020-06-25 1422 1818.517 3.655 0.201
2020-06-26 1423 1809.421 -9.096 -0.5
2020-06-27 1420 1806.278 -3.143 -0.174
2020-06-28 1421 1806.278 0 0
2020-06-29 1424 1806.278 0 0
2020-06-30 1423 1817.503 11.225 0.621
