2019-11-07 426 4931.35 0 0
2020-01-19 406 5308.592 377.242 7.65
2020-02-07 412 5124.424 -184.168 -3.469
2020-02-15 414 5100.781 -23.643 -0.461
2020-02-16 414 5100.781 0 0
2020-02-17 412 5110.07 9.289 0.182
2020-02-18 412 5110.07 0 0
2020-02-19 421 5065.979 -44.091 -0.863
2020-02-20 421 5078.432 12.453 0.246
2020-02-21 419 5071.872 -6.56 -0.129
2020-02-22 420 5057.605 -14.267 -0.281
2020-02-23 420 5057.605 0 0
2020-02-24 409 5057.605 0 0
2020-02-25 408 5015.676 -41.929 -0.829
2020-02-26 412 4978.293 -37.383 -0.745
