2020-08-14 2234 1011.583 0 0
2020-08-15 2235 1011.19 -0.393 -0.039
2020-08-16 2235 1011.19 0 0
2020-08-17 2236 1012.2 1.01 0.1
2020-08-18 2237 1007.079 -5.121 -0.509
2020-08-19 2239 1008.656 1.577 0.156
2020-08-20 2232 1003.843 -4.813 -0.479
2020-08-21 2225 1017.2 13.357 1.313
2020-08-22 2225 1017.768 0.568 0.056
2020-08-23 2225 1017.768 0 0
2020-08-24 2233 1008.365 -9.403 -0.932
2020-08-25 2238 1005.406 -2.959 -0.294
2020-08-26 2244 1001.104 -4.302 -0.43
2020-08-27 2251 996.784 -4.32 -0.433
2020-09-01 2249 1000.184 3.4 0.34
2020-09-02 2266 994.678 -5.506 -0.554
2021-04-16 2707 1006.018 11.34 1.127
2021-04-17 2712 1006.567 0.549 0.055
2021-04-18 2712 1006.567 0 0
2021-04-19 2711 1004.483 -2.084 -0.207
2021-04-20 2707 1013.477 8.994 0.887
2021-04-21 2706 1018.36 4.883 0.479
2021-04-22 2700 1024.201 5.841 0.57
2021-04-23 2704 1024.471 0.27 0.026
2021-04-24 2704 1024.471 0 0
2021-04-25 2707 1024.033 -0.438 -0.043
2021-04-26 2710 1021.049 -2.984 -0.292
2021-04-27 2715 1016.966 -4.083 -0.401
2021-04-28 2731 1001.308 -15.658 -1.564
2021-04-29 2725 1001.95 0.642 0.064
2021-04-30 2718 1004.35 2.4 0.239
2021-05-01 2718 1003.711 -0.639 -0.064
