2019-11-07 1699 1425.617 0 0
2020-01-19 1725 1454.629 29.012 2.035
2020-02-07 1710 1444.299 -10.33 -0.71
2020-02-15 1718 1445.193 0.894 0.062
2020-02-16 1718 1445.193 0 0
2020-02-17 1724 1445.193 0 0
2020-02-18 1728 1437.794 -7.399 -0.512
2020-02-19 1734 1432.256 -5.538 -0.385
2020-02-20 1726 1444.562 12.306 0.859
2020-02-21 1715 1451.95 7.388 0.511
2020-02-22 1715 1448.486 -3.464 -0.239
2020-02-23 1716 1448.486 0 0
2020-02-24 1751 1390.06 -58.426 -4.034
2020-02-25 1727 1400.775 10.715 0.771
2020-02-26 1720 1405.526 4.751 0.339
2020-02-27 1711 1408.021 2.495 0.178
2020-02-28 1713 1397.001 -11.02 -0.783
2020-02-29 1709 1397.001 0 0
2020-03-01 1714 1397.001 0 0
2020-03-02 1751 1353.421 -43.58 -3.12
2020-03-03 1747 1364.731 11.31 0.836
2020-03-04 1739 1385.268 20.537 1.505
2020-03-05 1714 1408.53 23.262 1.679
2020-03-06 1693 1415.471 6.941 0.493
2020-03-07 1695 1411.231 -4.24 -0.3
2020-03-08 1687 1411.231 0 0
2020-03-09 1684 1389.219 -22.012 -1.56
2020-03-10 1686 1375.211 -14.008 -1.008
2020-03-11 1671 1375.134 -0.077 -0.006
2020-03-12 1715 1282.723 -92.411 -6.72
2020-03-13 1833 1151.727 -130.996 -10.212
2020-03-14 1836 1146.214 -5.513 -0.479
2020-03-15 1838 1146.214 0 0
2020-03-16 1841 1117.618 -28.596 -2.495
2020-03-17 1825 1118.759 1.141 0.102
2020-03-18 1839 1086.075 -32.684 -2.921
2020-03-19 1898 1017.943 -68.132 -6.273
2020-03-20 1820 1098.568 80.625 7.92
2020-03-21 1814 1103.068 4.5 0.41
2020-03-22 1814 1103.068 0 0
2020-03-23 1810 1089.134 -13.934 -1.263
2020-03-24 1815 1076.76 -12.374 -1.136
2020-03-25 1823 1101.015 24.255 2.253
2020-03-26 1768 1168.294 67.279 6.111
2020-03-27 1728 1224.144 55.85 4.78
2020-03-28 1734 1210.997 -13.147 -1.074
2020-03-29 1734 1210.997 0 0
2020-03-30 1734 1210.997 0 0
2020-03-31 1720 1217.784 6.787 0.56
2020-04-01 1735 1207.134 -10.65 -0.875
2020-04-02 1723 1203.771 -3.363 -0.279
2020-04-03 1719 1205.431 1.66 0.138
2020-04-04 1720 1203.909 -1.522 -0.126
2020-04-05 1720 1203.909 0 0
2020-04-06 1720 1203.909 0 0
2020-04-07 1746 1208.717 4.808 0.399
2020-04-08 1858 1215.68 6.963 0.576
2020-04-09 1870 1212.941 -2.739 -0.225
2020-04-10 1875 1217.082 4.141 0.341
2020-04-11 1875 1217.082 0 0
2020-04-12 1875 1217.082 0 0
2020-04-13 1870 1217.082 0 0
2020-04-14 1858 1227.258 10.176 0.836
2020-04-15 1846 1238.269 11.011 0.897
2020-04-16 1847 1237.555 -0.714 -0.058
2020-04-17 1858 1234.228 -3.327 -0.269
2020-04-18 1860 1235.357 1.129 0.091
2020-04-19 1860 1235.357 0 0
2020-04-20 1858 1242.363 7.006 0.567
2020-04-21 1878 1213.229 -29.134 -2.345
2020-04-23 1878 1214.34 1.111 0.092
2020-04-24 1867 1224.147 9.807 0.808
2020-04-25 1867 1223.025 -1.122 -0.092
2020-04-26 1867 1223.025 0 0
2020-04-27 1915 1194.963 -28.062 -2.294
2020-04-28 1909 1203.633 8.67 0.726
2020-04-29 1937 1194.826 -8.807 -0.732
2020-04-30 1911 1213.582 18.756 1.57
2020-05-01 1895 1226.988 13.406 1.105
2020-05-02 1894 1226.988 0 0
2020-05-03 1894 1226.988 0 0
2020-05-04 1903 1219.868 -7.12 -0.58
2020-05-05 1910 1208.673 -11.195 -0.918
2020-05-06 1911 1210.918 2.245 0.186
2020-05-07 1913 1205.738 -5.18 -0.428
2020-05-08 1892 1226.975 21.237 1.761
2020-05-09 1901 1223.749 -3.226 -0.263
2020-05-10 1901 1223.749 0 0
2020-05-11 1904 1223.749 0 0
2020-05-12 1904 1216.689 -7.06 -0.577
2020-05-13 1902 1225.275 8.586 0.706
2020-05-14 1897 1219.191 -6.084 -0.497
2020-05-15 1908 1209.043 -10.148 -0.832
2020-05-16 1914 1205.57 -3.473 -0.287
2020-05-17 1914 1205.57 0 0
2020-05-18 1922 1205.57 0 0
2020-05-19 1907 1221.346 15.776 1.309
2020-05-20 1915 1220.624 -0.722 -0.059
2020-05-21 1937 1205.016 -15.608 -1.279
2020-05-23 1956 1180.661 -24.355 -2.021
2020-05-24 1956 1180.661 0 0
2020-05-25 1958 1180.661 0 0
2020-05-26 1960 1180.661 0 0
2020-05-27 1978 1166.634 -14.027 -1.188
2020-05-28 2041 1114.864 -51.77 -4.438
2020-05-29 2121 1049.321 -65.543 -5.879
2020-05-30 2124 1051.614 2.293 0.219
2020-05-31 2124 1051.614 0 0
2020-06-01 2078 1093.866 42.252 4.018
2020-06-02 2035 1144.013 50.147 4.584
2020-06-03 2034 1154.711 10.698 0.935
2020-06-04 2057 1137.227 -17.484 -1.514
2020-06-05 2074 1126.082 -11.145 -0.98
2020-06-06 2077 1128.853 2.771 0.246
2020-06-07 2077 1128.853 0 0
2020-06-08 2075 1128.853 0 0
2020-06-09 2097 1114.503 -14.35 -1.271
2020-06-10 2075 1126.477 11.974 1.074
2020-06-11 2066 1132.835 6.358 0.564
2020-06-12 2068 1127.093 -5.742 -0.507
2020-06-13 2068 1121.546 -5.547 -0.492
2020-06-14 2068 1121.546 0 0
2020-06-15 2079 1107.198 -14.348 -1.279
2020-06-16 2082 1105.127 -2.071 -0.187
2020-06-17 2079 1112.808 7.681 0.695
2020-06-18 2093 1098.48 -14.328 -1.288
2020-06-19 2108 1090.295 -8.185 -0.745
2020-06-20 2109 1092.21 1.915 0.176
2020-06-21 2109 1092.21 0 0
2020-06-22 2094 1099.38 7.17 0.656
2020-06-23 2094 1103.707 4.327 0.394
2020-06-24 2094 1103.707 0 0
2020-06-25 2124 1077.24 -26.467 -2.398
2020-06-26 2115 1083.011 5.771 0.536
2020-06-27 2116 1079.73 -3.281 -0.303
2020-06-28 2116 1079.73 0 0
2020-06-29 2113 1079.73 0 0
2020-06-30 2107 1088.387 8.657 0.802
2020-07-01 2086 1109.821 21.434 1.969
2020-07-07 2107 1109.821 0 0
2020-07-08 2120 1104.61 -5.211 -0.47
2020-07-09 2129 1098.223 -6.387 -0.578
2020-07-10 2126 1101.314 3.091 0.281
2020-07-11 2127 1100.153 -1.161 -0.105
2020-07-12 2127 1100.153 0 0
2020-07-13 2119 1107.328 7.175 0.652
2020-07-14 2122 1100.54 -6.788 -0.613
2020-07-15 2129 1092.21 -8.33 -0.757
2020-07-16 2125 1092.21 0 0
2020-07-17 2134 1084.913 -7.297 -0.668
2020-07-18 2134 1084.913 0 0
2020-07-20 2137 1086.44 1.527 0.141
2020-07-21 2134 1086.44 0 0
2020-07-22 2144 1086.949 0.509 0.047
2020-07-23 2134 1096.705 9.756 0.898
2020-07-24 2132 1087.97 -8.735 -0.796
2020-07-25 2133 1086.567 -1.403 -0.129
2020-07-26 2131 1086.567 0 0
2020-07-27 2125 1093.747 7.18 0.661
2020-07-28 2141 1082.306 -11.441 -1.046
2020-07-29 2138 1089.377 7.071 0.653
2020-07-30 2145 1084.474 -4.903 -0.45
2020-07-31 2150 1084.474 0 0
