2024-03-30 2701 1035.7 0 0
2024-03-31 2701 1035.7 0 0
2024-04-02 2705 1035.7 0 0
2024-04-03 2700 1035.7 0 0
2024-04-04 2700 1035.7 0 0
2024-04-05 2703 1035.7 0 0
2024-04-06 2700 1035.7 0 0
2024-04-07 2700 1035.7 0 0
2024-04-08 2699 1035.7 0 0
2024-04-09 2704 1035.7 0 0
2024-04-10 2699 1035.7 0 0
2024-04-11 2698 1035.7 0 0
2024-04-12 2690 1035.7 0 0
2024-04-13 2684 1035.7 0 0
2024-04-14 2684 1035.7 0 0
2024-04-15 2682 1035.7 0 0
2024-04-16 2677 1035.7 0 0
2024-04-17 2667 1035.7 0 0
2024-04-18 2673 1035.7 0 0
2024-04-19 2663 1035.7 0 0
2024-04-20 2663 1035.7 0 0
2024-04-21 2663 1035.7 0 0
2024-04-22 2669 1035.7 0 0
2024-04-23 2668 1035.7 0 0
2024-04-24 2673 1035.7 0 0
2024-04-25 2672 1035.7 0 0
2024-04-26 2685 1035.7 0 0
2024-04-27 2684 1035.7 0 0
2024-04-28 2684 1035.7 0 0
2024-04-29 2690 1035.7 0 0
2024-04-30 2684 1035.7 0 0
