2020-01-19 232 8057.595 0 0
2020-02-07 220 8133.066 75.471 0.928
2020-02-15 217 8170.74 37.674 0.461
2020-02-16 216 8170.74 0 0
2020-02-17 213 8236.622 65.882 0.8
2020-02-18 211 8236.622 0 0
2020-02-19 212 8229.311 -7.311 -0.089
2020-02-20 214 8181.084 -48.227 -0.589
2020-02-21 211 8188.621 7.537 0.092
2020-02-22 214 8145.884 -42.737 -0.525
2020-02-23 214 8145.884 0 0
2020-02-24 215 8145.884 0 0
2020-02-25 218 7971.97 -173.914 -2.182
2020-02-26 225 7753.524 -218.446 -2.817
2020-02-27 226 7613.961 -139.563 -1.833
2020-02-28 232 7336.101 -277.86 -3.788
2020-02-29 210 7885.696 549.595 6.97
2020-03-01 210 7885.696 0 0
2020-03-02 214 7885.696 0 0
2020-03-03 205 8173.91 288.214 3.526
2020-03-04 211 8072.951 -100.959 -1.251
2020-03-05 200 8454.097 381.146 4.508
2020-03-06 205 8231.035 -223.062 -2.71
2020-03-07 199 8385.126 154.091 1.838
2020-03-08 200 8385.126 0 0
2020-03-09 193 8385.126 0 0
2020-03-10 215 7724.394 -660.732 -8.554
2020-03-11 208 7898.79 174.396 2.208
2020-03-12 211 7479.67 -419.12 -5.603
2020-03-13 248 6564.491 -915.179 -13.941
2020-03-14 226 6904.68 340.189 4.927
2020-03-15 226 6904.68 0 0
2020-03-16 224 6904.68 0 0
2020-03-17 276 5949.118 -955.562 -16.062
2020-03-18 225 6700.767 751.649 11.217
2020-03-19 234 6481.804 -218.963 -3.378
2020-03-20 237 6507.27 25.466 0.391
2020-03-21 249 6139.302 -367.968 -5.994
2020-03-22 249 6139.302 0 0
2020-03-23 251 6139.302 0 0
2020-03-24 269 5775.225 -364.077 -6.304
2020-03-25 253 6319.205 543.98 8.608
2020-03-26 242 6644.087 324.882 4.89
2020-03-27 221 7179.372 535.285 7.456
2020-03-28 223 7118.584 -60.788 -0.854
2020-03-29 223 7118.584 0 0
2020-03-30 223 7118.584 0 0
2020-03-31 217 7284.103 165.519 2.272
2020-04-01 229 7008.839 -275.264 -3.927
2020-04-02 253 6495.638 -513.201 -7.901
2020-04-03 243 6671.707 176.069 2.639
2020-04-04 251 6512.797 -158.91 -2.44
2020-04-05 251 6512.797 0 0
2020-04-06 251 6512.797 0 0
2020-04-07 226 7095.75 582.953 8.216
2020-04-08 232 7070.981 -24.769 -0.35
2020-04-10 216 7753.1 682.119 8.798
2020-04-11 216 7753.1 0 0
2020-04-12 216 7753.1 0 0
2020-04-13 215 7753.1 0 0
2020-04-14 222 7520.765 -232.335 -3.089
2020-04-15 218 7670.707 149.942 1.955
2020-04-17 236 7222.362 -448.345 -6.208
2020-04-18 225 7556.919 334.557 4.427
2020-04-19 225 7556.919 0 0
2020-04-20 225 7556.919 0 0
2020-04-21 230 7297.83 -259.089 -3.55
2020-04-23 228 7399.309 101.479 1.371
2020-04-24 225 7416.582 17.273 0.233
2020-04-25 222 7520.145 103.563 1.377
2020-04-26 222 7520.145 0 0
2020-04-27 225 7520.145 0 0
2020-04-28 222 7624.27 104.125 1.366
2020-04-29 220 7654.192 29.922 0.391
2020-04-30 218 7709.864 55.672 0.722
