2026-03-10 2484 1602.606 0 0
2026-03-11 2497 1598.576 -4.03 -0.251
2026-03-12 2498 1589.233 -9.343 -0.584
2026-03-13 2466 1601.874 12.641 0.795
2026-03-14 2460 1601.874 0 0
2026-03-15 2460 1601.874 0 0
2026-03-16 2441 1615.43 13.556 0.846
2026-03-17 2455 1608.011 -7.419 -0.459
2026-03-18 2471 1591.706 -16.305 -1.014
2026-03-19 2455 1592.714 1.008 0.063
2026-03-20 2457 1582.363 -10.351 -0.65
2026-03-21 2454 1582.363 0 0
2026-03-22 2454 1582.363 0 0
2026-03-23 2441 1588.866 6.503 0.411
2026-03-24 2429 1598.576 9.71 0.611
2026-03-25 2447 1596.836 -1.74 -0.109
2026-03-27 2473 1574.943 -21.893 -1.371
2026-03-28 2464 1574.943 0 0
2026-03-29 2461 1574.943 0 0
2026-03-30 2445 1591.523 16.58 1.053
2026-03-31 2434 1594.454 2.931 0.184
