2019-11-07 2145 1011.697 0 0
2020-01-19 2134 1064.36 52.663 5.205
2020-08-18  981.874 -82.486 -7.75
2020-08-21 2227 1010.284 28.41 2.893
2020-08-22 2228 1012.823 2.539 0.251
2020-08-23 2228 1012.823 0 0
2020-08-24 2227 1015.092 2.269 0.224
2020-08-25 2227 1019.149 4.057 0.4
2020-08-26 2231 1017.567 -1.582 -0.155
2020-08-27 2225 1023.397 5.83 0.573
2020-08-28 2230 1020.342 -3.055 -0.299
2020-08-29 2233 1026.173 5.831 0.571
2020-08-30 2233 1026.173 0 0
2020-08-31 2221 1030.716 4.543 0.443
2020-09-01 2215 1038.428 7.712 0.748
2020-09-02 2201 1055.631 17.203 1.657
2020-09-03 2197 1058.141 2.51 0.238
2020-09-04 2196 1052.725 -5.416 -0.512
2020-09-05 2194 1057.636 4.911 0.467
2020-09-06 2194 1057.636 0 0
2020-09-07 2217 1037.614 -20.022 -1.893
2020-09-09 2209 1033.433 -4.181 -0.403
2020-09-10 2180 1064.566 31.133 3.013
2020-09-11 2174 1076.852 12.286 1.154
2020-09-12 2173 1075.79 -1.062 -0.099
2020-09-13 2173 1075.79 0 0
2020-09-14 2162 1094.83 19.04 1.77
2020-09-15 2153 1101.268 6.438 0.588
2020-09-16 2177 1076.634 -24.634 -2.237
2020-09-17 2187 1071.694 -4.94 -0.459
2020-09-18 2205 1050.693 -21.001 -1.96
2020-09-19 2205 1053.554 2.861 0.272
2020-09-21 2214 1039.42 -14.134 -1.342
2020-09-22 2203 1043.634 4.214 0.405
2020-09-23 2201 1045.613 1.979 0.19
2020-09-24 2214 1022.261 -23.352 -2.233
2020-09-25 2223 1014.938 -7.323 -0.716
2020-09-26 2220 1019.024 4.086 0.403
2020-09-27 2220 1019.024 0 0
2020-09-28 2211 1024.172 5.148 0.505
2020-09-29 2218 1015.17 -9.002 -0.879
2020-09-30 2219 1013.526 -1.644 -0.162
