2020-12-23 1289 2297.944 0 0
2020-12-24 1293 2292.008 -5.936 -0.259
2020-12-25 1292 2292.096 0.088 0.004
2020-12-26 1292 2292.096 0 0
2020-12-27 1292 2292.096 0 0
2020-12-28 1279 2319.383 27.287 1.176
2020-12-29 1254 2363.937 44.554 1.885
2020-12-31 1278 2333.087 -30.85 -1.322
2021-01-01 1278 2332.636 -0.451 -0.019
2021-01-02 1278 2332.636 0 0
2021-01-03 1278 2332.636 0 0
2021-01-04 1135 2630.792 298.156 11.333
2021-01-05 1125 2683.442 52.65 1.962
2021-01-06 1193 2525.723 -157.719 -6.245
2021-01-07 1286 2346.398 -179.325 -7.643
2021-01-08 1269 2369.753 23.355 0.986
2021-01-09 1270 2368.989 -0.764 -0.032
2021-01-10 1270 2368.989 0 0
2021-01-11 1213 2489.777 120.788 4.851
2021-01-12 1235 2464.673 -25.104 -1.019
2021-01-13 1186 2569.884 105.211 4.094
2021-01-14 1160 2630.894 61.01 2.319
2021-01-15 1060 2845.263 214.369 7.534
2021-01-16 1057 2845.153 -0.11 -0.004
2021-01-17 1057 2845.153 0 0
2021-01-18 1088 2792.537 -52.616 -1.884
2021-01-19 1029 2928.948 136.411 4.657
2021-01-20 1039 2923.932 -5.016 -0.172
2021-01-21 981 3058.393 134.461 4.396
2021-01-22 900 3294.297 235.904 7.161
2021-01-23 897 3293.914 -0.383 -0.012
2021-01-24 897 3293.914 0 0
2021-01-25 939 3186.716 -107.198 -3.364
2021-01-26 951 3118.74 -67.976 -2.18
2021-01-27 949 3118.338 -0.402 -0.013
2021-01-28 1025 2915.984 -202.354 -6.939
2021-01-29 983 2991.578 75.594 2.527
2021-01-30 982 2991.308 -0.27 -0.009
2021-01-31 982 2991.308 0 0
2021-02-01 1035 2893.871 -97.437 -3.367
