2020-01-19 2009 1160.643 0 0
2020-02-07 2009 1128.803 -31.84 -2.821
2020-02-15 1976 1173.987 45.184 3.849
2020-02-16 1978 1173.987 0 0
2020-02-17 1985 1168.986 -5.001 -0.428
2020-02-18 1984 1165.575 -3.411 -0.293
2020-02-19 1898 1239.184 73.609 5.94
2020-02-20 1873 1259.459 20.275 1.61
2020-02-21 1844 1295.966 36.507 2.817
2020-02-22 1841 1300.268 4.302 0.331
2020-02-23 1840 1300.268 0 0
2020-02-24 1836 1293.458 -6.81 -0.526
2020-02-25 1835 1282.363 -11.095 -0.865
2020-02-26 1853 1243.645 -38.718 -3.113
2020-02-27 1873 1218.051 -25.594 -2.101
2020-02-28 1959 1133.397 -84.654 -7.469
2020-02-29 1960 1125.169 -8.228 -0.731
2020-03-01 1961 1125.169 0 0
2020-03-02 1934 1160.084 34.915 3.01
2020-03-03 1916 1189.218 29.134 2.45
2020-03-04 1916 1190.389 1.171 0.098
2020-03-05 1911 1195.872 5.483 0.458
2020-03-06 1917 1177.592 -18.28 -1.552
2020-03-07 1918 1178.819 1.227 0.104
2020-03-08 1913 1178.819 0 0
2020-03-09 1927 1132.912 -45.907 -4.052
2020-03-10 1909 1144.127 11.215 0.98
2020-03-11 1909 1128.428 -15.699 -1.391
2020-03-12 1993 1032.22 -96.208 -9.32
2020-03-13 2013 979.986 -52.234 -5.33
