2025-11-26 740 5405 0 0
2025-11-27 742 5405 0 0
2025-11-28 743 5405 0 0
2025-11-29 744 5405 0 0
2025-11-30 744 5405 0 0
2025-12-01 744 5405 0 0
2025-12-02 746 5405 0 0
2025-12-03 745 5405 0 0
2025-12-04 748 5405 0 0
2025-12-05 748 5405 0 0
2025-12-06 747 5405 0 0
2025-12-07 747 5405 0 0
2025-12-08 743 5405 0 0
2025-12-09 745 5405 0 0
2025-12-10 745 5405 0 0
2025-12-11 751 5405 0 0
2025-12-12 750 5405 0 0
2025-12-13 748 5405 0 0
2025-12-14 748 5405 0 0
2025-12-15 746 5405 0 0
2025-12-16 744 5405 0 0
2025-12-17 738 5405 0 0
2025-12-18 741 5405 0 0
2025-12-19 749 5405 0 0
2025-12-20 749 5405 0 0
2025-12-21 749 5405 0 0
2025-12-22 753 5405 0 0
2025-12-23 752 5405 0 0
2025-12-24 753 5405 0 0
2025-12-25 754 5405 0 0
2025-12-26 752 5405 0 0
2025-12-27 753 5405 0 0
2025-12-28 753 5405 0 0
2025-12-29 752 5405 0 0
2025-12-30 750 5405 0 0
2025-12-31 749 5405 0 0
2026-01-01 748 5405 0 0
2026-01-02 752 5405 0 0
2026-01-03 752 5405 0 0
2026-01-05 755 5405 0 0
2026-01-06 761 5405 0 0
2026-01-07 762 5405 0 0
2026-01-08 760 5405 0 0
2026-01-09 761 5405 0 0
2026-01-10 760 5405 0 0
2026-01-11 760 5405 0 0
2026-01-12 763 5405 0 0
2026-01-13 767 5405 0 0
2026-01-14 767 5405 0 0
2026-01-15 766 5405 0 0
2026-01-16 764 5405 0 0
2026-01-17 765 5405 0 0
2026-01-18 764 5405 0 0
2026-01-19 761 5405 0 0
2026-01-20 756 5405 0 0
2026-01-21 762 5405 0 0
2026-01-22 765 5405 0 0
2026-01-23 767 5405 0 0
2026-01-24 769 5405 0 0
2026-01-25 769 5405 0 0
2026-01-26 771 5405 0 0
2026-01-27 769 5405 0 0
2026-01-28 769 5405 0 0
2026-01-29 765 5405 0 0
2026-01-30 764 5405 0 0
2026-01-31 764 5405 0 0
2026-02-01 763 5405 0 0
2026-02-02 756 5405 0 0
2026-02-03 752 5405 0 0
2026-02-04 754 5405 0 0
2026-02-05 755 5405 0 0
2026-02-06 755 5405 0 0
2026-02-07 755 5405 0 0
2026-02-08 755 5405 0 0
2026-02-09 756 5405 0 0
2026-02-10 759 5405 0 0
2026-02-11 758 5405 0 0
2026-02-12 756 5405 0 0
2026-02-13 760 5405 0 0
2026-02-14 759 5405 0 0
2026-02-15 759 5405 0 0
2026-02-16 759 5405 0 0
2026-02-17 759 5405 0 0
2026-02-18 760 5405 0 0
2026-02-19 767 5405 0 0
2026-02-20 766 5405 0 0
2026-02-21 770 5405 0 0
2026-02-22 770 5405 0 0
2026-02-23 766 5405 0 0
2026-02-24 771 5405 0 0
2026-02-25 774 5405 0 0
2026-02-26 785 5405 0 0
2026-02-27 781 5405 0 0
2026-02-28 782 5405 0 0
2026-03-01 781 5405 0 0
2026-03-02 779 5405 0 0
2026-03-03 774 5405 0 0
2026-03-04 772 5405 0 0
2026-03-05 772 5405 0 0
2026-03-06 772 5405 0 0
2026-03-07 771 5405 0 0
2026-03-08 771 5405 0 0
2026-03-09 768 5405 0 0
2026-03-10 771 5405 0 0
2026-03-11 766 5405 0 0
2026-03-12 763 5405 0 0
2026-03-13 760 5405 0 0
2026-03-14 756 5405 0 0
2026-03-15 756 5405 0 0
2026-03-16 760 5405 0 0
2026-03-17 763 5405 0 0
2026-03-18 759 5405 0 0
2026-03-19 752 5405 0 0
2026-03-20 752 5405 0 0
2026-03-21 745 5405 0 0
2026-03-22 744 5405 0 0
2026-03-23 738 5405 0 0
2026-03-24 742 5405 0 0
2026-03-25 755 5405 0 0
2026-03-27 744 5405 0 0
2026-03-28 743 5405 0 0
2026-03-29 744 5405 0 0
2026-03-30 745 5405 0 0
2026-03-31 744 5405 0 0
2026-04-01 746 5405.0 0 0
2026-04-02 744 5405.0 0 0
2026-04-03 750 5405.0 0 0
2026-04-04 748 5405.0 0 0
2026-04-05 748 5405.0 0 0
2026-04-06 749 5405.0 0 0
2026-04-07 752 5405.0 0 0
2026-04-08 755 5405.0 0 0
2026-04-09 766 5405.0 0 0
2026-04-10 771 5405.0 0 0
2026-04-11 773 5405.0 0 0
