2019-11-07 1265 1974.73 0 0
2020-01-19 1363 1912.981 -61.749 -3.127
2020-02-07 1366 1879.728 -33.253 -1.738
2020-02-15 1058 2453.899 574.171 30.545
2020-02-16 1058 2453.899 0 0
2020-02-17 1057 2453.899 0 0
2020-02-18 1054 2453.899 0 0
2020-02-19 1065 2429.821 -24.078 -0.981
2020-02-20 1067 2417.821 -12 -0.494
2020-02-21 1068 2407.089 -10.732 -0.444
2020-02-22 1067 2413.461 6.372 0.265
2020-02-23 1066 2413.461 0 0
2020-02-24 1060 2413.461 0 0
2020-02-25 1055 2409.337 -4.124 -0.171
2020-02-26 1045 2409.337 0 0
2020-02-27 1036 2409.337 0 0
2020-02-28 1036 2362.664 -46.673 -1.937
2020-02-29 1044 2343.76 -18.904 -0.8
2020-03-01 1047 2343.76 0 0
2020-03-02 1053 2343.76 0 0
2020-03-03 1050 2353.514 9.754 0.416
2020-03-04 1047 2371.566 18.052 0.767
2020-03-05 1083 2328.688 -42.878 -1.808
2020-03-06 1099 2275.422 -53.266 -2.287
2020-03-07 1091 2290.454 15.032 0.661
2020-03-08 1087 2290.454 0 0
2020-03-09 1054 2290.454 0 0
2020-03-10 1085 2234.928 -55.526 -2.424
2020-03-11 1054 2262.859 27.931 1.25
2020-03-12 1002 2257.111 -5.748 -0.254
2020-03-13 1042 2175.835 -81.276 -3.601
2020-03-14 1009 2218.238 42.403 1.949
2020-03-15 1009 2218.238 0 0
2020-03-16 975 2218.238 0 0
2020-03-17 1023 2122.083 -96.155 -4.335
2020-03-18 1012 2105.981 -16.102 -0.759
2020-03-19 1036 2066.269 -39.712 -1.886
2020-03-20 1044 2053.19 -13.079 -0.633
2020-03-21 1017 2114.065 60.875 2.965
2020-03-22 1017 2114.065 0 0
2020-03-23 1003 2114.065 0 0
2020-03-24 1028 2061.275 -52.79 -2.497
2020-03-25 1049 2083.737 22.462 1.09
2020-03-26 1061 2091.237 7.5 0.36
2020-03-27 1065 2115.672 24.435 1.168
2020-03-28 1082 2068.411 -47.261 -2.234
2020-03-29 1082 2068.411 0 0
2020-03-30 1082 2068.411 0 0
2020-03-31 1085 2054.147 -14.264 -0.69
2020-04-01 1105 2038.781 -15.366 -0.748
2020-04-02 1100 2020.472 -18.309 -0.898
2020-04-03 1112 2009.49 -10.982 -0.544
2020-04-04 1114 1996.892 -12.598 -0.627
2020-04-05 1114 1996.892 0 0
2020-04-06 1114 1996.892 0 0
2020-04-07 1127 2019.006 22.114 1.107
2020-04-08 1159 2017.465 -1.541 -0.076
2020-04-09 1152 2036.817 19.352 0.959
2020-04-10 1130 2092.064 55.247 2.712
2020-04-11 1130 2092.064 0 0
2020-04-12 1130 2092.064 0 0
2020-04-13 1126 2092.064 0 0
2020-04-14 1166 2033.644 -58.42 -2.792
2020-04-15 1161 2037.72 4.076 0.2
2020-04-16 1172 2012.397 -25.323 -1.243
2020-04-17 1172 2017.041 4.644 0.231
2020-04-18 1186 2005.755 -11.286 -0.56
2020-04-19 1186 2005.755 0 0
2020-04-20 1185 2005.755 0 0
2020-04-21 1180 1997.646 -8.109 -0.404
2020-04-23 1211 1961.662 -35.984 -1.801
2020-04-24 1223 1933.47 -28.192 -1.437
2020-04-25 1272 1858.898 -74.572 -3.857
2020-04-26 1272 1858.898 0 0
2020-04-27 1274 1858.898 0 0
2020-04-28 1284 1875.182 16.284 0.876
2020-04-29 1281 1892.703 17.521 0.934
2020-04-30 1248 1955.712 63.009 3.329
