2022-10-17 107 15148.984 0 0
2022-10-18 111 14823.361 -325.623 -2.197
2022-10-19 109 14914.153 90.792 0.609
2022-10-20 106 14980.833 66.68 0.445
2022-10-21 106 14977.458 -3.375 -0.023
2022-10-22 105 14952.048 -25.41 -0.17
2022-10-23 104 14952.048 0 0
2022-10-24 108 14653.791 -298.257 -2.035
2022-10-25 114 14151.644 -502.147 -3.548
2022-10-26 112 14586.318 434.674 2.98
2022-10-27 108 14888.182 301.864 2.028
2022-10-28 109 14636.583 -251.599 -1.719
2022-10-29 110 14542.736 -93.847 -0.645
2022-10-30 110 14542.736 0 0
2022-10-31 109 14670.179 127.443 0.869
