2025-04-03  975.518 0 0
2025-04-10 2821 1064.173 88.655 9.088
2025-04-11 2827 1064.173 0 0
2025-04-12 2838 1064.173 0 0
2025-04-13 2838 1064.173 0 0
2025-04-14 2875 1038.697 -25.476 -2.394
2025-04-15 2757 1137.543 98.846 9.516
2025-04-16 2811 1081.751 -55.792 -4.905
2025-04-17 2832 1069.778 -11.973 -1.107
2025-04-18 2834 1069.778 0 0
2025-04-19 2834 1069.778 0 0
2025-04-20 2834 1069.778 0 0
2025-04-21 2911 1014.241 -55.537 -5.191
2025-04-22 2894 1034.112 19.871 1.959
2025-04-23 2820 1097.801 63.689 6.159
2025-04-24 2707 1178.813 81.012 7.379
2025-04-25 2657 1204.289 25.476 2.161
2025-04-26 2657 1204.289 0 0
2025-04-27 2657 1204.289 0 0
2025-04-28 2643 1219.065 14.776 1.227
2025-04-29 2662 1205.308 -13.757 -1.128
2025-04-30 2721 1174.228 -31.08 -2.579
2025-05-01 2693 1191.042 16.814 1.432
2025-05-02 2631 1235.369 44.327 3.722
2025-05-03 2637 1235.369 0 0
2025-05-04 2637 1235.369 0 0
2025-05-05 2675 1209.384 -25.985 -2.103
2025-05-06 2688 1203.779 -5.605 -0.463
2025-05-07 2700 1199.703 -4.076 -0.339
2025-05-08 2637 1240.974 41.271 3.44
2025-05-09 2832 1109.01 -131.964 -10.634
2025-05-10 2831 1109.01 0 0
2025-05-11 2831 1109.01 0 0
2025-05-12 2802 1147.224 38.214 3.446
2025-05-13 2749 1176.266 29.042 2.532
2025-05-14 2573 1293.454 117.188 9.963
2025-05-15 2494 1348.991 55.537 4.294
2025-05-16 2473 1366.823 17.832 1.322
2025-05-17 2478 1366.823 0 0
2025-05-18 2477 1366.823 0 0
2025-05-19 2464 1378.542 11.719 0.857
2025-05-20 2459 1388.733 10.191 0.739
2025-05-21 2505 1346.443 -42.29 -3.045
2025-05-22 2465 1379.561 33.118 2.46
2025-05-23 2486 1359.181 -20.38 -1.477
2025-05-24 2486 1359.181 0 0
2025-05-25 2490 1359.181 0 0
2025-05-26 2492 1359.181 0 0
2025-05-27 2297 1529.358 170.177 12.521
2025-05-28 2289 1538.02 8.662 0.566
2025-05-29 2392 1457.517 -80.503 -5.234
2025-05-30 2414 1428.984 -28.533 -1.958
2025-05-31 2412 1428.984 0 0
2025-06-01 2412 1428.984 0 0
2025-06-02 2427 1419.303 -9.681 -0.677
2025-06-03 2423 1425.417 6.114 0.431
2025-06-04 2416 1435.098 9.681 0.679
2025-06-05 2439 1411.661 -23.437 -1.633
2025-06-06 2310 1537.51 125.849 8.915
2025-06-07 2304 1537.51 0 0
2025-06-08 2304 1537.51 0 0
2025-06-09 2263 1574.195 36.685 2.386
2025-06-10 2416 1448.345 -125.85 -7.995
2025-06-11 2408 1458.026 9.681 0.668
2025-06-12 2452 1409.113 -48.913 -3.355
2025-06-13 2505 1358.671 -50.442 -3.58
2025-06-14 2503 1358.671 0 0
2025-06-15 2502 1358.671 0 0
2025-06-16 2443 1416.756 58.085 4.275
2025-06-17 2447 1410.132 -6.624 -0.468
2025-06-18 2368 1482.992 72.86 5.167
2025-06-19 2352 1482.992 0 0
2025-06-20 2212 1594.576 111.584 7.524
2025-06-21 2211 1594.576 0 0
2025-06-22 2211 1594.576 0 0
2025-06-23 2068 1734.182 139.606 8.755
2025-06-24 2047 1768.829 34.647 1.998
2025-06-25 2102 1712.273 -56.556 -3.197
2025-06-26 1946 1905.378 193.105 11.278
2025-06-27 1981 1866.655 -38.723 -2.032
2025-06-28 1981 1866.655 0 0
2025-06-29 1982 1866.655 0 0
2025-06-30 1970 1886.526 19.871 1.065
2025-07-01 2034 1813.156 -73.37 -3.889
2025-07-02 1973 1881.941 68.785 3.794
2025-07-03 1975 1880.922 -1.019 -0.054
2025-07-04 1973 1880.922 0 0
2025-07-05 1973 1880.922 0 0
2025-07-06 1973 1880.922 0 0
2025-07-07 1851 2044.985 164.063 8.722
2025-07-08 1854 2037.851 -7.134 -0.349
2025-07-09 1842 2058.232 20.381 1
2025-07-10 1847 2056.194 -2.038 -0.099
2025-07-11 1848 2052.627 -3.567 -0.173
2025-07-12 1847 2052.627 0 0
2025-07-13 1844 2052.627 0 0
2025-07-14 1677 2265.604 212.977 10.376
2025-07-15 1624 2336.426 70.822 3.126
2025-07-16 1534 2493.865 157.439 6.738
2025-07-17 1442 2679.328 185.463 7.437
2025-07-18 1437 2682.385 3.057 0.114
2025-07-19 1440 2682.385 0 0
2025-07-20 1440 2682.385 0 0
2025-07-21 1554 2468.389 -213.996 -7.978
2025-07-22 1561 2452.595 -15.794 -0.64
2025-07-23 1504 2568.254 115.659 4.716
2025-07-24 1534 2516.284 -51.97 -2.024
2025-07-25 1556 2480.618 -35.666 -1.417
2025-07-26 1553 2480.618 0 0
2025-07-27 1553 2480.618 0 0
2025-07-28 1610 2362.411 -118.207 -4.765
2025-07-29 1652 2295.155 -67.256 -2.847
2025-07-30 1566 2430.176 135.021 5.883
2025-07-31 1576 2403.681 -26.495 -1.09
2025-08-01 1613 2347.126 -56.555 -2.353
2025-08-02 1614 2347.126 0 0
2025-08-03 1614 2347.126 0 0
2025-08-04 1630 2333.369 -13.757 -0.586
2025-08-05 1623 2344.068 10.699 0.459
2025-08-06 1645 2310.95 -33.118 -1.413
2025-08-07 1646 2316.555 5.605 0.243
2025-08-08 1632 2341.011 24.456 1.056
2025-08-09 1632 2341.011 0 0
2025-08-10 1633 2341.011 0 0
2025-08-11 1621 2357.825 16.814 0.718
2025-08-12 1668 2276.813 -81.012 -3.436
2025-08-13 1698 2254.904 -21.909 -0.962
2025-08-14 1703 2245.223 -9.681 -0.429
2025-08-15 1656 2319.612 74.389 3.313
2025-08-16 1657 2319.612 0 0
2025-08-17 1657 2319.612 0 0
2025-08-18 1631 2355.278 35.666 1.538
2025-08-19 1778 2148.925 -206.353 -8.761
2025-08-20 1788 2137.206 -11.719 -0.545
2025-08-21 1754 2180.005 42.799 2.003
2025-08-22 1656 2325.216 145.211 6.661
2025-08-23 1661 2325.216 0 0
2025-08-24 1661 2325.216 0 0
2025-08-25 1568 2469.918 144.702 6.223
2025-08-26 1549 2516.284 46.366 1.877
2025-08-27 1589 2420.495 -95.789 -3.807
2025-08-28 1551 2505.074 84.579 3.494
2025-08-29 1538 2540.231 35.157 1.403
2025-08-30 1539 2540.231 0 0
2025-08-31 1539 2540.231 0 0
