2020-01-19 1892 1273.693 0 0
2020-02-07 1883 1252.408 -21.285 -1.7
2020-02-15 1936 1210.358 -42.05 -3.474
2020-02-16 1938 1210.358 0 0
2020-02-17 1925 1217.28 6.922 0.569
2020-02-18 1948 1202.974 -14.306 -1.189
2020-02-19 1978 1174.751 -28.223 -2.402
2020-02-20 2004 1148.986 -25.765 -2.242
2020-02-21 2013 1133.233 -15.753 -1.39
2020-02-22 2004 1137.139 3.906 0.343
2020-02-23 2003 1137.139 0 0
2020-02-24 1993 1137.139 0 0
2020-02-25 2030 1098.395 -38.744 -3.527
2020-02-26 2033 1091.724 -6.671 -0.611
2020-02-27 2028 1078.676 -13.048 -1.21
2020-02-28 2041 1067.375 -11.301 -1.059
2020-02-29 2000 1088.403 21.028 1.932
2020-03-01 1997 1088.403 0 0
2020-03-02 1978 1113.76 25.357 2.277
2020-03-03 1989 1104.693 -9.067 -0.821
2020-03-04 1997 1110.848 6.155 0.554
2020-03-05 1989 1119.257 8.409 0.751
2020-03-06 1981 1117.69 -1.567 -0.14
2020-03-07 1968 1131.748 14.058 1.242
2020-03-08 1965 1131.748 0 0
2020-03-09 1983 1086.072 -45.676 -4.206
2020-03-10 1925 1127.582 41.51 3.681
2020-03-11 1931 1112.533 -15.049 -1.353
2020-03-12 1924 1083.522 -29.011 -2.677
2020-03-13 1981 1017.447 -66.075 -6.494
2020-03-14 2003 1003.395 -14.052 -1.4
2020-03-15 2003 1003.395 0 0
2020-03-16 1990 976.927 -26.468 -2.709
2020-03-18 1950 994.218 17.291 1.739
2020-03-20 1900 1021.136 26.918 2.636
2020-03-21 1927 1009.397 -11.739 -1.163
2020-03-22 1927 1009.397 0 0
2020-03-23 1911 1001.663 -7.734 -0.772
2020-03-24 1896 1001.528 -0.135 -0.013
2020-03-25 1921 1013.536 12.008 1.185
2020-03-26 1893 1053.989 40.453 3.838
2020-03-27 1931 1032.607 -21.382 -2.071
2020-03-28 1875 1085.134 52.527 4.841
2020-03-29 1875 1085.134 0 0
2020-03-30 1875 1085.134 0 0
2020-03-31 1876 1077.284 -7.85 -0.729
