2020-01-19 1499 1739.519 0 0
2020-02-07 1625 1548.815 -190.704 -12.313
2020-02-15 1661 1515.113 -33.702 -2.224
2020-02-16 1661 1515.113 0 0
2020-02-17 1667 1515.113 0 0
2020-02-18 1687 1499.495 -15.618 -1.042
2020-02-19 1672 1511.003 11.508 0.762
2020-02-20 1696 1481 -30.003 -2.026
2020-02-21 1726 1432.913 -48.087 -3.356
2020-02-22 1729 1432.913 0 0
2020-02-23 1730 1432.913 0 0
2020-02-24 1750 1390.991 -41.922 -3.014
2020-02-25 1762 1363.865 -27.126 -1.989
2020-02-26 1740 1381.127 17.262 1.25
2020-02-27 1762 1345.781 -35.346 -2.626
2020-02-28 1739 1362.632 16.851 1.237
2020-02-29 1737 1362.632 0 0
