2021-04-09 2665 1048.42 0 0
2021-04-10 2663 1046.838 -1.582 -0.151
2021-04-11 2664 1046.838 0 0
2021-04-12  998.541 -48.297 -4.614
2021-04-13  993.619 -4.922 -0.493
2021-04-15 2677 1028.055 34.436 3.466
2021-04-16 2641 1067.113 39.058 3.799
2021-04-17 2642 1068.7 1.587 0.149
2021-04-18 2642 1068.7 0 0
2021-04-19 2585 1111.695 42.995 4.023
2021-04-20 2551 1131.303 19.608 1.764
2021-04-21 2516 1155.816 24.513 2.167
2021-04-22 2522 1156.198 0.382 0.033
2021-04-23 2527 1155.783 -0.415 -0.036
2021-04-24 2527 1155.783 0 0
2021-04-25 2528 1154.893 -0.89 -0.077
2021-04-26 2527 1165.147 10.254 0.888
2021-04-27 2534 1161.559 -3.588 -0.308
2021-04-28 2480 1200.748 39.189 3.374
2021-04-29 2428 1230.876 30.128 2.509
2021-04-30 2417 1241.575 10.699 0.869
2021-05-01 2413 1240.558 -1.017 -0.082
