2026-02-04 2545 1474.979 0 0
2026-02-05 2410 1579.296 104.317 7.072
2026-02-06 2388 1591.048 11.752 0.744
2026-02-07 2390 1591.477 0.429 0.027
2026-02-08 2389 1591.477 0 0
2026-02-09 2378 1607.271 15.794 0.992
2026-02-10 2210 1787.849 180.578 11.235
2026-02-11 2097 1903.175 115.326 6.451
2026-02-12 2028 1992.292 89.117 4.683
2026-02-13 2005 2008.896 16.604 0.833
2026-02-14 2005 2007.998 -0.898 -0.045
2026-02-15 2005 2007.998 0 0
2026-02-16 2006 2007.998 0 0
2026-02-17 2008 2007.602 -0.396 -0.02
2026-02-18 2008 2006.811 -0.791 -0.039
2026-02-19 2007 2007.405 0.594 0.03
2026-02-20 2014 2007.207 -0.198 -0.01
2026-02-21 2028 2007.207 0 0
2026-02-22 2026 2007.207 0 0
2026-02-23 2007 2035.137 27.93 1.391
2026-02-24 2005 2039.261 4.124 0.203
2026-02-25 2070 1970.376 -68.885 -3.378
2026-02-26 1957 2105.542 135.166 6.86
2026-02-27 1930 2143.359 37.817 1.796
2026-02-28 1935 2147.35 3.991 0.186
2026-03-01 1935 2147.35 0 0
2026-03-02 1978 2088.433 -58.917 -2.744
2026-03-03 2100 1936.728 -151.705 -7.264
2026-03-04 2094 1935.754 -0.974 -0.05
2026-03-05 1990 2045.343 109.589 5.661
2026-03-06 2085 1944.591 -100.752 -4.926
2026-03-07 2084 1943.155 -1.436 -0.074
2026-03-08 2084 1943.155 0 0
2026-03-09 2192 1812.906 -130.249 -6.703
2026-03-10 2314 1764.559 -48.347 -2.667
2026-03-11 2257 1817.256 52.697 2.986
2026-03-12 2256 1803.574 -13.682 -0.753
2026-03-13 2262 1797.613 -5.961 -0.331
2026-03-14 2261 1795.269 -2.344 -0.13
2026-03-15 2261 1795.269 0 0
2026-03-16 2258 1794.886 -0.383 -0.021
2026-03-17 2244 1812.389 17.503 0.975
2026-03-18 2249 1807.221 -5.168 -0.285
2026-03-19 2254 1794.79 -12.431 -0.688
2026-03-20 2376 1674.39 -120.4 -6.708
2026-03-21 2370 1675.651 1.261 0.075
2026-03-22 2370 1675.651 0 0
2026-03-23 2472 1563.904 -111.747 -6.669
2026-03-24 2513 1543.925 -19.979 -1.278
2026-03-25 2439 1601.188 57.263 3.709
2026-03-27 2382 1653.79 52.602 3.285
2026-03-28 2379 1654.995 1.205 0.073
2026-03-29 2379 1654.995 0 0
2026-03-30 2412 1622.222 -32.773 -1.98
2026-03-31 2344 1692.404 70.182 4.326
2026-04-01 2270 1769.279 0 0
