2019-11-07 1077 2310.792 0 0
2020-01-19 1096 2367.914 57.122 2.472
2020-02-07 1082 2380.374 12.46 0.526
2020-02-15 1160 2250.357 -130.017 -5.462
2020-02-16 1160 2250.357 0 0
2020-02-17 1142 2291.998 41.641 1.85
2020-02-18 1143 2291.998 0 0
2020-02-19 1138 2292.626 0.628 0.027
2020-02-20 1138 2290.352 -2.274 -0.099
2020-02-21 1140 2285.959 -4.393 -0.192
2020-02-22 1147 2276.079 -9.88 -0.432
2020-02-23 1147 2276.079 0 0
2020-02-24 1135 2276.079 0 0
2020-02-25 1153 2232.299 -43.78 -1.923
2020-02-26 1147 2222.675 -9.624 -0.431
2020-02-27 1168 2173.99 -48.685 -2.19
2020-02-28 1177 2119.8 -54.19 -2.493
2020-02-29 1210 2064.877 -54.923 -2.591
2020-03-01 1210 2064.877 0 0
2020-03-02 1220 2064.877 0 0
2020-03-03 1244 2045.087 -19.79 -0.958
2020-03-04 1234 2067.793 22.706 1.11
2020-03-05 1237 2060.612 -7.181 -0.347
2020-03-06 973 2505.529 444.917 21.591
2020-03-07 985 2473.721 -31.808 -1.27
2020-03-08 987 2473.721 0 0
2020-03-09 924 2579.833 106.112 4.29
2020-03-10 946 2501.479 -78.354 -3.037
2020-03-11 910 2543.492 42.013 1.68
2020-03-12 921 2428.67 -114.822 -4.514
2020-03-13 1074 2130.796 -297.874 -12.265
2020-03-14 1099 2101.894 -28.902 -1.356
2020-03-15 1099 2101.894 0 0
2020-03-16 1059 2101.894 0 0
2020-03-17 1188 1906.989 -194.905 -9.273
2020-03-18 1223 1797.776 -109.213 -5.727
2020-03-19 1314 1631.991 -165.785 -9.222
2020-03-20 1069 2026.627 394.636 24.181
2020-03-21 1041 2066.92 40.293 1.988
2020-03-22 1041 2066.92 0 0
2020-03-23 1033 2066.92 0 0
2020-03-24 1060 2000.943 -65.977 -3.192
2020-03-25 968 2214.095 213.152 10.653
2020-03-26 943 2316.291 102.196 4.616
2020-03-27 892 2510.217 193.926 8.372
2020-03-28 885 2503.177 -7.04 -0.28
2020-03-29 885 2503.177 0 0
2020-03-30 885 2503.177 0 0
2020-03-31 886 2487.45 -15.727 -0.628
