2022-02-02 2023 1491.271 0 0
2022-02-03 2058 1453.733 -37.538 -2.517
2022-02-04 2079 1440.07 -13.663 -0.94
2022-02-05 2080 1443.035 2.965 0.206
2022-02-06 2080 1443.035 0 0
2022-02-07 2110 1411.421 -31.614 -2.191
2022-02-08 2164 1363.183 -48.238 -3.418
2022-02-09 2201 1342.674 -20.509 -1.504
2022-02-10 2193 1340.204 -2.47 -0.184
2022-02-11 2251 1296.754 -43.45 -3.242
2022-02-12 2246 1289.4 -7.354 -0.567
2022-02-13 2249 1289.4 0 0
2022-02-14 2339 1209.334 -80.066 -6.21
2022-02-15 2212 1317.74 108.406 8.964
2022-02-16 2130 1392.26 74.52 5.655
2022-02-17 2142 1375.47 -16.79 -1.206
2022-02-18 2151 1368.199 -7.271 -0.529
2022-02-19 2141 1376.538 8.339 0.609
2022-02-20 2143 1376.538 0 0
2022-02-21 2199 1324.875 -51.663 -3.753
2022-02-22 2256 1274.731 -50.144 -3.785
2022-02-23 2224 1292.11 17.379 1.363
2022-02-24 2323 1197.529 -94.581 -7.32
2022-02-25 2267 1250.769 53.24 4.446
2022-02-26 2276 1256.832 6.063 0.485
2022-02-27 2282 1256.832 0 0
2022-02-28 2231 1296.238 39.406 3.135
2022-03-01 2222 1295.206 -1.032 -0.08
2022-03-02 2241 1277.179 -18.027 -1.392
2022-03-03 2222 1275.628 -1.551 -0.121
2022-03-04 2257 1232.98 -42.648 -3.343
2022-03-05 2252 1228.912 -4.068 -0.33
2022-03-06 2255 1228.912 0 0
2022-03-07 2298 1169.337 -59.575 -4.848
2022-03-08 2301 1153.781 -15.556 -1.33
2022-03-09 2288 1168.846 15.065 1.306
2022-03-10 2241 1213.771 44.925 3.844
2022-03-11 2213 1236.032 22.261 1.834
2022-03-12 2216 1231.333 -4.699 -0.38
2022-03-13 2210 1231.333 0 0
2022-03-14 2205 1217.359 -13.974 -1.135
2022-03-15 2214 1191.832 -25.527 -2.097
2022-03-16 2241 1197.529 5.697 0.478
2022-03-17 2259 1198.463 0.934 0.078
2022-03-18 2255 1205.636 7.173 0.599
2022-03-19 2254 1205.636 0 0
2022-03-20 2254 1205.636 0 0
2022-03-21 2244 1210.086 4.45 0.369
2022-03-22 2268 1193.371 -16.715 -1.381
2022-03-23 2289 1172.084 -21.287 -1.784
2022-03-24 2305 1164.027 -8.057 -0.687
2022-03-26 2333 1130.423 -33.604 -2.887
2022-03-27 2333 1130.423 0 0
2022-03-28 2377 1094.701 -35.722 -3.16
2022-03-29 2274 1189.518 94.817 8.661
2022-03-30 2271 1204.855 15.337 1.289
2022-04-01 2215 1256.215 51.36 4.263
2022-04-02 2246 1226.906 -29.309 -2.333
2022-04-03 2246 1226.906 0 0
2022-04-05 2388 1232.985 6.079 0.495
2022-04-06 2367 1240.362 7.377 0.598
2022-04-07 2253 1322.866 82.504 6.652
2022-04-08 2254 1320.34 -2.526 -0.191
2022-04-09 2255 1321.079 0.739 0.056
2022-04-10 2255 1321.079 0 0
2022-04-11 2246 1306.328 -14.751 -1.117
2022-04-12 2288 1274.604 -31.724 -2.428
2022-04-13 2326 1250.25 -24.354 -1.911
2022-04-14 2328 1249.491 -0.759 -0.061
2022-04-15 2318 1249.491 0 0
2022-04-16 2318 1249.491 0 0
2022-04-17 2318 1249.491 0 0
2022-04-18 2366 1207.838 -41.653 -3.334
2022-04-19 2368 1206.782 -1.056 -0.087
2022-04-20 2354 1209.724 2.942 0.244
2022-04-21 2313 1225.218 15.494 1.281
2022-04-22 2320 1209.563 -15.655 -1.278
2022-04-23 2316 1204.355 -5.208 -0.431
2022-04-24 2316 1204.355 0 0
2022-04-25 2351 1165.149 -39.206 -3.255
2022-04-26 2245 1234.869 69.72 5.984
2022-04-27 2276 1201.895 -32.974 -2.67
2022-04-28 2269 1217.234 15.339 1.276
2022-04-29 2342 1164.225 -53.009 -4.355
2022-04-30 2349 1164.939 0.714 0.061
2022-05-01 2349 1164.939 0 0
2022-05-02 2331 1175.936 10.997 0.944
2022-05-03 2335 1174.946 -0.99 -0.084
2022-05-04 2332 1177.797 2.851 0.243
2022-05-05 2335 1167.68 -10.117 -0.859
2022-05-06 2368 1130.539 -37.141 -3.181
2022-05-07 2377 1120.62 -9.919 -0.877
2022-05-08 2377 1120.62 0 0
2022-05-09 2416 1075.1 -45.52 -4.062
2022-05-10 2495 1003.772 -71.328 -6.635
2022-05-11  970 -33.772 -3.365
2022-05-18 2486 1027.334 57.334 5.911
2022-05-19  957.387 -69.947 -6.809
2022-05-25 2467 1043.231 85.844 8.966
2022-05-26 2458 1064.51 21.279 2.04
2022-05-27 2492 1043.35 -21.16 -1.988
2022-05-28 2500 1043.416 0.066 0.006
2022-05-29 2499 1043.416 0 0
2022-05-30 2465 1076.598 33.182 3.18
2022-05-31 2458 1082.785 6.187 0.575
2022-06-01 2417 1106.452 23.667 2.186
2022-06-02 2359 1144.793 38.341 3.465
2022-06-03 2366 1136.867 -7.926 -0.692
2022-06-04 2366 1136.611 -0.256 -0.023
2022-06-05 2366 1136.611 0 0
2022-06-06 2437 1102.179 -34.432 -3.029
2022-06-07 2465 1086.406 -15.773 -1.431
2022-06-08 2459 1087.816 1.41 0.13
2022-06-09 2460 1071.413 -16.403 -1.508
2022-06-10 2497 1039.945 -31.468 -2.937
2022-06-11 2493 1038.858 -1.087 -0.105
2022-06-12 2492 1038.858 0 0
2022-06-13  975.486 -63.372 -6.1
