2024-03-30 581 5291.173 0 0
2024-03-31 581 5291.173 0 0
2024-04-02 579 5312.714 21.541 0.407
2024-04-03 562 5425.359 112.645 2.12
2024-04-04 568 5428.59 3.231 0.06
2024-04-05 551 5534.061 105.471 1.943
2024-04-06 551 5534.061 0 0
2024-04-07 551 5534.061 0 0
2024-04-08 556 5460.604 -73.457 -1.327
2024-04-09 542 5584.402 123.798 2.267
2024-04-10 564 5439.611 -144.791 -2.593
2024-04-11 566 5376.896 -62.715 -1.153
2024-04-12 573 5311.959 -64.937 -1.208
2024-04-13 568 5311.959 0 0
2024-04-14 568 5311.959 0 0
2024-04-15 568 5305.899 -6.06 -0.114
2024-04-16 577 5207.718 -98.181 -1.85
2024-04-17 579 5157.597 -50.121 -0.962
2024-04-18 575 5168.677 11.08 0.215
2024-04-19 570 5226.314 57.637 1.115
2024-04-20 570 5226.314 0 0
2024-04-21 570 5226.314 0 0
2024-04-22 577 5192.172 -34.142 -0.653
2024-04-23 583 5182.053 -10.119 -0.195
2024-04-24 587 5199.187 17.134 0.331
2024-04-25 594 5150.751 -48.436 -0.932
2024-04-26 589 5188.092 37.341 0.725
2024-04-27 590 5188.092 0 0
2024-04-28 590 5188.092 0 0
2024-04-29 583 5234 45.908 0.885
2024-04-30 601 5118.7 -115.3 -2.203
2024-05-01 583 5176.395 57.695 1.127
2024-05-02 583 5187.111 10.716 0.207
2024-05-03 583 5273.7 86.589 1.669
2024-05-04 583 5273.7 0 0
2024-05-05 583 5273.7 0 0
2024-05-06 580 5307.104 33.404 0.633
2024-05-07 570 5406.694 99.59 1.877
2024-05-08 576 5358.843 -47.851 -0.885
2024-05-09 562 5433.958 75.115 1.402
2024-05-10 559 5460.721 26.763 0.493
2024-05-11 559 5460.721 0 0
2024-05-12 559 5460.721 0 0
2024-05-13 574 5401.067 -59.654 -1.092
2024-05-14 567 5430.221 29.154 0.54
2024-05-15 573 5398.286 -31.935 -0.588
2024-05-16 581 5362.766 -35.52 -0.658
2024-05-17 569 5450.528 87.762 1.637
2024-05-18 567 5450.528 0 0
2024-05-19 567 5450.528 0 0
2024-05-20 557 5526.518 75.99 1.394
2024-05-21 555 5537.656 11.138 0.202
2024-05-22 569 5431.868 -105.788 -1.91
2024-05-23 566 5414.771 -17.097 -0.315
2024-05-24 555 5473.78 59.009 1.09
2024-05-25 555 5473.78 0 0
2024-05-26 555 5473.78 0 0
2024-05-27 556 5473.78 0 0
2024-05-28 555 5486.518 12.738 0.233
2024-05-29 562 5415.135 -71.383 -1.301
2024-05-30 550 5502.791 87.656 1.619
2024-05-31 549 5537.564 34.773 0.632
2024-06-01 549 5537.564 0 0
2024-06-02 549 5537.564 0 0
2024-06-03 566 5413.622 -123.942 -2.238
2024-06-04 579 5336.723 -76.899 -1.42
2024-06-05 573 5409.029 72.306 1.355
2024-06-06 578 5338.418 -70.611 -1.305
2024-06-07 581 5298.121 -40.297 -0.755
2024-06-09 582 5298.121 0 0
2024-06-10 592 5211.932 -86.189 -1.627
2024-06-11 585 5268.249 56.317 1.081
2024-06-12 582 5293.248 24.999 0.475
2024-06-13 578 5304.565 11.317 0.214
2024-06-14 587 5197.092 -107.473 -2.026
2024-06-15 589 5197.092 0 0
2024-06-16 589 5197.092 0 0
2024-06-17 589 5214.19 17.098 0.329
2024-06-18 587 5235.42 21.23 0.407
2024-06-19 587 5235.42 0 0
2024-06-20 590 5205.955 -29.465 -0.563
2024-06-21 599 5138.306 -67.649 -1.299
2024-06-22 594 5138.306 0 0
2024-06-23 594 5138.306 0 0
2024-06-24 584 5217.178 78.872 1.535
2024-06-25 608 5087.879 -129.299 -2.478
2024-06-26 605 5094.926 7.047 0.139
2024-06-27 603 5075.945 -18.981 -0.373
2024-06-28 610 5038.636 -37.309 -0.735
2024-06-29 609 5038.636 0 0
2024-06-30 609 5038.636 0 0
2024-07-01 618 4991.171 -47.465 -0.942
2024-07-02 621 4973.172 -17.999 -0.361
2024-07-03 613 5016.319 43.147 0.868
2024-07-04 616 5016.319 0 0
2024-07-05 630 4949.535 -66.784 -1.331
2024-07-06 632 4949.535 0 0
2024-07-07 632 4949.535 0 0
2024-07-08 626 4969.794 20.259 0.409
2024-07-09 637 4892.542 -77.252 -1.554
2024-07-10 631 4928.805 36.263 0.741
2024-07-11 612 5080.058 151.253 3.069
2024-07-12 613 5096.802 16.744 0.33
2024-07-13 614 5096.802 0 0
2024-07-14 614 5096.802 0 0
2024-07-15 616 5087.818 -8.984 -0.176
2024-07-16 601 5183.503 95.685 1.881
2024-07-17 593 5213.216 29.713 0.573
2024-07-18 603 5141.686 -71.53 -1.372
2024-07-19 616 5064.688 -76.998 -1.498
2024-07-20 611 5064.688 0 0
2024-07-21 611 5064.688 0 0
2024-07-22 616 5056.965 -7.723 -0.152
2024-07-23 618 5044.935 -12.03 -0.238
2024-07-24 636 4926.108 -118.827 -2.355
2024-07-25 627 4972.048 45.94 0.933
2024-07-26 626 4982.188 10.14 0.204
2024-07-27 631 4982.188 0 0
2024-07-28 631 4982.188 0 0
2024-07-29 631 5005.873 23.685 0.475
2024-07-30 618 5064.127 58.254 1.164
2024-07-31 600 5135.103 70.976 1.402
2024-08-01 624 4994.942 -140.161 -2.729
2024-08-02 654 4780.239 -214.703 -4.298
2024-08-03 663 4780.239 0 0
2024-08-04 663 4780.239 0 0
2024-08-05 666 4669.004 -111.235 -2.327
2024-08-06 608 4997.15 328.146 7.028
2024-08-07 614 4980.153 -16.997 -0.34
2024-08-08 598 5085.071 104.918 2.107
2024-08-09 607 5058.916 -26.155 -0.514
2024-08-10 611 5058.916 0 0
2024-08-11 611 5058.916 0 0
2024-08-12 624 4953.527 -105.389 -2.083
2024-08-13 610 5031.852 78.325 1.581
2024-08-14 620 5017.841 -14.011 -0.278
2024-08-15 613 5093.04 75.199 1.499
2024-08-16 618 5081.573 -11.467 -0.225
2024-08-17 617 5081.573 0 0
2024-08-18 617 5081.573 0 0
2024-08-19 618 5091.48 9.907 0.195
2024-08-20 638 4986.301 -105.179 -2.066
2024-08-21 629 5044.979 58.678 1.177
2024-08-22 640 5014.818 -30.161 -0.598
2024-08-23 602 5214.239 199.421 3.977
2024-08-24 602 5214.239 0 0
2024-08-25 602 5214.239 0 0
2024-08-26 606 5201.285 -12.954 -0.248
2024-08-27 640 5040.437 -160.848 -3.092
2024-08-28 646 5002.949 -37.488 -0.744
2024-08-29 643 5028.904 25.955 0.519
2024-08-30 644 5041.658 12.754 0.254
2024-08-31 645 5041.658 0 0
2024-09-01 647 5062.374 20.716 0.411
2024-09-02 646 5062.374 0 0
2024-09-03 671 4874.588 -187.786 -3.709
2024-09-04 681 4815.227 -59.361 -1.218
2024-09-05 690 4780.063 -35.164 -0.73
2024-09-06 695 4735.171 -44.892 -0.939
2024-09-07 695 4735.171 0 0
2024-09-08 695 4735.171 0 0
2024-09-09 684 4813.52 78.349 1.655
2024-09-10 694 4746.683 -66.837 -1.389
2024-09-11 692 4760.824 14.141 0.298
2024-09-12 688 4806.956 46.132 0.969
2024-09-13 680 4858.132 51.176 1.065
2024-09-14 683 4858.132 0 0
2024-09-15 683 4858.132 0 0
2024-09-16 673 4929.295 71.163 1.465
2024-09-17 658 4989.052 59.757 1.212
2024-09-18 656 4988.829 -0.223 -0.004
2024-09-19 646 5079.795 90.966 1.823
2024-09-20 653 5025.802 -53.993 -1.063
2024-09-21 653 5025.802 0 0
2024-09-22 653 5025.802 0 0
2024-09-23 652 5054.624 28.822 0.573
2024-09-24 643 5140.145 85.521 1.692
2024-09-25 654 5059.602 -80.543 -1.567
2024-09-26 643 5206.403 146.801 2.901
2024-09-27 643 5207.961 1.558 0.03
2024-09-28 642 5207.961 0 0
2024-09-29 642 5207.961 0 0
2024-09-30 643 5214.259 6.298 0.121
2024-10-01 645 5177.889 -36.37 -0.698
2024-10-02 656 5123.062 -54.827 -1.059
2024-10-03 661 5097.269 -25.793 -0.503
2024-10-04 651 5136.142 38.873 0.763
2024-10-05 652 5136.142 0 0
2024-10-06 652 5136.142 0 0
2024-10-07 662 5064.671 -71.471 -1.392
2024-10-08 697 4959.019 -105.652 -2.086
2024-10-09 679 5019.306 60.287 1.216
2024-10-10 680 5004.846 -14.46 -0.288
2024-10-11 681 5023.429 18.583 0.371
2024-10-12 680 5023.429 0 0
2024-10-13 680 5023.429 0 0
2024-10-14 684 5021.794 -1.635 -0.033
2024-10-15 694 4948.128 -73.666 -1.467
2024-10-16 689 4958.478 10.35 0.209
2024-10-17 700 4897.386 -61.092 -1.232
2024-10-18 709 4871.053 -26.333 -0.538
2024-10-19 710 4871.053 0 0
2024-10-20 709 4871.053 0 0
2024-10-21 721 4781.987 -89.066 -1.828
2024-10-22 717 4798.607 16.62 0.348
2024-10-23 721 4765.748 -32.859 -0.685
2024-10-24 727 4728.38 -37.368 -0.784
2024-10-25 739 4663.791 -64.589 -1.366
2024-10-26 737 4663.791 0 0
2024-10-27 737 4663.791 0 0
2024-10-28 737 4699.191 35.4 0.759
2024-10-29 741 4639.647 -59.544 -1.267
2024-10-30 735 4680.459 40.812 0.88
2024-10-31 738 4639.044 -41.415 -0.885
2024-11-01 734 4645.242 6.198 0.134
2024-11-02 737 4645.242 0 0
2024-11-03 737 4645.242 0 0
2024-11-04 741 4624.604 -20.638 -0.444
2024-11-05 739 4658.143 33.539 0.725
2024-11-06 720 4802.914 144.771 3.108
2024-11-07 721 4777.299 -25.615 -0.533
2024-11-08 745 4645.69 -131.609 -2.755
2024-11-09 744 4645.69 0 0
2024-11-10 744 4645.69 0 0
2024-11-11 757 4585.359 -60.331 -1.299
2024-11-12 761 4507.739 -77.62 -1.693
2024-11-13 755 4523.732 15.993 0.355
2024-11-14 766 4474.446 -49.286 -1.089
2024-11-15 761 4473.544 -0.902 -0.02
2024-11-16 759 4473.544 0 0
2024-11-17 759 4473.544 0 0
2024-11-18 756 4485.467 11.923 0.267
2024-11-19 754 4482.66 -2.807 -0.063
2024-11-20 749 4512.808 30.148 0.673
2024-11-21 741 4552.168 39.36 0.872
2024-11-22 734 4592.753 40.585 0.892
2024-11-23 734 4592.753 0 0
2024-11-24 734 4592.753 0 0
2024-11-25 729 4639.164 46.411 1.011
2024-11-26 750 4521.99 -117.174 -2.526
2024-11-27 750 4533.357 11.367 0.251
2024-11-28 751 4533.357 0 0
2024-11-29 749 4528.679 -4.678 -0.103
2024-11-30 749 4528.679 0 0
2024-12-01 749 4528.679 0 0
2024-12-02 746 4537.491 8.812 0.195
2024-12-03 754 4474.18 -63.311 -1.395
2024-12-04 768 4447.813 -26.367 -0.589
2024-12-05 788 4376.437 -71.376 -1.605
2024-12-06 780 4401.469 25.032 0.572
2024-12-07 777 4401.469 0 0
2024-12-08 777 4401.469 0 0
2024-12-09 770 4448.864 47.395 1.077
2024-12-10 794 4337.902 -110.962 -2.494
2024-12-11 810 4289.016 -48.886 -1.127
2024-12-12 816 4268.905 -20.111 -0.469
2024-12-13 812 4248.494 -20.411 -0.478
2024-12-14 809 4248.494 0 0
2024-12-15 808 4248.494 0 0
2024-12-16 822 4194.742 -53.752 -1.265
2024-12-17 817 4188.125 -6.617 -0.158
2024-12-18 827 4125.283 -62.842 -1.5
2024-12-19 845 4055.311 -69.972 -1.696
2024-12-20 838 4052.717 -2.594 -0.064
2024-12-21 838 4052.717 0 0
2024-12-22 838 4052.717 0 0
2024-12-23 827 4089.458 36.741 0.907
2024-12-24 815 4106.729 17.271 0.422
2024-12-25 814 4106.729 0 0
2024-12-26 815 4114.421 7.692 0.187
2024-12-27 829 4085.807 -28.614 -0.695
2024-12-28 828 4085.807 0 0
2024-12-29 828 4085.807 0 0
2024-12-30 837 4059.7 -26.107 -0.639
2024-12-31 817 4097.324 37.624 0.927
2025-01-01 816 4097.324 0 0
2025-01-02 837 4018.257 -79.067 -1.93
2025-01-03 838 4013.535 -4.722 -0.118
2025-01-04 837 4013.535 0 0
2025-01-05 837 4013.535 0 0
2025-01-06 830 4064.07 50.535 1.259
2025-01-07 840 4004.13 -59.94 -1.475
2025-01-08 848 3968.411 -35.719 -0.892
2025-01-09 847 3968.411 0 0
2025-01-10 844 3952.79 -15.621 -0.394
2025-01-11 844 3952.79 0 0
2025-01-12 844 3952.79 0 0
2025-01-13 814 4058.552 105.762 2.676
2025-01-14 805 4107.611 49.059 1.209
2025-01-15 797 4160.364 52.753 1.284
2025-01-16 799 4193.223 32.859 0.79
2025-01-17 797 4201.408 8.185 0.195
2025-01-18 798 4201.408 0 0
2025-01-19 798 4201.408 0 0
2025-01-20 804 4201.408 0 0
2025-01-21 797 4239.19 37.782 0.899
2025-01-22 812 4194.694 -44.496 -1.05
2025-01-23 809 4211.043 16.349 0.39
2025-01-24 818 4192.359 -18.684 -0.444
2025-01-25 821 4192.359 0 0
2025-01-26 821 4192.359 0 0
2025-01-27 821 4189.552 -2.807 -0.067
2025-01-28 827 4168.562 -20.99 -0.501
2025-01-29 825 4174.167 5.605 0.134
2025-01-30 835 4135.255 -38.912 -0.932
2025-01-31 852 4086.018 -49.237 -1.191
