2019-11-07 1325 1880.481 0 0
2020-01-19 1345 1940.288 59.807 3.18
2020-02-07 1316 1969.815 29.527 1.522
2020-02-15 1339 1943.366 -26.449 -1.343
2020-02-16 1340 1943.366 0 0
2020-02-17 1346 1939.794 -3.572 -0.184
2020-02-18 1358 1922.875 -16.919 -0.872
2020-02-19 1357 1924.354 1.479 0.077
2020-02-20 1357 1919.239 -5.115 -0.266
2020-02-21 1357 1911.611 -7.628 -0.397
2020-02-22 1357 1919.23 7.619 0.399
2020-02-23 1356 1919.23 0 0
2020-02-24 1388 1864.695 -54.535 -2.842
2020-02-25 1383 1851.371 -13.324 -0.715
2020-02-26 1309 1968.379 117.008 6.32
2020-02-27 1332 1909.368 -59.011 -2.998
2020-02-28 1331 1880.044 -29.324 -1.536
2020-02-29 1329 1883.65 3.606 0.192
