2020-01-19 1389 1874.749 0 0
2020-02-07 1372 1869.062 -5.687 -0.304
2020-02-15 1393 1849.779 -19.283 -1.042
2020-02-16 1394 1849.779 0 0
2020-02-17 1396 1849.747 -0.032 -0.002
2020-02-18 1395 1847.352 -2.395 -0.13
2020-02-19 1389 1868.702 21.35 1.143
2020-02-20 1386 1859.503 -9.199 -0.495
2020-02-21 1387 1864.865 5.362 0.288
2020-02-22 1392 1864.281 -0.584 -0.031
2020-02-23 1391 1864.281 0 0
2020-02-24 1412 1812.986 -51.295 -2.829
2020-02-25 1425 1786.192 -26.794 -1.5
2020-02-26 1434 1766.956 -19.236 -1.089
2020-02-27 1453 1715.175 -51.781 -3.019
2020-02-28 1460 1696.8 -18.375 -1.083
2020-02-29 1453 1696.702 -0.098 -0.006
