2026-02-26 1425 2910.082 0 0
2026-02-27 1446 2872.565 -37.517 -1.289
2026-02-28 1457 2870.614 -1.951 -0.068
2026-03-01 1457 2870.614 0 0
2026-03-02 1455 2867.381 -3.233 -0.113
2026-03-03 1451 2851.627 -15.754 -0.549
2026-03-04 1462 2803.763 -47.864 -1.678
2026-03-05 1467 2807.884 4.121 0.147
2026-03-06 1487 2778.557 -29.327 -1.044
2026-03-07 1490 2773.902 -4.655 -0.168
2026-03-08 1490 2773.902 0 0
2026-03-09 1498 2744.934 -28.968 -1.044
2026-03-10 1487 2816.79 71.856 2.618
2026-03-11 1479 2839.329 22.539 0.8
2026-03-12 1496 2790.928 -48.401 -1.705
2026-03-13 1540 2702.965 -87.963 -3.152
2026-03-14 1541 2695.109 -7.856 -0.291
2026-03-15 1542 2695.109 0 0
2026-03-16 1563 2641.212 -53.897 -2
2026-03-17 1580 2613.185 -28.027 -1.061
2026-03-18 1557 2654.371 41.186 1.576
2026-03-19 1618 2529.425 -124.946 -4.707
2026-03-20 1609 2527.662 -1.763 -0.07
2026-03-21 1625 2498.434 -29.228 -1.156
2026-03-22 1625 2498.434 0 0
2026-03-23 1681 2408.599 -89.835 -3.596
2026-03-24 1635 2477.133 68.534 2.845
2026-03-25 1612 2518.328 41.195 1.663
2026-03-27 1597 2541.535 23.207 0.922
2026-03-28 1605 2516.503 -25.032 -0.985
2026-03-29 1605 2516.503 0 0
2026-03-30 1629 2476.98 -39.523 -1.571
2026-03-31 1628 2475.74 -1.24 -0.05
2026-04-01 1642 2470.342 -5.398 -0.218
2026-04-02 1644 2466.093 -4.249 -0.172
2026-04-03 1611 2512.212 46.119 1.87
2026-04-04 1611 2512.212 0 0
2026-04-05 1611 2512.212 0 0
2026-04-06 1599 2537.48 25.268 1.006
2026-04-07 1582 2563.738 26.258 1.035
2026-04-08 1603 2565.904 2.166 0.084
2026-04-09 1599 2593.211 27.307 1.064
2026-04-10 1580 2619.84 26.629 1.027
2026-04-11 1584 2618.004 -1.836 -0.07
2026-04-12 1584 2618.004 0 0
2026-04-13 1590 2618.709 0.705 0.027
2026-04-14 1607 2600.271 -18.438 -0.704
2026-04-15 1585 2650.657 50.386 1.938
2026-04-16 1604 2629.875 -20.782 -0.784
2026-04-17 1587 2656.642 26.767 1.018
2026-04-18 1587 2664.647 8.005 0.301
2026-04-19 1587 2664.647 0 0
2026-04-20 1574 2688.559 23.912 0.897
2026-04-21 1547 2743.925 55.366 2.059
2026-04-22 1523 2778.735 34.81 1.269
2026-04-23 1487 2835.445 56.71 2.041
2026-04-24 1503 2797.32 -38.125 -1.345
2026-04-25 1503 2793.165 -4.155 -0.149
2026-04-26 1503 2793.165 0 0
2026-04-27 1506 2792.182 -0.983 -0.035
2026-04-28 1498 2799.159 6.977 0.25
2026-04-29 1513 2770.155 -29.004 -1.036
2026-04-30 1527 2752.001 -18.154 -0.655
2026-05-01 1528 2750.264 -1.737 -0.063
2026-05-02 1531 2750.264 0 0
2026-05-04 1504 2797.601 47.337 1.721
2026-05-05 1482 2835.299 0 0
2026-05-06 1491 2830.116 0 0
2026-05-07 1481 2877.367 0 0
2026-05-08 1467 2907.278 0 0
2026-05-09 1433 2978.303 0 0
2026-05-10 1435 2971.012 0 0
2026-05-11 1438 2971.012 0 0
2026-05-12 1420 3019.546 0 0
2026-05-13 1476 2888.345 0 0
2026-05-14 1461 2912.602 0 0
2026-05-15 1431 2972.65 0 0
2026-05-16 1407 3018.479 0 0
2026-05-17 1406 3012.305 0 0
2026-05-18 1399 3019.399 0 0
2026-05-19 1409 3003.735 0 0
2026-05-20 1415 2988.916 0 0
2026-05-21 1370 3103.111 0 0
2026-05-22 1405 3009.298 0 0
2026-05-23 1428 2959.072 0 0
2026-05-24 1417 2993.347 0 0
2026-05-25 1410 3009.847 0 0
2026-05-26 1429 2966.378 0 0
2026-05-27 1441 2926.608 0 0
2026-05-28 1438 2926.407 0 0
2026-05-29 1443 2931.055 0 0
2026-05-30 1473 2877.216 0 0
2026-05-31 1459 2898.19 0 0
2026-06-01 1478 2881.737 0 0
2026-06-02 1511 2798.041 0 0
2026-06-03 1511 2804.783 0 0
2026-06-04 1460 2866.614 0 0
2026-06-05 1476 2846.498 0 0
2026-06-06 1477 2827.8 0 0
2026-06-07 1466 2853.267 0 0
2026-06-09 1449 2877.992 0 0
2026-06-10 1427 2910.376 0 0
2026-06-11 1432 2893.529 0 0
2026-06-12 1426 2915.338 0 0
2026-06-13 1453 2877.197 0 0
2026-06-14 1440 2896.785 0 0
2026-06-16 1451 2894.723 0 0
2026-06-17 1459 2890.407 0 0
2026-06-18 1437 2914.477 0 0
2026-06-19 1428 2944.133 0 0
2026-06-20 1426 2964.421 0 0
2026-06-21 1426 2964.421 0 0
2026-06-22 1422 2967.596 0 0
2026-06-23 1374 3102.631 0 0
2026-06-24 1370 3082.765 0 0
2026-06-25 1397 3018.901 0 0
2026-06-26 1398 3004.358 0 0
2026-06-27 1397 3012.69 0 0
2026-06-28 1397 3012.69 0 0
2026-06-29 1397 3015.171 0 0
2026-06-30 1395 3040.903 0 0
2026-07-01 1374 3093.393 0 0
2026-07-02 1400 3038.031 0 0
2026-07-03 1404 3016.603 0 0
2026-07-04 1389 3061.418 0 0
2026-07-05 1389 3061.418 0 0
2026-07-06 1383 3061.418 0 0
2026-07-07 1377 3071.809 0 0
2026-07-08 1380 3061.658 0 0
2026-07-09 1381 3026.776 0 0
2026-07-10 1379 3056.162 0 0
2026-07-11 1382 3054.385 0 0
2026-07-12 1383 3056.346 0 0
2026-07-13 1383 3056.346 0 0
2026-07-14 1383 3038.521 0 0
2026-07-15 1381 3053.375 0 0
2026-07-16 1380 3053.135 0 0
2026-07-17 1375 3049.38 0 0
2026-07-18 1390 2985.961 0 0
2026-07-19 1390 2988.172 0 0
2026-07-20 1391 2988.172 0 0
