2025-04-02 2852 1096 0 0
2025-04-03 2825 1096 0 0
2025-04-04 2816 1096 0 0
2025-04-05 2812 1096 0 0
2025-04-06 2812 1096 0 0
2025-04-07 2760 1096 0 0
2025-04-08 2761 1096 0 0
2025-04-09 2771 1096 0 0
2025-04-10 2780 1096 0 0
2025-04-11 2790 1096 0 0
2025-04-12 2799 1096 0 0
2025-04-13 2799 1096 0 0
2025-04-14 2811 1096 0 0
2025-04-15 2814 1096 0 0
2025-04-16 2798 1096 0 0
2025-04-17 2803 1096 0 0
2025-04-18 2807 1096 0 0
2025-04-19 2807 1096 0 0
2025-04-20 2807 1096 0 0
2025-04-21 2809 1096 0 0
2025-04-22 2813 1096 0 0
2025-04-23 2822 1096 0 0
2025-04-24 2826 1096 0 0
2025-04-25 2828 1096 0 0
2025-04-26 2827 1096 0 0
2025-04-27 2827 1096 0 0
2025-04-28 2825 1096 0 0
2025-04-29 2831 1096 0 0
2025-04-30 2829 1096 0 0
2025-05-01 2838 1096 0 0
2025-05-02 2841 1096 0 0
2025-05-03 2846 1096 0 0
2025-05-04 2846 1096 0 0
2025-05-05 2844 1096 0 0
2025-05-06 2846 1096 0 0
2025-05-07 2849 1096 0 0
2025-05-08 2855 1096 0 0
2025-05-09 2848 1096 0 0
2025-05-10 2845 1096 0 0
2025-05-11 2845 1096 0 0
2025-05-12 2869 1096 0 0
2025-05-13 2866 1096 0 0
2025-05-14 2871 1096 0 0
2025-05-15 2860 1096 0 0
2025-05-16 2873 1096 0 0
2025-05-17 2872 1096 0 0
2025-05-18 2872 1096 0 0
2025-05-19 2870 1096 0 0
2025-05-20 2870 1096 0 0
2025-05-21 2868 1096 0 0
2025-05-22 2868 1096 0 0
2025-05-23 2862 1096 0 0
2025-05-24 2862 1096 0 0
2025-05-25 2865 1096 0 0
2025-05-26 2869 1096 0 0
2025-05-27 2872 1096 0 0
2025-05-28 2868 1096 0 0
2025-05-29 2870 1096 0 0
2025-05-30 2866 1096 0 0
2025-05-31 2866 1096 0 0
2025-06-01 2866 1096 0 0
2025-06-02 2865 1096 0 0
2025-06-03 2865 1096 0 0
2025-06-04 2865 1096 0 0
2025-06-05 2872 1096 0 0
2025-06-06 2876 1096 0 0
2025-06-07 2875 1096 0 0
2025-06-08 2875 1096 0 0
2025-06-09 2879 1096 0 0
2025-06-10 2883 1096 0 0
2025-06-11 2886 1096 0 0
2025-06-12 2880 1096 0 0
2025-06-13 2870 1096 0 0
2025-06-14 2869 1096 0 0
2025-06-15 2868 1096 0 0
2025-06-16 2872 1096 0 0
2025-06-17 2867 1096 0 0
2025-06-18 2869 1096 0 0
2025-06-19 2863 1096 0 0
2025-06-20 2857 1096 0 0
2025-06-21 2859 1096 0 0
2025-06-22 2859 1096 0 0
2025-06-23 2861 1096 0 0
2025-06-24 2875 1096 0 0
2025-06-25 2883 1096 0 0
2025-06-26 2883 1096 0 0
2025-06-27 2894 1096 0 0
2025-06-28 2894 1096 0 0
2025-06-29 2893 1096 0 0
2025-06-30 2903 1096 0 0
2025-07-01 2900 1096 0 0
2025-07-02 2905 1096 0 0
2025-07-03 2902 1096 0 0
2025-07-04 2897 1096 0 0
2025-07-05 2897 1096 0 0
2025-07-06 2897 1096 0 0
