2020-01-19 1 4287.363 0.000
2020-02-07 1 4218.264 -1.638
2020-02-15 1 4080.697 -3.371
2020-02-16 1 4080.697 0.000
2020-02-17 1 4114.802 0.829
2020-02-18 1 4114.802 0.000
2020-02-19 1 4051.426 -1.564
2020-02-20 1 4057.647 0.153
2020-02-21 1 4022.270 -0.880
2020-02-22 1 3985.079 -0.933
2020-02-23 1 3985.079 0.000
2020-02-24 1 3985.079 0.000
2020-02-25 1 3977.901 -0.180
2020-02-26 1 4024.907 1.168
2020-02-27 1 3906.179 -3.039
2020-02-28 1 3886.618 -0.503
2020-02-29 1 3852.649 -0.882
2020-03-01 1 3852.649 0.000
2020-03-02 1 3852.649 0.000
2020-03-03 1 3910.450 1.478
2020-03-04 1 4026.450 2.881
2020-03-05 1 4006.471 -0.499
2020-03-06 1 4039.458 0.817
2020-03-07 1 4014.013 -0.634
2020-03-08 1 4140.000 3.043
2020-03-09 1 4140.000 0.000
2020-03-10 1 4148.065 0.194
2020-03-11 1 4088.182 -1.465
2020-03-12 1 4024.126 -1.592
2020-03-13 1 3759.951 -7.026
2020-03-14 1 4098.819 8.267
2020-03-15 1 4098.819 0.000
2020-03-16 1 4098.819 0.000
2020-03-17 1 4184.950 2.058
2020-03-18 1 4290.722 2.465
2020-03-19 1 4232.528 -1.375
2020-03-20 1 4241.953 0.222
2020-03-21 1 4071.401 -4.189
2020-03-22 1 4071.401 0.000
2020-03-23 1 4071.401 0.000
2020-03-24 1 4061.941 -0.233
2020-03-25 1 4026.030 -0.892
2020-03-26 1 3991.683 -0.860
2020-03-27 1 4172.353 4.330
2020-03-28 1 4194.362 0.525
2020-03-29 1 4194.362 0.000
2020-03-30 1 4194.362 0.000
2020-03-31 1 4312.999 2.751
2020-04-01 1 4316.192 0.074
2020-04-02 1 4386.509 1.603
2020-04-03 1 4321.486 -1.505
2020-04-04 1 4268.733 -1.236
2020-04-05 1 4268.733 0.000
2020-04-06 1 4268.733 0.000
2020-04-07 1 4168.013 -2.416
2020-04-08 1 4123.682 -1.075
2020-04-09 1 4162.238 0.926
2020-04-10 1 4241.093 1.859
2020-04-11 1 4241.093 0.000
2020-04-12 1 4241.093 0.000
2020-04-13 1 4241.093 0.000
2020-04-14 1 4226.497 -0.345
2020-04-15 1 4289.558 1.470
2020-04-16 1 4296.735 0.167
2020-04-17 1 4256.895 -0.936
2020-04-18 1 4331.535 1.723
2020-04-19 1 4331.535 0.000
2020-04-20 1 4331.535 0.000
2020-04-21 1 4334.103 0.059
2020-04-22 1 4334.103 0.000
2020-04-23 1 4377.046 0.981
2020-04-24 1 4335.939 -0.948
2020-04-25 1 4320.624 -0.354
2020-04-26 1 4320.624 0.000
2020-04-27 1 4320.624 0.000
2020-04-28 1 4368.468 1.095
2020-04-29 1 4397.213 0.654
2020-04-30 1 4511.673 2.537
2020-05-01 1 4543.382 0.698
2020-05-02 1 4566.200 0.500
2020-05-03 1 4566.200 0.000
2020-05-04 1 4566.200 0.000
2020-05-05 1 4417.321 -3.370
2020-05-06 1 4432.796 0.349
2020-05-07 1 4438.256 0.123
2020-05-08 1 4449.136 0.245
2020-05-09 1 4552.801 2.277
2020-05-10 1 4552.801 0.000
2020-05-11 1 4552.801 0.000
2020-05-12 1 4537.693 -0.333
2020-05-13 1 4493.450 -0.985
2020-05-14 1 4400.469 -2.113
2020-05-15 1 4321.160 -1.835
2020-05-16 1 4304.717 -0.382
2020-05-17 1 4304.717 0.000
2020-05-18 1 4304.717 0.000
2020-05-19 1 4329.334 0.569
2020-05-20 1 4294.983 -0.800
2020-05-21 1 4499.657 4.549
2020-05-22 1 4395.125 -2.378
2020-05-23 1 4411.915 0.381
2020-05-24 1 4411.915 0.000
2020-05-25 1 4411.915 0.000
2020-05-26 1 4411.915 0.000
2020-05-27 1 4370.155 -0.956
2020-05-28 1 4337.594 -0.751
2020-05-29 1 4374.610 0.846
2020-05-30 1 4495.979 2.700
2020-05-31 1 4495.979 0.000
