2020-01-19 1 2138.314 0.000
2020-02-07 1 1999.273 -6.955
2020-02-15 1 1951.031 -2.473
2020-02-16 1 1951.031 0.000
2020-02-17 1 1957.745 0.343
2020-02-18 1 1951.691 -0.310
2020-02-19 1 1982.154 1.537
2020-02-20 1 1975.650 -0.329
2020-02-21 1 1917.036 -3.058
2020-02-22 1 1926.199 0.476
2020-02-23 1 1926.199 0.000
2020-02-24 1 1861.243 -3.490
2020-02-25 1 1837.360 -1.300
2020-02-26 1 1852.725 0.829
2020-02-27 1 1792.337 -3.369
2020-02-28 1 1750.381 -2.397
2020-02-29 1 1741.191 -0.528
2020-03-01 1 1741.191 0.000
2020-03-02 1 1749.688 0.486
2020-03-03 1 1794.122 2.477
2020-03-04 1 1808.444 0.792
2020-03-05 1 1764.863 -2.469
2020-03-06 1 1706.005 -3.450
2020-03-07 1 1721.809 0.918
2020-03-08 1 1721.809 0.000
2020-03-09 1 1581.357 -8.882
2020-03-10 1 1580.328 -0.065
2020-03-11 1 1555.033 -1.627
2020-03-12 1 1455.829 -6.814
2020-03-13 1 1428.362 -1.923
2020-03-14 1 1425.948 -0.169
2020-03-15 1 1425.948 0.000
2020-03-16 1 1391.139 -2.502
2020-03-17 1 1430.574 2.757
2020-03-18 1 1394.205 -2.609
2020-03-19 1 1368.581 -1.872
2020-03-20 1 1368.780 0.015
2020-03-21 1 1366.954 -0.134
2020-03-22 1 1366.954 0.000
2020-03-23 1 1360.169 -0.499
2020-03-24 1 1365.133 0.364
2020-03-25 1 1448.002 5.723
2020-03-26 1 1478.050 2.033
2020-03-27 1 1512.659 2.288
2020-03-28 1 1502.788 -0.657
2020-03-29 1 1502.788 0.000
2020-03-30 1 1502.788 0.000
2020-03-31 1 1506.787 0.265
2020-04-01 1 1527.707 1.369
2020-04-02 1 1508.715 -1.259
2020-04-03 1 1505.073 -0.242
2020-04-04 1 1496.397 -0.580
2020-04-05 1 1496.397 0.000
2020-04-06 1 1496.397 0.000
2020-04-07 1 1487.792 -0.578
2020-04-08 1 1502.181 0.958
2020-04-09 1 1532.828 1.999
2020-04-10 1 1549.931 1.103
2020-04-11 1 1549.931 0.000
2020-04-12 1 1549.931 0.000
2020-04-13 1 1549.931 0.000
2020-04-14 1 1563.844 0.890
2020-04-15 1 1549.513 -0.925
2020-04-16 1 1493.500 -3.750
2020-04-17 1 1508.234 0.977
2020-04-18 1 1518.413 0.670
2020-04-19 1 1518.413 0.000
2020-04-20 1 1514.372 -0.267
2020-04-21 1 1469.716 -3.038
2020-04-22 1 1469.716 0.000
2020-04-23 1 1501.534 2.119
2020-04-24 1 1498.712 -0.188
2020-04-25 1 1496.702 -0.134
2020-04-26 1 1496.702 0.000
2020-04-27 1 1498.414 0.114
2020-04-28 1 1529.839 2.054
2020-04-29 1 1571.951 2.679
2020-04-30 1 1570.889 -0.068
2020-05-01 1 1586.556 0.987
2020-05-02 1 1593.316 0.424
2020-05-03 1 1593.316 0.000
2020-05-04 1 1561.127 -2.062
2020-05-05 1 1558.973 -0.138
2020-05-06 1 1536.818 -1.442
2020-05-07 1 1553.147 1.051
2020-05-08 1 1534.966 -1.184
2020-05-09 1 1553.052 1.165
2020-05-10 1 1553.052 0.000
2020-05-11 1 1533.730 -1.260
2020-05-12 1 1516.010 -1.169
2020-05-13 1 1496.299 -1.317
2020-05-14 1 1480.457 -1.070
2020-05-15 1 1497.603 1.145
2020-05-16 1 1499.476 0.125
2020-05-17 1 1499.476 0.000
2020-05-18 1 1553.818 3.497
2020-05-19 1 1552.124 -0.109
2020-05-20 1 1589.342 2.342
2020-05-21 1 1582.716 -0.419
2020-05-22 1 1586.757 0.255
2020-05-23 1 1576.737 -0.635
2020-05-24 1 1576.737 0.000
2020-05-25 1 1586.392 0.609
2020-05-26 1 1605.897 1.215
2020-05-27 1 1662.319 3.394
2020-05-28 1 1680.740 1.096
2020-05-29 1 1670.365 -0.621
2020-05-30 1 1678.396 0.478
2020-05-31 1 1678.396 0.000
