2020-01-19 5 11836.516 0.000
2020-02-07 5 11666.817 -1.625
2020-02-15 5 11859.204 0.998
2020-02-16 5 11859.204 0.000
2020-02-17 5 11847.785 -0.076
2020-02-18 5 11813.658 -0.283
2020-02-19 5 11882.900 0.462
2020-02-20 5 11876.317 -0.078
2020-02-21 5 11854.339 -0.176
2020-02-22 5 11781.711 -1.097
2020-02-23 5 11781.711 0.000
2020-02-24 5 11504.758 -2.149
2020-02-25 5 11297.040 -1.639
2020-02-26 5 11288.904 -0.220
2020-02-27 5 11000.622 -2.332
2020-02-28 5 10998.398 -0.282
2020-02-29 5 10969.093 -0.217
2020-03-01 5 10969.093 0.000
2020-03-02 5 11068.680 0.663
2020-03-03 5 11270.101 1.176
2020-03-04 5 11399.892 0.837
2020-03-05 5 11217.333 -1.383
2020-03-06 5 11104.941 -0.737
2020-03-07 5 11065.864 -0.273
2020-03-08 5 11065.864 0.000
2020-03-09 5 10696.583 -3.789
2020-03-10 5 10791.094 1.078
2020-03-11 5 10592.150 -1.999
2020-03-12 5 10275.950 -3.762
2020-03-13 4 9295.740 0.260
2020-03-14 4 9361.991 0.603
2020-03-15 4 9361.991 0.000
2020-03-16 4 9088.511 -3.249
2020-03-17 4 9146.676 0.715
2020-03-18 4 8942.248 -2.357
2020-03-19 4 8878.735 -0.489
2020-03-20 4 8858.156 -0.332
2020-03-21 4 8879.293 0.195
2020-03-22 4 8879.293 0.000
2020-03-23 4 8898.373 0.231
2020-03-24 4 8867.866 -0.313
2020-03-25 4 8992.646 1.431
2020-03-26 4 9011.435 0.115
2020-03-27 4 9086.940 0.783
2020-03-28 4 8996.794 -1.027
2020-03-29 4 8996.794 0.000
2020-03-30 4 8996.794 0.000
2020-03-31 4 8966.463 -0.283
2020-04-01 4 9060.917 1.022
2020-04-02 4 8830.800 -2.663
2020-04-03 4 8916.154 0.963
2020-04-04 4 8858.150 -0.653
2020-04-05 4 8858.150 0.000
2020-04-06 4 8858.150 0.000
2020-04-07 4 9098.849 2.630
2020-04-08 4 9163.849 0.698
2020-04-09 4 9135.622 -0.318
2020-04-10 4 9139.391 0.057
2020-04-11 4 9139.391 0.000
2020-04-12 4 9139.391 0.000
2020-04-13 4 9178.271 0.404
2020-04-14 4 9271.161 0.905
2020-04-15 4 9371.481 0.976
2020-04-16 4 9442.764 0.647
2020-04-17 4 9370.546 -0.691
2020-04-18 4 9334.201 -0.342
2020-04-19 4 9334.201 0.000
2020-04-20 4 9350.761 0.157
2020-04-21 4 9208.664 -1.399
2020-04-22 4 9208.664 0.000
2020-04-23 4 9253.632 0.419
2020-04-24 4 9198.997 -0.547
2020-04-25 4 9144.400 -0.540
2020-04-26 4 9144.400 0.000
2020-04-27 4 9217.200 0.702
2020-04-28 4 9274.052 0.543
2020-04-29 4 9297.416 0.230
2020-04-30 4 9281.254 -0.161
2020-05-01 4 9383.080 0.963
2020-05-02 4 9357.707 -0.260
2020-05-03 4 9357.707 0.000
2020-05-04 4 9365.227 0.070
2020-05-05 4 9397.084 0.286
2020-05-06 4 9924.330 4.189
2020-05-07 4 10015.987 0.626
2020-05-08 4 10055.027 0.269
2020-05-09 4 10091.831 0.357
2020-05-10 4 10091.831 0.000
2020-05-11 4 10078.191 -0.102
2020-05-12 4 9991.057 -0.689
2020-05-13 4 10008.800 0.113
2020-05-14 4 10022.706 0.052
2020-05-15 4 10050.967 0.285
2020-05-16 4 10066.612 0.152
2020-05-17 4 10066.612 0.000
2020-05-18 4 10144.652 0.572
2020-05-19 4 10211.211 0.535
2020-05-20 4 10330.271 0.902
2020-05-21 4 10282.367 -0.321
2020-05-22 4 10419.416 1.031
2020-05-23 4 10412.494 -0.061
2020-05-24 4 10412.494 0.000
2020-05-25 4 10412.494 0.000
2020-05-26 4 10383.934 -0.200
2020-05-27 4 10354.885 -0.137
2020-05-28 4 10376.683 0.140
2020-05-29 4 10472.185 0.656
2020-05-30 4 10438.400 -0.312
2020-05-31 4 10438.400 0.000
2020-06-01 4 10408.040 -0.210
2020-06-02 4 10502.595 0.723
2020-06-03 5 11537.929 0.903
2020-06-04 5 11539.817 0.342
2020-06-05 5 11641.702 0.696
2020-06-06 5 11681.232 0.288
2020-06-07 5 11681.232 0.000
2020-06-08 5 11657.233 -0.022
2020-06-09 5 11693.439 -0.110
2020-06-10 5 11762.402 0.200
2020-06-11 5 11569.975 -1.642
2020-06-12 5 11704.846 0.602
2020-06-13 5 11680.130 -0.182
2020-06-14 5 11680.130 0.000
2020-06-15 5 11780.878 0.731
2020-06-16 5 11888.495 0.469
2020-06-17 5 11830.982 -0.478
2020-06-18 5 11759.017 -0.883
2020-06-19 4 10867.648 0.355
2020-06-20 4 10861.317 -0.060
2020-06-21 4 10861.317 0.000
2020-06-22 4 10987.637 0.757
2020-06-23 4 11079.277 0.689
2020-06-24 4 11079.277 0.000
2020-06-25 4 10940.465 -0.972
2020-06-26 4 10948.845 0.043
2020-06-27 4 10922.425 -0.250
2020-06-28 4 10922.425 0.000
2020-06-29 4 10953.065 0.184
2020-06-30 4 10969.937 0.085
