2020-01-19 6 20001.890 0.000
2020-02-07 6 19530.738 -1.062
2020-02-15 6 19406.390 -0.283
2020-02-16 6 19404.244 -0.013
2020-02-17 6 19418.814 0.031
2020-02-18 6 19312.459 -0.256
2020-02-19 6 19396.843 0.205
2020-02-20 6 19284.377 -0.308
2020-02-21 6 19254.115 -0.112
2020-02-22 6 19287.089 0.127
2020-02-23 6 19286.432 -0.004
2020-02-24 6 18958.236 -0.805
2020-02-25 6 19030.065 0.148
2020-02-26 6 19019.986 0.041
2020-02-27 6 18874.167 -0.411
2020-02-28 6 18778.236 -0.255
2020-02-29 6 18772.363 -0.077
2020-03-01 6 18760.667 -0.073
2020-03-02 6 18695.776 -0.154
2020-03-03 6 18842.569 0.363
2020-03-04 6 18896.605 0.172
2020-03-05 6 18759.491 -0.320
2020-03-06 6 18613.525 -0.298
2020-03-07 6 18685.854 0.253
2020-03-08 6 18678.936 -0.043
2020-03-09 6 18305.103 -1.007
2020-03-10 6 18264.777 -0.056
2020-03-11 6 17859.473 -1.239
2020-03-12 6 17216.361 -2.058
2020-03-13 6 17116.124 -0.525
2020-03-14 6 17102.066 -0.127
2020-03-15 6 17091.383 -0.066
2020-03-16 6 17089.106 -0.036
2020-03-17 6 17121.410 0.005
2020-03-18 6 16895.526 -0.929
2020-03-19 6 16960.146 0.051
2020-03-20 6 17159.438 0.549
2020-03-21 6 17159.828 0.052
2020-03-22 6 17163.922 0.026
2020-03-23 6 16964.688 -0.626
2020-03-24 6 16970.962 -0.133
2020-03-25 6 17392.483 1.440
2020-03-26 6 17608.126 0.613
2020-03-27 6 17806.696 0.801
2020-03-28 6 17676.637 -0.239
2020-03-29 6 17676.637 0.000
2020-03-30 6 17676.637 0.000
2020-03-31 6 17623.139 -0.122
2020-04-01 6 17647.089 0.068
2020-04-02 6 17505.583 -0.411
2020-04-03 6 17463.951 -0.151
2020-04-04 6 17265.686 -0.684
2020-04-05 6 17265.686 0.000
2020-04-06 6 17265.686 0.000
2020-04-07 6 17716.331 1.290
2020-04-08 6 17834.247 0.376
2020-04-09 6 17972.497 0.427
2020-04-10 6 18012.204 0.164
2020-04-11 6 18012.204 0.000
2020-04-12 6 18010.357 -0.013
2020-04-13 6 18012.236 0.012
2020-04-14 6 18019.572 0.051
2020-04-15 6 17823.336 -0.496
2020-04-16 6 17781.237 -0.183
2020-04-17 6 17864.072 0.196
2020-04-18 6 17885.669 0.098
2020-04-19 6 17885.669 0.000
2020-04-20 6 17904.311 0.051
2020-04-21 6 17731.471 -0.509
2020-04-22 6 17731.471 0.000
2020-04-23 6 17691.304 -0.199
2020-04-24 6 17608.750 -0.205
2020-04-25 6 17597.958 -0.062
2020-04-26 6 17604.575 0.041
2020-04-27 6 17654.714 0.144
2020-04-28 6 17674.712 0.118
2020-04-29 6 17818.391 0.418
2020-04-30 6 17751.796 -0.190
2020-05-01 6 17808.688 0.271
2020-05-02 6 17829.119 0.017
2020-05-03 6 17821.315 -0.048
2020-05-04 6 17549.970 -0.809
2020-05-05 6 17587.159 0.036
2020-05-06 6 17558.516 -0.064
2020-05-07 6 17692.508 0.309
2020-05-08 6 17710.118 0.002
2020-05-09 6 17765.693 0.263
2020-05-10 6 17762.176 -0.022
2020-05-11 6 17645.544 -0.341
2020-05-12 6 17561.935 -0.288
2020-05-13 6 17436.348 -0.393
2020-05-14 6 17341.146 -0.357
2020-05-15 6 17357.738 0.033
2020-05-16 6 17353.115 -0.058
2020-05-17 6 17352.787 -0.002
2020-05-18 6 17628.076 0.788
2020-05-19 6 17705.142 0.267
2020-05-20 6 17788.914 0.267
2020-05-21 6 17749.747 -0.098
2020-05-22 6 17708.525 -0.155
2020-05-23 6 17687.728 -0.077
2020-05-24 6 17687.728 0.000
2020-05-25 6 17773.820 0.242
2020-05-26 6 17868.678 0.262
2020-05-27 6 18025.973 0.534
2020-05-28 6 18109.293 0.131
2020-05-29 6 18098.234 0.041
2020-05-30 6 18132.258 0.120
2020-05-31 6 18133.840 0.010
2020-06-01 6 18150.006 0.043
2020-06-02 6 18227.614 0.281
2020-06-03 6 18419.596 0.544
2020-06-04 6 18511.240 0.262
2020-06-05 6 18728.546 0.538
2020-06-06 6 18717.810 0.046
2020-06-07 6 18719.154 0.016
2020-06-08 6 18657.994 -0.150
2020-06-09 6 18520.576 -0.369
2020-06-10 6 18508.288 -0.015
2020-06-11 6 18235.373 -0.702
2020-06-12 6 18196.373 -0.170
2020-06-13 6 18125.447 -0.258
2020-06-14 6 18124.046 -0.009
2020-06-15 6 18144.552 0.056
2020-06-16 6 18357.146 0.575
2020-06-17 6 18341.251 -0.040
2020-06-18 6 18327.991 -0.040
2020-06-19 6 18275.106 -0.232
2020-06-20 6 18256.336 -0.084
2020-06-21 6 18254.460 -0.012
2020-06-22 6 18192.554 -0.165
2020-06-23 6 18304.876 0.350
2020-06-24 6 18304.876 0.000
2020-06-25 6 18202.530 -0.264
2020-06-26 6 18074.850 -0.373
2020-06-27 6 18063.834 -0.085
2020-06-28 6 18063.840 0.000
2020-06-29 6 18072.885 0.023
2020-06-30 6 18109.928 0.077
