2020-01-19 1 5434.653 0.000
2020-02-07 1 5050.051 -7.616
2020-02-15 1 5127.119 1.503
2020-02-16 1 5127.119 0.000
2020-02-17 1 5166.341 0.759
2020-02-18 1 5189.226 0.441
2020-02-19 1 5136.301 -1.030
2020-02-20 1 5101.726 -0.678
2020-02-21 1 5095.124 -0.130
2020-02-22 1 5103.794 0.170
2020-02-23 1 5103.794 0.000
2020-02-24 1 5100.029 -0.074
2020-02-25 1 5015.030 -1.695
2020-02-26 1 4931.533 -1.693
2020-02-27 1 4855.079 -1.575
2020-02-28 1 4669.429 -3.976
2020-02-29 1 4535.900 -2.944
2020-03-01 1 4535.900 0.000
2020-03-02 1 4515.767 -0.446
2020-03-03 1 4879.193 7.448
2020-03-04 1 4819.163 -1.246
2020-03-05 1 4916.552 1.981
2020-03-06 1 4760.328 -3.282
2020-03-07 1 4716.829 -0.922
2020-03-08 1 4776.756 1.255
2020-03-09 1 4748.526 -0.595
2020-03-10 1 4460.288 -6.462
2020-03-11 1 4498.919 0.859
2020-03-12 1 4093.111 -9.914
2020-03-13 1 3463.771 -18.169
2020-03-14 1 3590.120 3.519
2020-03-15 1 3590.120 0.000
2020-03-16 1 3527.231 -1.783
2020-03-17 1 3014.486 -17.009
2020-03-18 1 2843.245 -6.023
2020-03-19 1 2653.895 -7.135
2020-03-20 1 2968.202 10.589
2020-03-21 1 2903.910 -2.214
2020-03-22 1 2903.910 0.000
2020-03-23 1 2790.255 -4.073
2020-03-24 1 2827.283 1.310
2020-03-25 1 3025.802 6.561
2020-03-26 1 3345.967 9.569
2020-03-27 1 3715.560 9.947
2020-03-28 1 3553.670 -4.556
2020-03-29 1 3553.670 0.000
2020-03-30 1 3553.670 0.000
2020-03-31 1 3402.991 -4.428
2020-04-01 1 3384.788 -0.538
2020-04-02 1 3212.198 -5.373
2020-04-03 1 3172.686 -1.245
2020-04-04 1 3064.251 -3.539
2020-04-05 1 3064.251 0.000
2020-04-06 1 3064.251 0.000
2020-04-07 1 3372.108 9.130
2020-04-08 1 3408.007 1.053
2020-04-09 1 3486.609 2.254
2020-04-10 1 3610.206 3.424
2020-04-11 1 3610.206 0.000
2020-04-12 1 3610.206 0.000
2020-04-13 1 3610.206 0.000
2020-04-14 1 3497.824 -3.213
2020-04-15 1 3552.452 1.538
2020-04-16 1 3464.720 -2.532
2020-04-17 1 3412.697 -1.524
2020-04-18 1 3609.469 5.452
2020-04-19 1 3609.469 0.000
2020-04-20 1 3595.022 -0.402
2020-04-21 1 3568.291 -0.749
2020-04-22 1 3568.291 0.000
2020-04-23 1 3634.656 1.826
2020-04-24 1 3568.388 -1.857
2020-04-25 1 3717.067 4.000
2020-04-26 1 3717.067 0.000
2020-04-27 1 3720.687 0.097
2020-04-28 1 3831.711 2.898
2020-04-29 1 3884.077 1.348
2020-04-30 1 4048.665 4.065
