2020-01-19 17 80434.159 0.000
2020-02-07 16 77062.122 -3.260
2020-02-15 17 77257.413 -0.735
2020-02-16 17 77257.413 0.000
2020-02-17 17 77405.651 0.223
2020-02-18 17 77489.549 0.177
2020-02-19 17 77684.772 0.265
2020-02-20 16 76008.244 -0.205
2020-02-21 17 76443.445 -1.018
2020-02-22 16 75130.379 -0.345
2020-02-23 16 75130.379 0.000
2020-02-24 16 74333.300 -0.847
2020-02-25 15 72616.406 -0.659
2020-02-26 15 71390.975 -1.021
2020-02-27 15 69546.143 -1.919
2020-02-28 15 69029.846 -0.523
2020-02-29 15 68843.382 -1.289
2020-03-01 15 68843.382 0.000
2020-03-02 15 67763.410 -0.323
2020-03-03 15 69646.885 1.775
2020-03-04 15 70717.632 0.724
2020-03-05 16 72394.837 0.532
2020-03-06 15 69668.670 -1.160
2020-03-07 15 69226.584 -0.415
2020-03-08 15 69226.584 0.000
2020-03-09 15 65759.852 -3.274
2020-03-10 15 65053.227 -1.221
2020-03-11 15 64721.807 -0.841
2020-03-12 15 62205.679 -3.033
2020-03-13 14 60420.344 -1.972
2020-03-14 14 59295.303 -1.347
2020-03-15 14 59295.303 0.000
2020-03-16 14 58014.718 -1.367
2020-03-17 14 54865.181 -3.000
2020-03-18 14 53098.647 -1.891
2020-03-19 14 50687.809 -2.528
2020-03-20 14 49362.844 -2.009
2020-03-21 14 49875.928 0.434
2020-03-22 14 49875.928 0.000
2020-03-23 14 47993.136 -2.154
2020-03-24 13 45120.655 -2.923
2020-03-25 13 45721.648 0.462
2020-03-26 13 45895.312 0.484
2020-03-27 14 51773.673 4.525
2020-03-28 14 53719.730 2.211
2020-03-29 14 53719.730 0.000
2020-03-30 14 53719.730 0.000
2020-03-31 14 52698.750 -1.475
2020-04-01 13 52811.471 2.600
2020-04-02 13 52095.368 -1.191
2020-04-03 13 52467.132 1.125
2020-04-04 13 54076.998 1.906
2020-04-05 13 54076.998 0.000
2020-04-06 13 54076.998 0.000
2020-04-07 13 55518.769 1.528
2020-04-08 14 56665.586 0.253
2020-04-09 14 56302.723 -0.174
2020-04-10 14 57571.937 1.535
2020-04-11 14 57571.937 0.000
2020-04-12 14 57571.937 0.000
2020-04-13 14 57048.375 -0.401
2020-04-14 15 59366.998 1.474
2020-04-15 15 59466.303 0.270
2020-04-16 15 58108.044 -1.028
2020-04-17 15 58930.603 0.595
2020-04-18 15 59871.047 1.066
2020-04-19 15 59871.047 0.000
2020-04-20 15 59302.236 -0.611
2020-04-21 15 58460.533 -0.402
2020-04-22 15 58460.533 0.000
2020-04-23 15 59390.082 1.057
2020-04-24 15 58406.259 -0.733
2020-04-25 15 58243.772 -0.188
2020-04-26 15 58243.772 0.000
2020-04-27 15 58382.961 0.245
2020-04-28 15 58579.648 0.541
2020-04-29 15 58754.181 -0.284
2020-04-30 15 61218.371 2.356
