2020-01-19 37 163344.588 0.000
2020-02-07 37 157198.516 -3.567
2020-02-15 37 155908.777 -2.414
2020-02-16 37 155908.777 0.000
2020-02-17 37 156238.154 0.223
2020-02-18 37 156128.745 -0.067
2020-02-19 37 156810.903 0.511
2020-02-20 37 155600.856 -0.840
2020-02-21 36 153338.720 -0.295
2020-02-22 36 154046.734 0.473
2020-02-23 36 154046.734 0.000
2020-02-24 36 149816.865 -2.853
2020-02-25 36 147100.665 -2.177
2020-02-26 36 146812.238 -0.565
2020-02-27 36 144665.150 -1.375
2020-02-28 36 143536.839 -0.949
2020-02-29 36 142625.685 -0.720
2020-03-01 36 142755.346 0.175
2020-03-02 36 142575.797 -0.181
2020-03-03 36 145490.634 1.651
2020-03-04 36 147173.303 1.088
2020-03-05 36 145673.155 -0.866
2020-03-06 36 144002.685 -1.543
2020-03-07 36 144882.734 0.771
2020-03-08 36 144882.734 0.000
2020-03-09 36 140177.156 -3.796
2020-03-10 36 138309.409 -1.116
2020-03-11 36 136422.095 -1.925
2020-03-12 36 128694.479 -6.862
2020-03-13 31 121564.069 -1.569
2020-03-14 32 122571.701 0.081
2020-03-15 32 122571.701 0.000
2020-03-16 32 119829.419 -2.406
2020-03-17 31 119092.289 -0.579
2020-03-18 31 117998.843 -1.879
2020-03-19 30 116187.574 -0.562
2020-03-20 35 126111.267 4.288
2020-03-21 35 126337.920 0.449
2020-03-22 35 126337.920 0.000
2020-03-23 35 123186.642 -2.065
2020-03-24 33 121056.181 -0.398
2020-03-25 34 128480.841 5.390
2020-03-26 36 133243.926 3.093
2020-03-27 36 136552.498 2.525
2020-03-28 36 133738.838 -1.948
2020-03-29 36 133738.838 0.000
2020-03-30 36 133738.838 0.000
2020-03-31 36 132802.287 -0.963
2020-04-01 36 132946.769 0.531
2020-04-02 36 130356.805 -1.550
2020-04-03 36 129323.084 -1.178
2020-04-04 36 128526.321 -0.830
2020-04-05 36 128526.321 0.000
2020-04-06 36 128526.321 0.000
2020-04-07 36 133638.685 3.424
2020-04-08 39 140620.809 2.004
2020-04-09 39 141982.771 1.357
2020-04-10 39 143353.576 0.979
2020-04-11 39 143353.576 0.000
2020-04-12 39 143353.576 0.000
2020-04-13 39 143312.538 -0.040
2020-04-14 39 143737.662 0.362
2020-04-15 39 143525.647 -0.071
2020-04-16 39 141918.889 -1.472
2020-04-17 39 142940.569 0.506
2020-04-18 39 144175.494 0.896
2020-04-19 39 144175.494 0.000
2020-04-20 39 144151.516 0.294
2020-04-21 39 142597.103 -1.002
2020-04-22 39 142597.103 0.000
2020-04-23 39 142347.954 -0.324
2020-04-24 39 142256.657 -0.183
2020-04-25 39 141763.953 -0.410
2020-04-26 39 141763.953 0.000
2020-04-27 39 142884.319 0.507
2020-04-28 39 144464.196 1.364
2020-04-29 39 145921.420 0.876
2020-04-30 39 145878.126 0.176
