2020-01-19 1 2157.640 0.000
2020-02-07 1 1915.171 -12.660
2020-02-15 1 2147.668 10.826
2020-02-16 1 2147.668 0.000
2020-02-17 1 2140.711 -0.325
2020-02-18 1 2105.927 -1.652
2020-02-19 1 2140.333 1.608
2020-02-20 1 2101.152 -1.865
2020-02-21 1 2091.014 -0.485
2020-02-22 1 2089.753 -0.060
2020-02-23 1 2089.753 0.000
2020-02-24 1 2072.409 -0.837
2020-02-25 1 2060.063 -0.599
2020-02-26 1 2067.980 0.383
2020-02-27 1 2081.325 0.641
2020-02-28 1 2049.976 -1.529
2020-02-29 1 2050.362 0.019
2020-03-01 1 2050.362 0.000
2020-03-02 1 2091.960 1.988
2020-03-03 1 2077.261 -0.708
2020-03-04 1 2139.875 2.926
2020-03-05 1 2191.532 2.357
2020-03-06 1 2250.230 2.609
2020-03-07 1 2250.826 0.026
2020-03-08 1 2250.826 0.000
2020-03-09 1 2132.625 -5.543
2020-03-10 1 2152.670 0.931
2020-03-11 1 2348.049 8.321
2020-03-12 1 2216.228 -5.948
2020-03-13 1 2177.016 -1.801
2020-03-14 1 2180.581 0.163
2020-03-15 1 2180.581 0.000
2020-03-16 1 2100.649 -3.805
2020-03-17 1 2004.273 -4.809
2020-03-18 1 1873.607 -6.974
2020-03-19 1 1768.038 -5.971
2020-03-20 1 1909.053 7.387
2020-03-21 1 1910.278 0.064
2020-03-22 1 1910.278 0.000
2020-03-23 1 1823.197 -4.776
2020-03-24 1 1823.128 -0.004
2020-03-25 1 1937.998 5.927
2020-03-26 1 2015.335 3.837
2020-03-27 1 1931.981 -4.314
2020-03-28 1 1953.160 1.084
2020-03-29 1 1953.160 0.000
2020-03-30 1 1953.160 0.000
2020-03-31 1 1945.478 -0.395
2020-04-01 1 1956.694 0.573
2020-04-02 1 1921.212 -1.847
2020-04-03 1 1960.106 1.984
2020-04-04 1 1945.822 -0.734
2020-04-05 1 1945.822 0.000
2020-04-06 1 1945.822 0.000
2020-04-07 1 2043.467 4.778
2020-04-08 1 2047.158 0.180
2020-04-09 1 2057.431 0.499
2020-04-10 1 2057.275 -0.008
2020-04-11 1 2057.275 0.000
2020-04-12 1 2057.275 0.000
2020-04-13 1 2057.275 0.000
2020-04-14 1 2154.841 4.528
2020-04-15 1 2061.020 -4.552
2020-04-16 1 2054.387 -0.323
2020-04-17 1 2064.739 0.501
2020-04-18 1 2064.870 0.006
2020-04-19 1 2064.870 0.000
2020-04-20 1 2050.928 -0.680
2020-04-21 1 2005.615 -2.259
2020-04-22 1 2005.615 0.000
2020-04-23 1 1991.749 -0.696
2020-04-24 1 1946.386 -2.331
2020-04-25 1 1946.263 -0.006
2020-04-26 1 1946.263 0.000
2020-04-27 1 1981.117 1.759
2020-04-28 1 1977.806 -0.167
2020-04-29 1 2019.609 2.070
2020-04-30 1 2019.532 -0.004
