2020-01-19 4 6402.016 0.000
2020-02-07 4 6351.351 -0.733
2020-02-15 4 6296.656 -0.818
2020-02-16 4 6296.656 0.000
2020-02-17 4 6289.853 -0.102
2020-02-18 4 6297.312 0.112
2020-02-19 4 6300.220 0.043
2020-02-20 4 6281.115 -0.288
2020-02-21 4 6287.891 0.050
2020-02-22 4 6294.727 0.104
2020-02-23 4 6294.727 0.000
2020-02-24 4 6254.827 -0.623
2020-02-25 4 6219.346 -0.567
2020-02-26 4 6214.269 -0.081
2020-02-27 4 6086.497 -2.230
2020-02-28 4 6013.115 -1.350
2020-02-29 4 6010.765 -0.043
2020-03-01 4 6010.765 0.000
2020-03-02 4 6034.706 0.433
2020-03-03 4 6038.117 0.061
2020-03-04 4 6046.034 0.142
2020-03-05 4 6022.897 -0.422
2020-03-06 4 5980.807 -0.793
2020-03-07 4 5991.515 0.200
2020-03-08 4 5991.515 0.000
2020-03-09 4 5888.939 -2.077
2020-03-10 4 5913.230 0.482
2020-03-11 4 5930.654 0.341
2020-03-12 4 5770.158 -3.595
2020-03-13 4 5781.806 0.258
2020-03-14 4 5781.841 0.001
2020-03-15 4 5781.841 0.000
2020-03-16 4 5691.631 -2.174
2020-03-17 4 5678.640 -0.317
2020-03-18 4 5603.943 -1.966
2020-03-19 3 4654.200 0.000
2020-03-20 3 4654.200 0.000
2020-03-21 4 5750.633 3.345
2020-03-22 4 5750.633 0.000
2020-03-23 4 5730.340 -0.471
2020-03-24 4 5730.007 -0.008
2020-03-25 4 5762.655 0.736
2020-03-26 4 5794.360 0.695
2020-03-27 4 5831.807 0.795
2020-03-28 4 5767.803 -1.437
2020-03-29 4 5767.803 0.000
2020-03-30 4 5767.803 0.000
2020-03-31 4 5768.295 0.011
2020-04-01 4 5795.000 0.585
2020-04-02 4 5776.667 -0.408
2020-04-03 4 5778.544 0.042
2020-04-04 4 5765.638 -0.290
2020-04-05 4 5765.638 0.000
2020-04-06 4 5765.638 0.000
2020-04-07 4 5836.261 1.494
2020-04-08 4 5850.967 0.307
2020-04-09 4 5850.879 -0.002
2020-04-10 4 5858.098 0.150
2020-04-11 4 5858.098 0.000
2020-04-12 4 5858.098 0.000
2020-04-13 4 5858.073 -0.001
2020-04-14 4 5853.388 -0.098
2020-04-15 4 5825.972 -0.585
2020-04-16 4 5822.105 -0.083
2020-04-17 4 5812.263 -0.212
2020-04-18 4 5814.800 0.055
2020-04-19 4 5814.800 0.000
2020-04-20 4 5802.559 -0.267
2020-04-21 4 5744.791 -1.324
2020-04-22 4 5744.791 0.000
2020-04-23 4 5758.615 0.313
2020-04-24 4 5736.429 -0.512
2020-04-25 4 5733.886 -0.059
2020-04-26 4 5733.886 0.000
2020-04-27 4 5775.110 0.919
2020-04-28 4 5821.423 0.992
2020-04-29 4 5872.700 1.052
2020-04-30 4 5816.522 -1.208
2020-05-01 4 5827.684 0.238
2020-05-02 4 5829.958 0.048
2020-05-03 4 5829.958 0.000
2020-05-04 4 5761.658 -1.542
2020-05-05 4 5754.859 -0.154
2020-05-06 4 5757.760 0.066
2020-05-07 4 5761.251 0.079
2020-05-08 4 5767.985 0.151
2020-05-09 4 5778.233 0.228
2020-05-10 4 5778.233 0.000
2020-05-11 4 5772.310 -0.133
2020-05-12 4 5750.253 -0.503
2020-05-13 4 5719.060 -0.732
2020-05-14 4 5691.701 -0.659
2020-05-15 4 5709.340 0.418
2020-05-16 4 5709.273 -0.002
2020-05-17 4 5709.273 0.000
2020-05-18 4 5750.459 0.939
2020-05-19 4 5734.407 -0.371
2020-05-20 4 5748.549 0.323
2020-05-21 4 5733.240 -0.355
2020-05-22 4 5733.551 0.007
2020-05-23 4 5729.856 -0.086
2020-05-24 4 5729.856 0.000
2020-05-25 4 5748.864 0.434
2020-05-26 4 5789.730 0.900
2020-05-27 4 5837.066 1.000
2020-05-28 4 5854.287 0.359
2020-05-29 4 5832.211 -0.469
2020-05-30 4 5838.071 0.124
2020-05-31 4 5838.071 0.000
2020-06-01 4 5877.770 0.811
2020-06-02 4 5897.072 0.388
2020-06-03 4 5974.277 1.462
2020-06-04 4 5990.424 0.302
2020-06-05 4 6049.705 1.062
2020-06-06 4 6049.518 -0.003
2020-06-07 4 6049.518 0.000
2020-06-08 4 6039.830 -0.175
2020-06-09 4 6002.046 -0.701
2020-06-10 4 5978.175 -0.451
2020-06-11 4 5904.435 -1.474
2020-06-12 4 5930.424 0.509
2020-06-13 4 5917.449 -0.257
2020-06-14 4 5917.449 0.000
2020-06-15 4 5898.226 -0.386
2020-06-16 4 5947.409 0.951
2020-06-17 4 5936.850 -0.206
2020-06-18 4 5935.835 -0.020
2020-06-19 4 5925.041 -0.212
2020-06-20 4 5922.075 -0.059
2020-06-21 4 5922.075 0.000
2020-06-22 4 5907.992 -0.281
2020-06-23 4 5941.420 0.649
2020-06-24 4 5941.420 0.000
2020-06-25 4 5903.347 -0.762
2020-06-26 4 5881.263 -0.450
2020-06-27 4 5878.073 -0.065
2020-06-28 4 5878.073 0.000
2020-06-29 4 5882.378 0.088
2020-06-30 4 5890.389 0.162
2020-07-01 4 5894.353 0.080
2020-07-02 4 5894.353 0.000
2020-07-03 4 5894.353 0.000
2020-07-04 4 5894.353 0.000
2020-07-05 4 5894.353 0.000
2020-07-06 4 5894.353 0.000
2020-07-07 4 5945.764 0.995
2020-07-08 4 5947.228 0.028
2020-07-09 4 5932.286 -0.292
2020-07-10 4 5967.409 0.669
2020-07-11 4 5970.372 0.056
2020-07-12 4 5970.372 0.000
2020-07-13 4 5967.983 -0.045
2020-07-14 4 5955.255 -0.244
2020-07-15 4 5977.989 0.429
2020-07-16 4 5977.989 0.000
2020-07-17 4 5973.534 -0.085
2020-07-18 4 5973.534 0.000
2020-07-19 4 5973.534 0.000
2020-07-20 4 5974.835 0.025
2020-07-21 4 5974.835 0.000
2020-07-22 4 5999.617 0.461
2020-07-23 4 6015.410 0.290
2020-07-24 4 6001.670 -0.255
2020-07-25 4 6003.746 0.038
2020-07-26 4 6003.746 0.000
2020-07-27 4 5980.645 -0.435
2020-07-28 4 6026.225 0.831
2020-07-29 4 6030.890 0.085
2020-07-30 4 6046.567 0.281
2020-07-31 4 6041.122 -0.098
