2020-01-19 2 4028.961 0.000
2020-02-07 2 3990.023 -1.407
2020-02-15 2 3991.587 -0.647
2020-02-16 2 3991.587 0.000
2020-02-17 2 3986.253 -0.161
2020-02-18 2 3975.692 -0.467
2020-02-19 2 3740.635 -4.604
2020-02-20 2 3749.222 -0.130
2020-02-21 2 3695.001 -1.025
2020-02-22 2 3702.603 0.142
2020-02-23 2 3701.358 -0.024
2020-02-24 2 3690.265 -0.507
2020-02-25 2 3644.648 -0.904
2020-02-26 2 3689.465 0.691
2020-02-27 2 3697.281 0.035
2020-02-28 2 3617.126 -1.772
2020-02-29 1 2585.629 -1.178
2020-03-01 1 2581.895 -0.145
2020-03-02 1 2581.895 0.000
2020-03-03 1 2621.033 1.493
2020-03-04 2 3584.678 -0.495
2020-03-05 2 3566.757 -0.357
2020-03-06 1 2469.821 -3.582
2020-03-07 1 2459.620 -0.415
2020-03-08 1 2618.899 6.082
2020-03-09 1 2612.674 -0.238
2020-03-10 1 2178.619 -19.923
2020-03-11 1 2168.218 -0.480
2020-03-12 1 2085.232 -3.980
2020-03-13 1 1992.495 -4.654
2020-03-14 1 2003.804 0.564
2020-03-15 1 2003.804 0.000
2020-03-16 1 2001.936 -0.093
2020-03-17 1 2112.035 5.213
2020-03-18 1 2203.618 4.156
2020-03-19 1 2127.051 -3.600
2020-03-20 1 2315.933 8.156
2020-03-21 1 2342.095 1.117
2020-03-22 1 2342.095 0.000
2020-03-23 1 2341.473 -0.027
2020-03-24 1 2172.919 -7.757
2020-03-25 1 2395.525 9.293
2020-03-26 1 2296.867 -4.295
2020-03-27 1 2334.243 1.601
2020-03-28 1 2340.534 0.269
2020-03-29 1 2340.534 0.000
2020-03-30 1 2340.534 0.000
2020-03-31 1 2221.898 -5.339
2020-04-01 1 2302.935 3.519
2020-04-02 1 2184.732 -5.410
2020-04-03 1 2119.175 -3.094
2020-04-04 1 2123.490 0.203
2020-04-05 1 2123.490 0.000
2020-04-06 1 2123.490 0.000
2020-04-07 1 2250.701 5.652
2020-04-08 1 2420.775 7.026
2020-04-09 1 2412.069 -0.361
2020-04-10 1 2424.914 0.530
2020-04-11 1 2424.914 0.000
2020-04-12 1 2424.914 0.000
2020-04-13 1 2429.272 0.179
2020-04-14 1 2344.570 -3.613
2020-04-15 1 2338.114 -0.276
2020-04-16 1 2319.722 -0.793
2020-04-17 1 2238.573 -3.625
2020-04-18 1 2238.577 0.000
2020-04-19 1 2238.577 0.000
2020-04-20 1 2237.954 -0.028
2020-04-21 1 2359.924 5.168
2020-04-22 1 2359.924 0.000
2020-04-23 1 2539.571 7.074
2020-04-24 1 2616.248 2.931
2020-04-25 1 2623.308 0.269
2020-04-26 1 2623.308 0.000
2020-04-27 1 2623.308 0.000
2020-04-28 1 2631.140 0.298
2020-04-29 1 2630.623 -0.020
2020-04-30 1 2633.648 0.115
2020-05-01 1 2593.578 -1.545
2020-05-02 1 2567.238 -1.026
2020-05-03 1 2567.238 0.000
2020-05-04 1 2565.993 -0.049
2020-05-05 1 2429.924 -5.600
2020-05-06 1 2628.199 7.544
2020-05-07 1 2654.313 0.984
2020-05-08 1 2637.607 -0.633
2020-05-09 1 2641.007 0.129
2020-05-10 1 2641.007 0.000
2020-05-11 1 2639.763 -0.047
2020-05-12 1 2606.698 -1.268
2020-05-13 1 2503.617 -4.117
2020-05-14 1 2403.179 -4.179
2020-05-15 1 2261.272 -6.276
2020-05-16 1 2271.588 0.454
2020-05-17 1 2271.588 0.000
2020-05-18 1 2271.588 0.000
2020-05-19 1 2443.002 7.017
2020-05-20 1 2481.610 1.556
2020-05-21 1 2529.952 1.911
2020-05-22 1 2529.410 -0.021
2020-05-23 1 2518.977 -0.414
2020-05-24 1 2518.977 0.000
2020-05-25 1 2518.977 0.000
2020-05-26 1 2518.977 0.000
2020-05-27 1 2555.310 1.422
2020-05-28 1 2537.242 -0.712
2020-05-29 1 2529.069 -0.323
2020-05-30 1 2541.779 0.500
2020-05-31 1 2541.779 0.000
2020-06-01 1 2541.779 0.000
2020-06-02 1 2474.405 -2.723
2020-06-03 1 2536.751 2.458
2020-06-04 1 2570.134 1.299
2020-06-05 1 2686.615 4.336
2020-06-06 1 2674.817 -0.441
2020-06-07 1 2676.062 0.047
2020-06-08 1 2676.062 0.000
2020-06-09 1 2687.495 0.425
2020-06-10 1 2652.606 -1.315
2020-06-11 1 2640.668 -0.452
2020-06-12 1 2602.297 -1.475
2020-06-13 1 2586.554 -0.609
2020-06-14 1 2585.932 -0.024
2020-06-15 1 2585.932 0.000
2020-06-16 1 2484.692 -4.075
2020-06-17 1 2510.219 1.017
2020-06-18 1 2513.332 0.124
2020-06-19 1 2388.702 -5.217
2020-06-20 1 2389.212 0.021
2020-06-21 1 2389.212 0.000
2020-06-22 1 2389.212 0.000
2020-06-23 1 2365.808 -0.989
2020-06-24 1 2365.808 0.000
2020-06-25 1 2271.837 -4.136
2020-06-26 1 2232.860 -1.746
2020-06-27 1 2235.844 0.133
2020-06-28 1 2237.089 0.056
2020-06-29 1 2238.334 0.056
2020-06-30 1 2199.590 -1.761
