2020-01-19 102 484918.229 0.000
2020-02-07 101 473763.093 -1.027
2020-02-15 101 474777.121 -0.167
2020-02-16 102 476613.792 0.374
2020-02-17 102 478250.889 0.293
2020-02-18 102 478350.301 -0.124
2020-02-19 102 484502.781 1.077
2020-02-20 102 486496.452 0.537
2020-02-21 102 485302.716 -0.258
2020-02-22 102 484741.376 -0.107
2020-02-23 102 483058.604 -0.753
2020-02-24 102 481897.156 -0.251
2020-02-25 102 474418.782 -0.627
2020-02-26 102 476206.201 0.452
2020-02-27 101 462593.130 -0.173
2020-02-28 103 467392.069 -2.096
2020-02-29 102 460404.987 -1.308
2020-03-01 99 461699.342 0.445
2020-03-02 99 461408.070 -0.190
2020-03-03 99 465490.347 0.675
2020-03-04 100 473527.879 1.304
2020-03-05 98 465436.060 -0.506
2020-03-06 98 460895.577 -1.192
2020-03-07 99 457887.203 -0.653
2020-03-08 99 456862.443 -0.743
2020-03-09 98 452977.663 -0.816
2020-03-10 97 429969.236 -4.241
2020-03-11 96 432158.838 0.334
2020-03-12 95 417206.503 -2.693
2020-03-13 95 405129.103 -2.834
2020-03-14 95 408504.063 0.647
2020-03-15 95 408504.063 0.000
2020-03-16 95 405115.726 -0.929
2020-03-17 94 400160.596 -1.023
2020-03-18 94 389875.044 -2.029
2020-03-19 92 380263.423 -3.188
2020-03-20 92 383909.633 1.171
2020-03-21 92 384998.932 0.315
2020-03-22 92 384998.932 0.000
2020-03-23 92 383399.426 -0.397
2020-03-24 92 380865.863 -0.777
2020-03-25 92 395996.319 3.008
2020-03-26 92 401154.992 1.007
2020-03-27 94 410536.264 1.411
2020-03-28 92 397623.916 -2.246
2020-03-29 92 397623.916 0.000
2020-03-30 92 397623.916 0.000
2020-03-31 93 398893.864 -0.082
2020-04-01 93 406469.740 1.617
2020-04-02 93 401201.276 -1.056
2020-04-03 93 407095.133 1.012
2020-04-04 94 411731.089 0.585
2020-04-05 94 411731.089 0.000
2020-04-06 94 411731.089 0.000
2020-04-07 94 418801.335 1.247
2020-04-08 100 434360.619 1.072
2020-04-09 100 437883.518 0.566
2020-04-10 101 445790.001 1.406
2020-04-11 101 445790.001 0.000
2020-04-12 101 445790.001 0.000
2020-04-13 101 443743.370 -0.199
2020-04-14 101 441320.162 -0.521
2020-04-15 101 438104.900 -0.195
2020-04-16 100 429728.239 -1.815
2020-04-17 100 432176.978 0.470
2020-04-18 100 433690.034 0.438
2020-04-19 100 433690.034 0.000
2020-04-20 100 433930.214 -0.018
2020-04-21 100 430938.891 -0.671
2020-04-22 100 430938.891 0.000
2020-04-23 100 431185.202 -0.202
2020-04-24 100 435556.710 1.127
2020-04-25 100 434579.537 -0.238
2020-04-26 100 434579.537 0.000
2020-04-27 100 435039.712 0.124
2020-04-28 100 436584.971 0.212
2020-04-29 100 439702.457 0.489
2020-04-30 100 443304.683 0.792
