2020-01-19 639 3529045.014 0.000
2020-02-07 638 3544713.877 -0.186
2020-02-15 636 3574760.361 0.461
2020-02-16 636 3574759.658 -0.000
2020-02-17 636 3576614.129 0.014
2020-02-18 636 3583231.908 0.012
2020-02-19 636 3590987.390 0.135
2020-02-20 638 3585241.272 -0.062
2020-02-21 637 3562087.057 -0.360
2020-02-22 635 3553703.804 -0.137
2020-02-23 635 3553700.136 -0.000
2020-02-24 635 3496257.429 -1.001
2020-02-25 633 3438422.432 -1.388
2020-02-26 631 3414051.170 -0.747
2020-02-27 631 3346100.077 -1.321
2020-02-28 628 3315385.416 -0.816
2020-02-29 624 3312350.501 -0.298
2020-03-01 624 3312349.258 -0.000
2020-03-02 624 3370757.363 0.895
2020-03-03 625 3353096.097 -0.195
2020-03-04 623 3384612.867 0.463
2020-03-05 623 3360686.790 -0.383
2020-03-06 619 3311973.326 -1.255
2020-03-07 619 3300177.477 -0.316
2020-03-08 619 3301515.578 0.082
2020-03-09 620 3216020.163 -2.252
2020-03-10 612 3224010.711 -0.239
2020-03-11 615 3182046.013 -0.971
2020-03-12 605 3020714.358 -3.653
2020-03-13 598 3059561.781 0.212
2020-03-14 604 3102228.199 1.105
2020-03-15 604 3102233.848 0.000
2020-03-16 604 2967830.366 -3.384
2020-03-17 592 2962176.819 -0.880
2020-03-18 597 2952988.248 -0.714
2020-03-19 595 2945196.214 -0.273
2020-03-20 597 2942355.609 -0.076
2020-03-21 595 2926402.087 -0.563
2020-03-22 595 2926398.881 -0.000
2020-03-23 595 2910605.195 -0.547
2020-03-24 592 2891842.937 -0.370
2020-03-25 599 3013162.290 2.918
2020-03-26 600 3024608.354 0.781
2020-03-27 602 3106030.279 1.888
2020-03-28 602 3050871.177 -1.389
2020-03-29 602 3050871.177 0.000
2020-03-30 602 3050871.177 0.000
2020-03-31 601 3100983.112 0.935
