2019-11-07 755 3226.977 0 0
2020-01-19 791 3230.667 3.69 0.114
2020-02-07 788 3203.751 -26.916 -0.833
2020-02-15 810 3158.007 -45.744 -1.428
2020-02-16 810 3158.007 0 0
2020-02-17 806 3158.167 0.16 0.005
2020-02-18 804 3158.103 -0.064 -0.002
2020-02-19 808 3151.235 -6.868 -0.217
2020-02-20 811 3142.489 -8.746 -0.278
2020-02-21 804 3145.82 3.331 0.106
2020-02-22 800 3159.816 13.996 0.445
2020-02-23 800 3159.816 0 0
2020-02-24 785 3160.073 0.257 0.008
2020-02-25 780 3160.354 0.281 0.009
2020-02-26 770 3162.275 1.921 0.061
2020-02-27 760 3162.265 -0.01 0
2020-02-28 742 3196.283 34.018 1.076
2020-02-29 743 3195.581 -0.702 -0.022
2020-03-01 744 3195.581 0 0
2020-03-02 745 3196.295 0.714 0.022
2020-03-03 743 3238.561 42.266 1.322
2020-03-04 739 3251.986 13.425 0.415
2020-03-05 744 3239.107 -12.879 -0.396
2020-03-06 732 3251.289 12.182 0.376
2020-03-07 717 3286.594 35.305 1.086
2020-03-08 718 3286.594 0 0
2020-03-09 703 3287.597 1.003 0.031
2021-06-29  0 -3287.597 -100
