2021-04-09 2158 1438.419 0 0
2021-04-10 2156 1436.248 -2.171 -0.151
2021-04-11 2157 1436.248 0 0
2021-04-12 2163 1418.13 -18.118 -1.261
2021-04-13 2155 1428.691 10.561 0.745
2021-04-14 2154 1430.259 1.568 0.11
2021-04-15 2150 1435.801 5.542 0.387
2021-04-16 2164 1425.104 -10.697 -0.745
2021-04-17 2164 1427.223 2.119 0.149
2021-04-18 2164 1427.223 0 0
2021-04-19 2128 1466.484 39.261 2.751
2021-04-20 2067 1519.116 52.632 3.589
2021-04-21 2062 1519.509 0.393 0.026
2021-04-22 2081 1500.915 -18.594 -1.224
2021-04-23 2015 1578.196 77.281 5.149
2021-04-24 2015 1578.196 0 0
2021-04-25 2014 1576.981 -1.215 -0.077
2021-04-26 2075 1516.798 -60.183 -3.816
2021-04-27 1977 1625.944 109.146 7.196
2021-04-28 1954 1645.378 19.434 1.195
2021-04-29 1980 1617.412 -27.966 -1.7
2021-04-30 2002 1593.933 -23.479 -1.452
2021-05-01 1995 1592.627 -1.306 -0.082
2021-05-02 1993 1592.627 0 0
2021-05-03 1998 1592.627 0 0
2021-05-04 1996 1592.627 0 0
2021-05-05 2000 1592.627 0 0
2021-05-06 2038 1550.502 -42.125 -2.645
2021-05-07 2081 1511.598 -38.904 -2.509
2021-05-08 2082 1515.179 3.581 0.237
2021-05-09 2082 1515.179 0 0
2021-05-10 1999 1589.265 74.086 4.89
2021-05-11 1962 1631.746 42.481 2.673
2021-05-12 1884 1704.461 72.715 4.456
2021-05-13 1896 1679.428 -25.033 -1.469
2021-05-14 1905 1683.461 4.033 0.24
2021-05-15 1900 1688.694 5.233 0.311
2021-05-16 1900 1688.694 0 0
2021-05-17 1861 1742.123 53.429 3.164
2021-05-18 1900 1704.689 -37.434 -2.149
2021-05-19 1919 1680.567 -24.122 -1.415
2021-05-20 1830 1785.199 104.632 6.226
2021-05-21 1826 1787.164 1.965 0.11
2021-05-22 1825 1787.691 0.527 0.029
2021-05-23 1825 1787.691 0 0
2021-05-24 1840 1778.901 -8.79 -0.492
2021-05-25 1783 1846.063 67.162 3.775
2021-05-26 1806 1832.461 -13.602 -0.737
2021-05-27 1768 1884.763 52.302 2.854
2021-05-28 1851 1783.179 -101.584 -5.39
2021-05-29 1850 1786.008 2.829 0.159
2021-05-30 1850 1786.008 0 0
2021-05-31 1844 1799.884 13.876 0.777
2021-06-01 1793 1873.956 74.072 4.115
2021-06-02 1846 1801.819 -72.137 -3.849
2021-06-03 1836 1807.953 6.134 0.34
2021-06-04 1814 1844.923 36.97 2.045
2021-06-05 1814 1840.346 -4.577 -0.248
2021-06-06 1814 1840.346 0 0
2021-06-07 1821 1833.306 -7.04 -0.383
2021-06-08 1837 1815.515 -17.791 -0.97
2021-06-09 1799 1850.892 35.377 1.949
2021-06-10 1742 1922.994 72.102 3.896
2021-06-11 1717 1972.656 49.662 2.583
2021-06-12 1716 1972.717 0.061 0.003
2021-06-13 1716 1972.717 0 0
2021-06-14 1714 1972.717 0 0
2021-06-16 1787 1853.458 -119.259 -6.045
2021-06-17 1767 1873.61 20.152 1.087
2021-06-18 1720 1935.758 62.148 3.317
2021-06-19 1720 1935.758 0 0
2021-06-20 1716 1931.972 -3.786 -0.196
2021-06-21 1618 2051.739 119.767 6.199
2021-06-22 1617 2072.27 20.531 1.001
2021-06-23 1606 2094.117 21.847 1.054
2021-06-24 1632 2048.088 -46.029 -2.198
2021-06-25 1605 2108.417 60.329 2.946
2021-06-26 1607 2114.492 6.075 0.288
2021-06-27 1607 2114.492 0 0
2021-06-28 1605 2114.689 0.197 0.009
2021-06-29 1612 2114.264 -0.425 -0.02
2021-06-30 1591 2135.29 21.026 0.994
