2023-04-06 357 6886.445 0 0
2023-04-07 352 6895.694 9.249 0.134
2023-04-08 350 6895.694 0 0
2023-04-09 350 6895.694 0 0
2023-04-10 345 6981.34 85.646 1.227
2023-04-11 355 6908.584 -72.756 -1.053
2023-04-12 343 6958.068 49.484 0.711
2023-04-13 359 6873.686 -84.382 -1.228
2023-04-14 360 6892.999 19.313 0.28
2023-04-15 360 6892.999 0 0
2023-04-16 360 6892.999 0 0
2023-04-17 371 6821.674 -71.325 -1.046
2023-04-18 374 6795.872 -25.802 -0.38
2023-04-19 383 6719.897 -75.975 -1.131
2023-04-20 378 6742.322 22.425 0.333
2023-04-21 367 6823.162 80.84 1.185
2023-04-22 367 6826.752 3.59 0.053
2023-04-23 367 6826.752 0 0
2023-04-24 359 6861.698 34.946 0.509
2023-04-25 359 6879.479 17.781 0.258
2023-04-26 357 6920.273 40.794 0.589
2023-04-27 353 6925.999 5.726 0.083
2023-04-28 347 6969.006 43.007 0.617
2023-04-29 346 6969.432 0.426 0.006
2023-04-30 346 6969.432 0 0
2023-05-01 346 6969.432 0 0
2023-05-02 340 6986.188 16.756 0.24
2023-05-03 347 6929.178 -57.01 -0.823
2023-05-04 339 6996.072 66.894 0.956
2023-05-05 342 7008.881 12.809 0.183
2023-05-06 342 7008.881 0 0
2023-05-07 342 7008.881 0 0
2023-05-08 335 7069.447 60.566 0.857
2023-05-09 330 7129.613 60.166 0.844
2023-05-10 330 7117.808 -11.805 -0.166
2023-05-11 330 7120.562 2.754 0.039
2023-05-12 326 7098.007 -22.555 -0.318
2023-05-13 327 7091.424 -6.583 -0.093
2023-05-14 327 7091.424 0 0
2023-05-15 328 7075.566 -15.858 -0.224
2023-05-16 328 7066.991 -8.575 -0.121
2023-05-17 333 6990.873 -76.118 -1.089
2023-05-18 341 6944.292 -46.581 -0.671
2023-05-19 335 6991.663 47.371 0.678
2023-05-20 337 6965.591 -26.072 -0.374
2023-05-21 337 6965.591 0 0
2023-05-22 333 7076.541 110.95 1.568
2023-05-23 332 7079.372 2.831 0.04
2023-05-24 325 7072.509 -6.863 -0.097
2023-05-25 320 7077.496 4.987 0.07
2023-05-26 316 7141.127 63.631 0.891
2023-05-27 317 7155.604 14.477 0.202
2023-05-28 317 7155.604 0 0
2023-05-29 316 7160.334 4.73 0.066
2023-05-30 315 7151.028 -9.306 -0.13
2023-05-31 320 7107.202 -43.826 -0.617
2023-06-01 314 7167.898 60.696 0.847
2023-06-02 317 7181.186 13.288 0.185
2023-06-03 318 7189.91 8.724 0.121
2023-06-04 318 7189.91 0 0
2023-06-05 317 7183.572 -6.338 -0.088
2023-06-06 325 7078.469 -105.103 -1.485
2023-06-07 316 7172.323 93.854 1.309
2023-06-08 323 7127.428 -44.895 -0.63
2023-06-09 327 7063.124 -64.304 -0.91
2023-06-10 327 7072.76 9.636 0.136
2023-06-11 328 7072.76 0 0
2023-06-12 327 7131.599 58.839 0.825
2023-06-13 329 7150.269 18.67 0.261
2023-06-14 326 7183.088 32.819 0.457
2023-06-15 338 7152.424 -30.664 -0.429
2023-06-16 343 7096.146 -56.278 -0.793
2023-06-17 341 7117.365 21.219 0.298
2023-06-18 341 7117.365 0 0
2023-06-19 336 7162.425 45.06 0.629
2023-06-20 327 7207.025 44.6 0.619
2023-06-21 321 7234.717 27.692 0.383
2023-06-22 325 7184.504 -50.213 -0.699
2023-06-23 329 7135.327 -49.177 -0.689
2023-06-24 327 7128.046 -7.281 -0.102
2023-06-25 327 7128.046 0 0
2023-06-26 328 7107.05 -20.996 -0.295
2023-06-27 327 7124.452 17.402 0.244
2023-06-28 328 7172.797 48.345 0.674
2023-06-29 328 7170.717 -2.08 -0.029
2023-06-30 317 7310.994 140.277 1.919
2023-07-01 319 7312.785 1.791 0.024
2023-07-02 319 7312.785 0 0
2023-07-03 324 7265.319 -47.466 -0.653
2023-07-04 324 7322.417 57.098 0.78
2023-07-05 319 7342.215 19.798 0.27
2023-07-06 314 7342.097 -0.118 -0.002
2023-07-07 315 7330.911 -11.186 -0.153
2023-07-08 315 7308.76 -22.151 -0.303
2023-07-09 315 7308.76 0 0
2023-07-10 322 7222.003 -86.757 -1.201
2023-07-11 323 7254.892 32.889 0.453
2023-07-12 327 7250.299 -4.593 -0.063
2023-07-13 326 7372.609 122.31 1.659
2023-07-14 300 7653.593 280.984 3.671
2023-07-15 300 7644.985 -8.608 -0.113
2023-07-16 300 7644.985 0 0
2023-07-17 300 7619.156 -25.829 -0.339
2023-07-18 301 7625.49 6.334 0.083
2023-07-19 308 7599.612 -25.878 -0.341
2023-07-20 308 7582.858 -16.754 -0.221
2023-07-21 323 7447.704 -135.154 -1.815
2023-07-22 323 7450.894 3.19 0.043
2023-07-23 323 7450.894 0 0
2023-07-24 319 7487.982 37.088 0.495
2023-07-25 319 7529.695 41.713 0.554
2023-07-26 321 7514.433 -15.262 -0.203
2023-07-27 315 7514.717 0.284 0.004
2023-07-28 322 7473.976 -40.741 -0.545
2023-07-29 323 7445.191 -28.785 -0.387
2023-07-30 323 7445.191 0 0
2023-07-31 314 7565.165 119.974 1.586
