2025-04-02 2277 1506.9 0 0
2025-04-03 2241 1506.9 0 0
2025-04-04 2231 1506.9 0 0
2025-04-05 2225 1506.9 0 0
2025-04-06 2224 1506.9 0 0
2025-04-07 2186 1506.9 0 0
2025-04-08 2184 1506.9 0 0
2025-04-09 2191 1506.9 0 0
2025-04-10 2199 1506.9 0 0
2025-04-11 2209 1506.9 0 0
2025-04-12 2229 1506.9 0 0
2025-04-13 2229 1506.9 0 0
2025-04-14 2244 1506.9 0 0
2025-04-15 2249 1506.9 0 0
2025-04-16 2252 1506.9 0 0
2025-04-17 2257 1506.9 0 0
2025-04-18 2258 1506.9 0 0
2025-04-19 2258 1506.9 0 0
2025-04-20 2258 1506.9 0 0
2025-04-21 2255 1506.9 0 0
2025-04-22 2269 1506.9 0 0
2025-04-23 2276 1506.9 0 0
2025-04-24 2277 1506.9 0 0
2025-04-25 2283 1506.9 0 0
2025-04-26 2282 1506.9 0 0
2025-04-27 2282 1506.9 0 0
2025-04-28 2285 1506.9 0 0
2025-04-29 2283 1506.9 0 0
2025-04-30 2289 1506.9 0 0
2025-05-01 2290 1506.9 0 0
2025-05-02 2292 1506.9 0 0
2025-05-03 2298 1506.9 0 0
2025-05-04 2298 1506.9 0 0
2025-05-05 2294 1506.9 0 0
2025-05-06 2296 1506.9 0 0
2025-05-07 2294 1506.9 0 0
2025-05-08 2295 1506.9 0 0
2025-05-09 2299 1506.9 0 0
2025-05-10 2299 1506.9 0 0
2025-05-11 2299 1506.9 0 0
2025-05-12 2319 1506.9 0 0
2025-05-13 2311 1506.9 0 0
2025-05-14 2317 1506.9 0 0
2025-05-15 2317 1506.9 0 0
2025-05-16 2324 1506.9 0 0
2025-05-17 2321 1506.9 0 0
2025-05-18 2321 1506.9 0 0
2025-05-19 2322 1506.9 0 0
2025-05-20 2321 1506.9 0 0
2025-05-21 2327 1506.9 0 0
2025-05-22 2323 1506.9 0 0
2025-05-23 2314 1506.9 0 0
2025-05-24 2314 1506.9 0 0
2025-05-25 2323 1506.9 0 0
2025-05-26 2323 1506.9 0 0
2025-05-27 2335 1506.9 0 0
2025-05-28 2335 1506.9 0 0
2025-05-29 2331 1506.9 0 0
2025-05-30 2332 1506.9 0 0
2025-05-31 2328 1506.9 0 0
2025-06-01 2328 1506.9 0 0
2025-06-02 2326 1506.9 0 0
2025-06-03 2334 1506.9 0 0
2025-06-04 2342 1506.9 0 0
2025-06-05 2343 1506.9 0 0
2025-06-06 2351 1506.9 0 0
2025-06-07 2349 1506.9 0 0
2025-06-08 2349 1506.9 0 0
2025-06-09 2348 1506.9 0 0
2025-06-10 2352 1506.9 0 0
2025-06-11 2355 1506.9 0 0
2025-06-12 2352 1506.9 0 0
2025-06-13 2343 1506.9 0 0
2025-06-14 2341 1506.9 0 0
2025-06-15 2339 1506.9 0 0
2025-06-16 2339 1506.9 0 0
2025-06-17 2334 1506.9 0 0
2025-06-18 2332 1506.9 0 0
2025-06-19 2324 1506.9 0 0
2025-06-20 2328 1506.9 0 0
2025-06-21 2328 1506.9 0 0
2025-06-22 2328 1506.9 0 0
2025-06-23 2331 1506.9 0 0
2025-06-24 2338 1506.9 0 0
2025-06-25 2346 1506.9 0 0
2025-06-26 2349 1506.9 0 0
2025-06-27 2358 1506.9 0 0
2025-06-28 2356 1506.9 0 0
2025-06-29 2356 1506.9 0 0
2025-06-30 2359 1506.9 0 0
2025-07-01 2363 1506.9 0 0
2025-07-02 2369 1506.9 0 0
2025-07-03 2372 1506.9 0 0
2025-07-04 2367 1506.9 0 0
2025-07-05 2367 1506.9 0 0
2025-07-06 2367 1506.9 0 0
