2022-04-05 2496 1146.998 0 0
2022-04-06 2474 1153.764 6.766 0.59
2022-04-07 2431 1170.927 17.163 1.488
2022-04-08 2417 1183.565 12.638 1.079
2022-04-09 2419 1182.422 -1.143 -0.097
2022-04-10 2420 1182.422 0 0
2022-04-11 2413 1170.775 -11.647 -0.985
2022-04-12 2416 1171.141 0.366 0.031
2022-04-13 2393 1194.825 23.684 2.022
2022-04-14 2348 1229.225 34.4 2.879
2022-04-15 2341 1230.596 1.371 0.112
2022-04-16 2341 1230.596 0 0
2022-04-17 2341 1230.596 0 0
2022-04-18 2296 1263.103 32.507 2.642
2022-04-19 2319 1239.925 -23.178 -1.835
2022-04-20 2347 1213.415 -26.51 -2.138
2022-04-21 2376 1173.236 -40.179 -3.311
2022-04-22 2402 1147.733 -25.503 -2.174
2022-04-23 2425 1129.941 -17.792 -1.55
2022-04-24 2425 1129.941 0 0
2022-04-25 2467 1087.735 -42.206 -3.735
2022-04-26 2475 1060.745 -26.99 -2.481
2022-04-27 2482 1066.068 5.323 0.502
2022-04-28 2458 1087.17 21.102 1.979
2022-04-29 2421 1114.224 27.054 2.488
2022-04-30 2418 1118.856 4.632 0.416
2022-05-01 2418 1118.856 0 0
2022-05-02 2440 1098.725 -20.131 -1.799
2022-05-03 2427 1107.225 8.5 0.774
2022-05-04 2402 1124.476 17.251 1.558
2022-05-05 2493 1050.369 -74.107 -6.59
2022-05-06 2452 1064.417 14.048 1.337
2022-05-07 2451 1059.811 -4.606 -0.433
2022-05-08 2451 1059.811 0 0
2022-05-09 2470 1031.642 -28.169 -2.658
2022-05-10 2467 1026.708 -4.934 -0.478
2022-05-11 2476 1016.852 -9.856 -0.96
2022-05-12  972.536 -44.316 -4.358
2022-05-14 2498 1012.305 39.769 4.089
2022-05-15 2499 1012.305 0 0
2022-05-16 2491 1016.046 3.741 0.37
2022-05-17 2448 1050.621 34.575 3.403
2022-05-18 2458 1049.174 -1.447 -0.138
2022-05-19 2418 1073.279 24.105 2.298
2022-05-20 2439 1068.94 -4.339 -0.404
2022-05-21 2446 1068.011 -0.929 -0.087
2022-05-22 2446 1068.011 0 0
2022-05-23 2453 1068.011 0 0
2022-05-24 2464 1046.209 -21.802 -2.041
2022-05-25 2475 1039.13 -7.079 -0.677
2022-05-26 2469 1050.032 10.902 1.049
2022-05-27 2475 1053.619 3.587 0.342
2022-05-28 2481 1056.455 2.836 0.269
2022-05-29 2480 1056.455 0 0
2022-05-30 2490 1060.881 4.426 0.419
2022-05-31 2513 1039.531 -21.35 -2.012
2022-06-01 2516 1044.082 4.551 0.438
2022-06-02 2461 1082.233 38.151 3.654
2022-06-03 2498 1051.927 -30.306 -2.8
2022-06-04 2499 1050.72 -1.207 -0.115
2022-06-05 2499 1050.72 0 0
2022-06-06 2527 1037.186 -13.534 -1.288
2022-06-07 2518 1047.203 10.017 0.966
2022-06-08 2505 1056.644 9.441 0.902
2022-06-11 2465 1058.763 -12.451 -1.162
2022-06-12 2464 1058.763 0 0
2022-06-13 2502 1013.835 -44.928 -4.243
2022-06-14  975.605 -38.23 -3.771
2025-11-01 3126 1008.068 32.463 3.327
2025-11-02 3126 1008.068 0 0
2025-11-03  984.442 -23.626 -2.344
2025-11-08 3102 1015.041 30.599 3.108
2025-11-09 3101 1015.041 0 0
2025-11-10 3098 1019.254 4.213 0.415
2025-11-11 3110 1006.563 -12.691 -1.245
2025-11-12 3111 1006.351 -0.212 -0.021
2025-11-13  993.442 -12.909 -1.283
2025-11-20  990.893 -2.549 -0.257
2025-11-25 3081 1016.332 25.439 2.567
2025-11-26 3039 1049.023 32.691 3.217
2025-11-27 3054 1042.193 -6.83 -0.651
2025-11-28 3029 1061.737 19.544 1.875
2025-11-29 3014 1069.941 8.204 0.773
2025-11-30 3014 1069.941 0 0
2025-12-01 3052 1049.819 -20.122 -1.881
2025-12-02 3065 1037.679 -12.14 -1.156
2025-12-03 3032 1057.363 19.684 1.897
2025-12-04 3065 1041.603 -15.76 -1.491
2025-12-05 3077 1038.309 -3.294 -0.316
2025-12-06 3066 1043.728 5.419 0.522
2025-12-07 3067 1043.728 0 0
2025-12-08 3070 1041.676 -2.052 -0.197
2025-12-09 3072 1035.845 -5.831 -0.56
2025-12-10 3058 1046.584 10.739 1.037
2025-12-11 3036 1063.648 17.064 1.63
2025-12-12 3054 1055.039 -8.609 -0.809
2025-12-13 3055 1053.475 -1.564 -0.148
2025-12-14 3054 1053.475 0 0
2025-12-15 3075 1035.563 -17.912 -1.7
2025-12-16 3083 1021.372 -14.191 -1.37
2025-12-17 3074 1030.31 8.938 0.875
2025-12-18 3051 1051.953 21.643 2.101
2025-12-19 3028 1072.337 20.384 1.938
2025-12-20 3028 1070.963 -1.374 -0.128
2025-12-21 3033 1070.963 0 0
2025-12-22 3016 1085.755 14.792 1.381
2025-12-23 3024 1082.036 -3.719 -0.343
2025-12-24 3031 1082.415 0.379 0.035
2025-12-25 3034 1085.582 3.167 0.293
2025-12-26 3031 1085.582 0 0
2025-12-27 3032 1086.248 0.666 0.061
2025-12-28 3032 1086.248 0 0
2025-12-29 2999 1105.028 18.78 1.729
2025-12-30 2995 1109.436 4.408 0.399
2025-12-31 3002 1103.018 -6.418 -0.578
2026-01-01 3004 1101.145 -1.873 -0.17
2026-01-02 3011 1098.434 -2.711 -0.246
2026-01-03 3014 1097.241 -1.193 -0.109
2026-01-05 2983 1123.523 26.282 2.395
2026-01-06 2970 1140.419 16.896 1.504
2026-01-07 2990 1128.515 -11.904 -1.044
2026-01-08 3031 1104.202 -24.313 -2.154
2026-01-09 3055 1092.591 -11.611 -1.052
2026-01-10 3058 1090.467 -2.124 -0.194
2026-01-11 3059 1090.467 0 0
2026-01-12 3028 1114.384 23.917 2.193
2026-01-13 3015 1121.749 7.365 0.661
2026-01-14 2940 1170.585 48.836 4.354
2026-01-15 2870 1218.907 48.322 4.128
2026-01-16 2861 1218.597 -0.31 -0.025
2026-01-17 2867 1216.872 -1.725 -0.142
2026-01-18 2866 1216.872 0 0
2026-01-19 2825 1243.048 26.176 2.151
2026-01-20 2768 1272.168 29.12 2.343
2026-01-21 2748 1295.016 22.848 1.796
2026-01-22 2784 1276.203 -18.813 -1.453
2026-01-23 2740 1309.756 33.553 2.629
2026-01-24 2741 1315.686 5.93 0.453
2026-01-25 2741 1315.686 0 0
2026-01-26 2721 1329.925 14.239 1.082
2026-01-27 2700 1355.791 25.866 1.945
2026-01-28 2652 1396.979 41.188 3.038
2026-01-29 2679 1376.87 -20.109 -1.439
2026-01-30 2817 1256.817 -120.053 -8.719
2026-01-31 2809 1258.125 1.308 0.104
2026-02-01 2809 1258.125 0 0
2026-02-02 2768 1280.366 22.241 1.768
2026-02-03 2694 1340.814 60.448 4.721
2026-02-04 2711 1324.151 -16.663 -1.243
2026-02-05 2819 1246.685 -77.466 -5.85
2026-02-06 2755 1299.3 52.615 4.22
2026-02-07 2743 1303.697 4.397 0.338
2026-02-08 2743 1303.697 0 0
2026-02-09 2694 1349.547 45.85 3.517
2026-02-10 2752 1313.02 -36.527 -2.707
2026-02-11 2745 1314.856 1.836 0.14
2026-02-12 2808 1275.592 -39.264 -2.986
2026-02-13 2805 1272.823 -2.769 -0.217
2026-02-14 2809 1269.75 -3.073 -0.241
2026-02-15 2808 1269.75 0 0
2026-02-16 2807 1269.75 0 0
2026-02-17 2864 1229.088 -40.662 -3.202
2026-02-18 2866 1228.643 -0.445 -0.036
2026-02-19 2851 1241.27 12.627 1.028
2026-02-20 2851 1236.083 -5.187 -0.418
2026-02-21 2852 1236.422 0.339 0.027
2026-02-22 2851 1236.422 0 0
2026-02-23 2808 1265.867 29.445 2.381
2026-02-24 2502 1523.431 257.564 20.347
2026-02-25 2518 1508.22 -15.211 -0.998
2026-02-26 2491 1540.237 32.017 2.123
2026-02-27 2308 1708.619 168.382 10.932
2026-02-28 2321 1712.463 3.844 0.225
2026-03-01 2299 1732.697 20.234 1.182
2026-03-02 2294 1740.242 7.545 0.435
2026-03-03 2369 1640.419 -99.823 -5.736
2026-03-04 2322 1688.929 48.51 2.957
2026-03-05 2385 1617.616 -71.313 -4.222
2026-03-06 2403 1591.164 -26.452 -1.635
2026-03-07 2394 1595.809 4.645 0.292
2026-03-08 2394 1595.809 0 0
2026-03-09 2421 1567.227 -28.582 -1.791
2026-03-10 2476 1609.24 42.013 2.681
2026-03-11 2508 1588.348 -20.892 -1.298
2026-03-12 2552 1545.277 -43.071 -2.712
2026-03-13 2603 1495.562 -49.715 -3.217
2026-03-14 2608 1487.01 -8.552 -0.572
2026-03-15 2608 1487.01 0 0
2026-03-16 2595 1498.096 11.086 0.746
2026-03-17 2589 1501.487 3.391 0.226
2026-03-18 2657 1449.496 -51.991 -3.463
2026-03-19 2724 1389.749 -59.747 -4.122
2026-03-20 2760 1355.694 -34.055 -2.45
2026-03-21 2761 1355.071 -0.623 -0.046
2026-03-22 2761 1355.071 0 0
2026-03-23 2667 1400.654 45.583 3.364
2026-03-24 2687 1395.344 -5.31 -0.379
2026-03-25 2654 1423.931 28.587 2.049
2026-03-27 2678 1402.627 -21.304 -1.496
2026-03-28 2693 1395.019 -7.608 -0.542
2026-03-29 2693 1395.019 0 0
2026-03-30 2702 1384.214 -10.805 -0.775
2026-03-31 2599 1463.946 79.732 5.76
2026-04-01 2590 1489.242 0 0
2026-04-02 2583 1489.242 0 0
2026-04-03 2595 1481.105 0 0
2026-04-04 2600 1478.498 0 0
2026-04-05 2600 1478.498 0 0
2026-04-06 2601 1478.498 0 0
2026-04-07 2618 1458.381 0 0
2026-04-08 2625 1458.539 0 0
2026-04-09 2604 1496.603 0 0
2026-04-10 2569 1534.776 0 0
2026-04-11 2562 1536.973 0 0
2026-04-12 2563 1536.298 0 0
2026-04-13 2562 1536.298 0 0
2026-04-14 2548 1557.004 0 0
2026-04-15 2534 1575.044 0 0
2026-04-16 2553 1565.986 0 0
2026-04-17 2567 1556.562 0 0
2026-04-18 2552 1574.259 0 0
2026-04-19 2547 1578.111 0 0
2026-04-20 2550 1578.111 0 0
