2022-01-16 756 4106.504 0 0
2022-01-17 761 4101.198 -5.306 -0.129
2022-01-18 788 4005.683 -95.515 -2.329
2022-01-19 795 3949.034 -56.649 -1.414
2022-01-20 794 3930.998 -18.036 -0.457
2022-01-22 785 3938.936 7.938 0.202
2022-01-23 785 3938.936 0 0
2022-01-24 799 3852.215 -86.721 -2.202
2022-01-25 818 3738.298 -113.917 -2.957
2022-01-26 793 3837.926 99.628 2.665
2022-01-27 813 3740.129 -97.797 -2.548
2022-01-28 834 3682.011 -58.118 -1.554
2022-01-29 843 3681.375 -0.636 -0.017
2022-01-30 843 3681.375 0 0
2022-01-31 849 3681.375 0 0
2022-02-01 855 3681.375 0 0
2022-02-02 857 3681.375 0 0
2022-02-03 853 3681.375 0 0
2022-02-04 856 3681.375 0 0
2022-02-05 852 3681.375 0 0
2022-02-06 852 3681.375 0 0
2022-02-07 817 3811.805 130.43 3.543
2022-02-08 823 3784.716 -27.089 -0.711
2022-02-09 847 3739.716 -45 -1.189
2022-02-10 863 3682.099 -57.617 -1.541
2022-02-11 868 3651.385 -30.714 -0.834
2022-02-12 860 3651.27 -0.115 -0.003
2022-02-13 963 3314.459 -336.811 -9.224
2022-02-14 1007 3155.352 -159.107 -4.8
2022-02-15 999 3196.16 40.808 1.293
2022-02-16 1017 3165.856 -30.304 -0.948
2022-02-17 1011 3187.912 22.056 0.697
2022-02-18 1010 3186.956 -0.956 -0.03
2022-02-19 1005 3192.245 5.289 0.166
2022-02-20 1005 3192.245 0 0
2022-02-21 991 3229.878 37.633 1.179
2022-02-22 996 3196.949 -32.929 -1.02
2022-02-23 928 3385.98 189.031 5.913
2022-02-24 930 3362.656 -23.324 -0.689
2022-02-25 927 3371.511 8.855 0.263
2022-02-26 932 3376.104 4.593 0.136
2022-02-27 931 3376.104 0 0
2022-02-28 940 3336.825 -39.279 -1.163
2022-03-01 940 3324.212 -12.613 -0.378
2022-03-02 897 3430.283 106.071 3.191
2022-03-03 890 3431.098 0.815 0.024
2022-03-04 907 3356.323 -74.775 -2.179
2022-03-05 901 3356.004 -0.319 -0.01
2022-03-06 902 3356.004 0 0
2022-03-07 904 3304.2 -51.804 -1.544
2022-03-08 943 3141.386 -162.814 -4.927
2022-03-09 940 3185.845 44.459 1.415
2022-03-10 894 3376.391 190.546 5.981
2022-03-11 893 3353.001 -23.39 -0.693
2022-03-12 885 3352.524 -0.477 -0.014
2022-03-13 886 3352.524 0 0
2022-03-14 925 3208.183 -144.341 -4.305
2022-03-15 987 2977.62 -230.563 -7.187
2022-03-16 982 3084.38 106.76 3.585
2022-03-17 940 3221.11 136.73 4.433
2022-03-18 948 3232.799 11.689 0.363
2022-03-19 949 3224.723 -8.076 -0.25
2022-03-20 949 3224.723 0 0
2022-03-21 989 3107.819 -116.904 -3.625
2022-03-22 1001 3083.452 -24.367 -0.784
2022-03-23 981 3144.087 60.635 1.966
2022-03-24 1008 3057.763 -86.324 -2.746
2022-03-26 1033 2968.16 -89.603 -2.93
2022-03-27 1033 2968.16 0 0
2022-03-28 1072 2869.992 -98.168 -3.307
2022-03-29 1068 2891.548 21.556 0.751
2022-03-30 1054 2973.009 81.461 2.817
