2023-04-06 600 4700.308 0 0
2023-04-07 593 4758.306 57.998 1.219
2023-04-08 591 4758.306 0 0
2023-04-09 591 4758.306 0 0
2023-04-10 603 4646.106 -112.2 -2.415
2023-04-11 622 4554.487 -91.619 -2.012
2023-04-12 628 4535.867 -18.62 -0.411
2023-04-13 611 4616.547 80.68 1.748
2023-04-14 618 4611.198 -5.349 -0.116
2023-04-15 613 4626.683 15.485 0.335
2023-04-16 613 4626.683 0 0
2023-04-17 599 4706.982 80.299 1.706
2023-04-18 624 4582.072 -124.91 -2.726
2023-04-19 632 4538.737 -43.335 -0.955
2023-04-20 651 4392.896 -145.841 -3.32
2023-04-21 645 4383.912 -8.984 -0.205
2023-04-22 649 4377.295 -6.617 -0.151
2023-04-23 649 4377.295 0 0
2023-04-24 683 4223.451 -153.844 -3.643
2023-04-25 689 4151.567 -71.884 -1.731
2023-04-26 677 4187.028 35.461 0.847
2023-04-27 643 4367.803 180.775 4.139
2023-04-28 682 4209.492 -158.311 -3.761
2023-04-29 684 4206.576 -2.916 -0.069
2023-04-30 684 4206.576 0 0
2023-05-01 685 4206.576 0 0
2023-05-02 682 4206.576 0 0
2023-05-03 684 4206.576 0 0
2023-05-04 676 4223.319 16.743 0.396
2023-05-05 663 4291.622 68.303 1.592
2023-05-06 665 4294.292 2.67 0.062
2023-05-07 665 4294.292 0 0
2023-05-08 683 4220.791 -73.501 -1.741
2023-05-09 695 4174.016 -46.775 -1.121
2023-05-10 685 4218.382 44.366 1.052
2023-05-11 684 4208.26 -10.122 -0.241
2023-05-12 690 4167.555 -40.705 -0.977
2023-05-13 694 4161.259 -6.296 -0.151
2023-05-14 694 4161.259 0 0
2023-05-15 690 4188.308 27.049 0.646
2023-05-16 699 4114.728 -73.58 -1.788
2023-05-17 700 4116.769 2.041 0.05
2023-05-18 726 4012.346 -104.423 -2.603
2023-05-19 726 4013.775 1.429 0.036
2023-05-20 721 3999.601 -14.174 -0.354
2023-05-21 721 3999.601 0 0
2023-05-22 718 4011.846 12.245 0.305
2023-05-23 715 4005.297 -6.549 -0.164
2023-05-24 735 3903.601 -101.696 -2.605
2023-05-25 740 3883.31 -20.291 -0.523
2023-05-26 733 3896.49 13.18 0.338
2023-05-27 731 3903.614 7.124 0.182
2023-05-28 731 3903.614 0 0
2023-05-29 744 3841.247 -62.367 -1.624
2023-05-30 746 3842.665 1.418 0.037
2023-05-31 743 3826.6 -16.065 -0.42
