2020-01-19 609 3966.517 0 0
2020-02-07 532 4276.553 310.036 7.25
2020-02-15 535 4308.814 32.261 0.749
2020-02-16 535 4308.814 0 0
2020-02-17 538 4308.814 0 0
2020-02-18 529 4344.075 35.261 0.812
2020-02-19 529 4345.013 0.938 0.022
2020-02-20 534 4291.371 -53.642 -1.25
2020-02-21 551 4182.023 -109.348 -2.615
2020-02-22 551 4182.023 0 0
2020-02-23 551 4182.023 0 0
2020-02-24 570 4037.602 -144.421 -3.577
2020-02-25 577 3984.71 -52.892 -1.327
2020-02-26 565 4024.098 39.388 0.979
2020-02-27 593 3799.213 -224.885 -5.919
2020-02-28 576 3871.049 71.836 1.856
2020-02-29 572 3871.049 0 0
