2020-01-19 354 5910.497 0 0
2020-02-07 346 5899.143 -11.354 -0.192
2020-02-15 365 5703.679 -195.464 -3.427
2020-02-16 365 5703.679 0 0
2020-02-17 369 5653.195 -50.484 -0.893
2020-02-18 367 5653.195 0 0
2020-02-19 361 5713.986 60.791 1.064
2020-02-20 364 5663.584 -50.402 -0.89
2020-02-21 363 5708.98 45.396 0.795
2020-02-22 364 5706.397 -2.583 -0.045
2020-02-23 364 5706.397 0 0
2020-02-24 355 5706.397 0 0
2020-02-25 369 5539.435 -166.962 -3.014
2020-02-26 384 5282.806 -256.629 -4.858
2020-02-27 365 5441.766 158.96 2.921
2020-02-28 385 5155.841 -285.925 -5.546
2020-02-29 387 5100.075 -55.766 -1.093
2020-03-01 388 5100.075 0 0
2020-03-02 392 5100.075 0 0
2020-03-03 384 5285.78 185.705 3.513
2020-03-04 392 5142.202 -143.578 -2.792
2020-03-05 385 5321.756 179.554 3.374
2020-03-06 375 5325.685 3.929 0.074
2020-03-07 389 5201.456 -124.229 -2.388
2020-03-08 392 5201.456 0 0
2020-03-09 356 5564.262 362.806 6.52
2020-03-10 375 5119.13 -445.132 -8.695
2020-03-11 360 5317.693 198.563 3.734
2020-03-12 374 4971.575 -346.118 -6.962
2020-03-13 445 4304.552 -667.023 -15.496
2020-03-14 403 4701.294 396.742 8.439
2020-03-15 403 4701.294 0 0
2020-03-16 382 4701.294 0 0
2020-03-17 451 4151.73 -549.564 -13.237
2020-03-18 403 4482.63 330.9 7.382
2020-03-19 481 3876.716 -605.914 -15.63
2020-03-20 453 4055.24 178.524 4.402
2020-03-21 485 3864.777 -190.463 -4.928
2020-03-22 484 3864.777 0 0
2020-03-23 476 3864.777 0 0
2020-03-24 479 3799.085 -65.692 -1.729
2020-03-25 432 4199.61 400.525 9.537
2020-03-26 428 4312.299 112.689 2.613
2020-03-27 399 4664.702 352.403 7.555
2020-03-28 403 4577.459 -87.243 -1.906
2020-03-29 403 4577.459 0 0
2020-03-30 403 4577.459 0 0
2020-03-31 375 4860.067 282.608 5.815
2020-04-01 381 4822.583 -37.484 -0.777
2020-04-02 410 4495.788 -326.795 -7.269
2020-04-03 396 4602.619 106.831 2.321
2020-04-04 402 4539.223 -63.396 -1.397
2020-04-05 402 4539.223 0 0
2020-04-06 402 4539.223 0 0
2020-04-07 377 4818.989 279.766 5.805
2020-04-08 384 4862.037 43.048 0.885
2020-04-10 360 5210.229 348.192 6.683
2020-04-11 360 5210.229 0 0
2020-04-12 360 5210.229 0 0
2020-04-13 359 5210.229 0 0
2020-04-14 382 4975.828 -234.401 -4.711
2020-04-15 365 5132.201 156.373 3.047
2020-04-17 396 4840.744 -291.457 -6.021
2020-04-18 374 5121.627 280.883 5.484
2020-04-19 374 5121.627 0 0
2020-04-20 373 5121.627 0 0
2020-04-21 375 5030.023 -91.604 -1.821
2020-04-23 399 4858.407 -171.616 -3.532
2020-04-24 393 4930.321 71.914 1.459
2020-04-25 376 5005.925 75.604 1.51
2020-04-26 376 5005.925 0 0
2020-04-27 378 5005.925 0 0
2020-04-28 372 5146.924 140.999 2.739
2020-04-29 371 5188.653 41.729 0.804
2020-04-30 361 5381.495 192.842 3.583
