2020-01-19 817 3145.099 0 0
2020-02-07 868 2945.469 -199.63 -6.778
2020-02-15 868 2994.805 49.336 1.647
2020-02-16 868 2994.805 0 0
2020-02-17 885 2936.526 -58.279 -1.985
2020-02-18 883 2936.526 0 0
2020-02-19 882 2933.311 -3.215 -0.11
2020-02-20 854 3009.972 76.661 2.547
2020-02-21 842 3039.23 29.258 0.963
2020-02-22 840 3040.539 1.309 0.043
2020-02-23 840 3040.539 0 0
2020-02-24 840 3000.561 -39.978 -1.332
2020-02-25 833 2993.854 -6.707 -0.224
2020-02-26 796 3083.199 89.345 2.898
2020-02-27 786 3085.331 2.132 0.069
2020-02-28 782 3077.957 -7.374 -0.24
2020-02-29 782 3072.962 -4.995 -0.163
