2020-01-19 9 66328.909 0 0
2020-02-07 9 66174.821 -154.088 -0.233
2020-02-15 9 67918.791 1743.97 2.568
2020-02-16 9 67918.791 0 0
2020-02-17 9 67918.791 0 0
2020-02-18 9 67911.542 -7.249 -0.011
2020-02-19 9 68160.38 248.838 0.365
2020-02-20 9 67832.239 -328.141 -0.484
2020-02-21 9 66501.985 -1330.254 -2
2020-02-22 9 66501.985 0 0
2020-02-23 9 66501.985 0 0
2020-02-24 9 63961.749 -2540.236 -3.971
2020-02-25 9 62629.295 -1332.454 -2.128
2020-02-26 9 62806.762 177.467 0.283
2020-02-27 9 59797.136 -3009.626 -5.033
2020-02-28 9 60707.067 909.931 1.499
2020-02-29 9 60707.067 0 0
2020-03-01 9 60707.067 0 0
2020-03-02 9 62642.504 1935.437 3.09
2020-03-03 9 60717.769 -1924.735 -3.17
2020-03-04 9 62496.494 1778.725 2.846
2020-03-05 11 59812.358 -2684.136 -4.488
2020-03-06 9 59019.982 -792.376 -1.343
2020-03-07 9 59019.982 0 0
2020-03-08 9 59019.982 0 0
2020-03-09 10 55766.66 -3253.322 -5.834
2020-03-10 9 58248.917 2482.257 4.261
2020-03-11 10 55666.093 -2582.824 -4.64
2020-03-12 9 51672.454 -3993.639 -7.729
2020-03-13 9 55819.791 4147.337 7.43
2020-03-14 9 55819.791 0 0
2020-03-15 9 55819.791 0 0
2020-03-16 11 50291.277 -5528.514 -10.993
2020-03-17 13 51900.21 1608.933 3.1
2020-03-18 13 50903.778 -996.432 -1.957
2020-03-19 12 51682.454 778.676 1.507
2020-03-20 13 49955.338 -1727.116 -3.457
2020-03-21 12 49955.338 0 0
2020-03-22 12 49955.338 0 0
2020-03-23 13 49360.194 -595.144 -1.206
2020-03-24 12 49360.194 0 0
2020-03-25 10 52432.042 3071.848 5.859
2020-03-26 11 51225.757 -1206.285 -2.355
2020-03-27 11 53634.844 2409.087 4.492
2020-03-28 11 51562.657 -2072.187 -4.019
2020-03-29 11 51562.657 0 0
2020-03-30 11 51562.657 0 0
2020-03-31 11 53004.633 1441.976 2.72
