2024-11-06 1497 2281.403 0 0
2024-11-07 1494 2279.896 -1.507 -0.066
2024-11-08 1521 2248.704 -31.192 -1.368
2024-11-09 1516 2248.674 -0.03 -0.001
2024-11-10 1516 2248.674 0 0
2024-11-11 1509 2273.78 25.106 1.116
2024-11-12 1497 2272.274 -1.506 -0.066
2024-11-13 1525 2220.6 -51.674 -2.274
2024-11-14 1527 2207.162 -13.438 -0.605
2024-11-15 1522 2206.738 -0.424 -0.019
2024-11-16 1520 2206.738 0 0
2024-11-17 1519 2206.738 0 0
2024-11-18 1535 2188.386 -18.352 -0.832
2024-11-19 1533 2193.774 5.388 0.246
2024-11-20 1535 2193.264 -0.51 -0.023
2024-11-21 1558 2161.426 -31.838 -1.452
2024-11-22 1538 2189.334 27.908 1.291
2024-11-23 1537 2190.205 0.871 0.04
2024-11-24 1537 2190.205 0 0
2024-11-25 1533 2196.318 6.113 0.279
2024-11-26 1495 2262.305 65.987 3.004
2024-11-27 1356 2491.805 229.5 10.145
2024-11-28 1332 2563.343 71.538 2.871
2024-11-29 1373 2476.961 -86.382 -3.37
2024-11-30 1373 2475.729 -1.232 -0.05
2024-12-01 1373 2475.729 0 0
2024-12-02 1341 2567.236 91.507 3.696
2024-12-03 1300 2644.035 76.799 2.992
2024-12-04 1304 2641.827 -2.208 -0.084
2024-12-05 1299 2642.157 0.33 0.012
2024-12-06 1328 2601.022 -41.135 -1.557
2024-12-07 1327 2602.046 1.024 0.039
2024-12-08 1327 2602.046 0 0
2024-12-09 1358 2545.459 -56.587 -2.175
2024-12-10 1336 2580.797 35.338 1.388
2024-12-11 1324 2601.909 21.112 0.818
2024-12-12 1348 2568.697 -33.212 -1.276
2024-12-13 1345 2565.459 -3.238 -0.126
2024-12-14 1344 2567.407 1.948 0.076
2024-12-15 1342 2567.407 0 0
2024-12-16 1321 2614.09 46.683 1.818
2024-12-17 1310 2621.125 7.035 0.269
2024-12-18 1314 2605.287 -15.838 -0.604
2024-12-19 1318 2582.861 -22.426 -0.861
2024-12-20 1332 2558.577 -24.284 -0.94
2024-12-21 1331 2560.265 1.688 0.066
2024-12-22 1331 2560.265 0 0
2024-12-23 1334 2542.513 -17.752 -0.693
2024-12-24 1333 2561.787 19.274 0.758
2024-12-25 1334 2559.623 -2.164 -0.084
2024-12-26 1336 2551.542 -8.081 -0.316
2024-12-27 1361 2496.376 -55.166 -2.162
2024-12-28 1364 2488.879 -7.497 -0.3
2024-12-29 1364 2488.879 0 0
2024-12-30 1394 2411.49 -77.389 -3.109
2024-12-31 1387 2421.837 10.347 0.429
2025-01-01 1389 2427.15 5.313 0.219
2025-01-02 1395 2402.098 -25.052 -1.032
2025-01-03 1415 2369.816 -32.282 -1.344
2025-01-04 1415 2369.173 -0.643 -0.027
2025-01-05 1415 2369.173 0 0
2025-01-06 1452 2295.089 -74.084 -3.127
2025-01-07 1448 2312.481 17.392 0.758
2025-01-08 1437 2321.015 8.534 0.369
2025-01-09 1477 2257.513 -63.502 -2.736
2025-01-10 1486 2223.126 -34.387 -1.523
2025-01-11 1486 2220.52 -2.606 -0.117
2025-01-12 1486 2220.52 0 0
2025-01-13 1509 2171.238 -49.282 -2.219
2025-01-14 1501 2198.358 27.12 1.249
2025-01-15 1501 2201.74 3.382 0.154
2025-01-16 1491 2232.701 30.961 1.406
2025-01-17 1501 2222.172 -10.529 -0.472
2025-01-18 1502 2220.731 -1.441 -0.065
2025-01-19 1502 2220.731 0 0
2025-01-20 1489 2250.693 29.962 1.349
2025-01-21 1494 2248.4 -2.293 -0.102
2025-01-22 1509 2220.012 -28.388 -1.263
2025-01-23 1522 2211.973 -8.039 -0.362
2025-01-24 1546 2177.574 -34.399 -1.555
2025-01-25 1551 2183.707 6.133 0.282
2025-01-26 1552 2183.707 0 0
2025-01-27 1575 2133.485 -50.222 -2.3
2025-01-28 1604 2085.907 -47.578 -2.23
2025-01-29 1598 2093.928 8.021 0.385
2025-01-30 1594 2106.19 12.262 0.586
2025-01-31 1521 2225.906 119.716 5.684
