2020-01-19 542 4283.21 0 0
2020-02-07 524 4303.299 20.089 0.467
2020-02-15 508 4446.479 143.18 3.22
2020-02-16 508 4446.479 0 0
2020-02-17 505 4490.72 44.241 0.985
2020-02-18 505 4490.756 0.036 0.001
2020-02-19 504 4486.644 -4.112 -0.092
2020-02-20 510 4427.54 -59.104 -1.335
2020-02-21 504 4479.693 52.153 1.164
2020-02-22 499 4490.658 10.965 0.244
2020-02-23 499 4490.658 0 0
2020-02-24 491 4490.398 -0.26 -0.006
2020-02-25 493 4431.625 -58.773 -1.326
2020-02-26 504 4315.09 -116.535 -2.701
2020-02-27 499 4273.431 -41.659 -0.975
2020-02-28 540 4044.392 -229.039 -5.663
2020-02-29 557 3943.042 -101.35 -2.57
2020-03-01 556 3943.042 0 0
2020-03-02 569 3942.941 -0.101 -0.003
2020-03-03 532 4119.545 176.604 4.287
2020-03-04 542 4107.078 -12.467 -0.304
2020-03-05 511 4259.478 152.4 3.578
2020-03-06 514 4164.733 -94.745 -2.275
2020-03-07 536 4098.952 -65.781 -1.605
2020-03-08 538 4098.952 0 0
2020-03-09 521 4098.454 -0.498 -0.012
2020-03-10 585 3786.141 -312.313 -8.249
2020-03-11 536 3939.149 153.008 3.884
2020-03-12 561 3698.511 -240.638 -6.506
2020-03-13 638 3323.742 -374.769 -11.276
2020-03-14 577 3600.136 276.394 7.677
2020-03-15 577 3600.136 0 0
2020-03-16 549 3600.017 -0.119 -0.003
2020-03-17 724 2967.568 -632.449 -21.312
2020-03-18 655 3133.672 166.104 5.301
2020-03-19 743 2818.67 -315.002 -11.176
2020-03-20 740 2830.074 11.404 0.403
2020-03-21 783 2712.856 -117.218 -4.321
2020-03-22 783 2712.856 0 0
2020-03-23 770 2712.698 -0.158 -0.006
2020-03-24 812 2571.184 -141.514 -5.504
2020-03-25 777 2781.485 210.301 7.561
2020-03-26 739 2934.364 152.879 5.21
2020-03-27 683 3152.722 218.358 6.926
2020-03-28 679 3150.778 -1.944 -0.062
2020-03-29 679 3150.778 0 0
2020-03-30 679 3150.778 0 0
2020-03-31 670 3194.484 43.706 1.368
