2020-01-19 1212 2165.578 0 0
2020-02-07 1334 1934.575 -231.003 -11.941
2020-02-15 1359 1912.247 -22.328 -1.168
2020-02-16 1360 1912.247 0 0
2020-02-17 1362 1905.552 -6.695 -0.351
2020-02-18 1376 1888.816 -16.736 -0.886
2020-02-19 1351 1931.092 42.276 2.189
2020-02-20 1363 1911.525 -19.567 -1.024
2020-02-21 1390 1860.835 -50.69 -2.724
2020-02-22 1390 1869.643 8.808 0.471
2020-02-23 1389 1869.643 0 0
2020-02-24 1407 1818.32 -51.323 -2.823
2020-02-25 1422 1787.434 -30.886 -1.728
2020-02-26 1430 1768.965 -18.469 -1.044
2020-02-27 1461 1706.822 -62.143 -3.641
2020-02-28 1441 1718.388 11.566 0.673
2020-02-29 1441 1708.23 -10.158 -0.595
