2019-11-07 253 7255.925 0 0
2020-01-19 189 9362.671 2106.746 29.035
2020-02-07 188 9365.837 3.166 0.034
2020-02-15 225 8001.438 -1364.399 -14.568
2020-02-16 224 8001.438 0 0
2020-02-17 225 8001.438 0 0
2020-02-18 225 7961.339 -40.099 -0.501
2020-02-19 220 8105.377 144.038 1.809
2020-02-20 222 8031.511 -73.866 -0.911
2020-02-21 233 7799.363 -232.148 -2.89
2020-02-22 232 7799.363 0 0
2020-02-23 231 7799.363 0 0
2020-02-24 244 7526.589 -272.774 -3.497
2020-02-25 244 7439.533 -87.056 -1.157
2020-02-26 238 7486.49 46.957 0.631
2020-02-27 238 7442.699 -43.791 -0.585
2020-02-28 225 7520.257 77.558 1.042
2020-02-29 224 7571.007 50.75 0.675
2020-03-01 225 7571.007 0 0
2020-03-02 220 7793.659 222.652 2.941
2020-03-03 217 7862.776 69.117 0.887
2020-03-04 213 8008.396 145.62 1.852
2020-03-05 218 7929.782 -78.614 -0.982
2020-03-06 213 7970.936 41.154 0.519
2020-03-07 214 7970.936 0 0
2020-03-08 214 7970.936 0 0
2020-03-09 240 7158.944 -811.992 -10.187
2020-03-10 220 7569.424 410.48 5.734
2020-03-11 230 7246 -323.424 -4.273
2020-03-12 261 6399.185 -846.815 -11.687
2020-03-13 223 6898.832 499.647 7.808
2020-03-14 227 6898.832 0 0
2020-03-15 227 6898.832 0 0
2020-03-16 239 6652.438 -246.394 -3.572
2020-03-17 202 7473.399 820.961 12.341
2020-03-18 209 7008.575 -464.824 -6.22
2020-03-19 203 7349.411 340.836 4.863
2020-03-20 210 7199.57 -149.841 -2.039
2020-03-21 211 7199.57 0 0
2020-03-22 211 7199.57 0 0
2020-03-23 209 7134.674 -64.896 -0.901
2020-03-24 208 7134.674 0 0
2020-03-25 184 7902.346 767.672 10.76
2020-03-26 189 7891.267 -11.079 -0.14
2020-03-27 181 8120.249 228.982 2.902
2020-03-28 209 7453.878 -666.371 -8.206
2020-03-29 209 7453.878 0 0
2020-03-30 209 7453.878 0 0
2020-03-31 189 7913.954 460.076 6.172
