2019-11-07 1922 1184.344 0 0
2020-01-19 1657 1530.649 346.305 29.24
2020-02-07 1640 1534.987 4.338 0.283
2020-02-15 1484 1725.274 190.287 12.397
2020-02-16 1484 1725.274 0 0
2020-02-17 1487 1725.274 0 0
2020-02-18 1406 1825.912 100.638 5.833
2020-02-19 1440 1790.342 -35.57 -1.948
2020-02-20 1428 1807.983 17.641 0.985
2020-02-21 1755 1399.857 -408.126 -22.574
2020-02-22 1758 1399.857 0 0
2020-02-23 1757 1399.857 0 0
2020-02-24 1789 1346.481 -53.376 -3.813
2020-02-25 1769 1359.326 12.845 0.954
2020-02-26 1766 1355.33 -3.996 -0.294
2020-02-27 1810 1296.246 -59.084 -4.359
2020-02-28 1818 1271.413 -24.833 -1.916
2020-02-29 1810 1271.413 0 0
2020-03-01 1812 1271.413 0 0
2020-03-02 1778 1321.078 49.665 3.906
2020-03-03 1761 1349.336 28.258 2.139
2020-03-04 1669 1462.651 113.315 8.398
2020-03-05 1711 1408.705 -53.946 -3.688
2020-03-06 1784 1327.072 -81.633 -5.795
2020-03-07 1785 1327.072 0 0
2020-03-08 1780 1327.072 0 0
2020-03-09 1810 1248.579 -78.493 -5.915
2020-03-10 1806 1242.585 -5.994 -0.48
2020-03-11 1868 1164.662 -77.923 -6.271
2020-03-12 2003 1018.237 -146.425 -12.572
2020-03-13 1965 1030.225 11.988 1.177
2020-03-14 1972 1030.225 0 0
2020-03-15 1972 1030.225 0 0
2020-03-16  932.893 -97.332 -9.448
2020-03-18  911.486 -21.407 -2.295
2020-03-20 1899 1022.233 110.747 12.15
2020-03-21 1913 1022.233 0 0
2020-03-22 1913 1022.233 0 0
2020-03-23  946.023 -76.21 -7.455
2020-03-25 1830 1095.874 149.851 15.84
2020-03-26 1843 1105.864 9.99 0.912
2020-03-27 1758 1199.485 93.621 8.466
2020-03-28 1832 1124.417 -75.068 -6.258
2020-03-29 1832 1124.417 0 0
2020-03-30 1832 1124.417 0 0
2020-03-31 1773 1175.794 51.377 4.569
