2019-11-07 652 3603.209 0 0
2020-01-19 688 3633.724 30.515 0.847
2020-02-07 676 3601.628 -32.096 -0.883
2020-02-15 674 3617.783 16.155 0.449
2020-02-16 674 3617.783 0 0
2020-02-17 674 3617.783 0 0
2020-02-18 672 3618.471 0.688 0.019
2020-02-19 676 3616.85 -1.621 -0.045
2020-02-20 675 3617.764 0.914 0.025
2020-02-21 673 3615.416 -2.348 -0.065
2020-02-22 671 3615.416 0 0
2020-02-23 671 3615.416 0 0
2020-02-24 668 3600.806 -14.61 -0.404
2020-02-25 666 3583.442 -17.364 -0.482
2020-02-26 657 3572.36 -11.082 -0.309
2020-02-27 654 3556.472 -15.888 -0.445
2020-02-28 646 3548.508 -7.964 -0.224
2020-02-29 642 3548.508 0 0
2020-03-01 645 3548.508 0 0
2020-03-02 651 3575.861 27.353 0.771
2020-03-03 653 3562.007 -13.854 -0.387
2020-03-04 652 3577.747 15.74 0.442
2020-03-05 659 3556.417 -21.33 -0.596
2020-03-06 652 3551.657 -4.76 -0.134
2020-03-07 655 3551.657 0 0
2020-03-08 655 3551.657 0 0
2020-03-09 645 3519.058 -32.599 -0.918
2020-03-10 635 3535.058 16 0.455
2020-03-11 633 3519.033 -16.025 -0.453
2020-03-12 611 3479.309 -39.724 -1.129
2020-03-13 583 3534.705 55.396 1.592
2020-03-14 589 3534.705 0 0
2020-03-15 589 3534.705 0 0
2020-03-16 572 3492.543 -42.162 -1.193
2020-03-17 564 3520.833 28.29 0.81
2020-03-18 560 3490.735 -30.098 -0.855
2020-03-19 544 3490.04 -0.695 -0.02
2020-03-20 561 3455.794 -34.246 -0.981
2020-03-21 566 3455.794 0 0
2020-03-22 564 3455.794 0 0
2020-03-23 550 3461.141 5.347 0.155
2020-03-24 544 3461.141 0 0
2020-03-25 569 3469.146 8.005 0.231
2020-03-26 581 3457.911 -11.235 -0.324
2020-03-27 588 3497.77 39.859 1.153
2020-03-28 584 3472.057 -25.713 -0.735
2020-03-29 584 3472.057 0 0
2020-03-30 584 3472.057 0 0
2020-03-31 589 3483.101 11.044 0.318
2020-04-01 593 3468.491 -14.61 -0.419
2020-04-02 584 3444.395 -24.096 -0.695
2020-04-03 578 3467.558 23.163 0.672
2020-04-04 574 3460.151 -7.407 -0.214
2020-04-05 574 3460.151 0 0
2020-04-06 574 3460.151 0 0
2020-04-07 595 3498.896 38.745 1.12
2020-04-08 605 3506.718 7.822 0.224
2020-04-09 620 3512.044 5.326 0.152
2020-04-10 623 3512.044 0 0
2020-04-11 623 3512.044 0 0
2020-04-12 623 3512.044 0 0
2020-04-13 619 3501.906 -10.138 -0.289
2020-04-14 615 3518.665 16.759 0.479
2020-04-15 625 3501.361 -17.304 -0.492
2020-04-16 615 3508.953 7.592 0.217
2020-04-17 619 3513.987 5.034 0.143
2020-04-18 628 3513.987 0 0
2020-04-19 629 3513.987 0 0
2020-04-20 630 3503.793 -10.194 -0.29
2020-04-21 627 3484.787 -19.006 -0.542
2020-04-23 626 3488.229 3.442 0.099
2020-04-24 625 3500.56 12.331 0.354
2020-04-25 626 3500.56 0 0
2020-04-26 626 3500.56 0 0
2020-04-27 631 3513.977 13.417 0.383
2020-04-28 631 3512.764 -1.213 -0.035
2020-04-29 634 3524.63 11.866 0.338
2020-04-30 641 3507.385 -17.245 -0.489
