2020-01-19 1577 1635.845 0 0
2020-02-07 1617 1559.88 -75.965 -4.87
2020-02-15 1628 1561.448 1.568 0.1
2020-02-16 1629 1561.448 0 0
2020-02-17 1628 1558.761 -2.687 -0.172
2020-02-18 1627 1561.507 2.746 0.176
2020-02-19 1634 1557.126 -4.381 -0.281
2020-02-20 1623 1569.425 12.299 0.784
2020-02-21 1633 1552.859 -16.566 -1.067
2020-02-22 1634 1550.036 -2.823 -0.182
2020-02-23 1634 1550.036 0 0
2020-02-24 1630 1536.521 -13.515 -0.88
2020-02-25 1620 1530.84 -5.681 -0.371
2020-02-26 1630 1513.875 -16.965 -1.121
2020-02-27 1653 1473.92 -39.955 -2.711
2020-02-28 1649 1457.828 -16.092 -1.104
2020-02-29 1656 1445.177 -12.651 -0.875
2020-03-01 1662 1445.177 0 0
2020-03-02 1677 1432.724 -12.453 -0.869
2020-03-03 1675 1446.572 13.848 0.957
2020-03-04 1655 1471.424 24.852 1.689
2020-03-05 1651 1474.505 3.081 0.209
2020-03-06 1654 1458.934 -15.571 -1.067
2020-03-07 1656 1456.48 -2.454 -0.168
2020-03-08 1649 1456.48 0 0
2020-03-09 1673 1399.695 -56.785 -4.057
2020-03-10 1662 1396.971 -2.724 -0.195
2020-03-11 1674 1371.236 -25.735 -1.877
2020-03-12 1680 1318.428 -52.808 -4.005
2020-03-13 1665 1310.868 -7.56 -0.577
2020-03-14 1678 1303.568 -7.3 -0.56
2020-03-15 1677 1303.568 0 0
2020-03-16 1665 1281.204 -22.364 -1.746
2020-03-17 1674 1253.43 -27.774 -2.216
2020-03-18 1668 1235.594 -17.836 -1.444
2020-03-19 1673 1214.486 -21.108 -1.738
2020-03-20 1660 1229.234 14.748 1.2
2020-03-21 1663 1228.957 -0.277 -0.023
2020-03-22 1663 1228.957 0 0
2020-03-23 1642 1235.081 6.124 0.496
2020-03-24 1649 1221.038 -14.043 -1.15
2020-03-25 1668 1242.014 20.976 1.689
2020-03-26 1687 1242.014 0 0
2020-03-27 1669 1283.166 41.152 3.207
2020-03-28 1643 1303.841 20.675 1.586
2020-03-29 1643 1303.841 0 0
2020-03-30 1643 1303.841 0 0
2020-03-31 1663 1274.22 -29.621 -2.325
