2025-01-08 2604 1096.562 0 0
2025-01-09 2601 1096.562 0 0
2025-01-10 2682 1031.574 -64.988 -5.927
2025-01-11 2679 1031.574 0 0
2025-01-12 2680 1031.574 0 0
2025-01-13 2678 1027.807 -3.767 -0.365
2025-01-14  960.936 -66.871 -6.506
2025-01-16 2532 1153.073 192.137 19.995
2025-01-17 2462 1214.293 61.22 5.309
2025-01-18 2462 1214.293 0 0
2025-01-19 2461 1214.293 0 0
2025-01-20 2461 1214.293 0 0
2025-01-21 2471 1209.584 -4.709 -0.388
2025-01-22 2503 1186.979 -22.605 -1.869
2025-01-23 2461 1221.828 34.849 2.936
2025-01-24 2379 1281.164 59.336 4.856
2025-01-25 2387 1281.164 0 0
2025-01-26 2387 1281.164 0 0
2025-01-27 2543 1162.491 -118.673 -9.263
2025-01-28 2509 1186.038 23.547 2.026
2025-01-29 2552 1148.364 -37.674 -3.176
2025-01-30 2568 1140.829 -7.535 -0.656
2025-01-31 2545 1165.317 24.488 2.147
2025-02-01 2544 1165.317 0 0
2025-02-02 2544 1165.317 0 0
2025-02-03 2553 1149.305 -16.012 -1.374
2025-02-04 2486 1205.816 56.511 4.917
2025-02-05 2461 1235.956 30.14 2.5
2025-02-06 2471 1231.246 -4.71 -0.381
2025-02-07 2508 1200.165 -31.081 -2.524
2025-02-08 2510 1200.165 0 0
2025-02-09 2510 1200.165 0 0
2025-02-10 2569 1153.073 -47.092 -3.924
2025-02-11 2686 1051.353 -101.72 -8.822
2025-02-12 2739 1015.563 -35.79 -3.404
2025-02-13 2674 1063.597 48.034 4.73
2025-02-14 2660 1084.318 20.721 1.948
2025-02-15 2664 1084.318 0 0
2025-02-16 2664 1084.318 0 0
2025-02-17 2667 1084.318 0 0
2025-02-18 2655 1089.969 5.651 0.521
2025-02-19 2680 1071.132 -18.837 -1.728
2025-02-20 2709 1046.644 -24.488 -2.286
2025-02-21  988.249 -58.395 -5.579
2025-02-22  988.249 0 0
2025-02-23  988.249 0 0
