2019-11-07 196 8487.226 0 0
2020-01-19 195 9079.386 592.16 6.977
2020-02-07 191 9113.37 33.984 0.374
2020-02-15 193 9116.196 2.826 0.031
2020-02-16 192 9116.196 0 0
2020-02-17 192 9116.196 0 0
2020-02-18 192 9052.782 -63.414 -0.696
2020-02-19 191 9109.842 57.06 0.63
2020-02-20 189 9076.56 -33.282 -0.365
2020-02-21 193 8987.64 -88.92 -0.98
2020-02-22 193 8987.64 0 0
2020-02-23 193 8987.64 0 0
2020-02-24 193 8782.044 -205.596 -2.288
2020-02-25 192 8630.808 -151.236 -1.722
2020-02-26 193 8651.868 21.06 0.244
2020-02-27 191 8416.212 -235.656 -2.724
2020-02-28 190 8401.956 -14.256 -0.169
2020-02-29 189 8401.956 0 0
