2024-03-30 2564 1133 0 0
2024-03-31 2564 1133 0 0
2024-04-02 2569 1133 0 0
2024-04-03 2565 1133 0 0
2024-04-04 2565 1133 0 0
2024-04-05 2569 1133 0 0
2024-04-06 2567 1133 0 0
2024-04-07 2567 1133 0 0
2024-04-08 2562 1133 0 0
2024-04-09 2563 1133 0 0
2024-04-10 2558 1133 0 0
2024-04-11 2558 1133 0 0
2024-04-12 2553 1133 0 0
2024-04-13 2548 1133 0 0
2024-04-14 2548 1133 0 0
2024-04-15 2541 1133 0 0
2024-04-16 2529 1133 0 0
2024-04-17 2524 1133 0 0
2024-04-18 2529 1133 0 0
2024-04-19 2523 1133 0 0
2024-04-20 2523 1133 0 0
2024-04-21 2524 1133 0 0
2024-04-22 2530 1133 0 0
2024-04-23 2537 1133 0 0
2024-04-24 2544 1133 0 0
2024-04-25 2535 1133 0 0
2024-04-26 2547 1133 0 0
2024-04-27 2549 1133 0 0
2024-04-28 2549 1133 0 0
2024-04-29 2567 1133 0 0
2024-04-30 2558 1133 0 0
