2020-01-19 595 4017.579 0 0
2020-02-07 612 3896.75 -120.829 -3.101
2020-02-15 630 3799.534 -97.216 -2.559
2020-02-16 630 3799.534 0 0
2020-02-17 630 3795.466 -4.068 -0.107
2020-02-18 633 3795.466 0 0
2020-02-19 649 3711.25 -84.216 -2.269
2020-02-20 659 3704.461 -6.789 -0.183
2020-02-21 652 3731.469 27.008 0.724
2020-02-22 653 3717.368 -14.101 -0.379
2020-02-23 653 3717.368 0 0
2020-02-24 645 3717.368 0 0
2020-02-25 657 3601.31 -116.058 -3.223
2020-02-26 660 3562.276 -39.034 -1.096
2020-02-27 656 3540.56 -21.716 -0.613
2020-02-28 542 4038.813 498.253 12.337
2020-02-29 573 3869.08 -169.733 -4.387
2020-03-01 573 3869.08 0 0
2020-03-02 582 3869.08 0 0
2020-03-03 569 3937.864 68.784 1.747
2020-03-04 560 4019.058 81.194 2.02
2020-03-05 552 4052.804 33.746 0.833
2020-03-06 547 4015.001 -37.803 -0.942
2020-03-07 510 4180.872 165.871 3.967
2020-03-08 511 4180.872 0 0
2020-03-09 497 4180.872 0 0
2020-03-10 561 3862.281 -318.591 -8.249
2020-03-11 573 3776.647 -85.634 -2.267
2020-03-12 551 3727.479 -49.168 -1.319
2020-03-13 677 3197.41 -530.069 -16.578
2020-03-14 678 3230.697 33.287 1.03
2020-03-15 678 3230.697 0 0
2020-03-16 654 3230.697 0 0
2020-03-17 685 3078.325 -152.372 -4.95
2020-03-18 670 3083.489 5.164 0.167
2020-03-19 562 3414.156 330.667 9.685
2020-03-20 515 3678.146 263.99 7.177
2020-03-21 499 3763.125 84.979 2.258
2020-03-22 499 3763.125 0 0
2020-03-23 489 3763.125 0 0
2020-03-24 509 3663.226 -99.899 -2.727
2020-03-25 451 4052.07 388.844 9.596
2020-03-26 466 4042.908 -9.162 -0.227
2020-03-27 448 4248.47 205.562 4.838
2020-03-28 465 4099.908 -148.562 -3.624
2020-03-29 465 4099.908 0 0
2020-03-30 465 4099.908 0 0
2020-03-31 452 4164.784 64.876 1.558
