2020-01-19 1041 2503.119 0 0
2020-02-07 1093 2362.958 -140.161 -5.932
2020-02-15 1119 2331.418 -31.54 -1.353
2020-02-16 1119 2331.418 0 0
2020-02-17 1104 2362.349 30.931 1.309
2020-02-18 1100 2363.259 0.91 0.039
2020-02-19 1119 2332.262 -30.997 -1.329
2020-02-20 1108 2351.399 19.137 0.814
2020-02-21 1107 2350.495 -0.904 -0.038
2020-02-22 1112 2342.681 -7.814 -0.334
2020-02-23 1111 2342.681 0 0
2020-02-24 1088 2353.507 10.826 0.46
2020-02-25 1019 2506.483 152.976 6.103
2020-02-26 1034 2430.709 -75.774 -3.117
2020-02-27 1026 2432.311 1.602 0.066
2020-02-28 1031 2371.949 -60.362 -2.545
2020-02-29 1025 2380.772 8.823 0.371
2020-03-01 1027 2380.772 0 0
2020-03-02 1028 2398.94 18.168 0.757
2020-03-03 1025 2425.557 26.617 1.097
2020-03-04 1032 2406.616 -18.941 -0.787
2020-03-05 1015 2446.915 40.299 1.647
2020-03-06 1000 2448.458 1.543 0.063
2020-03-07 1001 2449.163 0.705 0.029
2020-03-08 1001 2449.163 0 0
2020-03-09 997 2391.519 -57.644 -2.41
2020-03-10 986 2404.213 12.694 0.528
2020-03-11 984 2381.729 -22.484 -0.944
2020-03-12 953 2352.479 -29.25 -1.243
2020-03-13 949 2346.079 -6.4 -0.273
2020-03-14 950 2343.563 -2.516 -0.107
2020-03-15 950 2343.563 0 0
2020-03-16 930 2321.768 -21.795 -0.939
2020-03-17 936 2288.283 -33.485 -1.463
2020-03-18 931 2264.826 -23.457 -1.036
2020-03-19 933 2246.563 -18.263 -0.813
2020-03-20 940 2247.461 0.898 0.04
2020-03-21 936 2255.413 7.952 0.353
2020-03-22 936 2255.413 0 0
2020-03-23 939 2229.352 -26.061 -1.169
2020-03-24 939 2212.879 -16.473 -0.744
2020-03-25 949 2249.215 36.336 1.615
2020-03-26 961 2262.436 13.221 0.584
2020-03-27 974 2275.729 13.293 0.584
2020-03-28 965 2277.237 1.508 0.066
2020-03-29 965 2277.237 0 0
2020-03-30 965 2277.237 0 0
2020-03-31 960 2278.029 0.792 0.035
2020-04-01 962 2275.443 -2.586 -0.114
2020-04-02 958 2264.227 -11.216 -0.495
2020-04-03 956 2274.767 10.54 0.463
2020-04-04 949 2289.776 15.009 0.655
2020-04-05 949 2289.776 0 0
2020-04-06 949 2289.776 0 0
2020-04-07 960 2312.165 22.389 0.968
2020-04-08 965 2355.237 43.072 1.829
2020-04-10 967 2382.823 27.586 1.158
2020-04-11 967 2382.823 0 0
2020-04-12 967 2382.823 0 0
2020-04-13 961 2390.919 8.096 0.339
2020-04-14 967 2391.711 0.792 0.033
2020-04-15 971 2376.785 -14.926 -0.628
2020-04-17 980 2366.1 -10.685 -0.452
2020-04-18 985 2365.164 -0.936 -0.04
2020-04-19 985 2365.164 0 0
2020-04-20 984 2366.958 1.794 0.076
2020-04-21 987 2348.546 -18.412 -0.784
2020-04-23 971 2371.557 23.011 0.97
2020-04-24 986 2343.862 -27.695 -1.182
2020-04-25 980 2342.505 -1.357 -0.058
2020-04-26 980 2342.505 0 0
2020-04-27 992 2340.712 -1.793 -0.077
2020-04-28 996 2338.556 -2.156 -0.092
2020-04-29 1006 2337.231 -1.325 -0.057
2020-04-30 996 2369.289 32.058 1.353
