2020-02-07 2090 1064.687 0 0
2020-02-15 2118 1042.213 -22.474 -2.111
2020-02-16 2119 1042.213 0 0
2020-02-17 2134 1033.951 -8.262 -0.793
2020-02-18 2097 1063.459 29.508 2.854
2020-02-19 2097 1061.795 -1.664 -0.156
2020-02-20 2091 1067.232 5.437 0.512
2020-02-21 2115 1042.508 -24.724 -2.317
2020-02-22 2111 1046.101 3.593 0.345
2020-02-23 2111 1046.101 0 0
2020-02-24 2099 1046.101 0 0
2020-02-25 2088 1051.25 5.149 0.492
2020-02-26 2107 1024.55 -26.7 -2.54
2020-02-27  997.759 -26.791 -2.615
2020-02-28  987.506 -10.253 -1.028
2020-02-29 2094 1006.96 19.454 1.97
2020-03-01 2091 1006.96 0 0
2020-03-02 2083 1018.294 11.334 1.126
2020-03-03 2102 1006.4 -11.894 -1.168
2020-03-04 2098 1026.912 20.512 2.038
2020-03-05 2095 1021.472 -5.44 -0.53
2020-03-06 2092 1015.949 -5.523 -0.541
2020-03-07 2085 1028.727 12.778 1.258
2020-03-08 2080 1028.727 0 0
2020-03-09  953.296 -75.431 -7.332
2020-03-11 2052 1009.193 55.897 5.864
2020-03-31 1935 1018.483 9.29 0.921
2020-04-01 1941 1027.637 9.154 0.899
2020-04-08  976.331 -51.306 -4.993
2020-04-14 2134 1005.906 29.575 3.029
2020-04-15  985.653 -20.253 -2.013
2020-04-17 2067 1060.912 75.259 7.635
2020-04-18 2067 1061.307 0.395 0.037
2020-04-19 2067 1061.307 0 0
2020-04-20 2058 1077.224 15.917 1.5
2020-04-21 2124 1021.605 -55.619 -5.163
2020-04-23 2052 1075.61 54.005 5.286
2020-04-24 2024 1096.771 21.161 1.967
2020-04-25 2020 1098.608 1.837 0.167
2020-04-26 2020 1098.608 0 0
2020-04-27 2039 1087.229 -11.379 -1.036
2020-04-28 2016 1112.473 25.244 2.322
2020-04-29 2018 1115.021 2.548 0.229
2020-04-30 2021 1121.028 6.007 0.539
