2020-01-19 1030 2523.846 0 0
2020-02-07 1095 2355.995 -167.851 -7.124
2020-02-15 1135 2294.491 -61.504 -2.681
2020-02-16 1135 2294.491 0 0
2020-02-17 1122 2325.797 31.306 1.346
2020-02-18 1130 2309.578 -16.219 -0.702
2020-02-19 1126 2321.18 11.602 0.5
2020-02-20 1147 2276.423 -44.757 -1.966
2020-02-21 1132 2305.817 29.394 1.275
2020-02-22 1071 2407.154 101.337 4.21
2020-02-23 1070 2407.154 0 0
2020-02-24 1125 2290.863 -116.291 -5.076
2020-02-25 1116 2288.082 -2.781 -0.122
2020-02-26 1182 2169.482 -118.6 -5.467
2020-02-27 1166 2177.171 7.689 0.353
2020-02-28 1205 2072.947 -104.224 -5.028
2020-02-29 1203 2079.202 6.255 0.301
