2020-01-19 852 3027.633 0 0
2020-02-07 846 3026.338 -1.295 -0.043
2020-02-15 854 3022.26 -4.078 -0.135
2020-02-16 854 3021.286 -0.974 -0.032
2020-02-17 855 3021.502 0.216 0.007
2020-02-18 849 3020.311 -1.191 -0.039
2020-02-19 848 3021.054 0.743 0.025
2020-02-20 848 3021.096 0.042 0.001
2020-02-21 845 3021.515 0.419 0.014
2020-02-22 845 3022.353 0.838 0.028
2020-02-23 845 3021.807 -0.546 -0.018
2020-02-24 831 3019.512 -2.295 -0.076
2020-02-25 822 3018.81 -0.702 -0.023
2020-02-26 813 3021.796 2.986 0.099
2020-02-27 801 3023.256 1.46 0.048
2020-02-28 794 3025.196 1.94 0.064
2020-02-29 796 3025.141 -0.055 -0.002
2020-03-01 798 3020.9 -4.241 -0.14
2020-03-02 800 3019.921 -0.979 -0.032
2020-03-03 811 3023.227 3.306 0.109
2020-03-04 816 3023.758 0.531 0.018
2020-03-05 814 3025.171 1.413 0.047
2020-03-06 806 3026.123 0.952 0.031
2020-03-07 806 3028.189 2.066 0.068
2020-03-08 806 3025.472 -2.717 -0.09
2020-03-09 782 3022.645 -2.827 -0.094
2020-03-10 780 3024.5 1.855 0.061
2020-03-11 771 3022.731 -1.769 -0.059
2020-03-12 746 3021.475 -1.256 -0.042
2020-03-13 731 3018.247 -3.228 -0.107
2020-03-14 737 3018.033 -0.214 -0.007
2020-03-15 737 3013.377 -4.656 -0.155
2020-03-16 713 3009.587 -3.79 -0.126
2020-03-17 710 3007.272 -2.315 -0.077
2020-03-18 690 3001.419 -5.853 -0.195
2020-03-19 687 2998.238 -3.181 -0.106
2020-03-20 692 2995.954 -2.284 -0.076
2020-03-21 696 2995.735 -0.219 -0.007
2020-03-22 696 2996.49 0.755 0.025
2020-03-23 678 2997.57 1.08 0.036
2020-03-24 665 2998.793 1.223 0.041
2020-03-25 706 2998.901 0.108 0.004
2020-03-26 715 2999.867 0.966 0.032
2020-03-27 731 3003.837 3.97 0.132
2020-03-28 729 3004.432 0.595 0.02
2020-03-29 729 3004.432 0 0
2020-03-30 729 3004.432 0 0
2020-03-31 725 3004.146 -0.286 -0.01
2020-04-01 721 3003.942 -0.204 -0.007
2020-04-02 704 3002.742 -1.2 -0.04
2020-04-03 711 3001.578 -1.164 -0.039
2020-04-04 702 3000.433 -1.145 -0.038
2020-04-05 702 3000.433 0 0
2020-04-06 702 3000.433 0 0
2020-04-07 731 3000.945 0.512 0.017
2020-04-08 744 3004.113 3.168 0.105
2020-04-10 760 3005.068 0.955 0.032
2020-04-11 760 3005.068 0 0
2020-04-12 760 3005.499 0.431 0.014
2020-04-13 756 3005.822 0.323 0.011
2020-04-14 763 3005.996 0.174 0.006
2020-04-15 759 3006.753 0.757 0.025
2020-04-17 760 3004.786 -1.967 -0.065
2020-04-18 762 3005.465 0.679 0.023
2020-04-19 762 3005.465 0 0
2020-04-20 762 3005.465 0 0
2020-04-21 759 3007.176 1.711 0.057
2020-04-23 760 3006.771 -0.405 -0.013
2020-04-24 761 3006.639 -0.132 -0.004
2020-04-25 761 3006.353 -0.286 -0.01
2020-04-26 760 3009.584 3.231 0.107
2020-04-27 763 3008.507 -1.077 -0.036
2020-04-28 768 3010.126 1.619 0.054
2020-04-29 771 3010.631 0.505 0.017
2020-04-30 776 3010.244 -0.387 -0.013
