2021-04-09 2152 1441.024 0 0
2021-04-10 2152 1438.849 -2.175 -0.151
2021-04-11 2153 1438.849 0 0
2021-04-12 2146 1431.305 -7.544 -0.524
2021-04-13 2199 1381.617 -49.688 -3.472
2021-04-14 2188 1395.778 14.161 1.025
2021-04-15 2213 1376.992 -18.786 -1.346
2021-04-16 2168 1422.323 45.331 3.292
2021-04-17 2168 1424.438 2.115 0.149
2021-04-18 2168 1424.438 0 0
2021-04-19 2097 1498.978 74.54 5.233
2021-04-20 2045 1537.265 38.287 2.554
2021-04-21 1962 1631.318 94.053 6.118
2021-04-22 1972 1620.043 -11.275 -0.691
2021-04-23 2014 1579.549 -40.494 -2.5
2021-04-24 2014 1579.549 0 0
2021-04-25 2013 1578.333 -1.216 -0.077
2021-04-26 2063 1523.88 -54.453 -3.45
2021-04-27 2082 1515.222 -8.658 -0.568
2021-04-28 1950 1646.727 131.505 8.679
2021-04-29 1942 1657.154 10.427 0.633
2021-04-30 1916 1683.321 26.167 1.579
2021-05-01 1915 1681.942 -1.379 -0.082
2021-05-02 1914 1681.942 0 0
2021-05-03 1918 1681.942 0 0
2021-05-04 1916 1681.942 0 0
2021-05-05 1913 1681.942 0 0
2021-05-06 1945 1642.286 -39.656 -2.358
2021-05-07 1979 1605.962 -36.324 -2.212
2021-05-08 1987 1609.766 3.804 0.237
2021-05-09 1987 1609.766 0 0
2021-05-10 1983 1603.637 -6.129 -0.381
2021-05-11 1960 1633.568 29.931 1.866
2021-05-12 1963 1611.827 -21.741 -1.331
2021-05-13 1959 1607.819 -4.008 -0.249
2021-05-14 1932 1658.877 51.058 3.176
2021-05-15 1931 1664.033 5.156 0.311
2021-05-16 1931 1664.033 0 0
2021-05-17 1938 1661.06 -2.973 -0.179
2021-05-18 1827 1779.977 118.917 7.159
2021-05-19 1836 1772.625 -7.352 -0.413
2021-05-20 1876 1734.245 -38.38 -2.165
2021-05-21 1932 1672.999 -61.246 -3.532
2021-05-22 1932 1673.494 0.495 0.03
2021-05-23 1932 1673.494 0 0
2021-05-24 1829 1793.563 120.069 7.175
2021-05-25 1787 1843.088 49.525 2.761
2021-05-26 1834 1791.593 -51.495 -2.794
2021-05-27 1817 1826.462 34.869 1.946
2021-05-28 1848 1790.069 -36.393 -1.993
2021-05-29 1846 1792.909 2.84 0.159
2021-05-30 1846 1792.909 0 0
2021-05-31 1766 1891.364 98.455 5.491
2021-06-01 1712 1972.407 81.043 4.285
2021-06-02 1796 1867.468 -104.939 -5.32
2021-06-03 1790 1872.395 4.927 0.264
2021-06-04 1732 1931.521 59.126 3.158
2021-06-05 1739 1926.729 -4.792 -0.248
2021-06-06 1739 1926.729 0 0
2021-06-07 1740 1924.98 -1.749 -0.091
2021-06-08 1784 1874.683 -50.297 -2.613
2021-06-09 1738 1920.28 45.597 2.432
2021-06-10 1743 1922.259 1.979 0.103
2021-06-11 1754 1902.473 -19.786 -1.029
2021-06-12 1756 1902.532 0.059 0.003
2021-06-13 1756 1902.532 0 0
2021-06-14 1754 1902.532 0 0
2021-06-16 1780 1860.606 -41.926 -2.204
2021-06-17 1847 1773.61 -86.996 -4.676
2021-06-18 1725 1928.244 154.634 8.719
2021-06-19 1725 1928.244 0 0
2021-06-20 1723 1924.472 -3.772 -0.196
2021-06-21 1669 1991.045 66.573 3.459
2021-06-22 1642 2034.09 43.045 2.162
2021-06-23 1645 2035.421 1.331 0.065
2021-06-24 1658 2010.692 -24.729 -1.215
2021-06-25 1601 2112.639 101.947 5.07
2021-06-26 1604 2118.726 6.087 0.288
2021-06-27 1604 2118.726 0 0
2021-06-28 1511 2254.353 135.627 6.401
2021-06-29 1517 2248.275 -6.078 -0.27
2021-06-30 1462 2329.246 80.971 3.601
2021-07-01 1400 2429.874 100.628 4.32
2021-07-02 1444 2348.948 -80.926 -3.33
2021-07-03 1445 2342.353 -6.595 -0.281
2021-07-04 1445 2342.353 0 0
2021-07-05 1449 2333.703 -8.65 -0.369
2021-07-06 1517 2220.432 -113.271 -4.854
2021-07-07 1531 2205.083 -15.349 -0.691
2021-07-08 1549 2170.449 -34.634 -1.571
2021-07-09 1571 2138.426 -32.023 -1.475
2021-07-10 1576 2137.14 -1.286 -0.06
2021-07-11 1576 2137.14 0 0
2021-07-12 1511 2236.937 99.797 4.67
2021-07-13 1536 2204.088 -32.849 -1.468
2021-07-14 1498 2253.383 49.295 2.237
2021-07-15 1578 2125.808 -127.575 -5.661
2021-07-16 1607 2083.035 -42.773 -2.012
2021-07-17 1606 2080.974 -2.061 -0.099
2021-07-18 1606 2080.974 0 0
2021-07-19 1472 2279.779 198.805 9.553
2021-07-20 1455 2300.104 20.325 0.892
2021-07-21 1444 2333.046 32.942 1.432
2021-07-22 1495 2244.233 -88.813 -3.807
2021-07-23 1586 2101.728 -142.505 -6.35
2021-07-24 1588 2098.45 -3.278 -0.156
2021-07-25 1589 2098.45 0 0
2021-07-26 1686 1943.511 -154.939 -7.383
2021-07-27 1781 1826.309 -117.202 -6.03
2021-07-28 1716 1895.877 69.568 3.809
2021-07-29 1712 1912.676 16.799 0.886
2021-07-30 1772 1846.235 -66.441 -3.474
2021-07-31 1768 1848.065 1.83 0.099
