2021-04-09 2225 1371.059 0 0
2021-04-10 2224 1368.989 -2.07 -0.151
2021-04-11 2225 1368.989 0 0
2021-04-12 2258 1336.521 -32.468 -2.429
2021-04-13 2258 1332.154 -4.367 -0.328
2021-04-14 2205 1377.626 45.472 3.301
2021-04-15 2221 1371.269 -6.357 -0.464
2021-04-16 2289 1324.622 -46.647 -3.522
2021-04-17 2290 1326.592 1.97 0.149
2021-04-18 2290 1326.592 0 0
2021-04-19 2186 1409.709 83.117 5.896
2021-04-20 2164 1433.705 23.996 1.674
2021-04-21 2155 1448.886 15.181 1.048
2021-04-22 2141 1461.322 12.436 0.851
2021-04-23 2170 1434.566 -26.756 -1.865
2021-04-24 2170 1434.566 0 0
2021-04-25 2172 1433.461 -1.105 -0.077
2021-04-26 2202 1415.715 -17.746 -1.254
2021-04-27 2216 1411.259 -4.456 -0.316
2021-04-28 2210 1421.5 10.241 0.72
2021-04-29 2183 1442.072 20.572 1.427
2021-04-30 2200 1426.761 -15.311 -1.073
2021-05-01 2198 1425.592 -1.169 -0.082
2021-05-02 2197 1425.592 0 0
2021-05-03 2197 1425.592 0 0
2021-05-04 2198 1425.592 0 0
2021-05-05 2197 1425.592 0 0
2021-05-06 2264 1359.986 -65.606 -4.824
2021-05-07 2288 1334.873 -25.113 -1.881
2021-05-08 2289 1338.036 3.163 0.236
2021-05-09 2289 1338.036 0 0
2021-05-10 2305 1326.506 -11.53 -0.869
2021-05-11 2315 1321.498 -5.008 -0.379
2021-05-12 2285 1349.05 27.552 2.042
2021-05-13 2311 1310.298 -38.752 -2.957
2021-05-14 2220 1400.686 90.388 6.453
2021-05-15 2224 1405.04 4.354 0.31
2021-05-16 2224 1405.04 0 0
2021-05-17 2131 1487.414 82.374 5.538
2021-05-18 2125 1492.366 4.952 0.332
2021-05-19 2187 1450.467 -41.899 -2.889
2021-05-20 2181 1455.987 5.52 0.379
2021-05-21 2157 1472.797 16.81 1.141
2021-05-22 2159 1473.232 0.435 0.03
2021-05-24 2149 1481.978 8.746 0.59
2021-05-25 2118 1505.493 23.515 1.562
2021-05-26 2181 1463.039 -42.454 -2.902
2021-05-27 2159 1482.541 19.502 1.315
2021-05-28 2196 1449.527 -33.014 -2.278
2021-05-29 2193 1451.827 2.3 0.158
2021-05-30 2193 1451.827 0 0
2021-05-31 2227 1432.029 -19.798 -1.383
2021-06-01 2275 1385.289 -46.74 -3.374
2021-06-02 2291 1369.626 -15.663 -1.144
2021-06-03 2329 1336.827 -32.799 -2.453
2021-06-04 2304 1360.883 24.056 1.768
2021-06-05 2308 1357.507 -3.376 -0.249
2021-06-06 2308 1357.507 0 0
2021-06-07 2325 1342.523 -14.984 -1.116
2021-06-08 2351 1320.292 -22.231 -1.684
2021-06-09 2311 1360.538 40.246 2.958
2021-06-10 2270 1397.38 36.842 2.637
2021-06-11 2206 1446.117 48.737 3.37
2021-06-12 2208 1446.162 0.045 0.003
2021-06-13 2208 1446.162 0 0
2021-06-14 2207 1446.162 0 0
2021-06-16 2301 1354.17 -91.992 -6.793
2021-06-17 2278 1381.585 27.415 1.984
2021-06-18 2313 1341.208 -40.377 -3.01
2021-06-19 2313 1341.208 0 0
2021-06-20 2312 1338.584 -2.624 -0.196
2021-06-21 2325 1330.319 -8.265 -0.621
2021-06-22 2261 1378.392 48.073 3.488
2021-06-23 2307 1354.871 -23.521 -1.736
2021-06-24 2333 1332.692 -22.179 -1.664
2021-06-25 2340 1326.689 -6.003 -0.452
2021-06-26 2336 1330.512 3.823 0.287
2021-06-27 2336 1330.512 0 0
2021-06-28 2317 1347.322 16.81 1.248
2021-06-29 2310 1358.459 11.137 0.82
2021-06-30 2308 1355.535 -2.924 -0.216
2021-07-01 2171 1465.919 110.384 7.53
2021-07-02 2347 1304.286 -161.633 -12.392
2021-07-03 2353 1300.624 -3.662 -0.282
2021-07-04 2353 1300.624 0 0
2021-07-05 2337 1316.115 15.491 1.177
2021-07-06 2342 1306.29 -9.825 -0.752
2021-07-07 2320 1331.201 24.911 1.871
2021-07-08 2239 1382.958 51.757 3.742
2021-07-09 2330 1315.495 -67.463 -5.128
2021-07-10 2335 1314.704 -0.791 -0.06
2021-07-11 2335 1314.704 0 0
2021-07-12 2067 1550.03 235.326 15.182
2021-07-13 2019 1594.05 44.02 2.762
2021-07-14 2114 1493.919 -100.131 -6.703
2021-07-15 2042 1563.408 69.489 4.445
2021-07-16 2114 1487.891 -75.517 -5.075
2021-07-17 2115 1486.418 -1.473 -0.099
2021-07-18 2115 1486.418 0 0
2021-07-19 2109 1477.509 -8.909 -0.603
2021-07-20 2176 1415.461 -62.048 -4.384
2021-07-21 2164 1431.536 16.075 1.123
2021-07-22 2139 1459.749 28.213 1.933
2021-07-23 2219 1389.241 -70.508 -5.075
2021-07-24 2221 1387.074 -2.167 -0.156
2021-07-25 2221 1387.074 0 0
2021-07-26 2207 1381.923 -5.151 -0.373
2021-07-27 2268 1322.282 -59.641 -4.51
2021-07-28 2332 1278.501 -43.781 -3.424
2021-07-29 2342 1276.587 -1.914 -0.15
2021-07-30 2357 1263.347 -13.24 -1.048
2021-07-31 2354 1264.599 1.252 0.099
