2020-01-19 738 3436.42 0 0
2020-02-07 718 3443.515 7.095 0.206
2020-02-15 685 3575.591 132.076 3.694
2020-02-16 685 3575.591 0 0
2020-02-17 679 3603.053 27.462 0.762
2020-02-18 665 3647.806 44.753 1.227
2020-02-19 648 3714.211 66.405 1.788
2020-02-20 638 3786.737 72.526 1.915
2020-02-21 654 3730.87 -55.867 -1.497
2020-02-22 651 3728.526 -2.344 -0.063
2020-02-23 651 3728.526 0 0
2020-02-24 647 3707.96 -20.566 -0.555
2020-02-25 645 3672.459 -35.501 -0.967
2020-02-26 655 3578.876 -93.583 -2.615
2020-02-27 643 3602.904 24.028 0.667
2020-02-28 629 3592.935 -9.969 -0.277
2020-02-29 628 3593.64 0.705 0.02
2020-03-01 630 3593.64 0 0
2020-03-02 632 3625.667 32.027 0.883
2020-03-03 634 3637.521 11.854 0.326
2020-03-04 654 3573.055 -64.466 -1.804
2020-03-05 639 3653.691 80.636 2.207
2020-03-06 637 3622.638 -31.053 -0.857
2020-03-07 637 3623.617 0.979 0.027
2020-03-08 636 3623.617 0 0
2020-03-09 647 3518.168 -105.449 -2.997
2020-03-10 641 3518.572 0.404 0.011
2020-03-11 642 3497.399 -21.173 -0.605
2020-03-12 603 3512.19 14.791 0.421
2020-03-13 589 3515.48 3.29 0.094
2020-03-14 591 3521.307 5.827 0.165
2020-03-15 591 3521.307 0 0
2020-03-16 566 3513.349 -7.958 -0.227
2020-03-17 567 3503.241 -10.108 -0.289
2020-03-18 548 3526.605 23.364 0.663
2020-03-19 512 3652.798 126.193 3.455
2020-03-20 502 3753.818 101.02 2.691
2020-03-21 502 3756.368 2.55 0.068
2020-03-22 502 3756.368 0 0
2020-03-23 504 3732.186 -24.182 -0.648
2020-03-24 498 3731.833 -0.353 -0.009
2020-03-25 515 3711.17 -20.663 -0.557
2020-03-26 512 3781.673 70.503 1.864
2020-03-27 508 3900.588 118.915 3.049
2020-03-28 513 3810.266 -90.322 -2.37
2020-03-29 513 3810.266 0 0
2020-03-30 513 3810.266 0 0
2020-03-31 524 3744.109 -66.157 -1.767
2020-04-01 516 3792.47 48.361 1.275
2020-04-02 514 3777.185 -15.285 -0.405
2020-04-03 498 3869.028 91.843 2.374
2020-04-04 502 3827.849 -41.179 -1.076
2020-04-05 502 3827.849 0 0
2020-04-06 502 3827.849 0 0
2020-04-07 515 3846.309 18.46 0.48
2020-04-08 534 3788.135 -58.174 -1.536
2020-04-10 547 3777.844 -10.291 -0.272
2020-04-11 547 3777.844 0 0
2020-04-12 547 3777.844 0 0
2020-04-13 551 3762.952 -14.892 -0.396
2020-04-14 554 3767.387 4.435 0.118
2020-04-15 567 3715.913 -51.474 -1.385
2020-04-17 572 3711.031 -4.882 -0.132
2020-04-18 577 3711.257 0.226 0.006
2020-04-19 577 3711.257 0 0
2020-04-20 577 3716.5 5.243 0.141
2020-04-21 577 3666.363 -50.137 -1.367
2020-04-23 587 3639.013 -27.35 -0.752
2020-04-24 622 3517.099 -121.914 -3.466
2020-04-25 623 3516.845 -0.254 -0.007
2020-04-26 623 3516.845 0 0
2020-04-27 623 3537.549 20.704 0.585
2020-04-28 621 3554.199 16.65 0.468
2020-04-29 625 3567.872 13.673 0.383
2020-04-30 624 3575.645 7.773 0.217
