2025-09-17 3112 1013.907 0 0
2025-09-18 3111 1013.907 0 0
2025-09-19 3109 1013.907 0 0
2025-09-20 3109 1013.907 0 0
2025-09-21 3108 1013.907 0 0
2025-09-22 3105 1013.907 0 0
2025-09-23 3104 1013.907 0 0
2025-09-24 3107 1013.907 0 0
2025-09-25 3098 1013.907 0 0
2025-09-26 3097 1013.907 0 0
2025-09-27 3098 1013.907 0 0
2025-09-28 3098 1013.907 0 0
2025-09-29 3098 1013.907 0 0
2025-09-30 3100 1013.907 0 0
2025-10-01 3100 1013.907 0 0
2025-10-02 3106 1013.907 0 0
2025-10-03 3108 1013.907 0 0
2025-10-04 3109 1013.907 0 0
2025-10-05 3109 1013.907 0 0
2025-10-06 3102 1013.907 0 0
2025-10-07 3105 1013.907 0 0
2025-10-08 3105 1013.907 0 0
2025-10-09 3105 1013.907 0 0
2025-10-10 3097 1013.907 0 0
2025-10-11 3094 1013.907 0 0
2025-10-12 3093 1013.907 0 0
2025-10-13 3087 1013.907 0 0
2025-10-14 3084 1013.907 0 0
2025-10-15 3086 1013.907 0 0
2025-10-16 3093 1013.907 0 0
2025-10-17 3091 1013.907 0 0
2025-10-18 3083 1013.907 0 0
2025-10-19 3084 1013.907 0 0
2025-10-20 3087 1013.907 0 0
2025-10-21 3101 1013.907 0 0
2025-10-22 3097 1013.907 0 0
2025-10-23 3099 1013.907 0 0
2025-10-24 3101 1013.907 0 0
2025-10-25 3104 1013.907 0 0
2025-10-26 3104 1013.907 0 0
2025-10-27 3106 1013.907 0 0
2025-10-28 3109 1013.907 0 0
2025-10-29 3113 1013.907 0 0
2025-10-30 3110 1013.907 0 0
2025-10-31 3112 1013.907 0 0
2025-11-01 3115 1013.907 0 0
2025-11-02 3115 1013.907 0 0
2025-11-03 3112 1013.907 0 0
2025-11-04 3099 1013.907 0 0
2025-11-05 3101 1013.907 0 0
2025-11-06 3097 1013.907 0 0
2025-11-07 3100 1013.907 0 0
2025-11-08 3104 1013.907 0 0
2025-11-09 3104 1013.907 0 0
2025-11-10 3102 1013.907 0 0
2025-11-11 3102 1013.907 0 0
2025-11-12 3103 1013.907 0 0
2025-11-13 3103 1013.907 0 0
2025-11-14 3100 1013.907 0 0
2025-11-15 3101 1013.907 0 0
2025-11-16 3101 1013.907 0 0
2025-11-17 3096 1013.907 0 0
2025-11-18 3093 1013.907 0 0
2025-11-19 3093 1013.907 0 0
2025-11-20 3091 1013.907 0 0
2025-11-21 3073 1013.907 0 0
2025-11-22 3075 1013.907 0 0
2025-11-23 3075 1013.907 0 0
2025-11-24 3075 1013.907 0 0
2025-11-25 3088 1013.907 0 0
2025-11-26 3091 1013.907 0 0
2025-11-27 3099 1013.907 0 0
2025-11-28 3098 1013.907 0 0
2025-11-29 3104 1013.907 0 0
2025-11-30 3104 1013.907 0 0
2025-12-01 3104 1013.907 0 0
2025-12-02 3107 1013.907 0 0
2025-12-03 3103 1013.907 0 0
2025-12-04 3108 1013.907 0 0
2025-12-05 3112 1013.907 0 0
2025-12-06 3110 1013.907 0 0
2025-12-07 3111 1013.907 0 0
2025-12-08 3110 1013.907 0 0
2025-12-09 3109 1013.907 0 0
2025-12-10 3107 1013.907 0 0
2025-12-11 3104 1013.907 0 0
2025-12-12 3111 1013.907 0 0
2025-12-13 3111 1013.907 0 0
2025-12-14 3110 1013.907 0 0
2025-12-15 3107 1013.907 0 0
2025-12-16 3098 1013.907 0 0
2025-12-17 3097 1013.907 0 0
2025-12-18 3100 1013.907 0 0
2025-12-19 3104 1013.907 0 0
2025-12-20 3108 1013.907 0 0
2025-12-21 3112 1013.907 0 0
2025-12-22 3118 1013.907 0 0
2025-12-23 3117 1013.907 0 0
2025-12-24 3120 1013.907 0 0
2025-12-25 3129 1013.907 0 0
2025-12-26 3128 1013.907 0 0
2025-12-27 3129 1013.907 0 0
2025-12-28 3129 1013.907 0 0
2025-12-29 3121 1013.907 0 0
2025-12-30 3126 1013.907 0 0
2025-12-31 3127 1013.907 0 0
2026-01-01 3126 1013.907 0 0
2026-01-02 3128 1013.907 0 0
2026-01-03 3130 1013.907 0 0
2026-01-05 3131 1013.907 0 0
2026-01-06 3145 1013.907 0 0
2026-01-07 3153 1013.907 0 0
2026-01-08 3154 1013.907 0 0
2026-01-09 3159 1013.907 0 0
2026-01-10 3162 1013.907 0 0
2026-01-11 3162 1013.907 0 0
2026-01-12 3163 1013.907 0 0
2026-01-13 3155 1013.907 0 0
2026-01-14 3158 1013.907 0 0
2026-01-15 3162 1013.907 0 0
2026-01-16 3162 1013.907 0 0
2026-01-17 3162 1013.907 0 0
2026-01-18 3161 1013.907 0 0
2026-01-19 3162 1013.907 0 0
2026-01-20 3157 1013.907 0 0
2026-01-21 3161 1013.907 0 0
2026-01-22 3165 1013.907 0 0
2026-01-23 3168 1013.907 0 0
2026-01-24 3171 1013.907 0 0
2026-01-25 3171 1013.907 0 0
2026-01-26 3168 1013.907 0 0
2026-01-27 3170 1013.907 0 0
2026-01-28 3169 1013.907 0 0
2026-01-29 3174 1013.907 0 0
2026-01-30 3167 1013.907 0 0
2026-01-31 3170 1013.907 0 0
2026-02-01 3170 1013.907 0 0
2026-02-02 3165 1013.907 0 0
2026-02-03 3161 1013.907 0 0
2026-02-04 3163 1013.907 0 0
2026-02-05 3157 1013.907 0 0
2026-02-06 3155 1013.907 0 0
2026-02-07 3158 1013.907 0 0
2026-02-08 3159 1013.907 0 0
2026-02-09 3163 1013.907 0 0
2026-02-10 3176 1013.907 0 0
2026-02-11 3178 1013.907 0 0
2026-02-12 3172 1013.907 0 0
2026-02-13 3171 1013.907 0 0
2026-02-14 3169 1013.907 0 0
2026-02-15 3169 1013.907 0 0
2026-02-16 3170 1013.907 0 0
2026-02-17 3169 1013.907 0 0
2026-02-18 3172 1013.907 0 0
2026-02-19 3168 1013.907 0 0
2026-02-20 3162 1013.907 0 0
2026-02-21 3161 1013.907 0 0
2026-02-22 3159 1013.907 0 0
2026-02-23 3167 1013.907 0 0
2026-02-24 3164 1013.907 0 0
2026-02-25 3172 1013.907 0 0
2026-02-26 3167 1013.907 0 0
2026-02-27 3166 1013.907 0 0
2026-02-28 3167 1013.907 0 0
2026-03-01 3161 1013.907 0 0
2026-03-02 3148 1015.647 1.74 0.172
2026-03-03 3127 1015.647 0 0
2026-03-04 3123 1015.647 0 0
2026-03-05 3120 1015.647 0 0
2026-03-06 3122 1015.647 0 0
2026-03-07 3121 1015.647 0 0
2026-03-08 3121 1015.647 0 0
2026-03-09 3113 1015.647 0 0
2026-03-10 3346 1015.647 0 0
2026-03-11 3347 1015.647 0 0
2026-03-12 3341 1015.647 0 0
2026-03-13 3338 1015.647 0 0
2026-03-14 3338 1015.647 0 0
2026-03-15 3338 1015.647 0 0
2026-03-16 3333 1015.647 0 0
2026-03-17 3331 1015.647 0 0
2026-03-18 3335 1015.647 0 0
2026-03-19 3319 1015.647 0 0
2026-03-20 3309 1015.647 0 0
2026-03-21 3310 1015.647 0 0
2026-03-22 3310 1015.647 0 0
2026-03-23 3292 1015.647 0 0
2026-03-24 3300 1015.647 0 0
2026-03-25 3310 1015.647 0 0
2026-03-27 3300 1015.647 0 0
2026-03-28 3301 1015.647 0 0
2026-03-29 3301 1015.647 0 0
2026-03-30 3302 1015.647 0 0
2026-03-31 3303 1015.647 0 0
2026-04-01 3314 1015.647 0 0
2026-04-02 3319 1015.647 0 0
2026-04-03 3315 1015.647 0 0
2026-04-04 3315 1015.647 0 0
2026-04-05 3315 1015.647 0 0
2026-04-06 3317 1015.647 0 0
2026-04-07 3311 1015.647 0 0
2026-04-08 3327 1015.647 0 0
2026-04-09 3344 1015.647 0 0
2026-04-10 3349 1015.647 0 0
2026-04-11 3356 1015.647 0 0
2026-04-12 3356 1015.647 0 0
2026-04-13 3352 1015.647 0 0
2026-04-14 3350 1015.647 0 0
2026-04-15 3365 1015.647 0 0
2026-04-16 3370 1015.647 0 0
2026-04-17 3374 1015.647 0 0
2026-04-18 3378 1015.647 0 0
2026-04-19 3378 1015.647 0 0
2026-04-20 3376 1015.647 0 0
2026-04-21 3372 1015.647 0 0
2026-04-22 3372 1015.647 0 0
2026-04-23 3359 1015.647 0 0
2026-04-24 3355 1015.647 0 0
2026-04-25 3360 1015.647 0 0
2026-04-26 3360 1015.647 0 0
2026-04-27 3362 1015.647 0 0
2026-04-28 3354 1015.647 0 0
2026-04-29 3351 1015.647 0 0
2026-04-30 3346 1015.647 0 0
2026-05-01 3353 1015.647 0 0
2026-05-02 3354 1015.647 0 0
2026-05-04 3351 1015.647 0 0
2026-05-05 3352 1015.647 0 0
2026-05-06 3352 1015.647 0 0
2026-05-07 3362 1015.647 0 0
2026-05-08 3374 1015.647 0 0
2026-05-09 3383 1015.647 0 0
2026-05-10 3383 1015.647 0 0
2026-05-11 3380 1015.647 0 0
2026-05-12 3373 1015.647 0 0
2026-05-13 3366 1015.647 0 0
2026-05-14 3368 1015.647 0 0
2026-05-15 3368 1015.647 0 0
2026-05-16 3357 1015.647 0 0
2026-05-17 3357 1015.647 0 0
2026-05-18 3352 1015.647 0 0
2026-05-19 3352 1015.647 0 0
2026-05-20 3352 1015.647 0 0
2026-05-21 3358 1015.647 0 0
2026-05-22 3362 1015.647 0 0
2026-05-23 3362 1015.647 0 0
2026-05-24 3368 1015.647 0 0
2026-05-25 3368 1015.647 0 0
2026-05-26 3369 1015.647 0 0
2026-05-27 3368 1015.647 0 0
2026-05-28 3366 1015.647 0 0
2026-05-29 3367 1015.647 0 0
2026-05-30 3361 1015.647 0 0
2026-05-31 3369 1015.647 0 0
2026-06-01 3368 1015.647 0 0
2026-06-02 3358 1015.647 0 0
2026-06-03 3355 1015.647 0 0
2026-06-04 3348 1015.647 0 0
2026-06-05 3348 1015.647 0 0
2026-06-06 3336 1015.647 0 0
2026-06-07 3335 1015.647 0 0
2026-06-09 3328 1015.647 0 0
2026-06-10 3320 1015.647 0 0
2026-06-11 3316 1015.647 0 0
2026-06-12 3327 1015.647 0 0
2026-06-13 3331 1015.647 0 0
2026-06-14 3338 1015.647 0 0
2026-06-16 3338 1015.647 0 0
2026-06-17 3344 1015.647 0 0
2026-06-18 3340 1015.647 0 0
2026-06-19 3336 1015.647 0 0
2026-06-20 3335 1015.647 0 0
2026-06-21 3335 1015.647 0 0
2026-06-22 3330 1015.647 0 0
2026-06-23 3334 1015.647 0 0
2026-06-24 3322 1015.647 0 0
2026-06-25 3318 1015.647 0 0
2026-06-26 3311 1015.647 0 0
2026-06-27 3318 1015.647 0 0
2026-06-28 3323 1015.647 0 0
2026-06-29 3321 1015.647 0 0
2026-06-30 3324 1015.647 0 0
2026-07-01 3331 1015.647 0 0
2026-07-02 3330 1015.647 0 0
2026-07-03 3338 1015.647 0 0
2026-07-04 3344 1015.647 0 0
2026-07-05 3344 1015.647 0 0
2026-07-06 3338 1015.647 0 0
2026-07-07 3332 1015.647 0 0
2026-07-08 3336 1015.647 0 0
2026-07-09 3319 1015.647 0 0
2026-07-10 3330 1015.647 0 0
2026-07-11 3340 1015.647 0 0
2026-07-12 3348 1015.647 0 0
2026-07-13 3340 1015.647 0 0
2026-07-14 3328 1015.647 0 0
2026-07-15 3340 1015.647 0 0
2026-07-16 3344 1015.647 0 0
2026-07-17 3336 1015.647 0 0
2026-07-18 3328 1015.647 0 0
2026-07-19 3328 1015.647 0 0
2026-07-20 3325 1015.647 0 0
2026-07-21 3321 1015.647 0 0
2026-07-22 3322 1015.647 0 0
2026-07-23 3328 1015.647 0 0
2026-07-24 3320 1015.647 0 0
