2020-01-19 241 7761.449 0 0
2020-02-07 290 6736.146 -1025.303 -15.221
2020-02-15 263 7227.292 491.146 6.796
2020-02-16 262 7227.292 0 0
2020-02-17 251 7511.784 284.492 3.787
2020-02-18 239 7741.798 230.014 2.971
2020-02-19 252 7473.232 -268.566 -3.594
2020-02-20 234 7817.362 344.13 4.402
2020-02-21 228 7913.744 96.382 1.218
2020-02-22 226 7887.435 -26.309 -0.334
2020-02-23 226 7887.435 0 0
2020-02-24 208 8241.589 354.154 4.297
2020-02-25 210 8074.97 -166.619 -2.063
2020-02-26 235 7533.244 -541.726 -7.191
2020-02-27 230 7478.409 -54.835 -0.733
2020-02-28 265 6822.869 -655.54 -9.608
2020-02-29 259 6848.247 25.378 0.371
