2025-04-02 2500 1313.189 0 0
2025-04-03 2473 1318.749 5.56 0.423
2025-04-04 2431 1350.567 31.818 2.413
2025-04-05 2439 1334.835 -15.732 -1.165
2025-04-06 2438 1334.835 0 0
2025-04-07 2392 1334.835 0 0
2025-04-08 2400 1326.816 -8.019 -0.601
2025-04-09 2414 1325.368 -1.448 -0.109
2025-04-10 2401 1340.876 15.508 1.17
2025-04-11 2411 1340.876 0 0
2025-04-12 2381 1377.211 36.335 2.71
2025-04-13 2381 1377.211 0 0
2025-04-14 2391 1377.211 0 0
2025-04-15 2396 1380.812 3.601 0.261
2025-04-16 2396 1375.963 -4.849 -0.351
2025-04-17 2397 1382.698 6.735 0.489
2025-04-18 2398 1378.774 -3.924 -0.284
2025-04-19 2398 1378.774 0 0
2025-04-20 2398 1378.774 0 0
2025-04-21 2397 1378.774 0 0
2025-04-22 2392 1396.689 17.915 1.299
2025-04-23 2405 1394.284 -2.405 -0.172
2025-04-24 2423 1378.618 -15.666 -1.124
2025-04-25 2420 1381.597 2.979 0.216
2025-04-26 2419 1380.969 -0.628 -0.045
2025-04-27 2419 1380.969 0 0
2025-04-28 2421 1380.969 0 0
2025-04-29 2427 1382.226 1.257 0.091
2025-04-30 2432 1382.698 0.472 0.034
2025-05-01 2435 1380.812 -1.886 -0.136
2025-05-02 2449 1370.375 -10.437 -0.756
