2019-11-07 2040 1090.915 0 0
2020-11-25 2284 1004.882 -86.033 -7.886
2020-11-26  999.694 -5.188 -0.516
2020-11-27 2287 1000.9 1.206 0.121
2020-11-28 2284 1004.798 3.898 0.389
2020-11-30  972.492 -32.306 -3.215
2021-01-09 2350 1006.147 33.655 3.461
2021-01-10 2350 1006.147 0 0
2021-01-11 2345 1006.147 0 0
2021-01-12 2351 1003.941 -2.206 -0.219
2021-01-13 2343 1016.948 13.007 1.296
2021-01-14 2314 1057.93 40.982 4.03
2021-01-15 2306 1072.198 14.268 1.349
2021-01-16 2305 1071.682 -0.516 -0.048
2021-01-17 2305 1071.682 0 0
2021-01-18 2313 1062.989 -8.693 -0.811
2021-01-19 2294 1089.473 26.484 2.491
2021-01-20 2290 1091.786 2.313 0.212
2021-01-21 2288 1097.142 5.356 0.491
2021-01-22 2275 1102.211 5.069 0.462
2021-01-23 2279 1099.769 -2.442 -0.222
2021-01-24 2279 1099.769 0 0
2021-01-25 2277 1099.769 0 0
2021-01-26 2300 1069.83 -29.939 -2.722
2021-01-27 2306 1064.74 -5.09 -0.476
2021-01-28 2308 1060.641 -4.099 -0.385
2021-01-29 2311 1047.685 -12.956 -1.222
2021-01-30 2314 1043.832 -3.853 -0.368
2021-01-31 2314 1043.832 0 0
2021-02-01 2310 1051.454 7.622 0.73
2021-02-02 2310 1049.15 -2.304 -0.219
2021-02-03 2304 1066.185 17.035 1.624
2021-02-04 2292 1078.43 12.245 1.148
2021-02-05 2300 1074.9 -3.53 -0.327
2021-02-06 2301 1074.442 -0.458 -0.043
2021-02-07 2301 1074.442 0 0
2021-02-08 2293 1090.57 16.128 1.501
2021-02-09 2293 1093.769 3.199 0.293
2021-02-10 2261 1136.693 42.924 3.924
2021-02-11 2263 1135.824 -0.869 -0.076
2021-02-12 2240 1152.218 16.394 1.443
2021-02-13 2247 1149.474 -2.744 -0.238
2021-02-14 2247 1149.474 0 0
2021-02-15 2256 1146.673 -2.801 -0.244
2021-02-16 2239 1158.476 11.803 1.029
2021-02-17 2285 1113.815 -44.661 -3.855
2021-02-18 2293 1101.298 -12.517 -1.124
2021-02-19 2316 1082.507 -18.791 -1.706
2021-02-20 2316 1084.095 1.588 0.147
2021-02-21 2317 1084.095 0 0
2021-02-22 2296 1100.398 16.303 1.504
2021-02-23 2297 1106.157 5.759 0.523
2021-02-24 2291 1101.194 -4.963 -0.449
2021-02-25 2285 1120.026 18.832 1.71
2021-02-26 2308 1086.313 -33.713 -3.01
2021-02-27 2308 1083.509 -2.804 -0.258
2021-02-28 2310 1083.509 0 0
2021-03-01 2303 1089.619 6.11 0.564
2021-03-02 2304 1088.349 -1.27 -0.117
2021-03-03 2290 1110.752 22.403 2.058
2021-03-04 2290 1108.312 -2.44 -0.22
2021-03-05 2279 1113.234 4.922 0.444
2021-03-06 2290 1106.499 -6.735 -0.605
2021-03-07 2286 1106.499 0 0
2021-03-08 2297 1093.889 -12.61 -1.14
2021-03-09 2269 1114.097 20.208 1.847
2021-03-11 2278 1100.603 -13.494 -1.211
2021-03-12 2275 1108.747 8.144 0.74
2021-03-13 2277 1103.712 -5.035 -0.454
2021-03-14 2278 1103.712 0 0
2021-03-15 2275 1106.216 2.504 0.227
2021-03-16 2283 1102.103 -4.113 -0.372
2021-03-18 2265 1118.834 16.731 1.518
2021-03-19 2265 1118.834 0 0
2021-03-20 2269 1115.061 -3.773 -0.337
2021-03-21 2269 1115.061 0 0
2021-03-22 2279 1107.73 -7.331 -0.657
2021-03-23 2268 1107.389 -0.341 -0.031
2021-03-24 2285 1088.81 -18.579 -1.678
2021-03-25 2266 1103.699 14.889 1.367
2021-03-26 2248 1125.507 21.808 1.976
2021-03-27 2255 1117.904 -7.603 -0.676
2021-03-28 2255 1117.904 0 0
2021-03-29 2248 1129.022 11.118 0.995
2021-03-30 2231 1143.59 14.568 1.29
2021-03-31 2264 1106.305 -37.285 -3.26
