2020-06-11 2215 1004.512 0 0
2020-06-16 2208 1003.125 -1.387 -0.138
2020-06-17 2213 1004.516 1.391 0.138
2020-06-18 2210 1004.516 0 0
2020-06-19 2203 1026.476 21.96 2.139
2020-06-20 2200 1027.086 0.61 0.059
2020-06-21 2200 1027.086 0 0
2020-06-22 2200 1027.086 0 0
2020-06-23 2199 1029.276 2.19 0.213
2020-06-24 2199 1029.276 0 0
2020-06-25 2204 1018.508 -10.768 -1.057
2020-06-26 2198 1024.634 6.126 0.598
2020-06-27 2197 1021.551 -3.083 -0.302
2020-06-28 2197 1021.551 0 0
2020-06-29 2195 1021.551 0 0
2020-06-30 2201 1022.258 0.707 0.069
2020-07-01 2195 1030.775 8.517 0.826
2020-07-07 2198 1030.775 0 0
2020-07-08 2181 1050.658 19.883 1.892
2020-07-09 2173 1058.369 7.711 0.729
2020-07-10 2165 1065.276 6.907 0.648
2020-07-11 2142 1082.601 17.325 1.6
2020-07-12 2142 1082.601 0 0
2020-07-13 2146 1082.601 0 0
2020-07-14 2185 1047.874 -34.727 -3.314
2020-07-15 2155 1072.936 25.062 2.336
2020-07-16 2149 1072.936 0 0
2020-07-17 2143 1080.009 7.073 0.655
2020-07-18 2143 1080.009 0 0
2020-07-20 2154 1073.155 -6.854 -0.639
2020-07-21 2152 1073.155 0 0
2020-07-22 2133 1096.514 23.359 2.13
2020-07-23 2136 1096.514 0 0
2020-07-24 2126 1096.514 0 0
2020-07-25 2125 1096.514 0 0
2020-07-26 2122 1096.514 0 0
