2019-11-07 516 4231.682 0 0
2020-01-19 423 5060.036 828.354 19.575
2020-02-07 414 5083.18 23.144 0.457
2020-02-15 406 5132.459 49.279 0.969
2020-02-16 407 5132.459 0 0
2020-02-17 401 5264.75 132.291 2.578
2020-02-18 400 5248.551 -16.199 -0.308
2020-02-19 402 5259.693 11.142 0.212
2020-02-20 404 5254.934 -4.759 -0.09
2020-02-21 403 5229.049 -25.885 -0.493
2020-02-22 399 5275.012 45.963 0.879
2020-02-23 399 5281.928 6.916 0.131
2020-02-24 416 5007.402 -274.526 -5.197
2020-02-25 424 4899.027 -108.375 -2.164
2020-02-26 419 4921.742 22.715 0.464
2020-02-27 434 4745.368 -176.374 -3.584
2020-02-28 442 4718.911 -26.457 -0.558
2020-02-29 441 4697.641 -21.27 -0.451
2020-03-01 440 4697.641 0 0
2020-03-02 443 4681.597 -16.044 -0.342
2020-03-03 416 4920.096 238.499 5.094
2020-03-04 417 4947.648 27.552 0.56
2020-03-05 435 4841.421 -106.227 -2.147
2020-03-06 438 4758.898 -82.523 -1.705
2020-03-07 430 4806.322 47.424 0.997
2020-03-08 433 4806.322 0 0
2020-03-09 451 4579.26 -227.062 -4.724
2020-03-10 450 4601.369 22.109 0.483
2020-03-11 454 4476.658 -124.711 -2.71
2020-03-12 506 3956.816 -519.842 -11.612
2020-03-13 508 3863.693 -93.123 -2.353
2020-03-14 510 3872.316 8.623 0.223
2020-03-15 511 3872.316 0 0
2020-03-16 516 3777.208 -95.108 -2.456
2020-03-17 489 3901.343 124.135 3.286
2020-03-18 476 3942.498 41.155 1.055
2020-03-19 483 3831.01 -111.488 -2.828
2020-03-20 493 3825.417 -5.593 -0.146
2020-03-21 488 3844.489 19.072 0.499
2020-03-22 488 3844.489 0 0
2020-03-23 524 3601.03 -243.459 -6.333
2020-03-24 518 3606.547 5.517 0.153
2020-03-25 493 3837.557 231.01 6.405
2020-03-26 468 4041.021 203.464 5.302
2020-03-27 466 4127.902 86.881 2.15
2020-03-28 481 4010.961 -116.941 -2.833
2020-03-29 481 4010.961 0 0
2020-03-30 481 4010.961 0 0
2020-03-31 463 4117.658 106.697 2.66
