2022-02-11 2031 1490.278 0 0
2022-02-12 2020 1490.231 -0.047 -0.003
2022-02-13 2021 1490.231 0 0
2022-02-14 2089 1419.454 -70.777 -4.749
2022-02-15 2111 1402.831 -16.623 -1.171
2022-02-16 2093 1431.779 28.948 2.064
2022-02-17 2105 1409.611 -22.168 -1.548
2022-02-18 2100 1408.856 -0.755 -0.054
2022-02-19 2099 1411.195 2.339 0.166
2022-02-20 2101 1411.195 0 0
2022-02-21 2090 1417.081 5.886 0.417
2022-02-22 2108 1391.915 -25.166 -1.776
2022-02-23 2106 1387.655 -4.26 -0.306
2022-02-24 2132 1359.92 -27.735 -1.999
2022-02-25 2140 1357.11 -2.81 -0.207
2022-02-26 2198 1320.758 -36.352 -2.679
2022-02-27 2201 1320.758 0 0
2022-02-28 2194 1322.956 2.198 0.166
2022-03-01 2180 1328.94 5.984 0.452
2022-03-02 2162 1344.507 15.567 1.171
2022-03-03 2103 1378.39 33.883 2.52
2022-03-04 2114 1359.856 -18.534 -1.345
2022-03-05 2106 1359.727 -0.129 -0.009
2022-03-06 2108 1359.727 0 0
2022-03-07 2190 1269.345 -90.382 -6.647
2022-03-08 2198 1239.691 -29.654 -2.336
2022-03-09 2223 1220.846 -18.845 -1.52
2022-03-10 2197 1255.182 34.336 2.812
2022-03-11 2172 1267.713 12.531 0.998
2022-03-12 2171 1267.533 -0.18 -0.014
2022-03-13 2164 1267.533 0 0
2022-03-14 2202 1219.011 -48.522 -3.828
2022-03-15 2251 1154.535 -64.476 -5.289
2022-03-16 2218 1210.126 55.591 4.815
2022-03-17 2204 1243.792 33.666 2.782
2022-03-18 2199 1265.078 21.286 1.711
2022-03-19 2202 1261.917 -3.161 -0.25
2022-03-20 2202 1261.917 0 0
2022-03-21 2216 1246.443 -15.474 -1.226
2022-03-22 2201 1262.225 15.782 1.266
2022-03-23 2210 1251.554 -10.671 -0.845
2022-03-24 2205 1257.15 5.596 0.447
2022-03-26 2205 1240.676 -16.474 -1.31
2022-03-27 2205 1240.676 0 0
2022-03-28 2223 1224.02 -16.656 -1.342
2022-03-29 2247 1205.552 -18.468 -1.509
2022-03-30 2250 1228.566 23.014 1.909
