2022-04-05 112 16866.506 0 0
2022-04-06 112 16778.586 -87.92 -0.524
2022-04-07 112 16724.571 -54.015 -0.323
2022-04-08 110 16710.705 -13.866 -0.083
2022-04-09 111 16672.939 -37.766 -0.227
2022-04-10 111 16672.939 0 0
2022-04-11 110 16665.708 -7.231 -0.043
2022-04-12 110 16691.198 25.49 0.153
2022-04-13 114 16662.828 -28.37 -0.17
2022-04-14 113 16627.658 -35.17 -0.212
2022-04-15 113 16534.19 -93.468 -0.565
2022-04-16 113 16534.19 0 0
2022-04-17 113 16534.19 0 0
2022-04-18 112 16529.368 -4.822 -0.029
2022-04-19 113 16537.698 8.33 0.05
2022-04-20 112 16531.909 -5.789 -0.035
2022-04-21 110 16645.739 113.83 0.684
2022-04-22 109 16625.101 -20.638 -0.124
2022-04-23 109 16538.463 -86.638 -0.524
2022-04-24 109 16538.463 0 0
2022-04-25 107 16538.703 0.24 0.001
2022-04-26 104 16427.629 -111.074 -0.676
2022-04-27 106 16347.09 -80.539 -0.493
2022-04-28 110 16160.002 -187.088 -1.158
2022-04-29 109 16154.896 -5.106 -0.032
2022-04-30 108 16188.249 33.353 0.206
