2022-04-05 2530 1121.679 0 0
2022-04-06 2554 1099.979 -21.7 -1.935
2022-04-07 2601 1050.815 -49.164 -4.47
2022-04-08 2533 1103.446 52.631 5.009
2022-04-09 2539 1100.947 -2.499 -0.226
2022-04-10 2540 1100.947 0 0
2022-04-11 2519 1103.251 2.304 0.209
2022-04-12 2535 1091.797 -11.454 -1.038
2022-04-13 2475 1128.996 37.199 3.407
2022-04-14 2455 1137.277 8.281 0.733
2022-04-15 2434 1153.475 16.198 1.424
2022-04-16 2434 1153.475 0 0
2022-04-17 2434 1153.475 0 0
2022-04-18 2485 1118.368 -35.107 -3.044
2022-04-19 2452 1138.125 19.757 1.767
2022-04-20 2430 1144.787 6.662 0.585
2022-04-21 2396 1162.293 17.506 1.529
2022-04-22 2356 1180.049 17.756 1.528
2022-04-23 2355 1178.254 -1.795 -0.152
2022-04-24 2355 1178.254 0 0
2022-04-25 2394 1130.73 -47.524 -4.033
2022-04-26 2406 1114.631 -16.099 -1.424
2022-04-27 2404 1119.901 5.27 0.473
2022-04-28 2443 1098.466 -21.435 -1.914
2022-04-29 2367 1149.203 50.737 4.619
2022-04-30 2370 1150.84 1.637 0.142
