2020-08-06 2232 1011.175 0 0
2020-08-07 2188 1054.05 42.875 4.068
2020-08-08 2185 1052.982 -1.068 -0.101
2020-08-09 2185 1052.982 0 0
2020-08-10 2146 1097.949 44.967 4.096
2020-08-12 2161 1082.21 -15.739 -1.454
2020-08-13 2151 1097.393 15.183 1.384
2020-08-14 2194 1054.183 -43.21 -4.099
2020-08-15 2194 1053.071 -1.112 -0.106
2020-08-16 2194 1053.071 0 0
2020-08-17 2198 1053.071 0 0
2020-08-18 2235 1013.722 -39.349 -3.882
2020-08-19 2237 1015.927 2.205 0.217
2020-08-20 2251 978.263 -37.664 -3.85
2020-08-22 2192 1049.361 71.098 6.775
2020-08-23 2192 1049.361 0 0
2020-08-24 2197 1044.87 -4.491 -0.43
2020-08-25 2174 1069.201 24.331 2.276
2020-08-26 2164 1076.181 6.98 0.649
2020-08-27 2200 1043.219 -32.962 -3.16
2020-08-28 2208 1039.141 -4.078 -0.392
2020-08-29 2213 1039.711 0.57 0.055
2020-08-30 2213 1039.711 0 0
2020-08-31 2237 1016.099 -23.612 -2.324
2020-09-01 2242 1013.105 -2.994 -0.296
2020-09-02 2239 1024.099 10.994 1.074
2020-09-03 2243 1018.569 -5.53 -0.543
2020-09-04 2261 983.791 -34.778 -3.535
2020-09-18 2274 981.66 -2.131 -0.217
2020-11-12 2295 997.866 16.206 1.624
2020-11-24 2273 1017.897 20.031 1.968
2020-11-25 2270 1028.316 10.419 1.013
2020-11-26 2275 1019.274 -9.042 -0.887
2020-11-27 2298 995.253 -24.021 -2.414
2020-11-28 2291 1000.214 4.961 0.496
2020-11-29 2291 1000.214 0 0
2020-11-30 2301 944.692 -55.522 -5.877
