2019-11-07 748 3247.309 0 0
2020-01-19 739 3434.768 187.459 5.773
2020-02-07 746 3353.407 -81.361 -2.369
2020-02-15 731 3399.705 46.298 1.381
2020-02-16 731 3399.705 0 0
2020-02-17 727 3411.336 11.631 0.342
2020-02-18 741 3384.495 -26.841 -0.787
2020-02-19 721 3438.77 54.275 1.604
2020-02-20 709 3487.879 49.109 1.428
2020-02-21 694 3525.514 37.635 1.079
2020-02-22 688 3541.2 15.686 0.445
2020-02-23 688 3541.2 0 0
2020-02-24 730 3386.331 -154.869 -4.373
2020-02-25 736 3321.529 -64.802 -1.914
2020-02-26 735 3284.62 -36.909 -1.111
2020-02-27 734 3234.78 -49.84 -1.517
2020-02-28 772 3093.945 -140.835 -4.354
2020-02-29 775 3093.266 -0.679 -0.022
