2024-02-17 2127 1351.31 0 0
2024-02-18 2126 1351.31 0 0
2024-02-19 2135 1351.854 0.544 0.04
2024-02-20 2127 1357.698 5.844 0.432
2024-02-21 2152 1326.838 -30.86 -2.273
2024-02-22 2203 1288.249 -38.589 -2.908
2024-02-23 2186 1306.066 17.817 1.383
2024-02-24 2185 1306.066 0 0
2024-02-25 2182 1306.066 0 0
2024-02-26 2171 1314.03 7.964 0.61
2024-02-27 2145 1344.647 30.617 2.33
2024-02-28 2136 1351.065 6.418 0.477
2024-02-29 2159 1326.833 -24.232 -1.794
2024-03-01 2162 1325.338 -1.495 -0.113
2024-03-02 2159 1330.1 4.762 0.359
2024-03-03 2160 1330.1 0 0
2024-03-04 2074 1410.687 80.587 6.059
2024-03-05 2089 1396.26 -14.427 -1.023
2024-03-06 2100 1387.876 -8.384 -0.6
2024-03-07 2083 1402.414 14.538 1.047
2024-03-08 2080 1403.197 0.783 0.056
2024-03-09 2084 1403.197 0 0
2024-03-10 2085 1403.197 0 0
2024-03-11 2117 1387.718 -15.479 -1.103
2024-03-12 2159 1350.924 -36.794 -2.651
2024-03-13 2264 1248.397 -102.527 -7.589
2024-03-14 2228 1281.356 32.959 2.64
2024-03-15 2165 1330.646 49.29 3.847
2024-03-16 2161 1329.643 -1.003 -0.075
2024-03-17 2161 1329.643 0 0
2024-03-18 2173 1315.576 -14.067 -1.058
2024-03-19 2136 1363.493 47.917 3.642
2024-03-20 2092 1409.142 45.649 3.348
2024-03-21 2100 1401.836 -7.306 -0.518
2024-03-22 2087 1407.778 5.942 0.424
2024-03-23 2089 1403.222 -4.556 -0.324
2024-03-24 2089 1403.222 0 0
2024-03-25 2086 1403.222 0 0
2024-03-26 2068 1423.375 20.153 1.436
2024-03-27 2055 1428.191 4.816 0.338
2024-03-28 2065 1417.705 -10.486 -0.734
2024-03-29 2068 1417.301 -0.404 -0.028
2024-03-30 2192 1417.301 0 0
2024-03-31 2192 1417.301 0 0
2024-04-01 2061 1434.751 17.45 1.231
