2020-01-19 2033 1137.092 0 0
2020-02-07 2067 1085.082 -52.01 -4.793
2020-02-15 2098 1058.325 -26.757 -2.528
2020-02-16 2100 1058.325 0 0
2020-02-17 2123 1041.025 -17.3 -1.662
2020-02-18 2168 969.482 -71.543 -7.38
2020-05-27 2111 1054.071 84.589 8.025
2020-05-28 2174 1011.074 -42.997 -4.253
2020-05-29 2199 985.486 -25.588 -2.596
2020-06-02 2191 1016.866 31.38 3.086
2020-06-03 2203 1010.592 -6.274 -0.621
2020-06-04 2218 1005.975 -4.617 -0.459
2020-06-05 2137 1073.54 67.565 6.294
2020-06-06 2129 1083.767 10.227 0.944
2020-06-07 2129 1083.767 0 0
2020-06-08 2128 1083.767 0 0
2020-06-09 2151 1071.834 -11.933 -1.113
2020-06-10 2117 1092.182 20.348 1.863
2020-06-11 2100 1098.325 6.143 0.559
2020-06-12 2002 1182.706 84.381 7.135
2020-06-13 2000 1175.386 -7.32 -0.623
2020-06-14 2000 1175.386 0 0
2020-06-15 1889 1275.486 100.1 7.848
2020-06-16 1898 1274.633 -0.853 -0.067
2020-06-17 1856 1327.957 53.324 4.015
2020-06-18 1888 1290.021 -37.936 -2.941
2020-06-19 1945 1226.957 -63.064 -5.14
2020-06-20 1946 1225.436 -1.521 -0.124
2020-06-21 1946 1225.436 0 0
2020-06-22 1944 1225.436 0 0
2020-06-23 1899 1284.649 59.213 4.609
2020-06-24 1899 1284.649 0 0
2020-06-25 1963 1207.728 -76.921 -6.369
2020-06-26 1940 1226.521 18.793 1.532
2020-06-27 1935 1230.761 4.24 0.345
2020-06-28 1935 1230.761 0 0
2020-06-29 1930 1234.776 4.015 0.325
2020-06-30 1942 1228.691 -6.085 -0.495
