2025-04-02 2328 1464.581 0 0
2025-04-03 2329 1432.635 -31.946 -2.181
2025-04-04 2319 1432.597 -0.038 -0.003
2025-04-05 2313 1432.177 -0.42 -0.029
2025-04-06 2491 1290.235 -141.942 -9.911
2025-04-07 2569 1221.656 -68.579 -5.315
2025-04-08 2581 1205.034 -16.622 -1.361
2025-04-09 2641 1179.813 -25.221 -2.093
2025-04-10 2508 1262.584 82.771 7.016
2025-04-11 2522 1262.584 0 0
2025-04-12 2541 1262.685 0.101 0.008
2025-04-13 2489 1291.383 28.698 2.273
2025-04-14 2450 1323.269 31.886 2.469
2025-04-15 2454 1326.846 3.577 0.27
2025-04-16 2485 1299.908 -26.938 -2.03
2025-04-17 2510 1287.148 -12.76 -0.982
2025-04-18 2516 1287.217 0.069 0.005
2025-04-19 2516 1287.217 0 0
2025-04-20 2530 1276.051 -11.166 -0.867
2025-04-21 2525 1282.432 6.381 0.5
2025-04-22 2571 1258.64 -23.792 -1.855
2025-04-23 2547 1287.629 28.989 2.303
2025-04-24 2532 1292.415 4.786 0.372
2025-04-25 2530 1292.381 -0.034 -0.003
2025-04-26 2530 1292.312 -0.069 -0.005
2025-04-27 2509 1300.289 7.977 0.617
2025-04-28 2449 1357.725 57.436 4.417
2025-04-29 2439 1372.084 14.359 1.058
2025-04-30 2509 1311.597 -60.487 -4.408
2025-05-01 2512 1308.406 -3.191 -0.243
2025-05-02 2513 1308.58 0.174 0.013
2025-05-03 2515 1308.72 0.14 0.011
2025-05-04 2516 1307.124 -1.596 -0.122
2025-05-05 2549 1292.76 -14.364 -1.099
2025-05-06 2559 1289.568 -3.192 -0.247
2025-05-07 2526 1305.284 15.716 1.219
2025-05-08 2473 1354.679 49.395 3.784
2025-05-09 2461 1354.715 0.036 0.003
2025-05-10 2467 1354.715 0 0
2025-05-11 2458 1361.098 6.383 0.471
2025-05-12 2431 1399.393 38.295 2.814
2025-05-13 2439 1393.011 -6.382 -0.456
2025-05-14 2453 1386.665 -6.346 -0.456
2025-05-15 2441 1393.011 6.346 0.458
2025-05-16 2449 1393.011 0 0
2025-05-17 2449 1393.011 0 0
2025-05-18 2449 1389.82 -3.191 -0.229
2025-05-19 2495 1354.715 -35.105 -2.526
2025-05-20 2393 1436.132 81.417 6.01
2025-05-21 2398 1434.613 -1.519 -0.106
2025-05-22 2399 1439.362 4.749 0.331
2025-05-23 2394 1439.208 -0.154 -0.011
2025-05-24 2394 1439.208 0 0
2025-05-25 2425 1418.466 -20.742 -1.441
2025-05-26 2470 1372.194 -46.272 -3.262
2025-05-27 2508 1340.283 -31.911 -2.326
2025-05-28 2496 1353.083 12.8 0.955
2025-05-29 2463 1389.782 36.699 2.712
2025-05-30 2463 1389.56 -0.222 -0.016
2025-05-31 2462 1389.486 -0.074 -0.005
2025-06-01 2490 1360.771 -28.715 -2.067
