2020-01-19 898 2918.347 0 0
2020-02-07 877 2924.005 5.658 0.194
2020-02-15 884 2943.776 19.771 0.672
2020-02-16 884 2943.776 0 0
2020-02-17 881 2943.776 0 0
2020-02-18 889 2925.291 -18.485 -0.632
2020-02-19 892 2908.101 -17.19 -0.591
2020-02-20 887 2906.044 -2.057 -0.071
2020-02-21 886 2915.245 9.201 0.316
2020-02-22 885 2915.245 0 0
2020-02-23 885 2915.245 0 0
2020-02-24 873 2917.74 2.495 0.086
2020-02-25 861 2911.751 -5.989 -0.206
2020-02-26 876 2859.756 -51.995 -1.818
2020-02-27 879 2820.281 -39.475 -1.4
2020-02-28 878 2796.044 -24.237 -0.867
2020-02-29 880 2797.208 1.164 0.042
2020-03-01 880 2797.208 0 0
2020-03-02 843 2915.849 118.641 4.069
2020-03-03 851 2911.692 -4.157 -0.143
2020-03-04 788 3112.359 200.667 6.447
2020-03-05 784 3127.997 15.638 0.5
2020-03-06 791 3072.443 -55.554 -1.808
2020-03-07 792 3072.443 0 0
2020-03-08 793 3072.443 0 0
2020-03-09 785 3007.342 -65.101 -2.165
2020-03-10 771 3051.297 43.955 1.441
2020-03-11 773 3018.508 -32.789 -1.086
2020-03-12 779 2902.527 -115.981 -3.996
2020-03-13 748 2968.949 66.422 2.237
2020-03-14 753 2968.949 0 0
2020-03-15 754 2968.949 0 0
2020-03-16 730 2969.516 0.567 0.019
2020-03-17 655 3157.607 188.091 5.957
2020-03-18 685 3018.273 -139.334 -4.616
2020-03-19 724 2895.028 -123.245 -4.257
2020-03-20 747 2803.738 -91.29 -3.256
2020-03-21 751 2803.738 0 0
2020-03-22 751 2803.738 0 0
2020-03-23 773 2705.526 -98.212 -3.63
2020-03-24 767 2705.526 0 0
2020-03-25 783 2729.334 23.808 0.872
2020-03-26 818 2642.705 -86.629 -3.278
2020-03-27 806 2733.085 90.38 3.307
2020-03-28 794 2757.904 24.819 0.9
2020-03-29 794 2757.904 0 0
2020-03-30 794 2757.904 0 0
2020-03-31 766 2855.014 97.11 3.401
2020-04-01 773 2839.68 -15.334 -0.54
2020-04-02 761 2832.108 -7.572 -0.267
2020-04-03 749 2893.078 60.97 2.107
2020-04-04 713 2979.224 86.146 2.892
2020-04-05 713 2979.224 0 0
2020-04-06 713 2979.224 0 0
2020-04-07 772 2863.77 -115.454 -4.032
2020-04-08 794 2839.865 -23.905 -0.842
2020-04-10 793 2905.921 66.056 2.273
2020-04-11 793 2905.921 0 0
2020-04-12 793 2905.921 0 0
2020-04-13 780 2936.937 31.016 1.056
2020-04-14 764 3002.016 65.079 2.168
2020-04-15 756 3019.752 17.736 0.587
2020-04-17 758 3013.237 -6.515 -0.216
2020-04-18 761 3013.237 0 0
2020-04-19 761 3013.237 0 0
2020-04-20 753 3053.044 39.807 1.304
2020-04-21 754 3017.321 -35.723 -1.184
2020-04-23 757 3021.565 4.244 0.14
2020-04-24 759 3030.312 8.747 0.289
2020-04-25 758 3030.312 0 0
2020-04-26 758 3030.312 0 0
2020-04-27 756 3050.743 20.431 0.67
2020-04-28 762 3039.918 -10.825 -0.356
2020-04-29 772 3007.024 -32.894 -1.094
2020-04-30 780 2998.611 -8.413 -0.281
2020-05-01 773 3016.368 17.757 0.589
2020-05-02 771 3016.368 0 0
2020-05-03 771 3016.368 0 0
2020-05-04 764 3031.656 15.288 0.504
2020-05-05 760 3035.881 4.225 0.139
2020-05-06 766 3022.537 -13.344 -0.441
2020-05-07 767 3009.256 -13.281 -0.441
2020-05-08 761 3051.574 42.318 1.387
2020-05-09 769 3051.574 0 0
2020-05-10 769 3051.574 0 0
2020-05-11 764 3080.49 28.916 0.939
2020-05-12 752 3098.567 18.077 0.583
2020-05-13 748 3102.63 4.063 0.131
2020-05-14 741 3122.12 19.49 0.624
2020-05-15 730 3145.309 23.189 0.737
2020-05-16 730 3145.309 0 0
2020-05-17 730 3145.309 0 0
2020-05-18 765 3038.156 -107.153 -3.527
2020-05-19 786 2983.422 -54.734 -1.835
2020-05-20 812 2923.359 -60.063 -2.055
2020-05-21 826 2882.291 -41.068 -1.425
2020-05-22 810 2930.811 48.52 1.656
2020-05-23 806 2930.811 0 0
2020-05-24 806 2930.811 0 0
2020-05-25 808 2930.811 0 0
2020-05-26 824 2889.838 -40.973 -1.418
2020-05-27 818 2943.831 53.993 1.834
2020-05-28 806 2979.413 35.582 1.194
2020-05-29 786 3039.911 60.498 1.99
2020-05-30 785 3039.911 0 0
2020-05-31 785 3039.911 0 0
