2020-03-09 2070 1015.977 0 0
2020-03-10 2056 1020.103 4.126 0.406
2020-04-30 2174 1001.569 -18.534 -1.817
2020-05-01 2176 1003.339 1.77 0.177
2020-05-09 2173 1002.355 -0.984 -0.098
2020-05-10 2173 1002.355 0 0
2020-05-11 2169 1002.355 0 0
2020-05-20 2166 1006.634 4.279 0.427
2020-05-21 2159 1011.217 4.583 0.455
2020-05-27 2156 1019.424 8.207 0.812
2020-05-28 2178 1008.157 -11.267 -1.105
2020-05-29 2163 1020.578 12.421 1.232
2020-05-30 2173 1017.259 -3.319 -0.325
2020-05-31 2173 1017.259 0 0
2020-06-01 2179 1017.259 0 0
2020-06-02 2157 1039.9 22.641 2.226
2020-06-03 2140 1056.095 16.195 1.557
2020-06-04 2145 1062.539 6.444 0.61
2020-06-05 2145 1069.435 6.896 0.649
2020-06-06 2148 1070.032 0.597 0.056
2020-06-07 2148 1070.032 0 0
2020-06-08 2150 1070.032 0 0
2020-06-09 2155 1070.705 0.673 0.063
2020-06-10 2152 1068.838 -1.867 -0.174
2020-06-11 2138 1071.304 2.466 0.231
2020-06-12 2138 1057.626 -13.678 -1.277
2020-06-13 2144 1048.293 -9.333 -0.882
2020-06-14 2144 1048.293 0 0
2020-06-15 2145 1048.293 0 0
2020-06-16 2148 1050.665 2.372 0.226
2020-06-17 2161 1048.867 -1.798 -0.171
2020-06-18 2162 1048.867 0 0
2020-06-19 2158 1051.747 2.88 0.275
2020-06-20 2158 1051.53 -0.217 -0.021
2020-06-21 2158 1051.53 0 0
2020-06-22 2157 1051.53 0 0
2020-06-23 2152 1056.605 5.075 0.483
2020-06-24 2152 1056.605 0 0
2020-06-25 2147 1056.969 0.364 0.034
2020-06-26 2152 1051.242 -5.727 -0.542
2020-06-27 2154 1049.083 -2.159 -0.205
2020-06-28 2154 1049.083 0 0
2020-06-29 2152 1049.083 0 0
2020-06-30 2153 1050.305 1.222 0.116
