2026-03-10 3290 1056.168 0 0
2026-03-11 3267 1071.594 15.426 1.461
2026-03-12 3270 1066.639 -4.955 -0.462
2026-03-13 3255 1069.63 2.991 0.28
2026-03-14 3251 1070.493 0.863 0.081
2026-03-15 3251 1070.493 0 0
2026-03-16 3258 1070.493 0 0
2026-03-17 3244 1079.692 9.199 0.859
2026-03-18 3242 1079.692 0 0
2026-03-19 3228 1081.183 1.491 0.138
2026-03-20 3220 1083.451 2.268 0.21
2026-03-21 3216 1082.396 -1.055 -0.097
2026-03-22 3216 1082.396 0 0
2026-03-23 3201 1082.396 0 0
2026-03-24 3210 1082.105 -0.291 -0.027
2026-03-25 3220 1081.684 -0.421 -0.039
2026-03-27 3212 1081.684 0 0
2026-03-28 3213 1078.607 -3.077 -0.284
2026-03-29 3212 1078.607 0 0
2026-03-30 3204 1078.607 0 0
2026-03-31 3206 1083.24 4.633 0.43
