2021-09-01 2603 1058.757 0 0
2021-09-02 2589 1074.681 15.924 1.482
2021-09-03 2576 1092.08 17.399 1.593
2021-09-04 2577 1092.839 0.759 0.069
2021-09-05 2577 1092.839 0 0
2021-09-06 2552 1120.978 28.139 2.51
2021-09-07 2561 1115.567 -5.411 -0.485
2021-09-08 2581 1094.289 -21.278 -1.944
2021-09-09 2567 1103.507 9.218 0.835
2021-09-10 2561 1105.132 1.625 0.147
2021-09-11 2562 1105.132 0 0
2021-09-12 2562 1105.132 0 0
2021-09-13 2525 1131.243 26.111 2.308
2021-09-14 2523 1128.412 -2.831 -0.251
2021-09-15 2483 1150.351 21.939 1.907
2021-09-16 2467 1165.49 15.139 1.299
2021-09-17 2533 1116.229 -49.261 -4.413
2021-09-18 2531 1116.704 0.475 0.043
2021-09-19 2529 1116.704 0 0
2021-09-20 2527 1113.922 -2.782 -0.25
2021-09-21 2505 1126.072 12.15 1.079
2021-09-22 2449 1165.942 39.87 3.42
2021-09-23 2443 1183.162 17.22 1.455
2021-09-24 2442 1180.659 -2.503 -0.212
2021-09-25 2442 1179.728 -0.931 -0.079
2021-09-26 2442 1179.728 0 0
2021-09-27 2497 1134.908 -44.82 -3.949
2021-09-28 2537 1103.605 -31.303 -2.836
2021-09-29 2518 1109.638 6.033 0.544
2021-09-30 2449 1161.391 51.753 4.456
