2023-04-06 432 6077.789 0 0
2023-04-07 433 6085.894 8.105 0.133
2023-04-08 431 6085.894 0 0
2023-04-09 431 6085.894 0 0
2023-04-10 424 6113.322 27.428 0.449
2023-04-11 423 6145.08 31.758 0.517
2023-04-12 425 6120.262 -24.818 -0.406
2023-04-13 429 6075.4 -44.862 -0.738
2023-04-14 430 6092.347 16.947 0.278
2023-04-15 430 6092.347 0 0
2023-04-16 430 6092.347 0 0
2023-04-17 437 6038.417 -53.93 -0.893
2023-04-18 438 6027.907 -10.51 -0.174
2023-04-19 433 6064.424 36.517 0.602
2023-04-20 430 6111.53 47.106 0.771
2023-04-21 434 6056.787 -54.743 -0.904
2023-04-22 434 6059.951 3.164 0.052
2023-04-23 434 6059.951 0 0
2023-04-24 437 6020.825 -39.126 -0.65
2023-04-25 422 6133.358 112.533 1.835
2023-04-26 421 6143.487 10.129 0.165
2023-04-27 416 6255.521 112.034 1.791
2023-04-28 415 6353.668 98.147 1.545
2023-04-29 415 6354.053 0.385 0.006
2023-04-30 415 6354.053 0 0
