2023-04-06 35 35459.902 0 0
2023-04-07 35 35498.635 38.733 0.109
2023-04-08 35 35498.635 0 0
2023-04-09 35 35498.635 0 0
2023-04-10 35 35498.635 0 0
2023-04-11 35 35225.45 -273.185 -0.776
2023-04-12 35 35225.45 0 0
2023-04-13 35 35673.985 448.535 1.257
2023-04-14 37 35902.563 228.578 0.637
2023-04-15 37 35772.152 -130.411 -0.365
2023-04-16 37 35772.152 0 0
2023-04-17 37 35772.152 0 0
2023-04-18 37 35475.385 -296.767 -0.837
2023-04-19 37 35627.055 151.67 0.426
2023-04-20 37 35615.342 -11.713 -0.033
2023-04-21 37 35677.901 62.559 0.175
2023-04-22 37 35662.241 -15.66 -0.044
2023-04-23 37 35662.241 0 0
2023-04-24 37 35662.241 0 0
2023-04-25 36 35843.168 180.927 0.505
2023-04-26 37 35673.985 -169.183 -0.474
2023-04-27 37 35890.668 216.683 0.604
2023-04-28 37 35783.968 -106.7 -0.298
2023-04-29 36 35878.781 94.813 0.264
2023-04-30 36 35878.781 0 0
2023-05-01 36 35878.781 0 0
2023-05-02 36 35685.736 -193.045 -0.541
2023-05-03 36 35681.818 -3.918 -0.011
2023-05-04 34 35922.405 240.587 0.67
2023-05-05 36 35752.475 -169.93 -0.475
2023-05-06 36 35768.215 15.74 0.044
2023-05-07 36 35768.215 0 0
2023-05-08 36 35768.215 0 0
2023-05-09 34 35795.792 27.577 0.077
2023-05-10 34 35603.637 -192.155 -0.54
2023-05-11 35 35658.328 54.691 0.153
2023-05-12 35 35483.131 -175.197 -0.494
2023-05-13 36 35301.977 -181.154 -0.513
2023-05-14 36 35301.977 0 0
2023-05-15 37 35301.977 0 0
2023-05-16 37 35313.485 11.508 0.033
2023-05-17 37 35313.485 0 0
2023-05-18 36 35164.467 -149.018 -0.424
2023-05-19 36 35164.467 0 0
2023-05-20 28 42037.592 6873.125 16.35
2023-05-21 28 42037.592 0 0
2023-05-22 28 42037.592 0 0
2023-05-23 28 42037.592 0 0
2023-05-24 28 41865.638 -171.954 -0.411
2023-05-25 28 41268.477 -597.161 -1.447
2023-05-26 30 39743.388 -1525.089 -3.837
2023-05-27 28 40049.778 306.39 0.765
2023-05-28 28 40049.778 0 0
2023-05-29 28 40049.778 0 0
2023-05-30 28 40049.778 0 0
2023-05-31 28 39737.935 -311.843 -0.785
