2022-10-12 663 3989.403 0 0
2022-10-13 664 3984.302 -5.101 -0.128
2022-10-14 744 3582.198 -402.104 -10.092
2022-10-15 746 3582.995 0.797 0.022
2022-10-16 744 3582.995 0 0
2022-10-17 747 3602.648 19.653 0.549
2022-10-18 766 3575.894 -26.754 -0.743
2022-10-19 771 3525.548 -50.346 -1.408
2022-10-20 759 3556.091 30.543 0.866
2022-10-21 779 3463.981 -92.11 -2.59
2022-10-22 779 3458.343 -5.638 -0.163
2022-10-23 777 3458.343 0 0
2022-10-24 803 3348.795 -109.548 -3.168
2022-10-25 825 3289.132 -59.663 -1.782
2022-10-26 819 3353.946 64.814 1.971
2022-10-27 820 3372.86 18.914 0.564
2022-10-28 882 3167.261 -205.599 -6.096
2022-10-29 883 3147.796 -19.465 -0.615
2022-10-30 883 3147.796 0 0
2022-10-31 853 3225.235 77.439 2.46
2022-11-01 817 3366.933 141.698 4.393
2022-11-02 793 3446.265 79.332 2.356
2022-11-03 776 3490.554 44.289 1.285
2022-11-04 754 3577.514 86.96 2.491
2022-11-05 756 3602.96 25.446 0.711
2022-11-06 757 3602.96 0 0
2022-11-07 756 3623.793 20.833 0.578
2022-11-08 774 3585.567 -38.226 -1.055
2022-11-09 786 3529.069 -56.498 -1.576
2022-11-10 793 3473.467 -55.602 -1.576
2022-11-11 790 3587.912 114.445 3.295
2022-11-12 783 3655.034 67.122 1.871
2022-11-13 783 3655.034 0 0
2022-11-14 787 3635.641 -19.393 -0.531
2022-11-15 684 4060.441 424.8 11.684
2022-11-16 686 4035.694 -24.747 -0.609
2022-11-17 667 4086.719 51.025 1.264
2022-11-18 724 3851.805 -234.914 -5.748
2022-11-19 727 3851.318 -0.487 -0.013
2022-11-20 727 3851.318 0 0
2022-11-21 735 3843.293 -8.025 -0.208
2022-11-22 761 3731.885 -111.408 -2.899
2022-11-23 768 3716.584 -15.301 -0.41
2022-11-24 782 3667.525 -49.059 -1.32
2022-11-25 782 3641.655 -25.87 -0.705
2022-11-26 782 3641.655 0 0
2022-11-27 786 3637.791 -3.864 -0.106
2022-11-28 803 3532.543 -105.248 -2.893
2022-11-29 785 3612.933 80.39 2.276
2022-11-30 792 3637.55 24.617 0.681
2022-12-02 787 3706.535 68.985 1.896
2022-12-04 776 3728.073 21.538 0.581
2022-12-05 765 3742.417 14.344 0.385
2022-12-06 706 3969.133 226.716 6.058
2022-12-07 734 3862.145 -106.988 -2.696
2022-12-08 749 3819.814 -42.331 -1.096
2022-12-09 728 3903.141 83.327 2.181
2022-12-10 720 3917.353 14.212 0.364
2022-12-11 720 3917.353 0 0
2022-12-12 694 4029.231 111.878 2.856
2022-12-13 716 3943.115 -86.116 -2.137
2022-12-14 729 3893.442 -49.673 -1.26
2022-12-15 708 3967.818 74.376 1.91
2022-12-16 736 3834.844 -132.974 -3.351
2022-12-17 736 3833.249 -1.595 -0.042
2022-12-18 736 3833.249 0 0
2022-12-19 747 3758.431 -74.818 -1.952
2022-12-20 744 3770.498 12.067 0.321
2022-12-21 755 3721.851 -48.647 -1.29
2022-12-22 772 3678.884 -42.967 -1.154
2022-12-23 777 3629.613 -49.271 -1.339
2022-12-24 779 3625.249 -4.364 -0.12
2022-12-25 779 3625.249 0 0
2022-12-26 759 3702.307 77.058 2.126
2022-12-27 762 3693.156 -9.151 -0.247
2022-12-28 799 3561.922 -131.234 -3.553
2022-12-29 796 3576.733 14.811 0.416
2022-12-30 805 3537.788 -38.945 -1.089
2022-12-31 802 3547.05 9.262 0.262
2023-01-02 803 3547.05 0 0
2023-01-03 799 3566.413 19.363 0.546
2023-01-04 792 3610.446 44.033 1.235
2023-01-05 769 3700.067 89.621 2.482
2023-01-07 753 3814.566 114.499 3.095
2023-01-08 753 3814.566 0 0
2023-01-09 733 3885.703 71.137 1.865
2023-01-10 688 4058.773 173.07 4.454
2023-01-11 720 3956.141 -102.632 -2.529
2023-01-14 710 4039.623 83.482 2.11
2023-01-16 636 4384.643 345.02 8.541
2023-01-17 620 4472.403 87.76 2.002
2023-01-20 596 4607.986 135.583 3.032
2023-01-21 597 4607.306 -0.68 -0.015
2023-01-22 597 4607.306 0 0
2023-01-23 599 4607.306 0 0
2023-01-24 601 4607.306 0 0
2023-01-25 600 4607.306 0 0
2023-01-27 602 4607.306 0 0
2023-01-29 601 4607.306 0 0
2023-01-30 604 4593.399 -13.907 -0.302
2023-01-31 619 4503.062 -90.337 -1.967
2023-02-01 618 4532.334 29.272 0.65
2023-02-02 616 4556.664 24.33 0.537
2023-02-03 631 4518.117 -38.547 -0.846
2023-02-04 631 4518.117 0 0
2023-02-05 629 4502.11 -16.007 -0.354
2023-02-06 637 4417.309 -84.801 -1.884
2023-02-07 637 4406.609 -10.7 -0.242
2023-02-08 646 4357.342 -49.267 -1.118
2023-02-09 616 4525.959 168.617 3.87
2023-02-10 619 4475.532 -50.427 -1.114
2023-02-11 622 4462.042 -13.49 -0.301
2023-02-12 622 4462.042 0 0
2023-02-13 621 4481.833 19.791 0.444
2023-02-14 632 4438.643 -43.19 -0.964
2023-02-15 627 4474.967 36.324 0.818
2023-02-16 653 4314.636 -160.331 -3.583
