2020-02-27 1999 1117.201 0 0
2020-02-28 1965 1129.598 12.397 1.097
2020-02-29 1955 1129.35 -0.248 -0.022
2020-03-01 1956 1129.35 0 0
2020-03-02 1959 1129.35 0 0
2020-03-03 1952 1144.435 15.085 1.318
2020-03-04 1960 1149.296 4.861 0.423
2020-03-05 1958 1145.455 -3.841 -0.335
2020-03-06 1948 1150.453 4.998 0.434
2020-03-07 1935 1162.945 12.492 1.074
2020-03-08 1931 1162.945 0 0
2020-03-09 1901 1162.945 0 0
2020-03-10 1879 1173.967 11.022 0.939
2020-03-11 1866 1166.375 -7.592 -0.651
2020-03-12 1841 1159.535 -6.84 -0.59
2020-03-13 1840 1139.362 -20.173 -1.771
2020-03-14 1845 1138.101 -1.261 -0.111
2020-03-15 1846 1138.101 0 0
2020-03-16 1812 1138.101 0 0
2020-03-17 1797 1145.199 7.098 0.62
2020-03-18 1787 1128.111 -17.088 -1.515
2020-03-19 1791 1113.812 -14.299 -1.284
2020-03-20 1817 1100.342 -13.47 -1.224
2020-03-21 1819 1099.049 -1.293 -0.118
2020-03-22 1819 1099.049 0 0
2020-03-23 1800 1099.049 0 0
2020-03-24 1782 1106.262 7.213 0.652
2020-03-25 1813 1110.084 3.822 0.344
2020-03-26 1833 1113.812 3.728 0.335
2020-03-27 1829 1133.458 19.646 1.733
2020-03-28 1823 1136.968 3.51 0.309
2020-03-29 1823 1136.968 0 0
2020-03-30 1823 1136.968 0 0
2020-03-31 1818 1133.958 -3.01 -0.265
2020-04-01 1825 1128.111 -5.847 -0.518
2020-04-02 1814 1123.181 -4.93 -0.439
2020-04-03 1825 1116.958 -6.223 -0.557
2020-04-04 1826 1110.204 -6.754 -0.608
2020-04-05 1826 1110.204 0 0
2020-04-06 1826 1110.204 0 0
2020-04-07 1859 1108.767 -1.437 -0.13
2020-04-08 1991 1118.903 10.136 0.906
2020-04-10 1992 1124.655 5.752 0.511
2020-04-11 1992 1124.655 0 0
2020-04-12 1992 1124.655 0 0
2020-04-13 1991 1124.655 0 0
2020-04-14 2007 1120.733 -3.922 -0.35
2020-04-15 1990 1127.739 7.006 0.621
2020-04-17 2005 1115.504 -12.235 -1.097
2020-04-18 2002 1119.512 4.008 0.358
2020-04-19 2002 1119.512 0 0
2020-04-20 2004 1119.512 0 0
2020-04-21 1989 1118.781 -0.731 -0.065
2020-04-23 2009 1113.209 -5.572 -0.501
2020-04-24 2006 1113.33 0.121 0.011
2020-04-25 2010 1111.645 -1.685 -0.152
2020-04-26 2010 1111.645 0 0
2020-04-27 2015 1111.645 0 0
2020-04-28 2012 1114.537 2.892 0.259
2020-04-29 2020 1113.692 -0.845 -0.076
2020-04-30 2030 1115.867 2.175 0.195
