2021-04-09 1138 2810.469 0 0
2021-04-10 1138 2808.464 -2.005 -0.071
2021-04-11 1138 2808.464 0 0
2021-04-12 1170 2757.92 -50.544 -1.8
2021-04-13 1159 2772.963 15.043 0.545
2021-04-14 1168 2764.661 -8.302 -0.299
2021-04-15 1117 2868.741 104.08 3.765
2021-04-16 1106 2893.055 24.314 0.848
2021-04-17 1108 2895.134 2.079 0.072
2021-04-18 1108 2895.134 0 0
2021-04-19 1119 2884.221 -10.913 -0.377
2021-04-20 1114 2893.928 9.707 0.337
2021-04-21 1142 2828.34 -65.588 -2.266
2021-04-22 1128 2862.536 34.196 1.209
2021-04-23 1148 2833.78 -28.756 -1.005
2021-04-24 1148 2833.78 0 0
2021-04-25 1145 2840.268 6.488 0.229
2021-04-26 1144 2853.684 13.416 0.472
2021-04-27 1103 2957.013 103.329 3.621
2021-04-28 1125 2909.574 -47.439 -1.604
2021-04-29 1129 2895.425 -14.149 -0.486
2021-04-30 1118 2923.718 28.293 0.977
2021-05-01 1121 2905.768 -17.95 -0.614
2021-05-02 1120 2905.768 0 0
2021-05-03 1131 2885.663 -20.105 -0.692
2021-05-04 1163 2808.821 -76.842 -2.663
2021-05-05 1156 2800.238 -8.583 -0.306
2021-05-06 1186 2728.234 -72.004 -2.571
2021-05-07 1170 2781.905 53.671 1.967
2021-05-08 1163 2801.158 19.253 0.692
2021-05-09 1163 2801.158 0 0
2021-05-10 1208 2680.102 -121.056 -4.322
2021-05-11 1249 2601.55 -78.552 -2.931
2021-05-12 1293 2516.932 -84.618 -3.253
2021-05-13 1270 2554.308 37.376 1.485
2021-05-14 1249 2591.887 37.579 1.471
2021-05-15 1240 2604.465 12.578 0.485
2021-05-16 1240 2604.465 0 0
2021-05-17 1266 2565.166 -39.299 -1.509
2021-05-18 1275 2562.741 -2.425 -0.095
2021-05-19 1277 2562.32 -0.421 -0.016
2021-05-20 1265 2588.279 25.959 1.013
2021-05-21 1306 2541.292 -46.987 -1.815
2021-05-22 1307 2535.716 -5.576 -0.219
2021-05-23 1307 2535.716 0 0
2021-05-24 1313 2535.716 0 0
2021-05-25 1284 2569.645 33.929 1.338
2021-05-26 1284 2580.047 10.402 0.405
2021-05-27 1355 2487.189 -92.858 -3.599
2021-05-28 1319 2557.951 70.762 2.845
2021-05-29 1322 2553.9 -4.051 -0.158
2021-05-30 1322 2553.9 0 0
2021-05-31 1332 2544.652 -9.248 -0.362
