2020-01-19 1900 1263.489 0 0
2020-02-07 1862 1276.985 13.496 1.057
2020-02-15 1854 1296.321 19.336 1.492
2020-02-16 1854 1296.321 0 0
2020-02-17 1847 1302.256 5.935 0.456
2020-02-18 1855 1292.365 -9.891 -0.765
2020-02-19 1871 1260.198 -32.167 -2.553
2020-02-20 1874 1259.289 -0.909 -0.072
2020-02-21 1859 1269.556 10.267 0.809
2020-02-22 1859 1269.505 -0.051 -0.004
2020-02-23 1856 1269.505 0 0
2020-02-24 1882 1235.968 -33.537 -2.713
2020-02-25 1932 1189.653 -46.315 -3.893
2020-02-26 1941 1176.47 -13.183 -1.121
2020-02-27 1938 1168.336 -8.134 -0.696
2020-02-28 1948 1144.245 -24.091 -2.105
2020-02-29 1938 1144.405 0.16 0.014
2020-03-01 1939 1144.405 0 0
2020-03-02 1950 1134.547 -9.858 -0.869
2020-03-03 1940 1159.505 24.958 2.152
2020-03-04 1931 1175.722 16.217 1.379
2020-03-05 1925 1188.824 13.102 1.102
2020-03-06 1949 1149.754 -39.07 -3.398
2020-03-07 1952 1151.648 1.894 0.164
2020-03-08 1949 1151.648 0 0
2020-03-09 1998 1076.515 -75.133 -6.979
2020-03-10 1969 1091.426 14.911 1.366
2020-03-11 2022 1039.349 -52.077 -5.011
2020-03-12 2041 985.186 -54.163 -5.498
2020-03-20 1906 1014.136 28.95 2.855
2020-03-21 1920 1014.541 0.405 0.04
2020-03-22 1920 1014.541 0 0
2020-03-23 1942 933.714 -80.827 -8.657
2020-03-26 1894 1052.376 118.662 11.276
2020-03-27 1911 1051.095 -1.281 -0.122
2020-03-28 1896 1059.608 8.513 0.803
2020-03-29 1896 1059.608 0 0
2020-03-30 1896 1059.608 0 0
2020-03-31 1904 1046.988 -12.62 -1.205
2020-04-01 1920 1046.587 -0.401 -0.038
2020-04-02 1894 1049.608 3.021 0.288
2020-04-03 1933 1021.317 -28.291 -2.77
2020-04-04 1904 1038.116 16.799 1.618
2020-04-05 1904 1038.116 0 0
2020-04-06 1904 1038.116 0 0
2020-04-07 1829 1127.148 89.032 7.899
2020-04-08 1963 1134.513 7.365 0.649
2020-04-10 1905 1196.528 62.015 5.183
2020-04-11 1905 1196.528 0 0
2020-04-12 1905 1196.528 0 0
2020-04-13 1901 1196.528 0 0
2020-04-14 1892 1205.927 9.399 0.779
2020-04-15 1874 1216.885 10.958 0.9
2020-04-17 1922 1183.703 -33.182 -2.803
2020-04-18 1927 1184.291 0.588 0.05
2020-04-19 1927 1184.291 0 0
2020-04-20 1888 1212.044 27.753 2.29
2020-04-21 1887 1204.019 -8.025 -0.667
2020-04-23 1922 1179.547 -24.472 -2.075
2020-04-24 1982 1129.977 -49.57 -4.387
2020-04-25 1978 1129.694 -0.283 -0.025
2020-04-26 1978 1129.694 0 0
2020-04-27 2024 1099.961 -29.733 -2.703
2020-04-28 1977 1148.001 48.04 4.185
2020-04-29 1988 1139.948 -8.053 -0.706
2020-04-30 1996 1140.193 0.245 0.021
