2026-06-24 3351 1000.0 0 0
2026-06-25 3346 1000.0 0 0
2026-06-26 3342 1000.0 0 0
2026-06-27 3346 1000.0 0 0
2026-06-28 3353 1000.0 0 0
2026-06-29 3347 1000.0 0 0
2026-06-30 3350 1000.0 0 0
2026-07-01 3356 1000.0 0 0
2026-07-02 3358 1000.0 0 0
2026-07-03 3364 1000.0 0 0
2026-07-04 3375 1000.0 0 0
2026-07-05 3375 1000.0 0 0
2026-07-06 3374 1000.0 0 0
2026-07-07 3366 1000.0 0 0
2026-07-08 3366 1000.0 0 0
2026-07-09 3352 1000.0 0 0
2026-07-10 3355 1000.0 0 0
2026-07-11 3369 1000.0 0 0
2026-07-12 3383 1000.0 0 0
2026-07-13 3375 1000.0 0 0
2026-07-14 3360 1000.0 0 0
2026-07-15 3368 1000.0 0 0
2026-07-16 3372 1000.0 0 0
