2019-11-07 691 3435.661 0 0
2020-01-19 709 3531.149 95.488 2.779
2020-02-07 709 3474.578 -56.571 -1.602
2020-02-15 711 3472.052 -2.526 -0.073
2020-02-16 711 3472.052 0 0
2020-02-17 712 3477.416 5.364 0.154
2020-02-18 715 3478.271 0.855 0.025
2020-02-19 720 3452.335 -25.936 -0.746
2020-02-20 717 3465.523 13.188 0.382
2020-02-21 709 3464.483 -1.04 -0.03
2020-02-22 711 3446.936 -17.547 -0.506
2020-02-23 711 3446.936 0 0
2020-02-24 705 3443.3 -3.636 -0.105
2020-02-25 709 3410.363 -32.937 -0.957
2020-02-26 710 3385.066 -25.297 -0.742
2020-02-27 704 3376.807 -8.259 -0.244
2020-02-28 708 3314.059 -62.748 -1.858
2020-02-29 718 3289.339 -24.72 -0.746
