2020-01-19 1239 2128.12 0 0
2020-02-07 1302 1994.912 -133.208 -6.677
2020-02-15 1278 2040.146 45.234 2.217
2020-02-16 1279 2040.146 0 0
2020-02-17 1274 2062.517 22.371 1.085
2020-02-18 1270 2059.903 -2.614 -0.127
2020-02-19 1260 2073.044 13.141 0.634
2020-02-20 1247 2099.379 26.335 1.254
2020-02-21 1234 2113.349 13.97 0.661
2020-02-22 1241 2107.207 -6.142 -0.291
2020-02-23 1240 2107.207 0 0
2020-02-24 1214 2132.169 24.962 1.171
2020-02-25 1209 2129.984 -2.185 -0.103
2020-02-26 1203 2134.063 4.079 0.191
2020-02-27 1211 2082.795 -51.268 -2.462
2020-02-28 1224 2037.887 -44.908 -2.204
2020-02-29 1221 2044.383 6.496 0.318
