2023-02-14 1997 1428.155 0 0
2023-02-15 1965 1457.574 29.419 2.06
2023-02-16 2048 1368.594 -88.98 -6.105
2023-02-17 2002 1412.342 43.748 3.197
2023-02-18 2002 1412.342 0 0
2023-02-19 2001 1412.342 0 0
2023-02-20 1915 1490.774 78.432 5.553
2023-02-21 1863 1517.779 27.005 1.811
2023-02-22 1874 1510.428 -7.351 -0.484
2023-02-23 1906 1487.917 -22.511 -1.49
2023-02-24 1946 1449.393 -38.524 -2.589
2023-02-25 1948 1438.352 -11.041 -0.762
2023-02-27 1991 1395.922 -42.43 -2.95
2023-03-02 1976 1414.913 18.991 1.36
2023-03-03 1999 1391.843 -23.07 -1.63
2023-03-04 1999 1393.598 1.755 0.126
2023-03-06 2016 1380.074 -13.524 -0.97
2023-03-07 2053 1344.723 -35.351 -2.562
2023-03-08 2052 1348.19 3.467 0.258
2023-03-09 2065 1324.565 -23.625 -1.752
2023-03-10 2078 1306.377 -18.188 -1.373
2023-03-11 2080 1307.034 0.657 0.05
2023-03-12 2081 1307.034 0 0
2023-03-13 2085 1299.984 -7.05 -0.539
2023-03-16 2084 1278.893 -21.091 -1.622
2023-03-18 2096 1265.668 -13.225 -1.034
2023-03-19 2096 1265.668 0 0
2023-03-20 2089 1272.096 6.428 0.508
2023-03-21 2086 1289.566 17.47 1.373
2023-03-22 2091 1280.303 -9.263 -0.718
2023-03-23 2083 1290.799 10.496 0.82
2023-03-25 2054 1328.178 37.379 2.896
2023-03-27 1970 1410.431 82.253 6.193
2023-03-30 2062 1332.491 -77.94 -5.526
2023-04-01 2072 1317.014 -15.477 -1.162
2023-04-02 2072 1317.014 0 0
2023-04-03 2064 1334.879 17.865 1.356
2023-04-06 2285 1246.868 -88.011 -6.593
2023-04-07 2289 1246.832 -0.036 -0.003
2023-04-08 2288 1246.832 0 0
2023-04-09 2287 1246.832 0 0
2023-04-10 2311 1233.985 -12.847 -1.03
2023-04-11 2324 1227.293 -6.692 -0.542
2023-04-12 2325 1221.578 -5.715 -0.466
2023-04-13 2349 1214.203 -7.375 -0.604
2023-04-14 2341 1224.024 9.821 0.809
2023-04-15 2336 1228.134 4.11 0.336
2023-04-16 2336 1228.134 0 0
2023-04-17 2310 1245.342 17.208 1.401
2023-04-18 2342 1222.666 -22.676 -1.821
2023-04-19 2354 1204.345 -18.321 -1.498
2023-04-20 2373 1188.243 -16.102 -1.337
2023-04-21 2394 1165.62 -22.623 -1.904
2023-04-22 2394 1163.861 -1.759 -0.151
2023-04-23 2394 1163.861 0 0
2023-04-24 2361 1183.105 19.244 1.653
2023-04-25 2381 1157.444 -25.661 -2.169
2023-04-26 2360 1179.992 22.548 1.948
2023-04-27 2320 1213.992 34 2.881
2023-04-28 2311 1229.903 15.911 1.311
2023-04-29 2312 1229.051 -0.852 -0.069
2023-05-01 2313 1229.051 0 0
2023-05-02 2307 1229.051 0 0
2023-05-03 2305 1229.051 0 0
2023-05-04 2276 1250.315 21.264 1.73
2023-05-06 2267 1256.178 5.863 0.469
2023-05-07 2267 1256.178 0 0
2023-05-08 2286 1240.547 -15.631 -1.244
2023-05-09 2288 1236.792 -3.755 -0.303
2023-05-10 2277 1240.553 3.761 0.304
2023-05-11 2316 1222.33 -18.223 -1.469
2023-05-12 2310 1218.505 -3.825 -0.313
2023-05-13 2303 1216.664 -1.841 -0.151
2023-05-14 2307 1216.664 0 0
2023-05-15 2288 1232.915 16.251 1.336
2023-05-16 2281 1234.715 1.8 0.146
2023-05-17 2286 1233.275 -1.44 -0.117
2023-05-19 2192 1294.565 61.29 4.97
2023-05-20 2192 1295.634 1.069 0.083
2023-05-21 2191 1295.634 0 0
2023-05-22 2179 1306.821 11.187 0.863
2023-05-23 2203 1284.546 -22.275 -1.705
2023-05-24 2211 1277.492 -7.054 -0.549
2023-05-25 2199 1282.612 5.12 0.401
2023-05-26 2210 1272.849 -9.763 -0.761
2023-05-27 2205 1275.176 2.327 0.183
2023-05-28 2205 1275.176 0 0
2023-05-29 2211 1266.823 -8.353 -0.655
2023-05-30 2204 1272.392 5.569 0.44
2023-05-31 2216 1262.169 -10.223 -0.803
