2019-11-07 1804 1328.333 0 0
2020-01-19 1822 1360.826 32.493 2.446
2020-02-07 1892 1243.994 -116.832 -8.585
2020-02-15 1935 1210.82 -33.174 -2.667
2020-02-16 1937 1210.82 0 0
2020-02-17 1944 1209.521 -1.299 -0.107
2020-02-18 1937 1209.521 0 0
2020-02-19 1975 1176.579 -32.942 -2.724
2020-02-20 1971 1187.434 10.855 0.923
2020-02-21 2004 1137.498 -49.936 -4.205
2020-02-22 2018 1124.289 -13.209 -1.161
2020-02-23 2017 1124.289 0 0
2020-02-24 2014 1124.289 0 0
2020-02-25 2059 1076.047 -48.242 -4.291
2020-02-26 2070 1059.625 -16.422 -1.526
2020-02-27 1787 1319.809 260.184 24.554
2020-02-28 1829 1253.267 -66.542 -5.042
2020-02-29 1883 1194.729 -58.538 -4.671
2020-03-01 1821 1260 65.271 5.463
2020-03-02 1829 1260 0 0
2020-03-03 1835 1260.905 0.905 0.072
2020-03-04 1791 1323.404 62.499 4.957
2020-03-05 1787 1329.708 6.304 0.476
2020-03-06 1868 1218.656 -111.052 -8.352
2020-03-07 1910 1185.212 -33.444 -2.744
2020-03-08 1906 1185.212 0 0
2020-03-09 1881 1185.212 0 0
2020-03-10 1940 1116.722 -68.49 -5.779
2020-03-11 1898 1136.205 19.483 1.745
2020-03-12 1863 1136.142 -0.063 -0.006
2020-03-13 1989 1011.79 -124.352 -10.945
2020-03-14 1978 1020.27 8.48 0.838
2020-03-15 1978 1020.27 0 0
2020-03-16 1948 1020.27 0 0
