2026-03-10 3223 1101.119 0 0
2026-03-11 3240 1089.523 -11.596 -1.053
2026-03-12 3218 1101.653 12.13 1.113
2026-03-13 3213 1100.547 -1.106 -0.1
2026-03-14 3213 1099.497 -1.05 -0.095
2026-03-15 3212 1099.497 0 0
2026-03-16 3218 1094.829 -4.668 -0.425
2026-03-17 3193 1109.769 14.94 1.365
2026-03-18 3207 1105.444 -4.325 -0.39
2026-03-19 3187 1107.965 2.521 0.228
2026-03-20 3184 1102.147 -5.818 -0.525
2026-03-21 3199 1095.447 -6.7 -0.608
2026-03-22 3199 1095.447 0 0
2026-03-23 3195 1088.894 -6.553 -0.598
2026-03-24 3213 1076.167 -12.727 -1.169
2026-03-25 3218 1082.561 6.394 0.594
2026-03-27 3232 1065.678 -16.883 -1.56
2026-03-28 3225 1069.131 3.453 0.324
2026-03-29 3224 1069.131 0 0
2026-03-30 3183 1093.704 24.573 2.298
2026-03-31 3176 1096.96 3.256 0.298
