2021-04-09 1118 2877.177 0 0
2021-04-10 1115 2877.177 0 0
2021-04-11 1115 2877.177 0 0
2021-04-12 1206 2642.558 -234.619 -8.154
2021-04-13 1206 2642.558 0 0
2021-04-14 1128 2840.132 197.574 7.477
2021-04-15 1125 2855.568 15.436 0.543
2021-04-16 1148 2809.261 -46.307 -1.622
2021-04-17 1150 2809.261 0 0
2021-04-18 1150 2809.261 0 0
2021-04-19 1127 2864.829 55.568 1.978
2021-04-20 1159 2803.087 -61.742 -2.155
2021-04-21 1046 3050.055 246.968 8.811
2021-04-22 995 3241.455 191.4 6.275
2021-04-23 835 3741.565 500.11 15.429
2021-04-24 835 3741.565 0 0
2021-04-25 835 3741.565 0 0
2021-04-26 784 3868.136 126.571 3.383
2021-04-27 788 3858.875 -9.261 -0.239
2021-04-28 847 3707.607 -151.268 -3.92
2021-04-29 955 3392.723 -314.884 -8.493
2021-04-30 960 3361.852 -30.871 -0.91
2021-05-01 956 3361.852 0 0
2021-05-02 955 3361.852 0 0
2021-05-03 930 3426.681 64.829 1.928
2021-05-04 996 3241.455 -185.226 -5.405
2021-05-05 958 3343.329 101.874 3.143
2021-05-06 959 3321.72 -21.609 -0.646
2021-05-07 932 3408.158 86.438 2.602
2021-05-08 934 3408.158 0 0
2021-05-09 934 3408.158 0 0
2021-05-10 1033 3068.577 -339.581 -9.964
2021-05-11 962 3343.329 274.752 8.954
2021-05-12 959 3321.72 -21.609 -0.646
2021-05-13 986 3204.41 -117.31 -3.532
2021-05-14 939 3386.549 182.139 5.684
2021-05-15 940 3386.549 0 0
2021-05-16 940 3386.549 0 0
2021-05-17 867 3630.43 243.881 7.201
2021-05-18 832 3735.391 104.961 2.891
2021-05-19 827 3747.739 12.348 0.331
2021-05-20 883 3590.297 -157.442 -4.201
2021-05-21 887 3581.036 -9.261 -0.258
2021-05-22 887 3581.036 0 0
2021-05-23 887 3581.036 0 0
2021-05-24 923 3476.075 -104.961 -2.931
2021-05-25 948 3401.984 -74.091 -2.131
2021-05-26 969 3358.765 -43.219 -1.27
2021-05-27 883 3621.168 262.403 7.812
2021-05-28 929 3491.51 -129.658 -3.581
2021-05-29 929 3491.51 0 0
2021-05-30 929 3491.51 0 0
2021-05-31 929 3491.51 0 0
