2020-01-19 1606 1604.097 0 0
2020-02-07 1541 1642.723 38.626 2.351
2020-02-15 1576 1619.382 -23.341 -1.441
2020-02-16 1577 1619.382 0 0
2020-02-17 1555 1643.388 24.006 1.461
2020-02-18 1544 1658.681 15.293 0.922
2020-02-19 1484 1731.033 72.352 4.18
2020-02-20 1496 1717.328 -13.705 -0.798
2020-02-21 1508 1701.825 -15.503 -0.911
2020-02-22 1506 1709.397 7.572 0.443
2020-02-23 1507 1709.397 0 0
2020-02-24 1537 1654.777 -54.62 -3.301
2020-02-25 1544 1626.304 -28.473 -1.751
2020-02-26 1519 1645.889 19.585 1.19
2020-02-27 1527 1613.823 -32.066 -1.987
2020-02-28 1518 1604.351 -9.472 -0.59
2020-02-29 1516 1603.999 -0.352 -0.022
2020-03-01 1522 1603.999 0 0
2020-03-02 1511 1624.168 20.169 1.242
2020-03-03 1475 1685.098 60.93 3.616
2020-03-04 1471 1697.754 12.656 0.745
2020-03-05 1492 1665.23 -32.524 -1.953
2020-03-06 1509 1621.497 -43.733 -2.697
2020-03-07 1491 1639.104 17.607 1.074
2020-03-08 1487 1636.509 -2.595 -0.159
2020-03-09 1522 1587.458 -49.051 -3.09
2020-03-10 1531 1544.952 -42.506 -2.751
2020-03-11 1565 1498.019 -46.933 -3.133
2020-03-12 1620 1383.853 -114.166 -8.25
2020-03-13 1635 1348.171 -35.682 -2.647
2020-03-14 1637 1346.678 -1.493 -0.111
2020-03-15 1637 1346.678 0 0
2020-03-16 1645 1302.117 -44.561 -3.422
2020-03-17 1581 1364.01 61.893 4.538
2020-03-18 1617 1294.638 -69.372 -5.358
2020-03-19 1644 1250.219 -44.419 -3.553
2020-03-20 1586 1321.09 70.871 5.365
2020-03-21 1590 1319.537 -1.553 -0.118
2020-03-22 1590 1319.537 0 0
2020-03-23 1586 1296.096 -23.441 -1.809
2020-03-24 1562 1304.603 8.507 0.652
2020-03-25 1554 1359.995 55.392 4.073
2020-03-26 1486 1472.17 112.175 7.62
2020-03-27 1501 1475.948 3.778 0.256
2020-03-28 1472 1498.252 22.304 1.489
2020-03-29 1472 1498.252 0 0
2020-03-30 1472 1498.252 0 0
2020-03-31 1427 1540.671 42.419 2.753
2020-04-01 1388 1597.903 57.232 3.582
2020-04-02 1406 1547.838 -50.065 -3.235
2020-04-03 1437 1514.195 -33.643 -2.222
2020-04-04 1454 1490.726 -23.469 -1.574
2020-04-05 1454 1490.726 0 0
2020-04-06 1454 1490.726 0 0
2020-04-07 1448 1531.68 40.954 2.674
2020-04-08 1467 1584.327 52.647 3.323
2020-04-10 1445 1621.471 37.144 2.291
2020-04-11 1445 1621.471 0 0
2020-04-12 1445 1621.471 0 0
2020-04-13 1443 1621.471 0 0
2020-04-14 1397 1698.226 76.755 4.52
2020-04-15 1426 1663.252 -34.974 -2.103
2020-04-17 1434 1645.739 -17.513 -1.064
2020-04-18 1438 1651.653 5.914 0.358
2020-04-19 1438 1651.653 0 0
2020-04-20 1419 1679.628 27.975 1.666
2020-04-21 1402 1677.106 -2.522 -0.15
2020-04-23 1408 1676.195 -0.911 -0.054
2020-04-24 1415 1665.213 -10.982 -0.659
2020-04-25 1412 1662.693 -2.52 -0.152
2020-04-26 1412 1662.693 0 0
2020-04-27 1391 1704.095 41.402 2.43
2020-04-28 1394 1709.947 5.852 0.342
2020-04-29 1407 1704.751 -5.196 -0.305
2020-04-30 1370 1770.421 65.67 3.709
