2019-11-07 1413 1774.118 0 0
2020-01-19 1208 2177.624 403.506 22.744
2020-02-07 1187 2189.679 12.055 0.554
2020-02-15 1180 2215.186 25.507 1.165
2020-02-16 1181 2215.186 0 0
2020-02-17 1152 2276.939 61.753 2.788
2020-02-18 1152 2269.377 -7.562 -0.332
2020-02-19 1150 2275.581 6.204 0.273
2020-02-20 1150 2273.888 -1.693 -0.074
2020-02-21 1152 2262.14 -11.748 -0.517
2020-02-22 1144 2282.024 19.884 0.879
2020-02-23 1144 2282.024 0 0
2020-02-24 1205 2152.43 -129.594 -5.679
2020-02-25 1225 2101.346 -51.084 -2.373
2020-02-26 1218 2112.123 10.777 0.513
2020-02-27 1246 2029.125 -82.998 -3.93
2020-02-28 1238 2014.587 -14.538 -0.716
2020-02-29 1252 2005.507 -9.08 -0.451
2020-03-01 1253 2005.507 0 0
2020-03-02 1272 1997.933 -7.574 -0.378
2020-03-03 1201 2107.458 109.525 5.482
2020-03-04 1205 2117.212 9.754 0.463
2020-03-05 1228 2068.739 -48.473 -2.289
2020-03-06 1247 2029.059 -39.68 -1.918
2020-03-07 1229 2049.279 20.22 0.997
2020-03-08 1228 2049.279 0 0
2020-03-09 1271 1942.091 -107.188 -5.231
2020-03-10 1257 1954.105 12.014 0.619
2020-03-11 1278 1896.876 -57.229 -2.929
2020-03-12 1386 1651.405 -245.471 -12.941
2020-03-13 1399 1614.847 -36.558 -2.214
2020-03-14 1399 1618.451 3.604 0.223
2020-03-15 1398 1618.451 0 0
2020-03-16 1401 1573.554 -44.897 -2.774
2020-03-17 1349 1633.144 59.59 3.787
2020-03-18 1315 1654.276 21.132 1.294
2020-03-19 1327 1607.893 -46.383 -2.804
2020-03-20 1329 1607.769 -0.124 -0.008
2020-03-21 1325 1615.785 8.016 0.499
2020-03-22 1325 1615.785 0 0
2020-03-23 1398 1500.856 -114.929 -7.113
2020-03-24 1386 1503.155 2.299 0.153
2020-03-25 1341 1609.171 106.016 7.053
2020-03-26 1303 1705.637 96.466 5.995
2020-03-27 1291 1741.917 36.28 2.127
2020-03-28 1327 1686.83 -55.087 -3.162
2020-03-29 1327 1686.83 0 0
2020-03-30 1327 1686.83 0 0
2020-03-31 1280 1739.145 52.315 3.101
