2019-11-07 1543 1612.899 0 0
2020-01-19 773 3304.165 1691.266 104.859
2020-02-07 748 3343.831 39.666 1.2
2020-02-15 773 3240.101 -103.73 -3.102
2020-02-16 773 3240.101 0 0
2020-02-17 1189 2208.308 -1031.793 -31.844
2020-02-18 1189 2208.308 0 0
2020-02-19 1202 2186.64 -21.668 -0.981
2020-02-20 1206 2175.841 -10.799 -0.494
2020-02-21 1209 2166.183 -9.658 -0.444
2020-02-22 1205 2171.918 5.735 0.265
2020-02-23 1204 2171.918 0 0
2020-02-24 1195 2171.918 0 0
2020-02-25 1191 2168.206 -3.712 -0.171
2020-02-26 1184 2168.206 0 0
2020-02-27 1171 2168.206 0 0
2020-02-28 1171 2126.204 -42.002 -1.937
2020-02-29 1184 2109.192 -17.012 -0.8
