2020-01-19 2181 1010.673 0 0
2020-06-04 2206 1014.163 3.49 0.344
2020-06-05 2195 1039.582 25.419 2.445
2020-06-06 2201 1036.759 -2.823 -0.272
2020-06-07 2201 1036.759 0 0
2020-06-08 2211 1033.981 -2.778 -0.269
2020-06-09 2184 1047.377 13.396 1.279
2020-06-10 2177 1050.439 3.062 0.291
2020-06-11 2184 1033.2 -17.239 -1.669
2020-06-12 2191 1024.96 -8.24 -0.804
2020-06-13 2199 1012.857 -12.103 -1.195
2020-06-14 2199 1012.857 0 0
2020-06-15 2201 1008.935 -3.922 -0.389
2020-06-16 2211 1001.849 -7.086 -0.707
2020-06-19 2189 1032.694 30.845 2.987
2020-06-20 2194 1029.345 -3.349 -0.325
2020-06-21 2194 1029.345 0 0
2020-06-22 2202 1026.78 -2.565 -0.25
2020-06-23 2169 1045.866 19.086 1.825
2020-06-24 2169 1045.866 0 0
2020-06-25 2168 1042.123 -3.743 -0.359
2020-06-26 2178 1036.366 -5.757 -0.555
2020-06-27 2174 1035.321 -1.045 -0.101
2020-06-28 2174 1035.321 0 0
2020-06-29 2170 1036.851 1.53 0.148
2020-06-30 2173 1039.423 2.572 0.247
2020-07-01 2167 1045.495 6.072 0.581
2020-07-07 2144 1073.188 27.693 2.58
2020-07-08 2147 1078.67 5.482 0.508
2020-07-09 2148 1077 -1.67 -0.155
2020-07-10 2154 1069.583 -7.417 -0.693
2020-07-11 2152 1072.004 2.421 0.226
2020-07-12 2152 1072.004 0 0
2020-07-13 2148 1078.855 6.851 0.635
2020-07-14 2160 1065.382 -13.473 -1.265
2020-07-15 2172 1058.722 -6.66 -0.629
2020-07-16 2171 1058.722 0 0
2020-07-17 2167 1061.357 2.635 0.248
2020-07-18 2167 1061.357 0 0
2020-07-20 2168 1062.27 0.913 0.086
2020-07-21 2165 1062.27 0 0
2020-07-22 2178 1060.353 -1.917 -0.181
2020-07-23 2163 1074.125 13.772 1.282
2020-07-24 2170 1057.989 -16.136 -1.525
2020-07-25 2167 1060.571 2.582 0.243
2020-07-26 2161 1060.571 0 0
2020-07-27 2155 1063.161 2.59 0.244
2020-07-28 2145 1077.887 14.726 1.366
2020-07-29 2157 1067.204 -10.683 -1.001
2020-07-30 2169 1058.215 -8.989 -0.849
2020-07-31 2166 1062.755 4.54 0.427
2020-08-04 2152 1080.193 17.438 1.614
2020-08-05 2154 1086.366 6.173 0.568
2020-08-06 2140 1100.195 13.829 1.257
2020-08-07 2120 1110.119 9.924 0.894
2020-08-08 2127 1105.015 -5.104 -0.462
2020-08-09 2127 1105.015 0 0
2020-08-10 2128 1104.581 -0.434 -0.039
2020-08-12 2125 1113.279 8.698 0.781
2020-08-13 2121 1116.723 3.444 0.308
2020-08-14 2129 1112.854 -3.869 -0.348
2020-08-15 2129 1112.064 -0.79 -0.071
2020-08-16 2129 1112.064 0 0
2020-08-17 2119 1120.185 8.121 0.725
2020-08-18 2116 1123.581 3.396 0.302
2020-08-19 2106 1132.32 8.739 0.772
2020-08-20 2108 1128.033 -4.287 -0.38
2020-08-21 2092 1142.441 14.408 1.261
2020-08-22 2096 1136.52 -5.921 -0.521
2020-08-23 2096 1136.52 0 0
2020-08-24 2091 1142.874 6.354 0.556
2020-08-25 2085 1153.005 10.131 0.879
2020-08-26 2063 1166.635 13.63 1.168
2020-08-27 2080 1153.357 -13.278 -1.151
2020-08-28 2091 1146.748 -6.609 -0.576
2020-08-29 2084 1157.253 10.505 0.908
2020-08-30 2084 1157.253 0 0
2020-08-31 2094 1147.021 -10.232 -0.892
2020-09-01 2069 1169.738 22.717 1.942
2020-09-02 2081 1165.764 -3.974 -0.341
2020-09-03 2101 1142.943 -22.821 -1.997
2020-09-04 2115 1129.044 -13.899 -1.231
2020-09-05 2119 1125.314 -3.73 -0.331
2020-09-06 2119 1125.314 0 0
2020-09-07 2102 1136.779 11.465 1.009
2020-09-08 2108 1130.928 -5.851 -0.517
2020-09-09 2104 1127.86 -3.068 -0.272
2020-09-10 2107 1128.341 0.481 0.043
2020-09-11 2108 1131.995 3.654 0.323
2020-09-12 2111 1128.245 -3.75 -0.332
2020-09-13 2111 1128.245 0 0
2020-09-14 2111 1133.076 4.831 0.426
2020-09-15 2101 1142.161 9.085 0.795
2020-09-16 2099 1145.789 3.628 0.317
2020-09-17 2102 1142.743 -3.046 -0.267
2020-09-18 2089 1153.824 11.081 0.96
2020-09-19 2086 1158.887 5.063 0.437
2020-09-21 2087 1146.837 -12.05 -1.051
2020-09-22 2090 1138.477 -8.36 -0.734
2020-09-23 2074 1143.856 5.379 0.47
2020-09-24 2088 1127.174 -16.682 -1.48
2020-09-25 2080 1129.214 2.04 0.181
2020-09-26 2083 1127.115 -2.099 -0.186
2020-09-27 2083 1127.115 0 0
2020-09-28 2076 1132.479 5.364 0.474
2020-09-29 2074 1138.045 5.566 0.489
2020-09-30 2057 1156.733 18.688 1.616
2020-10-01 2048 1168.417 11.684 1
2020-10-03 2061 1155.746 -12.671 -1.096
2020-10-04 2061 1155.746 0 0
2020-10-05 2051 1166.936 11.19 0.959
2020-10-06 2060 1161.292 -5.644 -0.486
2020-10-07 2060 1161.292 0 0
2020-10-08 2058 1173.305 12.013 1.024
2020-10-09 2051 1184.702 11.397 0.962
2020-10-10 2047 1191.421 6.719 0.564
2020-10-11 2049 1191.421 0 0
2020-10-12 2061 1187.722 -3.699 -0.311
2020-10-13 2056 1192.015 4.293 0.36
2020-10-14 2059 1181.092 -10.923 -0.925
2020-10-16 2065 1176.041 -5.051 -0.429
2020-10-17 2065 1176.041 0 0
2020-10-18 2065 1176.041 0 0
2020-10-19 2059 1178.835 2.794 0.237
2020-10-20 2054 1184.748 5.913 0.499
2020-10-21 2059 1180.789 -3.959 -0.335
2020-10-22 2059 1188.7 7.911 0.666
2020-10-23 2065 1176.96 -11.74 -0.997
2020-10-24 2065 1177.796 0.836 0.071
2020-10-25 2064 1177.796 0 0
2020-10-26 2062 1177.401 -0.395 -0.034
2020-10-27 2067 1171.439 -5.962 -0.509
2020-10-28 2065 1169.473 -1.966 -0.168
2020-10-29 2061 1167.851 -1.622 -0.139
2020-10-30 2070 1149.369 -18.482 -1.608
2020-10-31 2069 1148.432 -0.937 -0.082
2020-11-01 2069 1148.432 0 0
2020-11-02 2066 1160.81 12.378 1.066
2020-11-03 2059 1169.66 8.85 0.757
2020-11-04 2046 1195.361 25.701 2.15
2020-11-05 2054 1189.65 -5.711 -0.48
2020-11-06 2041 1202.972 13.322 1.107
2020-11-07 2038 1207.972 5 0.414
2020-11-08 2038 1207.972 0 0
2020-11-09 2090 1166.884 -41.088 -3.521
2020-11-10 2125 1147.501 -19.383 -1.689
2020-11-11 2094 1171.243 23.742 2.027
2020-11-12 2094 1171.342 0.099 0.008
2020-11-13 2092 1175.237 3.895 0.331
2020-11-14 2084 1176.209 0.972 0.083
2020-11-15 2084 1176.209 0 0
2020-11-17 2081 1193.283 17.074 1.431
2020-11-18 2064 1200.02 6.737 0.561
2020-11-19 2076 1197.544 -2.476 -0.207
2020-11-20 2087 1186.94 -10.604 -0.893
2020-11-21 2089 1188.347 1.407 0.118
2020-11-22 2090 1188.347 0 0
2020-11-23 2095 1186.98 -1.367 -0.115
2020-11-24 2112 1164.37 -22.61 -1.942
2020-11-25 2105 1170.345 5.975 0.511
2020-11-26 2091 1193.514 23.169 1.941
2020-11-27 2073 1203.571 10.057 0.836
2020-11-28 2068 1208.46 4.889 0.405
2020-11-29 2068 1208.46 0 0
2020-11-30 2054 1219.338 10.878 0.892
2020-12-01 2064 1214.922 -4.416 -0.363
2020-12-02 2055 1220.906 5.984 0.49
2020-12-03 2059 1218.721 -2.185 -0.179
2020-12-04 2062 1220.608 1.887 0.155
2020-12-05 2068 1218.83 -1.778 -0.146
2020-12-06 2069 1218.83 0 0
2020-12-07 2066 1219.139 0.309 0.025
2020-12-08 2071 1217 -2.139 -0.176
2020-12-09 2074 1218.923 1.923 0.158
2020-12-10 2081 1214.276 -4.647 -0.383
2020-12-11 2072 1220.193 5.917 0.485
2020-12-12 2074 1217.977 -2.216 -0.182
2020-12-13 2074 1217.977 0 0
2020-12-14 2046 1245.545 27.568 2.213
2020-12-15 2057 1236.379 -9.166 -0.741
2020-12-16 2054 1239.028 2.649 0.214
2020-12-17 2016 1284.463 45.435 3.537
2020-12-18 2013 1297.258 12.795 0.986
2020-12-19 2013 1296.147 -1.111 -0.086
2020-12-20 2013 1296.147 0 0
2020-12-21 2015 1287.581 -8.566 -0.665
2020-12-22 1998 1297.396 9.815 0.757
2020-12-23 2055 1282.167 -15.229 -1.188
2020-12-24 2056 1284.042 1.875 0.146
2020-12-25 2060 1283.729 -0.313 -0.024
2020-12-26 2060 1283.729 0 0
2020-12-27 2061 1283.729 0 0
2020-12-28 2066 1276.732 -6.997 -0.548
2020-12-29 2019 1330.487 53.755 4.04
2020-12-31 2016 1339.096 8.609 0.643
2021-01-01 2021 1332.051 -7.045 -0.529
2021-01-02 2021 1332.051 0 0
2021-01-03 2021 1332.051 0 0
2021-01-04 2012 1349.767 17.716 1.313
2021-01-05 1980 1382.503 32.736 2.368
2021-01-06 1985 1380.985 -1.518 -0.11
2021-01-07 1998 1371.693 -9.292 -0.677
2021-01-08 1966 1406.605 34.912 2.482
2021-01-09 1941 1430.766 24.161 1.689
2021-01-10 1942 1430.766 0 0
2021-01-11 1976 1395.236 -35.53 -2.547
2021-01-12 1964 1412.417 17.181 1.216
2021-01-13 1963 1417.878 5.461 0.385
2021-01-14 1969 1418.619 0.741 0.052
2021-01-15 1982 1402.264 -16.355 -1.166
2021-01-16 1985 1397.347 -4.917 -0.352
2021-01-17 1985 1397.347 0 0
2021-01-18 1978 1408.974 11.627 0.825
2021-01-19 1997 1397.171 -11.803 -0.845
2021-01-20 1991 1401.803 4.632 0.33
2021-01-21 1980 1418.476 16.673 1.175
2021-01-22 1958 1427.885 9.409 0.659
2021-01-23 1954 1430.492 2.607 0.182
2021-01-24 1954 1430.492 0 0
2021-01-25 1948 1435.89 5.398 0.376
2021-01-26 1961 1429.095 -6.795 -0.475
2021-01-27 1959 1416.622 -12.473 -0.88
2021-01-28 1975 1395.041 -21.581 -1.547
2021-01-29 1966 1392.466 -2.575 -0.185
2021-01-30 1964 1395.511 3.045 0.218
2021-01-31 1966 1395.511 0 0
2021-02-01 1965 1401.616 6.105 0.436
2021-02-02 1977 1392.559 -9.057 -0.65
2021-02-03 1980 1403.318 10.759 0.767
2021-02-04 1987 1394.673 -8.645 -0.62
2021-02-05 1988 1398.514 3.841 0.275
2021-02-06 1986 1403.895 5.381 0.383
2021-02-07 1987 1403.895 0 0
2021-02-08 1992 1403.872 -0.023 -0.002
2021-02-09 1990 1407.58 3.708 0.263
2021-02-10 1987 1409.103 1.523 0.108
2021-02-11 1979 1419.738 10.635 0.749
2021-02-12 1979 1420.154 0.416 0.029
2021-02-13 1981 1418.605 -1.549 -0.109
2021-02-14 1981 1418.605 0 0
2021-02-15 1971 1430.751 12.146 0.849
2021-02-16 1973 1437.462 6.711 0.467
2021-02-17 2003 1400.412 -37.05 -2.646
2021-02-19 2009 1398.4 -2.012 -0.144
2021-02-20 2002 1404.675 6.275 0.447
2021-02-21 2003 1404.675 0 0
2021-02-22 2032 1372.701 -31.974 -2.329
2021-02-23 2036 1368.949 -3.752 -0.274
2021-02-24 2040 1362.489 -6.46 -0.474
2021-02-25 2173 1220.147 -142.342 -11.666
2021-02-26 2159 1229.55 9.403 0.765
2021-02-27 2163 1220.894 -8.656 -0.709
2021-02-28 2164 1220.894 0 0
2021-03-01 2166 1220.657 -0.237 -0.019
2021-03-02 2176 1211.858 -8.799 -0.726
2021-03-03 2190 1206.639 -5.219 -0.433
2021-03-04 2190 1207.805 1.166 0.097
2021-03-05 2205 1194.52 -13.285 -1.112
2021-03-06 2214 1181.433 -13.087 -1.108
2021-03-07 2214 1181.433 0 0
2021-03-08 2210 1182.041 0.608 0.051
2021-03-09 2197 1185.968 3.927 0.331
2021-03-11 2175 1206.265 20.297 1.683
2021-03-12 2184 1205.198 -1.067 -0.089
2021-03-13 2183 1202.896 -2.302 -0.191
2021-03-14 2184 1202.896 0 0
2021-03-15 2180 1202.755 -0.141 -0.012
2021-03-16 2170 1213.524 10.769 0.887
2021-03-18 2192 1196.202 -17.322 -1.448
2021-03-19 2191 1196.202 0 0
2021-03-20 2195 1190.263 -5.939 -0.499
2021-03-21 2195 1190.263 0 0
2021-03-22 2191 1196.483 6.22 0.52
2021-03-23 2176 1205.205 8.722 0.724
2021-03-24 2185 1191.234 -13.971 -1.173
2021-03-26 2196 1184.997 -6.237 -0.526
2021-03-27 2197 1181.642 -3.355 -0.284
2021-03-28 2197 1181.642 0 0
2021-03-29 2196 1174.143 -7.499 -0.639
2021-03-30 2195 1173.567 -0.576 -0.049
2021-03-31 2201 1169.349 -4.218 -0.361
2021-04-01 2200 1176.455 7.106 0.604
2021-04-02 2199 1177.147 0.692 0.059
2021-04-03 2199 1177.147 0 0
2021-04-04 2200 1177.147 0 0
2021-04-05 2199 1177.147 0 0
2021-04-06 2195 1185.213 8.066 0.681
2021-04-07 2197 1190.36 5.147 0.432
2021-04-08 2194 1191.78 1.42 0.119
2021-04-09 2457 1198.403 6.623 0.553
2021-04-10 2455 1197.548 -0.855 -0.071
2021-04-11 2456 1197.548 0 0
2021-04-12 2442 1194.877 -2.671 -0.224
2021-04-13 2431 1200.931 6.054 0.504
2021-04-14 2425 1212.934 12.003 0.99
2021-04-15 2424 1216.828 3.894 0.32
2021-04-16 2412 1227.58 10.752 0.876
2021-04-17 2414 1228.462 0.882 0.072
2021-04-18 2414 1228.462 0 0
2021-04-19 2432 1218.935 -9.527 -0.782
2021-04-20 2432 1218.422 -0.513 -0.042
2021-04-21 2424 1223.807 5.385 0.44
2021-04-22 2433 1225.477 1.67 0.136
2021-04-23 2435 1227.239 1.762 0.144
2021-04-24 2435 1227.239 0 0
2021-04-25 2430 1230.048 2.809 0.228
2021-04-26 2443 1226.803 -3.245 -0.265
2021-04-27 2445 1228.522 1.719 0.14
2021-04-28 2440 1228.428 -0.094 -0.008
2021-04-29 2433 1227.801 -0.627 -0.051
2021-04-30 2436 1223.477 -4.324 -0.353
2021-05-01 2451 1215.966 -7.511 -0.618
2021-05-02 2450 1215.966 0 0
2021-05-03 2449 1217.089 1.123 0.092
2021-05-04 2448 1211.761 -5.328 -0.44
2021-05-05 2448 1213.197 1.436 0.118
2021-05-06 2452 1208.977 -4.22 -0.349
2021-05-07 2428 1224.388 15.411 1.259
2021-05-08 2427 1232.862 8.474 0.687
2021-05-09 2427 1232.862 0 0
2021-05-10 2443 1219.075 -13.787 -1.131
2021-05-11 2430 1222.381 3.306 0.27
2021-05-12 2431 1218.633 -3.748 -0.308
2021-05-13 2420 1212.645 -5.988 -0.494
2021-05-14 2435 1212.713 0.068 0.006
2021-05-15 2428 1218.598 5.885 0.483
2021-05-16 2428 1218.598 0 0
2021-05-17 2415 1231.576 12.978 1.054
2021-05-18 2394 1248.912 17.336 1.388
2021-05-19 2416 1232.46 -16.452 -1.335
2021-05-20 2412 1242.237 9.777 0.787
2021-05-21 2411 1238.35 -3.887 -0.314
2021-05-22 2415 1235.633 -2.717 -0.22
2021-05-24 2412 1235.633 0 0
2021-05-25 2391 1258.188 22.555 1.793
2021-05-26 2398 1257.862 -0.326 -0.026
2021-05-27 2390 1270.475 12.613 0.993
2021-05-28 2401 1265.179 -5.296 -0.419
2021-05-29 2401 1263.175 -2.004 -0.159
2021-05-30 2401 1263.175 0 0
2021-05-31 2391 1279.226 16.051 1.255
2021-06-01 2364 1305.31 26.084 1.998
2021-06-02 2353 1313.45 8.14 0.62
2021-06-03 2342 1321.298 7.848 0.594
2021-06-04 2343 1324.011 2.713 0.205
2021-06-05 2341 1326.91 2.899 0.218
2021-06-06 2341 1326.91 0 0
2021-06-07 2334 1331.52 4.61 0.346
2021-06-08 2338 1335.888 4.368 0.327
2021-06-09 2366 1304.625 -31.263 -2.396
2021-06-10 2371 1302.738 -1.887 -0.145
2021-06-11 2364 1309.312 6.574 0.502
2021-06-12 2372 1302.81 -6.502 -0.499
2021-06-13 2372 1302.81 0 0
2021-06-14 2364 1311.047 8.237 0.628
2021-06-16 2339 1325.85 14.803 1.116
2021-06-17 2340 1326.207 0.357 0.027
2021-06-18 2349 1308.974 -17.233 -1.317
2021-06-19 2349 1308.974 0 0
2021-06-20 2356 1299.508 -9.466 -0.728
2021-06-21 2354 1302.127 2.619 0.201
2021-06-22 2359 1298.996 -3.131 -0.241
2021-06-23 2351 1307.765 8.769 0.671
2021-06-24 2341 1320.083 12.318 0.933
2021-06-25 2344 1315.953 -4.13 -0.314
2021-06-26 2344 1318.626 2.673 0.203
2021-06-27 2344 1318.626 0 0
2021-06-28 2338 1329.886 11.26 0.847
2021-06-29 2331 1338.819 8.933 0.667
2021-06-30 2331 1337.388 -1.431 -0.107
