2020-01-19 1860 1319.298 0 0
2020-02-07 1851 1294.264 -25.034 -1.934
2020-02-15 1839 1316.118 21.854 1.66
2020-02-16 1839 1316.118 0 0
2020-02-17 1843 1311.363 -4.755 -0.363
2020-02-18 1843 1310.266 -1.097 -0.084
2020-02-19 1835 1315.955 5.689 0.432
2020-02-20 1846 1299.619 -16.336 -1.257
2020-02-21 1849 1284.095 -15.524 -1.209
2020-02-22 1845 1291.916 7.821 0.605
2020-02-23 1843 1291.916 0 0
2020-02-24 1841 1287.181 -4.735 -0.368
2020-02-25 1839 1275.862 -11.319 -0.887
2020-02-26 1829 1284.463 8.601 0.67
2020-02-27 1838 1254.345 -30.118 -2.401
2020-02-28 1854 1224.458 -29.887 -2.441
2020-02-29 1855 1214.918 -9.54 -0.785
