2025-04-04 2399 1371.696 0 0
2025-04-05 2385 1372.635 0.939 0.068
2025-04-06 2384 1372.635 0 0
2025-04-07 2358 1362.815 -9.82 -0.715
2025-04-08 2355 1357.341 -5.474 -0.402
2025-04-09 2368 1352.912 -4.429 -0.326
2025-04-10 2375 1362.909 9.997 0.739
2025-04-11 2377 1362.909 0 0
2025-04-12 2385 1376.599 13.69 1.004
2025-04-13 2385 1376.599 0 0
2025-04-14 2397 1374.136 -2.463 -0.179
2025-04-15 2402 1379.445 5.309 0.386
2025-04-16 2393 1380.965 1.52 0.11
2025-04-17 2394 1385.051 4.086 0.296
2025-04-18 2389 1390.57 5.519 0.398
2025-04-19 2389 1390.57 0 0
2025-04-20 2389 1390.57 0 0
2025-04-21 2387 1390.57 0 0
2025-04-22 2400 1391.644 1.074 0.077
2025-04-23 2410 1389.951 -1.693 -0.122
2025-04-24 2403 1392.528 2.577 0.185
2025-04-25 2407 1394.795 2.267 0.163
2025-04-26 2404 1394.6 -0.195 -0.014
2025-04-27 2404 1394.6 0 0
2025-04-28 2404 1397.09 2.49 0.179
2025-04-29 2412 1396.756 -0.334 -0.024
2025-04-30 2397 1410.084 13.328 0.954
2025-05-01 2395 1412.607 2.523 0.179
2025-05-02 2380 1429.015 16.408 1.162
2025-05-03 2370 1440.397 11.382 0.796
2025-05-04 2371 1440.397 0 0
2025-05-05 2383 1434.006 -6.391 -0.444
2025-05-06 2376 1434.006 0 0
2025-05-07 2372 1439.925 5.919 0.413
2025-05-08 2374 1439.829 -0.096 -0.007
2025-05-09 2375 1430.993 -8.836 -0.614
2025-05-10 2380 1427.672 -3.321 -0.232
2025-05-11 2380 1427.672 0 0
2025-05-12 2399 1427.672 0 0
2025-05-13 2385 1432.742 5.07 0.355
2025-05-14 2396 1428.731 -4.011 -0.28
2025-05-15 2394 1431.661 2.93 0.205
2025-05-16 2400 1430.576 -1.085 -0.076
2025-05-17 2403 1427.879 -2.697 -0.189
2025-05-18 2404 1427.879 0 0
2025-05-19 2407 1425.344 -2.535 -0.178
2025-05-20 2410 1421.299 -4.045 -0.284
2025-05-21 2416 1420.925 -0.374 -0.026
2025-05-22 2426 1416.709 -4.216 -0.297
2025-05-23 2418 1418.745 2.036 0.144
2025-05-24 2418 1418.745 0 0
2025-05-25 2411 1427.372 8.627 0.608
2025-05-26 2411 1428.66 1.288 0.09
2025-05-27 2417 1427.372 -1.288 -0.09
2025-05-28 2422 1426.981 -0.391 -0.027
2025-05-29 2415 1429.923 2.942 0.206
2025-05-30 2421 1424.652 -5.271 -0.369
2025-05-31 2424 1422.051 -2.601 -0.183
2025-06-01 2424 1422.051 0 0
2025-06-02 2423 1422.051 0 0
2025-06-03 2450 1402.859 -19.192 -1.35
2025-06-04 2441 1410.331 7.472 0.533
2025-06-05 2432 1421.462 11.131 0.789
2025-06-06 2431 1422.432 0.97 0.068
2025-06-07 2429 1422.328 -0.104 -0.007
2025-06-08 2430 1422.328 0 0
2025-06-09 2433 1427.477 5.149 0.362
2025-06-10 2436 1426.19 -1.287 -0.09
2025-06-11 2439 1421.285 -4.905 -0.344
2025-06-12 2437 1426.01 4.725 0.332
2025-06-13 2427 1429.477 3.467 0.243
2025-06-14 2428 1424.339 -5.138 -0.359
2025-06-15 2426 1424.339 0 0
2025-06-16 2432 1425.622 1.283 0.09
2025-06-17 2429 1424.098 -1.524 -0.107
2025-06-18 2440 1418.961 -5.137 -0.361
2025-06-19 2434 1416.891 -2.07 -0.146
2025-06-20 2430 1416.891 0 0
2025-06-21 2429 1416.478 -0.413 -0.029
2025-06-22 2429 1416.478 0 0
2025-06-23 2433 1416.478 0 0
2025-06-24 2491 1374.829 -41.649 -2.94
2025-06-25 2477 1398.986 24.157 1.757
2025-06-26 2473 1401.553 2.567 0.183
2025-06-27 2477 1404.612 3.059 0.218
2025-06-28 2477 1404.612 0 0
2025-06-29 2477 1404.612 0 0
2025-06-30 2462 1417.49 12.878 0.917
2025-07-01 2465 1418.762 1.272 0.09
2025-07-02 2461 1425.167 6.405 0.451
2025-07-03 2462 1421.353 -3.814 -0.268
2025-07-04 2476 1409.71 -11.643 -0.819
2025-07-05 2476 1409.71 0 0
2025-07-06 2476 1409.71 0 0
