2024-03-30 822 3900 0 0
2024-03-31 822 3900 0 0
2024-04-02 824 3900 0 0
2024-04-03 822 3900 0 0
2024-04-04 825 3900 0 0
2024-04-05 826 3900 0 0
2024-04-06 822 3900 0 0
2024-04-07 822 3900 0 0
2024-04-08 822 3900 0 0
2024-04-09 822 3900 0 0
2024-04-10 820 3900 0 0
2024-04-11 813 3900 0 0
2024-04-12 811 3900 0 0
2024-04-13 805 3900 0 0
2024-04-14 805 3900 0 0
2024-04-15 806 3900 0 0
2024-04-16 799 3900 0 0
2024-04-17 797 3900 0 0
2024-04-18 799 3900 0 0
2024-04-19 797 3900 0 0
2024-04-20 798 3900 0 0
2024-04-21 798 3900 0 0
2024-04-22 801 3900 0 0
2024-04-23 807 3900 0 0
2024-04-24 811 3900 0 0
2024-04-25 806 3900 0 0
2024-04-26 809 3900 0 0
2024-04-27 807 3900 0 0
2024-04-28 807 3900 0 0
2024-04-29 810 3900 0 0
2024-04-30 806 3900 0 0
2024-05-01 804 3900 0 0
2024-05-02 810 3900 0 0
2024-05-03 810 3900 0 0
2024-05-04 812 3900 0 0
2024-05-05 812 3900 0 0
2024-05-06 817 3900 0 0
2024-05-07 819 3900 0 0
2024-05-08 817 3900 0 0
2024-05-09 815 3900 0 0
2024-05-10 820 3900 0 0
2024-05-11 822 3900 0 0
2024-05-12 823 3900 0 0
2024-05-13 825 3900 0 0
2024-05-14 827 3900 0 0
2024-05-15 823 3900 0 0
2024-05-16 828 3900 0 0
2024-05-17 829 3900 0 0
2024-05-18 824 3900 0 0
2024-05-19 824 3900 0 0
2024-05-20 824 3900 0 0
2024-05-21 822 3900 0 0
2024-05-22 821 3900 0 0
2024-05-23 815 3900 0 0
2024-05-24 814 3900 0 0
2024-05-25 814 3900 0 0
2024-05-26 814 3900 0 0
2024-05-27 823 3900 0 0
2024-05-28 817 3900 0 0
2024-05-29 812 3900 0 0
2024-05-30 813 3900 0 0
2024-05-31 810 3900 0 0
2024-06-01 813 3900 0 0
2024-06-02 813 3900 0 0
2024-06-03 814 3900 0 0
2024-06-04 811 3900 0 0
2024-06-05 821 3900 0 0
2024-06-06 824 3900 0 0
2024-06-07 820 3900 0 0
2024-06-09 824 3900 0 0
2024-06-10 823 3900 0 0
2024-06-11 816 3900 0 0
2024-06-12 816 3900 0 0
2024-06-13 814 3900 0 0
2024-06-14 812 3900 0 0
2024-06-15 811 3900 0 0
2024-06-16 811 3900 0 0
2024-06-17 811 3900 0 0
2024-06-18 814 3900 0 0
2024-06-19 814 3900 0 0
2024-06-20 815 3900 0 0
2024-06-21 806 3900 0 0
2024-06-22 805 3900 0 0
2024-06-23 805 3900 0 0
2024-06-24 815 3900 0 0
2024-06-25 817 3900 0 0
2024-06-26 815 3900 0 0
2024-06-27 816 3900 0 0
2024-06-28 818 3900 0 0
2024-06-29 821 3900 0 0
2024-06-30 821 3900 0 0
2024-07-01 821 3900 0 0
2024-07-02 816 3900 0 0
2024-07-03 816 3900 0 0
2024-07-04 820 3900 0 0
2024-07-05 817 3900 0 0
2024-07-06 821 3900 0 0
2024-07-07 821 3900 0 0
2024-07-08 819 3900 0 0
2024-07-09 821 3900 0 0
2024-07-10 824 3900 0 0
2024-07-11 825 3900 0 0
2024-07-12 830 3900 0 0
2024-07-13 831 3900 0 0
2024-07-14 831 3900 0 0
2024-07-15 830 3900 0 0
2024-07-16 837 3900 0 0
2024-07-17 833 3900 0 0
2024-07-18 835 3900 0 0
2024-07-19 826 3900 0 0
2024-07-20 825 3900 0 0
2024-07-21 825 3900 0 0
2024-07-22 824 3900 0 0
2024-07-23 822 3900 0 0
2024-07-24 820 3900 0 0
2024-07-25 824 3900 0 0
2024-07-26 829 3900 0 0
2024-07-27 830 3900 0 0
2024-07-28 830 3900 0 0
2024-07-29 832 3900 0 0
2024-07-30 830 3900 0 0
2024-07-31 831 3900 0 0
2024-08-01 831 3900 0 0
2024-08-02 827 3900 0 0
2024-08-03 828 3900 0 0
2024-08-04 828 3900 0 0
2024-08-05 818 3900 0 0
2024-08-06 821 3900 0 0
2024-08-07 825 3900 0 0
2024-08-08 831 3900 0 0
2024-08-09 832 3900 0 0
2024-08-10 835 3900 0 0
2024-08-11 835 3900 0 0
2024-08-12 832 3900 0 0
2024-08-13 835 3900 0 0
2024-08-14 839 3900 0 0
2024-08-15 844 3900 0 0
2024-08-16 845 3900 0 0
2024-08-17 845 3900 0 0
2024-08-18 845 3900 0 0
2024-08-19 844 3900 0 0
2024-08-20 848 3900 0 0
2024-08-21 853 3900 0 0
2024-08-22 856 3900 0 0
2024-08-23 857 3900 0 0
2024-08-24 859 3900 0 0
2024-08-25 859 3900 0 0
2024-08-26 858 3900 0 0
2024-08-27 860 3900 0 0
2024-08-28 862 3900 0 0
2024-08-29 863 3900 0 0
2024-08-30 865 3900 0 0
2024-08-31 864 3900 0 0
2024-09-01 870 3900 0 0
2024-09-02 870 3900 0 0
2024-09-03 865 3900 0 0
2024-09-04 863 3900 0 0
2024-09-05 865 3900 0 0
2024-09-06 866 3900 0 0
2024-09-07 866 3900 0 0
2024-09-08 866 3900 0 0
2024-09-09 871 3900 0 0
2024-09-10 863 3900 0 0
2024-09-11 863 3900 0 0
2024-09-12 868 3900 0 0
2024-09-13 872 3900 0 0
2024-09-14 874 3900 0 0
2024-09-15 874 3900 0 0
2024-09-16 875 3900 0 0
2024-09-17 876 3900 0 0
2024-09-18 871 3900 0 0
2024-09-19 877 3900 0 0
2024-09-20 876 3900 0 0
2024-09-21 877 3900 0 0
2024-09-22 877 3900 0 0
2024-09-23 872 3900 0 0
2024-09-24 881 3900 0 0
2024-09-25 883 3900 0 0
2024-09-26 887 3900 0 0
2024-09-27 896 3900 0 0
2024-09-28 896 3900 0 0
2024-09-29 896 3900 0 0
2024-09-30 902 3900 0 0
2024-10-01 903 3900 0 0
2024-10-02 903 3900 0 0
2024-10-03 899 3900 0 0
2024-10-04 894 3900 0 0
2024-10-05 893 3900 0 0
2024-10-06 893 3900 0 0
2024-10-07 893 3900 0 0
2024-10-08 900 3900 0 0
2024-10-09 894 3900 0 0
2024-10-10 891 3900 0 0
2024-10-11 890 3900 0 0
2024-10-12 889 3900 0 0
2024-10-13 889 3900 0 0
2024-10-14 893 3900 0 0
2024-10-15 895 3900 0 0
2024-10-16 891 3900 0 0
2024-10-17 888 3900 0 0
2024-10-18 891 3900 0 0
2024-10-19 893 3900 0 0
2024-10-20 893 3900 0 0
2024-10-21 892 3900 0 0
2024-10-22 893 3900 0 0
2024-10-23 895 3900 0 0
2024-10-24 888 3900 0 0
2024-10-25 888 3900 0 0
2024-10-26 888 3900 0 0
2024-10-27 889 3900 0 0
2024-10-28 894 3900 0 0
2024-10-29 889 3900 0 0
2024-10-30 890 3900 0 0
2024-10-31 885 3900 0 0
2024-11-01 891 3900 0 0
2024-11-02 891 3900 0 0
2024-11-03 891 3900 0 0
2024-11-04 894 3900 0 0
2024-11-05 888 3900 0 0
2024-11-06 897 3900 0 0
2024-11-07 889 3900 0 0
2024-11-08 884 3900 0 0
2024-11-09 888 3900 0 0
2024-11-10 888 3900 0 0
2024-11-11 894 3900 0 0
2024-11-12 891 3900 0 0
2024-11-13 888 3900 0 0
2024-11-14 881 3900 0 0
2024-11-15 874 3900 0 0
2024-11-16 872 3900 0 0
2024-11-17 872 3900 0 0
2024-11-18 873 3900 0 0
2024-11-19 874 3900 0 0
2024-11-20 876 3900 0 0
2024-11-21 874 3900 0 0
2024-11-22 875 3900 0 0
2024-11-23 877 3900 0 0
2024-11-24 877 3900 0 0
2024-11-25 878 3900 0 0
2024-11-26 881 3900 0 0
2024-11-27 889 3900 0 0
2024-11-28 882 3900 0 0
2024-11-29 883 3900 0 0
2024-11-30 885 3900 0 0
2024-12-01 885 3900 0 0
2024-12-02 888 3900 0 0
2024-12-03 887 3900 0 0
2024-12-04 890 3900 0 0
2024-12-05 887 3900 0 0
2024-12-06 894 3900 0 0
2024-12-07 893 3900 0 0
2024-12-08 893 3900 0 0
2024-12-09 896 3900 0 0
2024-12-10 891 3900 0 0
2024-12-11 892 3900 0 0
2024-12-12 896 3900 0 0
2024-12-13 892 3900 0 0
2024-12-14 890 3900 0 0
2024-12-15 889 3900 0 0
2024-12-16 889 3900 0 0
2024-12-17 888 3900 0 0
2024-12-18 879 3900 0 0
2024-12-19 878 3900 0 0
2024-12-20 874 3900 0 0
2024-12-21 874 3900 0 0
2024-12-22 874 3900 0 0
2024-12-23 874 3900 0 0
2024-12-24 874 3900 0 0
2024-12-25 874 3900 0 0
2024-12-26 873 3900 0 0
2024-12-27 871 3900 0 0
2024-12-28 872 3900 0 0
2024-12-29 872 3900 0 0
2024-12-30 869 3900 0 0
2024-12-31 867 3900 0 0
2025-01-01 868 3900 0 0
2025-01-02 867 3900 0 0
2025-01-03 865 3900 0 0
2025-01-04 865 3900 0 0
2025-01-05 866 3900 0 0
2025-01-06 867 3900 0 0
2025-01-07 868 3900 0 0
2025-01-08 865 3900 0 0
2025-01-09 864 3900 0 0
2025-01-10 856 3900 0 0
2025-01-11 855 3900 0 0
2025-01-12 855 3900 0 0
2025-01-13 852 3900 0 0
2025-01-14 858 3900 0 0
2025-01-15 867 3900 0 0
2025-01-16 868 3900 0 0
2025-01-17 868 3900 0 0
2025-01-18 868 3900 0 0
2025-01-19 869 3900 0 0
2025-01-20 872 3900 0 0
2025-01-21 873 3900 0 0
2025-01-22 871 3900 0 0
2025-01-23 875 3900 0 0
2025-01-24 872 3900 0 0
2025-01-25 873 3900 0 0
2025-01-26 873 3900 0 0
2025-01-27 874 3900 0 0
2025-01-28 874 3900 0 0
2025-01-29 874 3900 0 0
2025-01-30 880 3900 0 0
2025-01-31 882 3900 0 0
2025-02-01 881 3900 0 0
2025-02-02 881 3900 0 0
2025-02-03 882 3900 0 0
2025-02-04 885 3900 0 0
2025-02-05 886 3900 0 0
2025-02-06 883 3900 0 0
2025-02-07 885 3900 0 0
2025-02-08 885 3900 0 0
2025-02-09 885 3900 0 0
2025-02-10 885 3900 0 0
2025-02-11 882 3900 0 0
2025-02-12 882 3900 0 0
2025-02-13 881 3900 0 0
2025-02-14 886 3900 0 0
2025-02-15 886 3900 0 0
2025-02-16 886 3900 0 0
2025-02-17 883 3900 0 0
2025-02-18 885 3900 0 0
2025-02-19 885 3900 0 0
2025-02-20 883 3900 0 0
2025-02-21 885 3900 0 0
2025-02-22 885 3900 0 0
2025-02-23 886 3900 0 0
2025-02-24 891 3900 0 0
2025-02-25 889 3900 0 0
2025-02-26 890 3900 0 0
2025-02-27 890 3900 0 0
2025-02-28 886 3900 0 0
2025-03-01 885 3900 0 0
2025-03-02 884 3900 0 0
2025-03-03 889 3900 0 0
2025-03-04 883 3900 0 0
2025-03-05 889 3900 0 0
2025-03-06 896 3900 0 0
2025-03-07 895 3900 0 0
2025-03-08 895 3900 0 0
2025-03-09 898 3900 0 0
2025-03-10 894 3900 0 0
2025-03-11 895 3900 0 0
2025-03-12 286 9548 5648 144.821
2025-03-13 285 9548 0 0
2025-03-14 287 9548 0 0
2025-03-15 288 9548 0 0
2025-03-16 288 9548 0 0
2025-03-17 288 9548 0 0
2025-03-18 288 9548 0 0
2025-03-19 290 9548 0 0
2025-03-20 289 9548 0 0
2025-03-21 283 9548 0 0
2025-03-22 282 9548 0 0
2025-03-23 282 9548 0 0
2025-03-24 286 9548 0 0
2025-03-25 288 9548 0 0
2025-03-26 288 9548 0 0
2025-03-27 288 9548 0 0
2025-03-28 286 9548 0 0
2025-03-29 284 9548 0 0
2025-03-30 284 9548 0 0
2025-03-31 283 9548 0 0
2025-04-01 284 9548 0 0
2025-04-02 292 9548 0 0
2025-04-03 287 9548 0 0
2025-04-04 284 9548 0 0
2025-04-05 279 9548 0 0
2025-04-06 279 9548 0 0
2025-04-07 266 9548 0 0
2025-04-08 268 9548 0 0
2025-04-09 271 9548 0 0
2025-04-10 281 9548 0 0
2025-04-11 280 9548 0 0
2025-04-12 282 9548 0 0
2025-04-13 282 9548 0 0
2025-04-14 282 9548 0 0
2025-04-15 286 9548 0 0
2025-04-16 287 9548 0 0
2025-04-17 287 9548 0 0
2025-04-18 286 9548 0 0
2025-04-19 286 9548 0 0
2025-04-20 286 9548 0 0
2025-04-21 286 9548 0 0
2025-04-22 289 9548 0 0
2025-04-23 295 9548 0 0
2025-04-24 290 9548 0 0
2025-04-25 293 9548 0 0
2025-04-26 291 9548 0 0
2025-04-27 291 9548 0 0
2025-04-28 295 9548 0 0
2025-04-29 295 9548 0 0
2025-04-30 297 9548 0 0
2025-05-01 296 9548 0 0
2025-05-02 299 9548 0 0
2025-05-03 299 9548 0 0
2025-05-04 299 9548 0 0
2025-05-05 298 9548 0 0
2025-05-06 301 9548 0 0
2025-05-07 304 9548 0 0
2025-05-08 301 9548 0 0
2025-05-09 298 9548 0 0
2025-05-10 298 9548 0 0
2025-05-11 298 9548 0 0
2025-05-12 300 9548 0 0
2025-05-13 306 9548 0 0
2025-05-14 306 9548 0 0
2025-05-15 308 9548 0 0
2025-05-16 307 9548 0 0
2025-05-17 307 9548 0 0
2025-05-18 307 9548 0 0
2025-05-19 310 9548 0 0
2025-05-20 309 9548 0 0
2025-05-21 310 9548 0 0
2025-05-22 311 9548 0 0
2025-05-23 310 9548 0 0
2025-05-24 310 9548 0 0
2025-05-25 310 9548 0 0
2025-05-26 310 9548 0 0
2025-05-27 311 9548 0 0
2025-05-28 315 9548 0 0
2025-05-29 312 9548 0 0
2025-05-30 313 9548 0 0
2025-05-31 313 9548 0 0
2025-06-01 313 9548 0 0
2025-06-02 314 9548 0 0
2025-06-03 314 9548 0 0
2025-06-04 315 9548 0 0
2025-06-05 315 9548 0 0
2025-06-06 319 9548 0 0
2025-06-07 319 9548 0 0
2025-06-08 319 9548 0 0
2025-06-09 315 9548 0 0
2025-06-10 314 9548 0 0
2025-06-11 316 9548 0 0
2025-06-12 315 9548 0 0
2025-06-13 313 9548 0 0
2025-06-14 313 9548 0 0
2025-06-15 313 9548 0 0
2025-06-16 314 9548 0 0
2025-06-17 310 9548 0 0
2025-06-18 309 9548 0 0
2025-06-19 309 9548 0 0
2025-06-20 310 9548 0 0
2025-06-21 311 9548 0 0
2025-06-22 311 9548 0 0
2025-06-23 312 9548 0 0
2025-06-24 314 9548 0 0
2025-06-25 316 9548 0 0
2025-06-26 318 9548 0 0
2025-06-27 319 9548 0 0
2025-06-28 320 9548 0 0
2025-06-29 320 9548 0 0
2025-06-30 321 9548 0 0
2025-07-01 319 9548 0 0
2025-07-02 321 9548 0 0
2025-07-03 323 9548 0 0
2025-07-04 322 9548 0 0
2025-07-05 322 9548 0 0
2025-07-06 322 9548 0 0
2025-07-07 323 9548 0 0
2025-07-08 324 9548 0 0
2025-07-09 323 9548 0 0
2025-07-10 321 9548 0 0
2025-07-11 320 9548 0 0
2025-07-12 318 9548 0 0
2025-07-13 318 9548 0 0
2025-07-14 318 9548 0 0
2025-07-15 322 9548 0 0
2025-07-16 321 9548 0 0
2025-07-17 322 9548 0 0
2025-07-18 325 9548 0 0
2025-07-19 325 9548 0 0
2025-07-20 325 9548 0 0
2025-07-21 324 9548 0 0
2025-07-22 323 9548 0 0
2025-07-23 329 9548 0 0
2025-07-24 328 9548 0 0
2025-07-25 328 9548 0 0
2025-07-26 327 9548 0 0
2025-07-27 327 9548 0 0
2025-07-28 327 9548 0 0
2025-07-29 322 9548 0 0
2025-07-30 319 9548 0 0
2025-07-31 317 9548 0 0
2025-08-01 314 9548 0 0
2025-08-02 317 9548 0 0
2025-08-03 317 9548 0 0
2025-08-04 319 9548 0 0
2025-08-05 318 9548 0 0
2025-08-06 321 9548 0 0
2025-08-07 320 9548 0 0
2025-08-08 317 9548 0 0
2025-08-09 318 9548 0 0
2025-08-10 318 9548 0 0
2025-08-11 318 9548 0 0
2025-08-12 319 9548 0 0
2025-08-13 321 9548 0 0
2025-08-14 322 9548 0 0
2025-08-15 321 9548 0 0
2025-08-16 323 9548 0 0
2025-08-17 322 9548 0 0
2025-08-18 322 9548 0 0
2025-08-19 319 9548 0 0
2025-08-20 322 9548 0 0
2025-08-21 322 9548 0 0
2025-08-22 323 9548 0 0
2025-08-23 326 9548 0 0
2025-08-24 326 9548 0 0
2025-08-25 324 9548 0 0
2025-08-26 331 9548 0 0
2025-08-27 324 9548 0 0
2025-08-28 324 9548 0 0
2025-08-29 325 9548 0 0
2025-08-30 325 9548 0 0
2025-08-31 324 9548 0 0
2025-09-01 326 9548 0 0
2025-09-02 323 9548 0 0
2025-09-03 328 9548 0 0
2025-09-04 327 9548 0 0
2025-09-05 330 9548 0 0
2025-09-06 331 9548 0 0
2025-09-07 331 9548 0 0
2025-09-08 332 9548 0 0
2025-09-09 333 9548 0 0
2025-09-10 329 9548 0 0
2025-09-11 331 9548 0 0
2025-09-12 339 9548 0 0
2025-09-13 337 9548 0 0
2025-09-14 337 9548 0 0
2025-09-15 338 9548 0 0
2025-09-16 338 9548 0 0
2025-09-17 342 9548 0 0
2025-09-18 340 9548 0 0
2025-09-19 336 9548 0 0
2025-09-20 334 9548 0 0
2025-09-21 334 9548 0 0
2025-09-22 339 9548 0 0
2025-09-23 338 9548 0 0
2025-09-24 337 9548 0 0
2025-09-25 336 9548 0 0
2025-09-26 332 9548 0 0
2025-09-27 332 9548 0 0
2025-09-28 332 9548 0 0
2025-09-29 336 9548 0 0
2025-09-30 334 9548 0 0
2025-10-01 335 9548 0 0
2025-10-02 335 9548 0 0
2025-10-03 335 9548 0 0
2025-10-04 336 9548 0 0
2025-10-05 336 9548 0 0
2025-10-06 334 9548 0 0
2025-10-07 337 9548 0 0
2025-10-08 337 9548 0 0
2025-10-09 334 9548 0 0
2025-10-10 328 9548 0 0
2025-10-11 324 9548 0 0
2025-10-12 324 9548 0 0
2025-10-13 324 9548 0 0
2025-10-14 326 9548 0 0
2025-10-15 329 9548 0 0
2025-10-16 329 9548 0 0
2025-10-17 328 9548 0 0
2025-10-18 328 9548 0 0
2025-10-19 328 9548 0 0
2025-10-20 332 9548 0 0
2025-10-21 333 9548 0 0
2025-10-22 337 9548 0 0
2025-10-23 335 9548 0 0
2025-10-24 331 9548 0 0
2025-10-25 332 9548 0 0
2025-10-26 332 9548 0 0
2025-10-27 333 9548 0 0
2025-10-28 332 9548 0 0
2025-10-29 330 9548 0 0
2025-10-30 329 9548 0 0
2025-10-31 329 9548 0 0
