2019-11-07 1974 1141.856 0 0
2020-01-19 2013 1154.806 12.95 1.134
2020-02-07 1997 1141.651 -13.155 -1.139
2020-02-15 2007 1142.062 0.411 0.036
2020-02-16 2009 1142.062 0 0
2020-02-17 2008 1143.501 1.439 0.126
2020-02-18 2004 1143.09 -0.411 -0.036
2020-02-19 2004 1145.762 2.672 0.234
2020-02-20 2009 1142.884 -2.878 -0.251
2020-02-21 2006 1136.718 -6.166 -0.54
2020-02-22 2005 1136.718 0 0
2020-02-23 2004 1136.718 0 0
2020-02-24 2002 1133.223 -3.495 -0.307
2020-02-25 1991 1129.729 -3.494 -0.308
2020-02-26 1991 1127.673 -2.056 -0.182
2020-02-27 1993 1120.685 -6.988 -0.62
2020-02-28 1984 1115.34 -5.345 -0.477
2020-02-29 1976 1115.34 0 0
2022-07-13  706.088 -409.252 -36.693
2025-02-28 2521 1183.088 477 67.555
2025-03-01 2541 1167.3 -15.788 -1.334
2025-03-02 2541 1167.3 0 0
2025-03-03 2539 1167.3 0 0
2025-03-04 2546 1167.3 0 0
2025-03-05 2560 1167.3 0 0
2025-03-06 2572 1167.3 0 0
2025-03-07 2585 1167.3 0 0
2025-03-08 2585 1167.3 0 0
2025-03-09 2585 1167.3 0 0
2025-03-10 2575 1167.3 0 0
2025-03-11 2570 1167.3 0 0
2025-03-12 2572 1167.3 0 0
2025-03-13 2569 1167.3 0 0
2025-03-14 2575 1167.3 0 0
