2021-10-06 2306 1288.321 0 0
2021-10-07 2250 1338.834 50.513 3.921
2021-10-08 2280 1317.055 -21.779 -1.627
2021-10-09 2281 1316.323 -0.732 -0.056
2021-10-10 2281 1316.323 0 0
2021-10-11 2313 1294.177 -22.146 -1.682
2021-10-12 2370 1246.226 -47.951 -3.705
2021-10-13 2362 1257.39 11.164 0.896
2021-10-14 2299 1306.806 49.416 3.93
2021-10-15 2321 1298.753 -8.053 -0.616
2021-10-16 2326 1298.753 0 0
2021-10-17 2325 1298.753 0 0
2021-10-18 2224 1382.759 84.006 6.468
2021-10-19 2197 1409.663 26.904 1.946
2021-10-20 2255 1368.118 -41.545 -2.947
2021-10-21 2194 1412.774 44.656 3.264
2021-10-22 2273 1338.834 -73.94 -5.234
2021-10-23 2272 1338.834 0 0
2021-10-25 2203 1406.369 67.535 5.044
2021-10-26 2236 1379.465 -26.904 -1.913
2021-10-27 2280 1327.67 -51.795 -3.755
2021-10-28 2169 1419.912 92.242 6.948
2021-10-29 2174 1427.782 7.87 0.554
2021-10-30 2170 1427.782 0 0
2021-10-31 2170 1427.782 0 0
2021-11-01 2162 1435.926 8.144 0.57
2021-11-02 2249 1362.993 -72.933 -5.079
2021-11-03 2156 1445.352 82.359 6.043
2021-11-04 2154 1445.352 0 0
2021-11-05 2040 1546.196 100.844 6.977
2021-11-06 2042 1546.196 0 0
2021-11-07 2042 1546.196 0 0
2021-11-08 2042 1546.196 0 0
2021-11-09 2004 1591.951 45.755 2.959
2021-11-10 2002 1591.951 0 0
2021-11-11 1996 1602.017 10.066 0.632
2021-11-12 1993 1609.704 7.687 0.48
2021-11-13 1991 1609.704 0 0
2021-11-14 1991 1609.704 0 0
2021-11-15 2020 1582.251 -27.453 -1.705
2021-11-16 1963 1650.883 68.632 4.338
2021-11-17 1986 1617.574 -33.309 -2.018
2021-11-18 1919 1669.002 51.428 3.179
2021-11-19 1971 1628.555 -40.447 -2.423
2021-11-20 1968 1628.555 0 0
2021-11-21 1968 1628.555 0 0
2021-11-22 2012 1577.309 -51.246 -3.147
2021-11-23 2050 1534.666 -42.643 -2.704
2021-11-24 2012 1568.707 34.041 2.218
2021-11-25 2009 1568.707 0 0
2021-11-26 2058 1503.552 -65.155 -4.153
2021-11-27 2060 1503.552 0 0
2021-11-28 2060 1503.552 0 0
2021-11-29 2033 1536.679 33.127 2.203
2021-11-30 2125 1448.463 -88.216 -5.741
