2023-04-06 2510 1086.063 0 0
2023-04-07 2513 1084.799 -1.264 -0.116
2023-04-08 2512 1084.799 0 0
2023-04-09 2511 1084.799 0 0
2023-04-10 2512 1084.799 0 0
2023-04-11 2526 1078.528 -6.271 -0.578
2023-04-12 2524 1078.528 0 0
2023-04-13 2520 1087.33 8.802 0.816
2023-04-14 2515 1090.893 3.563 0.328
2023-04-15 2520 1085.431 -5.462 -0.501
2023-04-16 2520 1085.431 0 0
2023-04-17 2529 1085.431 0 0
2023-04-18 2535 1078.902 -6.529 -0.602
2023-04-19 2519 1084.043 5.141 0.477
2023-04-20 2510 1085.936 1.893 0.175
2023-04-21 2510 1086.316 0.38 0.035
2023-04-22 2511 1081.779 -4.537 -0.418
2023-04-23 2511 1081.779 0 0
2023-04-24 2506 1081.779 0 0
2023-04-25 2492 1086.949 5.17 0.478
2023-04-26 2503 1081.905 -5.044 -0.464
2023-04-27 2498 1087.456 5.551 0.513
2023-04-28 2504 1087.456 0 0
2023-04-29 2495 1095.641 8.185 0.753
2023-05-01 2494 1095.641 0 0
2023-05-02 2495 1091.66 -3.981 -0.363
2023-05-03 2499 1086.822 -4.838 -0.443
2023-05-04 2492 1092.685 5.863 0.539
2023-05-06 2484 1099.523 6.838 0.626
2023-05-07 2484 1099.523 0 0
2023-05-08 2492 1099.523 0 0
2023-05-09 2477 1100.563 1.04 0.095
2023-05-10 2478 1099.393 -1.17 -0.106
2023-05-11 2483 1099.523 0.13 0.012
2023-05-12 2482 1091.788 -7.735 -0.703
2023-05-13 2487 1087.583 -4.205 -0.385
2023-05-14 2488 1087.583 0 0
2023-05-15 2503 1087.583 0 0
2023-05-16 2491 1090.766 3.183 0.293
2023-05-17 2495 1089.618 -1.148 -0.105
2023-05-19 2492 1082.407 -7.211 -0.662
2023-05-20 2490 1084.925 2.518 0.233
2023-05-21 2490 1084.925 0 0
2023-05-22 2499 1084.925 0 0
2023-05-23 2489 1083.413 -1.512 -0.139
2023-05-24 2484 1083.665 0.252 0.023
2023-05-25 2486 1079.027 -4.638 -0.428
2023-05-26 2486 1076.538 -2.489 -0.231
2023-05-27 2485 1076.289 -0.249 -0.023
2023-05-28 2485 1076.289 0 0
2023-05-29 2484 1076.289 0 0
2023-05-30 2484 1076.289 0 0
2023-05-31 2466 1082.658 6.369 0.592
2023-06-01 2463 1081.403 -1.255 -0.116
2023-06-02 2470 1091.66 10.257 0.948
2023-06-03 2479 1088.599 -3.061 -0.28
2023-06-04 2479 1088.599 0 0
2023-06-05 2480 1088.599 0 0
2023-06-06 2481 1082.658 -5.941 -0.546
2023-06-07 2478 1082.407 -0.251 -0.023
2023-06-08 2465 1086.822 4.415 0.408
2023-06-09 2458 1092.813 5.991 0.551
2023-06-10 2456 1096.544 3.731 0.341
2023-06-11 2458 1096.544 0 0
2023-06-12 2465 1096.544 0 0
2023-06-13 2485 1090.766 -5.778 -0.527
2023-06-14 2482 1090.766 0 0
2023-06-16 2468 1110.02 19.254 1.765
2023-06-17 2460 1115.484 5.464 0.492
2023-06-18 2460 1115.484 0 0
2023-06-19 2465 1115.484 0 0
2023-06-20 2455 1115.484 0 0
2023-06-21 2452 1109.226 -6.258 -0.561
2023-06-22 2454 1108.961 -0.265 -0.024
2023-06-23 2451 1109.888 0.927 0.084
2023-06-24 2451 1107.112 -2.776 -0.25
2023-06-25 2451 1107.112 0 0
2023-06-26 2443 1107.112 0 0
2023-06-27 2449 1107.112 0 0
2023-06-28 2443 1110.02 2.908 0.263
2023-06-29 2457 1099.134 -10.886 -0.981
2023-06-30 2456 1099.653 0.519 0.047
2023-07-01 2443 1107.376 7.723 0.702
2023-07-02 2443 1107.376 0 0
2023-07-03 2452 1107.376 0 0
2023-07-04 2456 1105.402 -1.974 -0.178
2023-07-06 2445 1107.772 2.37 0.214
2023-07-07 2436 1105.927 -1.845 -0.167
2023-07-08 2427 1116.422 10.495 0.949
2023-07-09 2428 1116.422 0 0
2023-07-10 2429 1116.422 0 0
2023-07-11 2440 1115.886 -0.536 -0.048
2023-07-12 2437 1122.36 6.474 0.58
2023-07-13 2439 1130.567 8.207 0.731
2023-07-14 2428 1139.883 9.316 0.824
2023-07-15 2432 1140.445 0.562 0.049
2023-07-16 2432 1140.445 0 0
2023-07-17 2437 1140.445 0 0
2023-07-18 2427 1137.504 -2.941 -0.258
2023-07-19 2436 1137.504 0 0
2023-07-20 2447 1121.546 -15.958 -1.403
2023-07-21 2450 1119.113 -2.433 -0.217
2023-07-22 2449 1118.17 -0.943 -0.084
2023-07-23 2449 1118.17 0 0
2023-07-24 2449 1118.17 0 0
2023-07-25 2456 1115.886 -2.284 -0.204
2023-07-26 2457 1119.113 3.227 0.289
2023-07-27 2444 1124.536 5.423 0.485
2023-07-28 2464 1118.439 -6.097 -0.542
2023-07-29 2463 1119.653 1.214 0.109
2023-07-30 2463 1119.653 0 0
2023-07-31 2465 1119.653 0 0
