2021-12-08 1820 1772.96 0 0
2021-12-09 1745 1843.145 70.185 3.808
2021-12-10 1725 1865.886 22.741 1.219
2021-12-11 1734 1853.795 -12.091 -0.652
2021-12-12 1732 1853.795 0 0
2021-12-13 1739 1853.795 0 0
2021-12-14 1704 1888.131 34.336 1.819
2021-12-15 1697 1886.131 -2 -0.106
2021-12-16 1743 1841.78 -44.351 -2.408
2021-12-17 1761 1806.744 -35.036 -1.939
2021-12-18 1804 1757.066 -49.678 -2.827
2021-12-19 1805 1757.066 0 0
2021-12-20 1788 1757.066 0 0
2021-12-21 1794 1765.121 8.055 0.456
2021-12-22 1780 1787.95 22.829 1.277
2021-12-23 1776 1797.218 9.268 0.516
2021-12-24 1776 1797.218 0 0
2021-12-25 1758 1818.564 21.346 1.174
2021-12-26 1758 1818.564 0 0
2021-12-27 1763 1818.564 0 0
2021-12-28 1638 2012.445 193.881 9.634
2021-12-29 1659 1976.014 -36.431 -1.844
2021-12-30 1707 1899.069 -76.945 -4.052
2021-12-31 1720 1889.458 -9.611 -0.509
2022-01-02 1740 1862.277 -27.181 -1.46
2022-01-03 1740 1862.277 0 0
2022-01-04 1744 1862.277 0 0
2022-01-05 1712 1890.139 27.862 1.474
2022-01-06 1732 1863.051 -27.088 -1.454
2022-01-07 1798 1773.809 -89.242 -5.031
2022-01-08 1853 1693.98 -79.829 -4.713
2022-01-09 1853 1693.98 0 0
2022-01-10 1859 1693.98 0 0
2022-01-11 1907 1634.114 -59.866 -3.664
2022-01-12 1971 1587.782 -46.332 -2.918
2022-01-13 1904 1644.036 56.254 3.422
2022-01-14 1930 1617.331 -26.705 -1.651
2022-01-15 1919 1616.551 -0.78 -0.048
2022-01-16 1934 1616.551 0 0
2022-01-17 1939 1616.551 0 0
2022-01-18 1941 1616.551 0 0
2022-01-19 1948 1587.749 -28.802 -1.814
2022-01-20 1937 1598.888 11.139 0.697
2022-01-22 1933 1587.841 -11.047 -0.696
2022-01-23 1931 1587.841 0 0
2022-01-24 1920 1587.841 0 0
2022-01-25 1919 1565.821 -22.02 -1.406
2022-01-26 1936 1553.663 -12.158 -0.783
2022-01-27 1936 1547.01 -6.653 -0.43
2022-01-28 2002 1491.485 -55.525 -3.723
2022-01-29 2058 1442.407 -49.078 -3.403
2022-01-30 2058 1442.407 0 0
2022-01-31 2069 1442.407 0 0
