2019-11-07 1579 1557 0 0
2020-01-19 1638 1557 0 0
2020-02-07 1621 1557 0 0
2020-02-15 1631 1557 0 0
2020-02-16 1632 1557 0 0
2020-02-17 1632 1557 0 0
2020-02-18 1634 1557 0 0
2020-02-19 1635 1557 0 0
2020-02-20 1634 1557 0 0
2020-02-21 1628 1557 0 0
2020-02-22 1628 1557 0 0
2020-02-23 1628 1557 0 0
2020-02-24 1613 1557 0 0
2020-02-25 1494 1685 128 8.221
2020-02-26 1490 1685 0 0
2020-02-27 1479 1685 0 0
2020-02-28 1469 1685 0 0
2020-02-29 1458 1685 0 0
2020-03-01 1457 1685 0 0
2020-03-02 1467 1685 0 0
2020-03-03 1476 1685 0 0
2020-03-04 1479 1685 0 0
2020-03-05 1485 1685 0 0
2020-03-06 1477 1685 0 0
2020-03-07 1471 1685 0 0
2020-03-08 1464 1685 0 0
2020-03-09 1445 1685 0 0
2020-03-10 1425 1685 0 0
2020-03-11 1414 1685 0 0
2020-03-12 1371 1685 0 0
2020-03-13 1361 1685 0 0
2020-03-14 1363 1685 0 0
2020-03-15 1363 1685 0 0
2020-03-16 1329 1685 0 0
2020-03-17 1323 1685 0 0
2020-03-18 1294 1685 0 0
2020-03-19 1282 1685 0 0
2020-03-20 1291 1685 0 0
2020-03-21 1294 1685 0 0
2020-03-22 1294 1685 0 0
2020-03-23 1276 1685 0 0
2020-03-24 1269 1685 0 0
2020-03-25 1295 1685 0 0
2020-03-26 1317 1685 0 0
2020-03-27 1330 1685 0 0
2020-03-28 1328 1685 0 0
2020-03-29 1328 1685 0 0
2020-03-30 1328 1685 0 0
2020-03-31 1313 1685 0 0
