2022-04-05 2076 1484.463 0 0
2022-04-06 2112 1444.61 -39.853 -2.759
2022-04-07 2122 1410.833 -33.777 -2.394
2022-04-08 2092 1438.951 28.118 1.954
2022-04-09 2093 1438.973 0.022 0.002
2022-04-10 2093 1438.973 0 0
2022-04-11 2173 1363.699 -75.274 -5.52
2022-04-12 2167 1363.74 0.041 0.003
2022-04-13 2211 1330.151 -33.589 -2.525
2022-04-14 2204 1339.489 9.338 0.697
2022-04-15 2199 1336.667 -2.822 -0.211
2022-04-16 2199 1336.667 0 0
2022-04-17 2199 1336.667 0 0
2022-04-18 2117 1392.39 55.723 4.002
2022-04-19 2139 1384.762 -7.628 -0.551
2022-04-20 2146 1367.482 -17.28 -1.264
2022-04-21 2154 1351.988 -15.494 -1.146
2022-04-22 2212 1292.941 -59.047 -4.567
2022-04-23 2219 1285.567 -7.374 -0.574
2022-04-24 2219 1285.567 0 0
2022-04-25 2341 1171.695 -113.872 -9.719
2022-04-26 2375 1130.823 -40.872 -3.614
2022-04-27 2284 1199.748 68.925 5.745
2022-04-28 2279 1210.411 10.663 0.881
2022-04-29 2217 1262.119 51.708 4.097
2022-04-30 2223 1266.947 4.828 0.381
2022-05-01 2223 1266.947 0 0
2022-05-02 2224 1266.947 0 0
2022-05-03 2216 1266.947 0 0
2022-05-04 2217 1266.947 0 0
2022-05-05 2212 1268.857 1.91 0.151
2022-05-06 2116 1320.64 51.783 3.921
2022-05-07 2122 1308.391 -12.249 -0.936
2022-05-08 2122 1308.391 0 0
2022-05-09 2137 1287.149 -21.242 -1.65
2022-05-10 2110 1295.721 8.572 0.662
2022-05-11 2095 1317.148 21.427 1.627
2022-05-12 2104 1308.386 -8.762 -0.67
2022-05-13 2138 1291.448 -16.938 -1.312
2022-05-14 2134 1292.705 1.257 0.097
2022-05-15 2135 1292.705 0 0
2022-05-16 2135 1290.85 -1.855 -0.144
2022-05-17 2110 1321.353 30.503 2.308
2022-05-18 2153 1298.121 -23.232 -1.79
2022-05-19 2076 1352.878 54.757 4.047
2022-05-20 2106 1331.538 -21.34 -1.603
2022-05-21 2097 1350.091 18.553 1.374
2022-05-22 2096 1350.091 0 0
2022-05-23 2067 1373.25 23.159 1.686
2022-05-24 2170 1284.52 -88.73 -6.908
2022-05-25 2135 1314.508 29.988 2.281
2022-05-26 2132 1316.286 1.778 0.135
2022-05-27 2195 1278.969 -37.317 -2.918
2022-05-28 2189 1284.516 5.547 0.432
2022-05-29 2188 1284.516 0 0
2022-05-30 2189 1290.141 5.625 0.436
2022-05-31 2174 1301.258 11.117 0.854
