2025-10-30 2452 1500 0 0
2025-10-31 2451 1500 0 0
2025-11-01 2450 1500 0 0
2025-11-02 2450 1500 0 0
2025-11-03 2447 1500 0 0
2025-11-04 2433 1500 0 0
2025-11-05 2433 1500 0 0
2025-11-06 2439 1500 0 0
2025-11-07 2441 1500 0 0
2025-11-08 2442 1500 0 0
2025-11-09 2442 1500 0 0
2025-11-10 2455 1500 0 0
2025-11-11 2454 1500 0 0
2025-11-12 2455 1500 0 0
2025-11-13 2447 1500 0 0
2025-11-14 2437 1500 0 0
2025-11-15 2437 1500 0 0
2025-11-16 2437 1500 0 0
2025-11-17 2433 1500 0 0
2025-11-18 2427 1500 0 0
2025-11-19 2423 1500 0 0
2025-11-20 2423 1500 0 0
2025-11-21 2418 1500 0 0
2025-11-22 2416 1500 0 0
2025-11-23 2416 1500 0 0
2025-11-24 2424 1500 0 0
2025-11-25 2435 1500 0 0
2025-11-26 2447 1500 0 0
2025-11-27 2448 1500 0 0
2025-11-28 2452 1500 0 0
2025-11-29 2455 1500 0 0
2025-11-30 2455 1500 0 0
2025-12-01 2458 1500 0 0
2025-12-02 2447 1500 0 0
2025-12-03 2448 1500 0 0
2025-12-04 2452 1500 0 0
2025-12-05 2452 1500 0 0
2025-12-06 2451 1500 0 0
2025-12-07 2451 1500 0 0
2025-12-08 2449 1500 0 0
2025-12-09 2447 1500 0 0
2025-12-10 2450 1500 0 0
2025-12-11 2447 1500 0 0
2025-12-12 2457 1500 0 0
2025-12-13 2459 1500 0 0
2025-12-14 2459 1500 0 0
2025-12-15 2454 1500 0 0
2025-12-16 2444 1500 0 0
2025-12-17 2453 1500 0 0
2025-12-18 2460 1500 0 0
2025-12-19 2470 1500 0 0
2025-12-20 2471 1500 0 0
2025-12-21 2471 1500 0 0
2025-12-22 2472 1500 0 0
2025-12-23 2469 1500 0 0
2025-12-24 2480 1500 0 0
2025-12-25 2481 1500 0 0
2025-12-26 2482 1500 0 0
2025-12-27 2484 1500 0 0
2025-12-28 2484 1500 0 0
2025-12-29 2482 1500 0 0
2025-12-30 2479 1500 0 0
2025-12-31 2484 1500 0 0
2026-01-01 2483 1500 0 0
2026-01-02 2480 1500 0 0
2026-01-03 2480 1500 0 0
2026-01-05 2488 1500 0 0
2026-01-06 2494 1500 0 0
2026-01-07 2494 1500 0 0
2026-01-08 2499 1500 0 0
2026-01-09 2504 1500 0 0
2026-01-10 2504 1500 0 0
2026-01-11 2504 1500 0 0
2026-01-12 2517 1500 0 0
2026-01-13 2510 1500 0 0
2026-01-14 2507 1500 0 0
2026-01-15 2515 1500 0 0
2026-01-16 2510 1500 0 0
2026-01-17 2511 1500 0 0
2026-01-18 2510 1500 0 0
2026-01-19 2507 1500 0 0
2026-01-20 2499 1500 0 0
2026-01-21 2502 1500 0 0
2026-01-22 2516 1500 0 0
2026-01-23 2516 1500 0 0
2026-01-24 2516 1500 0 0
2026-01-25 2516 1500 0 0
2026-01-26 2519 1500 0 0
2026-01-27 2522 1500 0 0
2026-01-28 2527 1500 0 0
2026-01-29 2514 1500 0 0
2026-01-30 2509 1500 0 0
2026-01-31 2508 1500 0 0
2026-02-01 2506 1500 0 0
2026-02-02 2496 1500 0 0
2026-02-03 2512 1500 0 0
2026-02-04 2512 1500 0 0
2026-02-05 2509 1500 0 0
2026-02-06 2510 1500 0 0
2026-02-07 2511 1500 0 0
2026-02-08 2511 1500 0 0
2026-02-09 2524 1500 0 0
2026-02-10 2533 1500 0 0
2026-02-11 2536 1500 0 0
2026-02-12 2529 1500 0 0
2026-02-13 2528 1500 0 0
2026-02-14 2524 1500 0 0
2026-02-15 2523 1500 0 0
2026-02-16 2524 1500 0 0
2026-02-17 2522 1500 0 0
2026-02-18 2520 1500 0 0
2026-02-19 2520 1500 0 0
2026-02-20 2524 1500 0 0
2026-02-21 2531 1500 0 0
2026-02-22 2531 1500 0 0
2026-02-23 2522 1500 0 0
2026-02-24 2525 1500 0 0
2026-02-25 2534 1500 0 0
2026-02-26 2533 1500 0 0
2026-02-27 2537 1500 0 0
2026-02-28 2540 1500 0 0
2026-03-01 2539 1500 0 0
2026-03-02 2543 1500 0 0
2026-03-03 2521 1500 0 0
2026-03-04 2501 1500 0 0
2026-03-05 2511 1500 0 0
2026-03-06 2512 1500 0 0
2026-03-07 2510 1500 0 0
2026-03-08 2510 1500 0 0
2026-03-09 2498 1500 0 0
2026-03-10 2616 1500 0 0
2026-03-11 2621 1500 0 0
2026-03-12 2602 1500 0 0
2026-03-13 2588 1500 0 0
2026-03-14 2584 1500 0 0
2026-03-15 2584 1500 0 0
2026-03-16 2584 1500 0 0
2026-03-17 2591 1500 0 0
2026-03-18 2589 1500 0 0
2026-03-19 2571 1500 0 0
2026-03-20 2561 1500 0 0
2026-03-21 2564 1500 0 0
2026-03-22 2564 1500 0 0
2026-03-23 2554 1500 0 0
2026-03-24 2553 1500 0 0
2026-03-25 2565 1500 0 0
2026-03-27 2558 1500 0 0
2026-03-28 2552 1500 0 0
2026-03-29 2552 1500 0 0
2026-03-30 2548 1500 0 0
2026-03-31 2552 1500 0 0
2026-04-01 2567 1500 0 0
2026-04-02 2567 1500 0 0
2026-04-03 2570 1500 0 0
2026-04-04 2570 1500 0 0
2026-04-05 2569 1500 0 0
2026-04-06 2570 1500 0 0
2026-04-07 2571 1500 0 0
2026-04-08 2596 1500 0 0
2026-04-09 2597 1500 0 0
2026-04-10 2599 1500 0 0
2026-04-11 2599 1500 0 0
2026-04-12 2599 1500 0 0
2026-04-13 2610 1500 0 0
2026-04-14 2612 1500 0 0
2026-04-15 2621 1500 0 0
2026-04-16 2625 1500 0 0
2026-04-17 2635 1500 0 0
2026-04-18 2634 1500 0 0
2026-04-19 2634 1500 0 0
2026-04-20 2640 1500 0 0
2026-04-21 2638 1500 0 0
2026-04-22 2636 1500 0 0
2026-04-23 2628 1500 0 0
2026-04-24 2626 1500 0 0
2026-04-25 2625 1500 0 0
2026-04-26 2625 1500 0 0
2026-04-27 2631 1500 0 0
2026-04-28 2618 1500 0 0
2026-04-29 2636 1500 0 0
2026-04-30 2627 1500 0 0
2026-05-01 2629 1500 0 0
2026-05-02 2630 1500 0 0
2026-05-04 2630 1500 0 0
2026-05-05 2635 1500.0 0 0
2026-05-06 2648 1500.0 0 0
2026-05-07 2661 1500.0 0 0
2026-05-08 2665 1500.0 0 0
2026-05-09 2673 1500.0 0 0
2026-05-10 2673 1500.0 0 0
