2020-01-19 160 10500 0 0
2020-02-07 155 10500 0 0
2020-02-15 282 6956.35 -3543.65 -50.941
2020-02-16 281 6956.35 0 0
2020-02-17 281 6956.35 0 0
2020-02-18 280 6956.35 0 0
2020-02-19 282 6956.35 0 0
2020-02-20 283 6956.35 0 0
2020-02-21 274 6956.35 0 0
2020-02-22 275 6956.35 0 0
2020-02-23 275 6956.35 0 0
2020-02-24 273 6956.35 0 0
2020-02-25 264 6956.35 0 0
2020-02-26 263 6956.35 0 0
2020-02-27 259 6956.35 0 0
2020-02-28 253 6956.35 0 0
2020-02-29 252 6956.35 0 0
2020-03-01 254 6956.35 0 0
2020-03-02 259 6956.35 0 0
2020-03-03 259 6956.35 0 0
2020-03-04 263 6956.35 0 0
2020-03-05 263 6956.35 0 0
2020-03-06 256 6956.35 0 0
2020-03-07 255 6956.35 0 0
2020-03-08 255 6956.35 0 0
2020-03-09 247 6956.35 0 0
2020-03-10 241 6956.35 0 0
2020-03-11 244 6956.35 0 0
2020-03-12 230 6956.35 0 0
2020-03-13 220 6956.35 0 0
2020-03-14 224 6956.35 0 0
2020-03-15 224 6956.35 0 0
2020-03-16 219 6956.35 0 0
2020-03-17 220 6956.35 0 0
2020-03-18 210 6956.35 0 0
2020-03-19 212 6956.35 0 0
2020-03-20 220 6956.35 0 0
2020-03-21 220 6956.35 0 0
2020-03-22 220 6956.35 0 0
2020-03-23 212 6956.35 0 0
2020-03-24 211 6956.35 0 0
2020-03-25 218 6956.35 0 0
2020-03-26 225 6956.35 0 0
2020-03-27 229 6956.35 0 0
2020-03-28 232 6956.35 0 0
2020-03-29 232 6956.35 0 0
2020-03-30 232 6956.35 0 0
2020-03-31 231 6956.35 0 0
2020-04-01 231 6956.35 0 0
2020-04-02 230 6956.35 0 0
2020-04-03 227 6956.35 0 0
2020-04-04 228 6956.35 0 0
2020-04-05 228 6956.35 0 0
2020-04-06 228 6956.35 0 0
2020-04-07 240 6956.35 0 0
2020-04-08 241 6956.35 0 0
2020-04-10 246 6956.35 0 0
2020-04-11 246 6956.35 0 0
2020-04-12 246 6956.35 0 0
2020-04-13 243 6956.35 0 0
2020-04-14 243 6956.35 0 0
2020-04-15 245 6956.35 0 0
2020-04-17 245 6956.35 0 0
2020-04-18 253 6956.35 0 0
2020-04-19 253 6956.35 0 0
2020-04-20 251 6956.35 0 0
2020-04-21 249 6956.35 0 0
2020-04-23 248 6956.35 0 0
2020-04-24 249 6956.35 0 0
2020-04-25 249 6956.35 0 0
2020-04-26 249 6956.35 0 0
2020-04-27 250 6956.35 0 0
2020-04-28 253 6956.35 0 0
2020-04-29 253 6956.35 0 0
2020-04-30 253 6956.35 0 0
2020-05-01 250 6956.35 0 0
2020-05-02 250 6956.35 0 0
2020-05-03 250 6956.35 0 0
2020-05-04 251 6956.35 0 0
2020-05-05 252 6956.35 0 0
2020-05-06 250 6956.35 0 0
2020-05-07 255 6956.35 0 0
2020-05-08 255 6956.35 0 0
2020-05-09 255 6956.35 0 0
2020-05-10 255 6956.35 0 0
2020-05-11 253 6956.35 0 0
2020-05-12 254 6956.35 0 0
2020-05-13 253 6956.35 0 0
2020-05-14 251 6956.35 0 0
2020-05-15 253 6956.35 0 0
2020-05-16 252 6956.35 0 0
2020-05-17 252 6956.35 0 0
2020-05-18 251 6956.35 0 0
2020-05-19 257 6956.35 0 0
2020-05-20 258 6956.35 0 0
2020-05-21 259 6956.35 0 0
2020-05-22 258 6956.35 0 0
2020-05-23 258 6956.35 0 0
2020-05-24 258 6956.35 0 0
2020-05-25 260 6956.35 0 0
2020-05-26 261 6956.35 0 0
2020-05-27 262 6956.35 0 0
2020-05-28 268 6956.35 0 0
2020-05-29 271 6956.35 0 0
2020-05-30 269 6956.35 0 0
2020-05-31 269 6956.35 0 0
2020-06-01 270 6956.35 0 0
2020-06-02 273 6956.35 0 0
2020-06-03 275 6956.35 0 0
2020-06-04 274 6956.35 0 0
2020-06-05 278 6956.35 0 0
2020-06-06 279 6956.35 0 0
2020-06-07 279 6956.35 0 0
2020-06-08 282 6956.35 0 0
2020-06-09 282 6956.35 0 0
2020-06-10 283 6956.35 0 0
2020-06-11 279 6956.35 0 0
2020-06-12 270 6956.35 0 0
2020-06-13 271 6956.35 0 0
2020-06-14 271 6956.35 0 0
2020-06-15 271 6956.35 0 0
2020-06-16 273 6956.35 0 0
2020-06-17 280 6956.35 0 0
2020-06-18 280 6956.35 0 0
2020-06-19 279 6956.35 0 0
2020-06-20 278 6956.35 0 0
2020-06-21 278 6956.35 0 0
2020-06-22 281 6956.35 0 0
2020-06-23 280 6956.35 0 0
2020-06-24 280 6956.35 0 0
2020-06-25 275 6956.35 0 0
2020-06-26 275 6956.35 0 0
2020-06-27 272 6956.35 0 0
2020-06-28 272 6956.35 0 0
2020-06-29 272 6956.35 0 0
2020-06-30 277 6956.35 0 0
2020-07-01 275 6956.35 0 0
2020-07-07 286 6956.35 0 0
2020-07-08 293 6956.35 0 0
2020-07-09 298 6956.35 0 0
2020-07-10 294 6956.35 0 0
2020-07-11 297 6956.35 0 0
2020-07-12 297 6956.35 0 0
2020-07-13 295 6956.35 0 0
2020-07-14 292 6956.35 0 0
2020-07-15 296 6956.35 0 0
2020-07-16 292 6956.35 0 0
2020-07-17 287 6956.35 0 0
2020-07-18 287 6956.35 0 0
2020-07-20 292 6956.35 0 0
2020-07-21 292 6956.35 0 0
2020-07-22 296 6956.35 0 0
2020-07-23 291 6956.35 0 0
2020-07-24 287 6956.35 0 0
2020-07-25 288 6956.35 0 0
2020-07-26 287 6956.35 0 0
2020-07-27 287 6956.35 0 0
2020-07-28 288 6956.35 0 0
2020-07-29 292 6956.35 0 0
2020-07-30 291 6956.35 0 0
2020-07-31 293 6956.35 0 0
2020-08-04 298 6956.35 0 0
2020-08-05 297 6956.35 0 0
2020-08-06 297 6956.35 0 0
2020-08-07 294 6956.35 0 0
2020-08-08 294 6956.35 0 0
2020-08-09 294 6956.35 0 0
2020-08-10 295 6956.35 0 0
2020-08-12 294 6956.35 0 0
2020-08-13 295 6956.35 0 0
2020-08-14 294 6956.35 0 0
2020-08-15 294 6956.35 0 0
2020-08-16 294 6956.35 0 0
2020-08-17 297 6956.35 0 0
2020-08-18 299 6956.35 0 0
2020-08-19 298 6956.35 0 0
2020-08-20 297 6956.35 0 0
2020-08-21 298 6956.35 0 0
2020-08-22 298 6956.35 0 0
2020-08-23 298 6956.35 0 0
2020-08-24 300 6956.35 0 0
2020-08-25 300 6956.35 0 0
2020-08-26 302 6956.35 0 0
2020-08-27 304 6956.35 0 0
2020-08-28 304 6956.35 0 0
2020-08-29 306 6956.35 0 0
2020-08-30 306 6956.35 0 0
2020-08-31 306 6956.35 0 0
2020-09-01 307 6956.35 0 0
2020-09-02 307 6956.35 0 0
2020-09-03 305 6956.35 0 0
2020-09-04 304 6956.35 0 0
2020-09-05 304 6956.35 0 0
2020-09-06 304 6956.35 0 0
2020-09-07 304 6956.35 0 0
2020-09-08 301 6956.35 0 0
2020-09-09 301 6956.35 0 0
2020-09-10 301 6956.35 0 0
2020-09-11 300 6956.35 0 0
2020-09-12 302 6956.35 0 0
2020-09-13 302 6956.35 0 0
2020-09-14 305 6956.35 0 0
2020-09-15 305 6956.35 0 0
2020-09-16 306 6956.35 0 0
2020-09-17 304 6956.35 0 0
2020-09-18 306 6956.35 0 0
2020-09-19 305 6956.35 0 0
2020-09-21 305 6956.35 0 0
2020-09-22 306 6956.35 0 0
2020-09-23 305 6956.35 0 0
2020-09-24 304 6956.35 0 0
2020-09-25 302 6956.35 0 0
2020-09-26 302 6956.35 0 0
2020-09-27 302 6956.35 0 0
2020-09-28 305 6956.35 0 0
2020-09-29 305 6956.35 0 0
2020-09-30 307 6956.35 0 0
2020-10-01 307 6956.35 0 0
2020-10-03 308 6956.35 0 0
2020-10-04 308 6956.35 0 0
2020-10-05 308 6956.35 0 0
2020-10-06 310 6956.35 0 0
2020-10-07 310 6956.35 0 0
2020-10-08 310 6956.35 0 0
2020-10-09 313 6956.35 0 0
2020-10-10 314 6956.35 0 0
2020-10-11 314 6956.35 0 0
2020-10-12 315 6956.35 0 0
2020-10-13 316 6956.35 0 0
2020-10-14 315 6956.35 0 0
2020-10-16 311 6956.35 0 0
2020-10-17 311 6956.35 0 0
2020-10-18 311 6956.35 0 0
2020-10-19 312 6956.35 0 0
2020-10-20 318 6956.35 0 0
2020-10-21 320 6956.35 0 0
2020-10-22 316 6956.35 0 0
2020-10-23 313 6956.35 0 0
2020-10-24 313 6956.35 0 0
2020-10-25 312 6956.35 0 0
2020-10-26 310 6956.35 0 0
2020-10-27 311 6956.35 0 0
2020-10-28 311 6956.35 0 0
2020-10-29 314 6956.35 0 0
2020-10-30 310 6956.35 0 0
2020-10-31 310 6956.35 0 0
2020-11-01 310 6956.35 0 0
2020-11-02 312 6956.35 0 0
2020-11-03 316 6956.35 0 0
2020-11-04 319 6956.35 0 0
2020-11-05 322 6956.35 0 0
2020-11-06 322 6956.35 0 0
2020-11-07 322 6956.35 0 0
2020-11-08 322 6956.35 0 0
2020-11-09 324 6956.35 0 0
2020-11-10 324 6956.35 0 0
2020-11-11 323 6956.35 0 0
2020-11-12 324 6956.35 0 0
2020-11-13 322 6956.35 0 0
2020-11-14 319 6956.35 0 0
2020-11-15 319 6956.35 0 0
2020-11-17 318 6956.35 0 0
2020-11-18 318 6956.35 0 0
2020-11-19 320 6956.35 0 0
2020-11-20 319 6956.35 0 0
2020-11-21 319 6956.35 0 0
2020-11-22 319 6956.35 0 0
2020-11-23 322 6956.35 0 0
2020-11-24 323 6956.35 0 0
2020-11-25 320 6956.35 0 0
2020-11-26 323 6956.35 0 0
2020-11-27 324 6956.35 0 0
2020-11-28 324 6956.35 0 0
2020-11-29 324 6956.35 0 0
2020-11-30 324 6956.35 0 0
2020-12-01 321 6956.35 0 0
2020-12-02 323 6956.35 0 0
2020-12-03 322 6956.35 0 0
2020-12-04 326 6956.35 0 0
2020-12-05 326 6956.35 0 0
2020-12-06 326 6956.35 0 0
2020-12-07 330 6956.35 0 0
2020-12-08 331 6956.35 0 0
2020-12-09 328 6956.35 0 0
2020-12-10 327 6956.35 0 0
2020-12-11 333 6956.35 0 0
2020-12-12 329 6956.35 0 0
2020-12-13 329 6956.35 0 0
2020-12-14 333 6956.35 0 0
2020-12-15 335 6956.35 0 0
2020-12-16 336 6956.35 0 0
2020-12-17 337 6956.35 0 0
2020-12-18 340 6956.35 0 0
2020-12-19 339 6956.35 0 0
2020-12-20 339 6956.35 0 0
2020-12-21 339 6956.35 0 0
2020-12-22 338 6956.35 0 0
2020-12-23 339 6956.35 0 0
2020-12-24 337 6956.35 0 0
2020-12-25 337 6956.35 0 0
2020-12-26 337 6956.35 0 0
2020-12-27 337 6956.35 0 0
2020-12-28 337 6956.35 0 0
2020-12-29 338 6956.35 0 0
2020-12-31 343 6956.35 0 0
2021-01-01 338 6956.35 0 0
2021-01-02 338 6956.35 0 0
2021-01-03 338 6956.35 0 0
2021-01-04 345 6956.35 0 0
2021-01-05 349 6956.35 0 0
2021-01-06 351 6956.35 0 0
2021-01-07 352 6956.35 0 0
2021-01-08 351 6956.35 0 0
2021-01-09 352 6956.35 0 0
2021-01-10 352 6956.35 0 0
2021-01-11 349 6956.35 0 0
2021-01-12 349 6956.35 0 0
2021-01-13 348 6956.35 0 0
2021-01-14 346 6956.35 0 0
2021-01-15 347 6956.35 0 0
2021-01-16 346 6956.35 0 0
2021-01-17 346 6956.35 0 0
2021-01-18 346 6956.35 0 0
2021-01-19 349 6956.35 0 0
2021-01-20 351 6956.35 0 0
2021-01-21 352 6956.35 0 0
2021-01-22 353 6956.35 0 0
2021-01-23 353 6956.35 0 0
2021-01-24 353 6956.35 0 0
2021-01-25 356 6956.35 0 0
2021-01-26 351 6956.35 0 0
2021-01-27 350 6956.35 0 0
2021-01-28 347 6956.35 0 0
2021-01-29 342 6956.35 0 0
2021-01-30 342 6956.35 0 0
2021-01-31 342 6956.35 0 0
2021-02-01 350 6956.35 0 0
2021-02-02 353 6956.35 0 0
2021-02-03 357 6956.35 0 0
2021-02-04 360 6956.35 0 0
2021-02-05 356 6956.35 0 0
2021-02-06 356 6956.35 0 0
2021-02-07 356 6956.35 0 0
2021-02-08 361 6956.35 0 0
2021-02-09 365 6956.35 0 0
2021-02-10 371 6956.35 0 0
2021-02-11 373 6956.35 0 0
2021-02-12 373 6956.35 0 0
2021-02-13 373 6956.35 0 0
2021-02-14 373 6956.35 0 0
2021-02-15 372 6956.35 0 0
2021-02-16 375 6956.35 0 0
2021-02-17 375 6956.35 0 0
2021-02-19 367 6956.35 0 0
2021-02-20 368 6956.35 0 0
2021-02-21 369 6956.35 0 0
2021-02-22 364 6956.35 0 0
2021-02-23 366 6956.35 0 0
2021-02-24 364 6956.35 0 0
2021-02-25 362 6956.35 0 0
2021-02-26 358 6956.35 0 0
2021-02-27 356 6956.35 0 0
2021-02-28 356 6956.35 0 0
2021-03-01 363 6956.35 0 0
2021-03-02 364 6956.35 0 0
2021-03-03 367 6956.35 0 0
2021-03-04 366 6956.35 0 0
2021-03-05 362 6956.35 0 0
2021-03-06 366 6956.35 0 0
2021-03-07 369 6956.35 0 0
2021-03-08 361 6956.35 0 0
2021-03-09 361 6956.35 0 0
2021-03-11 200 10894.35 3938 36.147
2021-03-12 201 10894.35 0 0
2021-03-13 200 10894.35 0 0
2021-03-14 200 10894.35 0 0
2021-03-15 201 10894.35 0 0
2021-03-16 203 10894.35 0 0
2021-03-18 201 10894.35 0 0
2021-03-19 201 10894.35 0 0
2021-03-20 202 10894.35 0 0
2021-03-21 202 10894.35 0 0
2021-03-22 202 10894.35 0 0
2021-03-23 198 10894.35 0 0
2021-03-24 192 10894.35 0 0
2021-03-26 194 10894.35 0 0
2021-03-27 194 10894.35 0 0
2021-03-28 194 10894.35 0 0
2021-03-29 195 10894.35 0 0
2021-03-30 194 10894.35 0 0
2021-03-31 194 10894.35 0 0
