2019-11-07 128 11862.92 0 0
2020-01-19 137 12057.528 194.608 1.64
2020-02-07 129 12294.952 237.424 1.969
2020-02-15 127 12527.306 232.354 1.89
2020-02-16 127 12527.306 0 0
2020-02-17 126 12644.99 117.684 0.939
2020-02-18 125 12644.989 -0.001 0
2020-02-19 127 12546.837 -98.152 -0.776
2020-02-20 127 12542.289 -4.548 -0.036
2020-02-21 130 12207.281 -335.008 -2.671
2020-02-22 129 12124.331 -82.95 -0.68
2020-02-23 129 12124.331 0 0
2020-02-24 129 12124.189 -0.142 -0.001
2020-02-25 132 11862.055 -262.134 -2.162
2020-02-26 136 11665.65 -196.405 -1.656
2020-02-27 135 11454.731 -210.919 -1.808
2020-02-28 143 10925.895 -528.836 -4.617
2020-02-29 147 10646.82 -279.075 -2.554
2020-03-01 148 10646.82 0 0
2020-03-02 148 10646.894 0.074 0.001
2020-03-03 140 11198.065 551.171 5.177
2020-03-04 143 11059.879 -138.186 -1.234
2020-03-05 136 11660.098 600.219 5.427
2020-03-06 140 11283.388 -376.71 -3.231
2020-03-07 143 11001.661 -281.727 -2.497
2020-03-08 142 11001.661 0 0
2020-03-09 130 11502.129 500.468 4.549
2020-03-10 145 10511.259 -990.87 -8.615
2020-03-11 134 11345.367 834.108 7.935
2020-03-12 136 10726.737 -618.63 -5.453
2020-03-13 147 9630.377 -1096.36 -10.221
2020-03-14 139 10372.515 742.138 7.706
2020-03-15 139 10372.515 0 0
2020-03-16 131 10372.127 -0.388 -0.004
2020-03-17 167 8185.201 -2186.926 -21.085
2020-03-18 160 8546.611 361.41 4.415
2020-03-19 132 10264.847 1718.236 20.104
2020-03-20 103 12011.88 1747.033 17.02
2020-03-21 117 11365.606 -646.274 -5.38
2020-03-22 117 11365.606 0 0
2020-03-23 112 11365.411 -0.195 -0.002
2020-03-24 96 12001.077 635.666 5.593
2020-03-25 82 13654.323 1653.246 13.776
2020-03-26 84 13750.693 96.37 0.706
2020-03-27 77 14693.341 942.648 6.855
2020-03-28 78 14373.194 -320.147 -2.179
2020-03-29 78 14373.194 0 0
2020-03-30 78 14373.194 0 0
2020-03-31 74 14758.595 385.401 2.681
2020-04-01 82 14114.631 -643.964 -4.363
2020-04-02 92 13414.734 -699.897 -4.959
2020-04-03 88 13663.793 249.059 1.857
2020-04-04 91 13482.901 -180.892 -1.324
2020-04-05 91 13482.901 0 0
2020-04-06 91 13482.901 0 0
2020-04-07 83 14477.576 994.675 7.377
2020-04-08 82 14621.504 143.928 0.994
2020-04-09 80 14912.694 291.19 1.992
2020-04-10 74 15342.469 429.775 2.882
2020-04-11 74 15342.469 0 0
2020-04-12 74 15342.469 0 0
2020-04-13 75 15342.413 -0.056 0
2020-04-14 81 15175.415 -166.998 -1.088
2020-04-15 70 15812.216 636.801 4.196
2020-04-16 77 15119.672 -692.544 -4.38
2020-04-17 79 15115.851 -3.821 -0.025
2020-04-18 74 15860.594 744.743 4.927
2020-04-19 74 15860.594 0 0
2020-04-20 72 15860.565 -0.029 0
2020-04-21 73 15585.577 -274.988 -1.734
2020-04-23 75 15466.838 -118.739 -0.762
2020-04-24 75 15366.261 -100.577 -0.65
2020-04-25 68 16078.756 712.495 4.637
2020-04-26 68 16078.756 0 0
2020-04-27 70 16078.877 0.121 0.001
2020-04-28 66 16534.423 455.546 2.833
2020-04-29 66 16593.787 59.364 0.359
2020-04-30 65 16950.569 356.782 2.15
2020-05-01 65 16780.856 -169.713 -1.001
2020-05-02 65 16695.768 -85.088 -0.507
2020-05-03 65 16695.768 0 0
2020-05-04 65 16695.825 0.057 0
2020-05-05 65 16982.672 286.847 1.718
2020-05-06 65 17321.911 339.239 1.998
2020-05-07 65 17204.666 -117.245 -0.677
2020-05-08 65 17613.036 408.37 2.374
2020-05-09 65 17983.016 369.98 2.101
2020-05-10 65 17983.016 0 0
2020-05-11 65 17983.03 0.014 0
2020-05-12 64 18076.84 93.81 0.522
2020-05-13 64 17781.578 -295.262 -1.633
2020-05-14 65 17581.711 -199.867 -1.124
2020-05-15 62 17835.683 253.972 1.445
2020-05-16 57 18249.848 414.165 2.322
2020-05-17 57 18249.848 0 0
2020-05-18 63 18250.01 0.162 0.001
2020-05-19 58 18723.992 473.982 2.597
2020-05-20 62 18313.744 -410.248 -2.191
2020-05-21 62 18322.948 9.204 0.05
2020-05-23 59 18758.46 435.512 2.377
2020-05-24 59 18758.46 0 0
2020-05-25 59 18758.46 0 0
2020-05-26 60 18758.529 0.069 0
2020-05-27 60 18856.155 97.626 0.52
2020-05-28 57 19318.587 462.432 2.452
2020-05-29 58 19184.02 -134.567 -0.697
2020-05-30 57 19463.737 279.717 1.458
2020-05-31 57 19463.737 0 0
