2024-03-30 1855 1760 0 0
2024-03-31 1855 1760 0 0
2024-04-02 1846 1760 0 0
2024-04-03 1846 1760 0 0
2024-04-04 1850 1760 0 0
2024-04-05 1850 1760 0 0
2024-04-06 1846 1760 0 0
2024-04-07 1847 1760 0 0
2024-04-08 1847 1760 0 0
2024-04-09 1845 1760 0 0
2024-04-10 1845 1760 0 0
2024-04-11 1837 1760 0 0
2024-04-12 1825 1760 0 0
2024-04-13 1819 1760 0 0
2024-04-14 1820 1760 0 0
2024-04-15 1814 1760 0 0
2024-04-16 1807 1760 0 0
2024-04-17 1805 1760 0 0
2024-04-18 1805 1760 0 0
2024-04-19 1808 1760 0 0
2024-04-20 1809 1760 0 0
2024-04-21 1810 1760 0 0
2024-04-22 1815 1760 0 0
2024-04-23 1820 1760 0 0
2024-04-24 1826 1760 0 0
2024-04-25 1820 1760 0 0
2024-04-26 1825 1760 0 0
2024-04-27 1824 1760 0 0
2024-04-28 1824 1760 0 0
2024-04-29 1832 1760 0 0
2024-04-30 1829 1760 0 0
