2025-04-02 2855 1090.8 0 0
2025-04-03  933.399 -157.401 -14.43
2025-05-13 2950 1033.167 99.768 10.689
2025-05-14 2956 1033.651 0.484 0.047
2025-05-15 2996 1001.687 -31.964 -3.092
2025-05-16 2986 1009.92 8.233 0.822
2025-05-17 2992 1009.92 0 0
2025-05-18 2992 1009.92 0 0
2025-05-19 2998 1006.046 -3.874 -0.384
2025-05-20  988.611 -17.435 -1.733
2025-06-28 3029 1007.983 19.372 1.96
2025-06-29 3028 1007.983 0 0
2025-06-30  996.36 -11.623 -1.153
2025-07-03 3036 1013.795 17.435 1.75
2025-07-04 3037 1013.795 0 0
2025-07-05 3037 1013.795 0 0
2025-07-06 3037 1013.795 0 0
2025-07-07 3045 1001.203 -12.592 -1.242
2025-07-08 3053 1003.624 2.421 0.242
2025-07-09 3049 1007.499 3.875 0.386
2025-07-10 3036 1015.248 7.749 0.769
2025-07-11  981.83 -33.418 -3.292
2025-07-17 2950 1073.365 91.535 9.323
2025-07-18 2962 1064.163 -9.202 -0.857
2025-07-19 2965 1064.163 0 0
2025-07-20 2964 1064.163 0 0
2025-07-21 3015 1035.589 -28.574 -2.685
2025-07-22 3015 1032.198 -3.391 -0.327
2025-07-23 2985 1054.961 22.763 2.205
2025-07-24 2994 1049.634 -5.327 -0.505
2025-07-25 3016 1035.589 -14.045 -1.338
2025-07-26 3012 1035.589 0 0
2025-07-27 3011 1035.589 0 0
2025-07-28 3035 1025.418 -10.171 -0.982
2025-07-29 3025 1027.355 1.937 0.189
2025-07-30 3041 1010.889 -16.466 -1.603
2025-07-31 3051 1003.14 -7.749 -0.767
2025-08-01  978.44 -24.7 -2.462
2025-08-06 3051 1012.342 33.902 3.465
2025-08-07  983.283 -29.059 -2.87
2025-08-09 3041 1022.512 39.229 3.99
2025-08-10 3040 1022.512 0 0
2025-08-11 3043 1022.512 0 0
2025-08-12 3004 1050.118 27.606 2.7
2025-08-13 3029 1036.557 -13.561 -1.291
2025-08-14 3067 1018.153 -18.404 -1.775
2025-08-15  988.126 -30.027 -2.949
