2022-01-16 1001 3256.196 0 0
2022-01-17 981 3339.854 83.658 2.569
2022-01-18 958 3394.387 54.533 1.633
2022-01-19 1039 3080.366 -314.021 -9.251
2022-01-20 1072 2971.786 -108.58 -3.525
2022-01-22 1070 2966.626 -5.16 -0.174
2022-01-23 1070 2966.626 0 0
2022-01-24 1048 3011.889 45.263 1.526
2022-01-25 1033 3029.925 18.036 0.599
2022-01-26 1073 2923.663 -106.262 -3.507
2022-01-27 1102 2831.609 -92.054 -3.149
2022-01-28 1094 2850.024 18.415 0.65
2022-01-29 1095 2849.532 -0.492 -0.017
2022-01-30 1095 2849.532 0 0
2022-01-31 1110 2849.532 0 0
