2020-01-19 173 10053.369 0 0
2020-02-07 168 10047.839 -5.53 -0.055
2020-02-15 178 9768.022 -279.817 -2.865
2020-02-16 177 9768.022 0 0
2020-02-17 181 9694.161 -73.861 -0.762
2020-02-18 184 9575.942 -118.219 -1.235
2020-02-19 177 9818.792 242.85 2.473
2020-02-20 175 9847.45 28.658 0.291
2020-02-21 177 9837.058 -10.392 -0.106
2020-02-22 177 9835.317 -1.741 -0.018
2020-02-23 177 9835.317 0 0
2020-02-24 178 9606.008 -229.309 -2.387
2020-02-25 179 9461.016 -144.992 -1.533
2020-02-26 183 9331.769 -129.247 -1.385
2020-02-27 179 9351.148 19.379 0.207
2020-02-28 182 9099.779 -251.369 -2.762
2020-02-29 181 9052.561 -47.218 -0.522
2020-03-01 180 9052.561 0 0
2020-03-02 184 8861.111 -191.45 -2.161
2020-03-03 180 9087.655 226.544 2.493
2020-03-04 181 9213.424 125.769 1.365
2020-03-05 181 9170.534 -42.89 -0.468
2020-03-06 182 9011.376 -159.158 -1.766
2020-03-07 183 8976.757 -34.619 -0.386
2020-03-08 183 8976.757 0 0
2020-03-09 182 8781.835 -194.922 -2.22
2020-03-10 182 8753.865 -27.97 -0.32
2020-03-11 181 8665.476 -88.389 -1.02
2020-03-12 182 8191.553 -473.923 -5.786
2020-03-13 168 8451.572 260.019 3.077
2020-03-14 170 8471.587 20.015 0.236
2020-03-15 170 8471.587 0 0
2020-03-16 172 8144.185 -327.402 -4.02
2020-03-17 180 8014.082 -130.103 -1.623
2020-03-18 188 7639.279 -374.803 -4.906
2020-03-19 202 7380.315 -258.964 -3.509
2020-03-20 192 7599.359 219.044 2.882
2020-03-21 192 7587.785 -11.574 -0.153
2020-03-22 191 7587.785 0 0
2020-03-23 214 6934.69 -653.095 -9.418
2020-03-24 213 6861.937 -72.753 -1.06
2020-03-25 223 6846.538 -15.399 -0.225
2020-03-26 217 7072.599 226.061 3.196
2020-03-27 222 7178.636 106.037 1.477
2020-03-28 224 7111.451 -67.185 -0.945
2020-03-29 224 7111.451 0 0
2020-03-30 224 7111.451 0 0
2020-03-31 229 6964.005 -147.446 -2.117
2020-04-01 224 7084.112 120.107 1.695
2020-04-02 226 7024.783 -59.329 -0.845
2020-04-03 226 7023.428 -1.355 -0.019
2020-04-04 232 6892.183 -131.245 -1.904
2020-04-05 232 6892.183 0 0
2020-04-06 232 6892.183 0 0
2020-04-07 223 7270.593 378.41 5.205
2020-04-08 225 7250.053 -20.54 -0.283
2020-04-10 228 7354.028 103.975 1.414
2020-04-11 228 7354.028 0 0
2020-04-12 228 7354.028 0 0
2020-04-13 223 7464.472 110.444 1.48
2020-04-14 224 7473.976 9.504 0.127
2020-04-15 224 7485.017 11.041 0.148
2020-04-17 221 7571.4 86.383 1.141
2020-04-18 224 7600.08 28.68 0.377
2020-04-19 224 7600.08 0 0
2020-04-20 229 7429.499 -170.581 -2.296
2020-04-21 233 7224.735 -204.764 -2.834
2020-04-23 234 7239.566 14.831 0.205
2020-04-24 239 7149.396 -90.17 -1.261
2020-04-25 238 7128.235 -21.161 -0.297
2020-04-26 238 7128.235 0 0
2020-04-27 241 7153.548 25.313 0.354
2020-04-28 244 7169.495 15.947 0.222
2020-04-29 240 7247.049 77.554 1.07
2020-04-30 231 7436.92 189.871 2.553
