2023-03-28 2435 1000 0 0
2023-03-29 2436 1000 0 0
2023-03-30 2440 1000 0 0
2023-03-31 2442 1000 0 0
2023-04-01 2452 1000 0 0
2023-04-02 2453 1000 0 0
2023-04-03 2442 1000 0 0
2023-04-04 2440 1000 0 0
2023-04-05 2442 1000 0 0
2023-04-06 2625 1000 0 0
2023-04-07 2629 1000 0 0
2023-04-08 2628 1000 0 0
2023-04-09 2627 1000 0 0
2023-04-10 2626 1000 0 0
2023-04-11 2634 1000 0 0
2023-04-12 2632 1000 0 0
2023-04-13 2639 1000 0 0
2023-04-14 2644 1000 0 0
2023-04-15 2649 1000 0 0
2023-04-16 2649 1000 0 0
2023-04-17 2644 1000 0 0
2023-04-18 2647 1000 0 0
2023-04-19 2633 1000 0 0
2023-04-20 2629 1000 0 0
2023-04-21 2621 1000 0 0
2023-04-22 2620 1000 0 0
2023-04-23 2620 1000 0 0
2023-04-24 2612 1000 0 0
2023-04-25 2606 1000 0 0
2023-04-26 2597 1000 0 0
2023-04-27 2604 1000 0 0
2023-04-28 2608 1000 0 0
2023-04-29 2616 1000 0 0
2023-04-30 2616 1000 0 0
