2023-04-06 2196 1317.567 0 0
2023-04-07 2198 1317.567 0 0
2023-04-08 2197 1317.567 0 0
2023-04-09 2196 1317.567 0 0
2023-04-10 2195 1317.567 0 0
2023-04-11 2200 1317.567 0 0
2023-04-12 2194 1317.567 0 0
2023-04-13 2204 1317.567 0 0
2023-04-14 2208 1317.567 0 0
2023-04-15 2208 1317.567 0 0
2023-04-16 2208 1317.567 0 0
2023-04-17 2215 1317.567 0 0
2023-04-18 2209 1317.567 0 0
2023-04-19 2198 1317.567 0 0
2023-04-20 2190 1317.567 0 0
2023-04-21 2183 1317.567 0 0
2023-04-22 2182 1317.567 0 0
2023-04-23 2182 1317.567 0 0
2023-04-24 2180 1317.567 0 0
2023-04-25 2170 1317.567 0 0
2023-04-26 2170 1317.567 0 0
2023-04-27 2174 1317.567 0 0
2023-04-28 2178 1317.567 0 0
2023-04-29 2178 1317.567 0 0
