2020-01-19 1788 1392.962 0 0
2020-02-07 1769 1384.096 -8.866 -0.641
2020-02-15 1735 1422.32 38.224 2.687
2020-02-16 1735 1422.32 0 0
2020-02-17 1763 1399.234 -23.086 -1.65
2020-02-18 1746 1410.493 11.259 0.798
2020-02-19 1733 1434.048 23.555 1.643
2020-02-20 1765 1397.593 -36.455 -2.608
2020-02-21 1787 1362.431 -35.162 -2.581
2020-02-22 1783 1367.127 4.696 0.343
2020-02-23 1782 1367.127 0 0
2020-02-24 1772 1367.127 0 0
2020-02-25 1811 1310.738 -56.389 -4.302
2020-02-26 1824 1291.237 -19.501 -1.51
2020-02-27 1892 1205.071 -86.166 -7.15
2020-02-28 1957 1133.954 -71.117 -6.272
2020-02-29 1927 1156.293 22.339 1.932
2020-03-01 1928 1156.293 0 0
2020-03-02 1877 1206.131 49.838 4.132
2020-03-03 1908 1192.865 -13.266 -1.112
2020-03-04 1919 1187.202 -5.663 -0.477
2020-03-05 1887 1209.14 21.938 1.814
2020-03-06 1895 1196.473 -12.667 -1.059
2020-03-07 1874 1211.521 15.048 1.242
2020-03-08 1870 1211.521 0 0
2020-03-09 1905 1161.077 -50.444 -4.345
2020-03-10 1824 1227.127 66.05 5.382
2020-03-11 1834 1203.941 -23.186 -1.926
2020-03-12 1865 1133.611 -70.33 -6.204
2020-03-13 1940 1050.397 -83.214 -7.922
2020-03-14 1966 1035.89 -14.507 -1.4
2020-03-15 1966 1035.89 0 0
2020-03-16 1940 1031.277 -4.613 -0.447
2020-03-17 1844 1102.111 70.834 6.427
2020-03-18 1742 1171.244 69.133 5.903
2020-03-19 1706 1183.29 12.046 1.018
2020-03-20 1733 1166.357 -16.933 -1.452
2020-03-21 1755 1152.948 -13.409 -1.163
2020-03-22 1755 1152.948 0 0
2020-03-23 1726 1154.613 1.665 0.144
2020-03-24 1718 1154.457 -0.156 -0.014
2020-03-25 1734 1187.475 33.018 2.781
2020-03-26 1672 1260.093 72.618 5.763
2020-03-27 1699 1254.996 -5.097 -0.406
2020-03-28 1698 1243.63 -11.366 -0.914
2020-03-29 1698 1243.63 0 0
2020-03-30 1698 1243.63 0 0
2020-03-31 1747 1196.244 -47.386 -3.961
