2024-03-30 2736 1009.106 0 0
2024-03-31 2736 1009.106 0 0
2024-04-02 2734 1009.106 0 0
2024-04-03 2733 1009.106 0 0
2024-04-04 2735 1009.106 0 0
2024-04-05 2736 1009.106 0 0
2024-04-06 2733 1009.106 0 0
2024-04-07 2733 1009.106 0 0
2024-04-08 2729 1009.106 0 0
2024-04-09 2734 1009.106 0 0
2024-04-10 2731 1009.106 0 0
2024-04-11 2728 1009.106 0 0
2024-04-12 2716 1009.106 0 0
2024-04-13 2713 1009.106 0 0
2024-04-14 2713 1009.106 0 0
2024-04-15 2713 1009.106 0 0
2024-04-16 2705 1009.106 0 0
2024-04-17 2700 1009.106 0 0
2024-04-18 2705 1009.106 0 0
2024-04-19 2698 1009.106 0 0
2024-04-20 2696 1009.106 0 0
2024-04-21 2696 1009.106 0 0
2024-04-22 2697 1009.106 0 0
2024-04-23 2703 1009.106 0 0
2024-04-24 2705 1009.106 0 0
2024-04-25 2705 1009.106 0 0
2024-04-26 2707 1009.106 0 0
2024-04-27 2713 1009.106 0 0
2024-04-28 2713 1009.106 0 0
2024-04-29 2717 1009.106 0 0
2024-04-30 2718 1009.106 0 0
