2022-02-11 2344 1223.722 0 0
2022-02-12 2331 1223.684 -0.038 -0.003
2022-02-13 2332 1223.684 0 0
2022-02-14 2409 1151.408 -72.276 -5.906
2022-02-15 2429 1134.531 -16.877 -1.466
2022-02-16 2400 1159.387 24.856 2.191
2022-02-17 2423 1138.435 -20.952 -1.807
2022-02-18 2424 1137.701 -0.734 -0.064
2022-02-19 2416 1139.589 1.888 0.166
2022-02-20 2414 1139.589 0 0
2022-02-21 2412 1144.019 4.43 0.389
2022-02-22 2420 1122.489 -21.53 -1.882
2022-02-23 2422 1114.577 -7.912 -0.705
2022-02-24 2451 1089.787 -24.79 -2.224
2022-02-25 2452 1086.024 -3.763 -0.345
2023-04-11  972 -114.024 -10.499
2023-04-12  952.56 -19.44 -2
