2026-05-13 3279 1088.469 0 0
2026-05-14 3323 1047.549 0 0
2026-05-15 3398 999.071 0 0
2026-05-16 3392 996.061 0 0
2026-05-24 3399 1000.229 0 0
2026-05-25 3373 1012.119 0 0
2026-05-26 3352 1027.577 0 0
2026-05-27 3304 1069.193 0 0
2026-05-28 3355 1026.013 0 0
2026-05-29 3355 1026.405 0 0
2026-05-30 3305 1060.079 0 0
2026-05-31 3307 1063.057 0 0
2026-06-01 3305 1064.253 0 0
2026-06-02 3336 1030.778 0 0
2026-06-03 3174 1134.481 0 0
2026-06-04 3147 1145.801 0 0
2026-06-05 3314 1039.63 0 0
2026-06-06 3317 1031.002 0 0
2026-06-07 3318 1029.187 0 0
2026-06-09 3346 1004.235 0 0
2026-06-11 3365 922.583 0 0
2026-06-20 3354 1006.89 0 0
