2019-11-07 1534 1622.666 0 0
2020-01-19 1085 2394.867 772.201 47.588
2020-03-01 1542 1590.185 -804.682 -33.6
2020-03-02 1549 1590.185 0 0
2020-03-03 1545 1597.682 7.497 0.471
2020-03-04 1531 1617.229 19.547 1.223
2020-03-05 1514 1633.076 15.847 0.98
2020-03-06 1490 1653.026 19.95 1.222
2020-03-07 1500 1624.58 -28.446 -1.721
2020-03-08 1495 1624.58 0 0
2020-03-09 1483 1624.58 0 0
2020-03-10 1502 1573.499 -51.081 -3.144
2020-03-11 1483 1579.431 5.932 0.377
2020-03-12 1455 1571.179 -8.252 -0.522
2020-03-13 1497 1502.392 -68.787 -4.378
2020-03-14 1549 1444.85 -57.542 -3.83
2020-03-15 1548 1444.85 0 0
2020-03-16 1516 1444.85 0 0
2020-03-17 1543 1405.027 -39.823 -2.756
2020-03-18 1579 1348.447 -56.58 -4.027
2020-03-19 1397 1519.619 171.172 12.694
2020-03-20 1503 1409.951 -109.668 -7.217
2020-03-21 1443 1481.223 71.272 5.055
2020-03-22 1443 1481.223 0 0
2020-03-23 1420 1481.223 0 0
2020-03-24 1455 1432.509 -48.714 -3.289
2020-03-25 1434 1501.407 68.898 4.81
2020-03-26 1383 1578.996 77.589 5.168
2020-03-27 1412 1574.666 -4.33 -0.274
2020-03-28 1393 1589.379 14.713 0.934
2020-03-29 1393 1589.379 0 0
2020-03-30 1393 1589.379 0 0
2020-03-31 1384 1591.635 2.256 0.142
2020-04-01 1403 1581.438 -10.197 -0.641
2020-04-02 1395 1563.291 -18.147 -1.147
2020-04-03 1403 1563.291 0 0
2020-04-04 1396 1563.291 0 0
2020-04-05 1396 1563.291 0 0
2020-04-06 1396 1563.291 0 0
2020-04-07 1385 1614.096 50.805 3.25
2020-04-08 1415 1650.078 35.982 2.229
2020-04-09 1401 1678.284 28.206 1.709
2020-04-10 1399 1684.396 6.112 0.364
2020-04-11 1399 1684.396 0 0
2020-04-12 1399 1684.396 0 0
2020-04-13 1400 1684.396 0 0
2020-04-14 1407 1688.819 4.423 0.263
2020-04-15 1372 1728.862 40.043 2.371
2020-04-16 1355 1749.684 20.822 1.204
2020-04-17 1377 1721.753 -27.931 -1.596
2020-04-18 1375 1735.525 13.772 0.8
2020-04-19 1375 1735.525 0 0
2020-04-20 1376 1735.525 0 0
2020-04-21 1364 1728.538 -6.987 -0.403
2020-04-23 1412 1672.913 -55.625 -3.218
2020-04-24 1402 1686.687 13.774 0.823
2020-04-25 1399 1679.633 -7.054 -0.418
2020-04-26 1399 1679.633 0 0
2020-04-27 1411 1679.633 0 0
2020-04-28 1370 1731.289 51.656 3.075
2020-04-29 1370 1746.486 15.197 0.878
2020-04-30 1349 1791.3 44.814 2.566
2020-05-01 1298 1881.423 90.123 5.031
2020-05-02 1291 1881.423 0 0
2020-05-03 1291 1881.423 0 0
2020-05-04 1283 1881.423 0 0
2020-05-05 1330 1818.439 -62.984 -3.348
2020-05-06 1328 1832.414 13.975 0.769
2020-05-07 1334 1817.776 -14.638 -0.799
2020-05-08 1336 1816.586 -1.19 -0.065
2020-05-09 1326 1842.949 26.363 1.451
2020-05-10 1326 1842.949 0 0
2020-05-11 1334 1842.949 0 0
2020-05-12 1313 1863.212 20.263 1.099
2020-05-13 1333 1834.289 -28.923 -1.552
2020-05-14 1321 1829.102 -5.187 -0.283
2020-05-15 1347 1793.855 -35.247 -1.927
2020-05-16 1351 1795.991 2.136 0.119
2020-05-17 1351 1795.991 0 0
2020-05-18 1352 1795.991 0 0
2020-05-19 1358 1799.138 3.147 0.175
2020-05-20 1343 1826.964 27.826 1.547
2020-05-21 1344 1827.875 0.911 0.05
2020-05-23 1351 1795.631 -32.244 -1.764
2020-05-24 1351 1795.631 0 0
2020-05-25 1360 1795.631 0 0
2020-05-26 1371 1795.631 0 0
2020-05-27 1363 1815.275 19.644 1.094
2020-05-28 1371 1805.319 -9.956 -0.548
2020-05-29 1388 1785.888 -19.431 -1.076
2020-05-30 1386 1783.432 -2.456 -0.138
2020-05-31 1386 1783.432 0 0
2020-06-01 1396 1783.432 0 0
2020-06-02 1398 1806.739 23.307 1.307
2020-06-03 1407 1812.304 5.565 0.308
2020-06-04 1387 1853.432 41.128 2.269
2020-06-05 1389 1859.004 5.572 0.301
2020-06-06 1382 1879.033 20.029 1.077
2020-06-07 1382 1879.033 0 0
2020-06-08 1382 1879.033 0 0
2020-06-09 1365 1909.391 30.358 1.616
2020-06-10 1357 1916.623 7.232 0.379
2020-06-11 1342 1928.921 12.298 0.642
2020-06-12 1356 1896.363 -32.558 -1.688
2020-06-13 1365 1872.497 -23.866 -1.259
2020-06-14 1365 1872.497 0 0
2020-06-15 1370 1872.497 0 0
2020-06-16 1391 1854.303 -18.194 -0.972
2020-06-17 1380 1878.407 24.104 1.3
2020-06-18 1381 1878.407 0 0
2020-06-19 1370 1887.586 9.179 0.489
2020-06-20 1378 1877.65 -9.936 -0.526
2020-06-21 1378 1877.65 0 0
2020-06-22 1377 1877.65 0 0
2020-06-23 1379 1885.86 8.21 0.437
2020-06-24 1379 1885.86 0 0
2020-06-25 1361 1901.216 15.356 0.814
2020-06-26 1354 1901.216 0 0
2020-06-27 1351 1901.216 0 0
2020-06-28 1351 1901.216 0 0
2020-06-29 1352 1901.216 0 0
2020-06-30 1367 1890.287 -10.929 -0.575
