2024-03-30 1717 1913.807 0 0
2024-03-31 1717 1913.807 0 0
2024-04-02 1722 1913.807 0 0
2024-04-03 1724 1913.807 0 0
2024-04-04 1721 1913.807 0 0
2024-04-05 1723 1913.807 0 0
2024-04-06 1722 1913.807 0 0
2024-04-07 1722 1913.807 0 0
2024-04-08 1722 1913.807 0 0
2024-04-09 1724 1913.807 0 0
2024-04-10 1720 1913.807 0 0
2024-04-11 1721 1913.807 0 0
2024-04-12 1708 1913.807 0 0
2024-04-13 1706 1913.807 0 0
2024-04-14 1706 1913.807 0 0
2024-04-15 1703 1913.807 0 0
2024-04-16 1697 1913.807 0 0
2024-04-17 1694 1913.807 0 0
2024-04-18 1696 1913.807 0 0
2024-04-19 1690 1913.807 0 0
2024-04-20 1689 1913.807 0 0
2024-04-21 1689 1913.807 0 0
2024-04-22 1693 1913.807 0 0
2024-04-23 1700 1913.807 0 0
2024-04-24 1703 1913.807 0 0
2024-04-25 1698 1913.807 0 0
2024-04-26 1706 1913.807 0 0
2024-04-27 1707 1913.807 0 0
2024-04-28 1707 1913.807 0 0
2024-04-29 1709 1913.807 0 0
2024-04-30 1706 1913.807 0 0
2024-05-01 1705 1913.807 0 0
2024-05-02 1709 1913.807 0 0
2024-05-03 1709 1913.807 0 0
2024-05-04 1711 1913.807 0 0
2024-05-05 1711 1913.807 0 0
2024-05-06 1717 1913.807 0 0
2024-05-07 1718 1913.807 0 0
2024-05-08 1718 1913.807 0 0
2024-05-09 1725 1913.807 0 0
2024-05-10 1738 1913.807 0 0
2024-05-11 1738 1913.807 0 0
2024-05-12 1738 1913.807 0 0
2024-05-13 1737 1913.807 0 0
2024-05-14 1735 1913.807 0 0
2024-05-15 1739 1913.807 0 0
2024-05-16 1741 1913.807 0 0
2024-05-17 1744 1913.807 0 0
2024-05-18 1742 1913.807 0 0
2024-05-19 1742 1913.807 0 0
2024-05-20 1746 1913.807 0 0
2024-05-21 1743 1913.807 0 0
2024-05-22 1742 1913.807 0 0
2024-05-23 1731 1913.807 0 0
2024-05-24 1729 1913.807 0 0
2024-05-25 1730 1913.807 0 0
2024-05-26 1730 1913.807 0 0
2024-05-27 1736 1913.807 0 0
2024-05-28 1729 1913.807 0 0
2024-05-29 1721 1913.807 0 0
2024-05-30 1720 1913.807 0 0
2024-05-31 1718 1913.807 0 0
