2020-01-19 245 7674.387 0 0
2020-02-07 250 7531.646 -142.741 -1.895
2020-02-15 237 7729.68 198.034 2.562
2020-02-16 236 7729.68 0 0
2020-02-17 235 7761.224 31.544 0.406
2020-02-18 234 7761.224 0 0
2020-02-19 237 7738.497 -22.727 -0.294
2020-02-20 239 7721.26 -17.237 -0.223
2020-02-21 238 7734.981 13.721 0.177
2020-02-22 239 7700.508 -34.473 -0.448
2020-02-23 239 7700.508 0 0
2020-02-24 236 7700.508 0 0
2020-02-25 232 7650.903 -49.605 -0.648
2020-02-26 230 7545.153 -105.75 -1.402
2020-02-27 231 7474.096 -71.057 -0.951
2020-02-28 235 7296.012 -178.084 -2.441
2020-02-29 245 7008.908 -287.104 -4.096
2020-03-01 245 7008.908 0 0
2020-03-02 250 7008.908 0 0
2020-03-03 243 7234.208 225.3 3.114
2020-03-04 247 7200.426 -33.782 -0.469
2020-03-05 234 7427.549 227.123 3.058
2020-03-06 238 7356.201 -71.348 -0.97
2020-03-07 239 7261.694 -94.507 -1.301
2020-03-08 239 7261.694 0 0
2020-03-09 235 7261.694 0 0
2020-03-10 248 6869.323 -392.371 -5.712
2020-03-11 238 7004.028 134.705 1.923
2020-03-12 242 6756.714 -247.314 -3.66
2020-03-13 270 6152.87 -603.844 -9.814
2020-03-14 254 6474.181 321.311 4.963
2020-03-15 254 6474.181 0 0
2020-03-16 246 6474.181 0 0
2020-03-17 271 5987.849 -486.332 -8.122
2020-03-18 237 6551.506 563.657 8.603
2020-03-19 245 6171.657 -379.849 -6.155
2020-03-20 252 6091.563 -80.094 -1.315
2020-03-21 265 5921.093 -170.47 -2.879
2020-03-22 265 5921.093 0 0
2020-03-23 265 5921.093 0 0
2020-03-24 276 5619.265 -301.828 -5.371
2020-03-25 267 6030.588 411.323 6.821
2020-03-26 273 6036 5.412 0.09
2020-03-27 265 6281.445 245.445 3.907
2020-03-28 268 6210.892 -70.553 -1.136
2020-03-29 268 6210.892 0 0
2020-03-30 268 6210.892 0 0
2020-03-31 254 6535.958 325.066 4.974
