2020-01-19 1975 1195.459 0 0
2020-02-07 1945 1195.03 -0.429 -0.036
2020-02-15 1961 1194.977 -0.053 -0.004
2020-02-16 1963 1194.977 0 0
2020-02-17 1963 1194.977 0 0
2020-02-18 1967 1194.803 -0.174 -0.015
2020-02-19 1958 1194.821 0.018 0.002
2020-02-20 1963 1194.712 -0.109 -0.009
2020-02-21 1955 1194.652 -0.06 -0.005
2020-02-22 1956 1194.652 0 0
2020-02-23 1954 1194.652 0 0
2020-02-24 1936 1194.4 -0.252 -0.021
2020-02-25 1928 1194.053 -0.347 -0.029
2020-02-26 1917 1193.76 -0.293 -0.025
2020-02-27 1915 1192.765 -0.995 -0.083
2020-02-28 1898 1193.314 0.549 0.046
2020-02-29 1888 1193.314 0 0
