2023-04-01 2275 1154.2 0 0
2023-04-02 2276 1154.2 0 0
2023-04-03 2311 1127.243 -26.957 -2.336
2023-04-06 2458 1126.679 -0.564 -0.05
2023-04-07 2452 1133.687 7.008 0.622
2023-04-08 2451 1133.687 0 0
2023-04-09 2450 1133.687 0 0
2023-04-10 2500 1095.58 -38.107 -3.361
2023-04-11 2508 1097.031 1.451 0.132
2023-04-12 2522 1079.203 -17.828 -1.625
2023-04-13 2537 1073.589 -5.614 -0.52
2023-04-14 2523 1084.032 10.443 0.973
2023-04-15 2517 1087.672 3.64 0.336
2023-04-16 2517 1087.672 0 0
2023-04-17 2501 1103.9 16.228 1.492
2023-04-18 2440 1151.695 47.795 4.33
2023-04-19 2453 1140.066 -11.629 -1.01
2023-04-20 2445 1136.281 -3.785 -0.332
2023-04-21 2410 1154.963 18.682 1.644
2023-04-22 2412 1153.22 -1.743 -0.151
2023-04-23 2412 1153.22 0 0
2023-04-24 2487 1096.552 -56.668 -4.914
2023-04-25 2451 1111.312 14.76 1.346
2023-04-26 2456 1112.953 1.641 0.148
2023-04-27 2425 1141.466 28.513 2.562
2023-04-28 2428 1140.263 -1.203 -0.105
2023-04-29 2429 1139.473 -0.79 -0.069
2023-05-01 2430 1139.473 0 0
2023-05-02 2425 1139.473 0 0
2023-05-03 2425 1139.473 0 0
2023-05-04 2450 1120.962 -18.511 -1.625
2023-05-06 2423 1137.691 16.729 1.492
2023-05-07 2423 1137.691 0 0
2023-05-08 2481 1105.527 -32.164 -2.827
2023-05-09 2514 1077.928 -27.599 -2.496
2023-05-10 2509 1079.555 1.627 0.151
2023-05-11 2435 1123.185 43.63 4.041
2023-05-12 2488 1089.52 -33.665 -2.997
2023-05-13 2486 1087.874 -1.646 -0.151
2023-05-14 2487 1087.874 0 0
2023-05-15 2492 1094.845 6.971 0.641
2023-05-16 2510 1079.803 -15.042 -1.374
2023-05-17 2518 1067.696 -12.107 -1.121
2023-05-19 2533 1052.177 -15.519 -1.454
2023-05-20 2534 1053.046 0.869 0.083
2023-05-21 2534 1053.046 0 0
2023-05-22 2523 1065.625 12.579 1.195
2023-05-23 2529 1058.063 -7.562 -0.71
2023-05-24 2543 1037.334 -20.729 -1.959
2023-05-25 2532 1044.327 6.993 0.674
2023-05-26 2541 1033.886 -10.441 -1
2023-05-27 2540 1035.776 1.89 0.183
2023-05-28 2540 1035.776 0 0
2023-05-29  998.611 -37.165 -3.588
2023-05-30 2579 1004.266 5.655 0.566
2023-06-02 2573 1015.855 11.589 1.154
2023-06-03 2575 1021.986 6.131 0.604
2023-06-04 2576 1021.986 0 0
2023-06-05 2583 1013.93 -8.056 -0.788
2023-06-06  989.8 -24.13 -2.38
2023-07-18 2552 1055.453 65.653 6.633
2023-07-19 2568 1047.695 -7.758 -0.735
2023-07-20 2571 1038.359 -9.336 -0.891
2023-07-21 2564 1042.736 4.377 0.422
2023-07-22 2561 1042.867 0.131 0.013
2023-07-23 2561 1042.867 0 0
2023-07-24 2567 1036.118 -6.749 -0.647
2023-07-25 2569 1037.867 1.749 0.169
2023-07-26 2585 1030.019 -7.848 -0.756
2023-07-27 2588 1028.334 -1.685 -0.164
2023-07-28 2582 1040.863 12.529 1.218
2023-07-29 2584 1037.521 -3.342 -0.321
2023-07-30 2584 1037.521 0 0
2023-07-31 2580 1042.693 5.172 0.498
2023-08-01 2595 1033.253 -9.44 -0.905
2023-08-02 2560 1049.09 15.837 1.533
2023-08-04 2582 1031.715 -17.375 -1.656
2023-08-05 2585 1033.008 1.293 0.125
2023-08-06 2585 1033.008 0 0
2023-08-07 2580 1036.58 3.572 0.346
2023-08-08 2571 1034.88 -1.7 -0.164
2023-08-09 2595 1011.605 -23.275 -2.249
2023-08-10 2574 1028.914 17.309 1.711
2023-08-11 2611 1002.747 -26.167 -2.543
2024-01-15 2481 1067.059 64.312 6.414
2024-01-16 2469 1071.142 4.083 0.383
2024-01-17 2475 1049.374 -21.768 -2.032
2024-01-18 2486 1042.117 -7.257 -0.692
2024-01-19 2493 1032.282 -9.835 -0.944
2024-01-20 2497 1032.526 0.244 0.024
2024-01-21 2497 1032.526 0 0
2024-01-22  978.768 -53.758 -5.206
2024-01-25 2518 1005.89 27.122 2.771
2024-01-26  974.678 -31.212 -3.103
2025-04-12 2914 1011.149 36.471 3.742
2025-04-13 2914 1011.149 0 0
2025-04-14 2859 1048.868 37.719 3.73
2025-04-15 2855 1060.185 11.317 1.079
2025-04-16 2804 1092.043 31.858 3.005
2025-04-17 2806 1093.876 1.833 0.168
2025-04-18 2810 1092.745 -1.131 -0.103
2025-04-19 2810 1092.745 0 0
2025-04-20 2810 1092.745 0 0
2025-04-21 2832 1074.485 -18.26 -1.671
2025-04-22 2793 1107.026 32.541 3.029
2025-04-23 2898 1037.789 -69.237 -6.254
2025-04-24 2897 1042.131 4.342 0.418
2025-04-25 2890 1046.958 4.827 0.463
2025-04-26 2888 1048.367 1.409 0.135
2025-04-27 2888 1048.367 0 0
2025-04-28 2905 1042.12 -6.247 -0.596
2025-04-29 2923 1027.469 -14.651 -1.406
2025-04-30 2925 1030.921 3.452 0.336
2025-05-01 2926 1031.276 0.355 0.034
2025-05-02 2928 1031.276 0 0
2025-05-03 2932 1031.276 0 0
2025-05-04 2932 1031.276 0 0
2025-05-05 2937 1031.276 0 0
2025-05-06 2958 1017.851 -13.425 -1.302
2025-05-07 2953 1028.041 10.19 1.001
2025-05-08 2946 1028.939 0.898 0.087
2025-05-09 2923 1043.122 14.183 1.378
2025-05-10 2926 1041.683 -1.439 -0.138
2025-05-11 2926 1041.683 0 0
2025-05-12 2962 1026.882 -14.801 -1.421
2025-05-13 2966 1026.932 0.05 0.005
2025-05-14 2990 1010.72 -16.212 -1.579
2025-05-15 2991 1005.286 -5.434 -0.538
2025-05-16 2976 1018.162 12.876 1.281
2025-05-17 2977 1019.392 1.23 0.121
2025-05-18 2977 1019.392 0 0
2025-05-19 2982 1013.978 -5.414 -0.531
2025-05-20 2979 1016.416 2.438 0.24
2025-05-21 2996 1009.833 -6.583 -0.648
2025-05-22  979.379 -30.454 -3.016
2025-06-05  986.243 6.864 0.701
2025-06-19 3006 1004.209 17.966 1.822
2025-06-20  983.859 -20.35 -2.026
2025-06-25 2962 1038.026 54.167 5.506
2025-06-26 2936 1056.59 18.564 1.788
2025-06-27 2957 1049.39 -7.2 -0.681
2025-06-28 2959 1049.332 -0.058 -0.006
2025-06-29 2959 1049.332 0 0
2025-06-30 3008 1021.677 -27.655 -2.635
2025-07-01 3010 1023.508 1.831 0.179
2025-07-02 3027 1017.67 -5.838 -0.57
2025-07-03 3051 1002.888 -14.782 -1.453
2025-07-04  986.469 -16.419 -1.637
2025-07-05  986.469 0 0
2025-07-06  986.469 0 0
2025-07-07  989.192 2.723 0.276
2025-07-24 3051 1014.975 25.783 2.606
2025-07-25  985.094 -29.881 -2.944
2025-08-08 3009 1042.539 57.445 5.831
2025-08-09 3011 1041.9 -0.639 -0.061
2025-08-10 3011 1041.9 0 0
2025-08-11 3040 1024.253 -17.647 -1.694
2025-08-12 3039 1027.988 3.735 0.365
2025-08-13 2952 1089.104 61.116 5.945
2025-08-14 2951 1094.551 5.447 0.5
2025-08-15 3032 1039.159 -55.392 -5.061
2025-08-16 3033 1037.886 -1.273 -0.123
2025-08-17 3033 1037.886 0 0
2025-08-18 3082 1016.165 -21.721 -2.093
2025-08-19 3049 1029.718 13.553 1.334
2025-08-20 3038 1037.915 8.197 0.796
2025-08-21 3035 1036.961 -0.954 -0.092
2025-08-22 3066 1023.551 -13.41 -1.293
2025-08-23 3072 1023.181 -0.37 -0.036
2025-08-24 3072 1023.181 0 0
2025-08-25 2942 1122.303 99.122 9.688
2025-08-26 2838 1189.485 67.182 5.986
2025-08-27 2846 1182.379 -7.106 -0.597
2025-08-28 2880 1160.646 -21.733 -1.838
2025-08-29 2786 1216.843 56.197 4.842
2025-08-30 2785 1217.765 0.922 0.076
2025-08-31 2785 1217.765 0 0
2025-09-01 2845 1190.881 -26.884 -2.208
2025-09-02 2949 1112.966 -77.915 -6.543
2025-09-03 2981 1084.682 -28.284 -2.541
2025-09-04 2936 1108.966 24.284 2.239
2025-09-05 2966 1099.962 -9.004 -0.812
2025-09-06 2964 1100.332 0.37 0.034
2025-09-07 2964 1100.332 0 0
2025-09-08 2978 1097.145 -3.187 -0.29
2025-09-09 2979 1093.541 -3.604 -0.328
2025-09-10 3038 1044.423 -49.118 -4.492
2025-09-11 3045 1044.363 -0.06 -0.006
2025-09-12 3057 1033.664 -10.699 -1.024
2025-09-13 3058 1033.823 0.159 0.015
2025-09-14 3058 1033.823 0 0
2025-09-15 3090 1018.309 -15.514 -1.501
2025-09-16 3055 1038.343 20.034 1.967
2025-09-17 3105 1020.038 -18.305 -1.763
2025-09-18  994.575 -25.463 -2.496
2026-01-07 3031 1100.341 105.766 10.634
2026-01-08 2917 1182.909 82.568 7.504
2026-01-09 2732 1300.112 117.203 9.908
2026-01-10 2739 1299.832 -0.28 -0.022
2026-01-11 2739 1299.832 0 0
2026-01-12 2726 1308.211 8.379 0.645
2026-01-13 2694 1336.349 28.138 2.151
2026-01-14 2615 1410.366 74.017 5.539
2026-01-15 2748 1299.18 -111.186 -7.883
2026-01-16 2710 1321.862 22.682 1.746
2026-01-17 2710 1322.013 0.151 0.011
2026-01-18 2709 1322.013 0 0
2026-01-19 2683 1346.732 24.719 1.87
2026-01-20 2635 1389.173 42.441 3.151
2026-01-21 2635 1394.992 5.819 0.419
2026-01-22 2626 1400.563 5.571 0.399
2026-01-23 2618 1417.342 16.779 1.198
2026-01-24 2620 1417.077 -0.265 -0.019
2026-01-25 2620 1417.077 0 0
2026-01-26 2719 1331.211 -85.866 -6.059
2026-01-27 2669 1385.316 54.105 4.064
2026-01-28 2662 1390.922 5.606 0.405
2026-01-29 2708 1344.172 -46.75 -3.361
2026-01-30 2692 1351.036 6.864 0.511
2026-01-31 2692 1350.608 -0.428 -0.032
2026-02-01 2690 1350.608 0 0
2026-02-02 2713 1322.544 -28.064 -2.078
2026-02-03 2727 1307.91 -14.634 -1.107
2026-02-04 2722 1319.229 11.319 0.865
2026-02-05 2720 1317.633 -1.596 -0.121
2026-02-06 2720 1317.437 -0.196 -0.015
2026-02-07 2722 1317.57 0.133 0.01
2026-02-08 2723 1317.57 0 0
2026-02-09 2658 1378.447 60.877 4.62
2026-02-10 2716 1340.492 -37.955 -2.753
2026-02-11 2697 1358.543 18.051 1.347
2026-02-12 2634 1411.915 53.372 3.929
2026-02-13 2671 1367.792 -44.123 -3.125
2026-02-14 2674 1365.911 -1.881 -0.138
2026-02-15 2674 1365.911 0 0
2026-02-16 2681 1365.911 0 0
2026-02-17 2679 1365.911 0 0
2026-02-18 2678 1365.911 0 0
2026-02-19 2677 1365.911 0 0
2026-02-20 2671 1365.911 0 0
2026-02-21 2678 1365.911 0 0
2026-02-22 2678 1365.911 0 0
2026-02-23 2677 1365.911 0 0
2026-02-24 2638 1407.764 41.853 3.064
2026-02-25 2473 1551.431 143.667 10.205
2026-02-26 2418 1604.223 52.792 3.403
2026-02-27 2394 1626.259 22.036 1.374
2026-02-28 2400 1622.511 -3.748 -0.23
2026-03-01 2401 1622.511 0 0
2026-03-02 2452 1577.476 -45.035 -2.776
2026-03-03 2392 1613.152 35.676 2.262
2026-03-04 2395 1594.496 -18.656 -1.156
2026-03-05 2348 1652.625 58.129 3.646
2026-03-06 2353 1639.366 -13.259 -0.802
2026-03-07 2353 1639.793 0.427 0.026
2026-03-08 2353 1639.793 0 0
2026-03-09 2436 1557.818 -81.975 -4.999
2026-03-10 2574 1530.34 -27.478 -1.764
2026-03-11 2592 1521.623 -8.717 -0.57
2026-03-12 2566 1531.12 9.497 0.624
2026-03-13 2636 1467.629 -63.491 -4.147
2026-03-14 2636 1461.761 -5.868 -0.4
2026-03-15 2636 1461.761 0 0
2026-03-16 2679 1427.861 -33.9 -2.319
2026-03-17 2775 1370.464 -57.397 -4.02
2026-03-18 2784 1361.986 -8.478 -0.619
2026-03-19 2842 1302.893 -59.093 -4.339
2026-03-20 2888 1275.153 -27.74 -2.129
2026-03-21 2885 1278.692 3.539 0.278
2026-03-22 2885 1278.692 0 0
2026-03-23 3075 1154.015 -124.677 -9.75
2026-03-24 3079 1156.593 2.578 0.223
2026-03-25 3049 1184.134 27.541 2.381
2026-03-27 3029 1191.684 7.55 0.638
2026-03-28 3029 1187.787 -3.897 -0.327
2026-03-29 3029 1187.787 0 0
2026-03-30 2953 1220.708 32.921 2.772
2026-03-31 3020 1185.511 -35.197 -2.883
2026-04-01 3004 1208.412 22.901 1.932
2026-04-02 2838 1305.144 96.732 8.005
2026-04-03 2932 1241.162 -63.982 -4.902
2026-04-04 2932 1241.162 0 0
2026-04-05 2932 1241.162 0 0
2026-04-06 2935 1241.162 0 0
2026-04-07 2972 1219.946 -21.216 -1.709
2026-04-08 2945 1252.948 33.002 2.705
2026-04-09 2949 1248.418 -4.53 -0.362
2026-04-10 3032 1206.012 -42.406 -3.397
2026-04-11 3033 1207.353 1.341 0.111
2026-04-12 3033 1207.353 0 0
2026-04-13 3031 1208.305 0.952 0.079
2026-04-14 3030 1213.959 5.654 0.468
2026-04-15 3039 1221.331 7.372 0.607
2026-04-16 2983 1250.103 28.772 2.356
2026-04-17 2965 1268.89 18.787 1.503
2026-04-18 2968 1267.608 -1.282 -0.101
2026-04-19 2968 1267.608 0 0
2026-04-20 2792 1391.388 123.78 9.765
2026-04-21 2805 1381.835 -9.553 -0.687
2026-04-22 2857 1344.42 -37.415 -2.708
2026-04-23 2877 1320.886 -23.534 -1.75
2026-04-24 2897 1301.978 -18.908 -1.431
2026-04-25 2897 1301.845 -0.133 -0.01
2026-04-26 2897 1301.845 0 0
2026-04-27 2880 1316.111 14.266 1.096
2026-04-28 2870 1320.518 4.407 0.335
2026-04-29 2894 1302.871 -17.647 -1.336
2026-04-30 2824 1353.422 50.551 3.88
2026-05-01 2830 1353.342 -0.08 -0.006
2026-05-02 2832 1353.342 0 0
2026-05-04 2837 1353.342 0 0
2026-05-05 2837 1353.342 0 0
2026-05-06 2814 1366.659 0 0
2026-05-07 2793 1397.572 0 0
2026-05-08 2817 1388.115 0 0
2026-05-09 2850 1360.207 0 0
2026-05-10 2851 1360.147 0 0
2026-05-11 2903 1320.967 0 0
2026-05-12 2975 1273.663 0 0
2026-05-13 2899 1315.037 0 0
2026-05-14 2821 1371.195 0 0
2026-05-15 2798 1394.956 0 0
2026-05-16 2811 1376.643 0 0
2026-05-17 2811 1372.9 0 0
2026-05-18 2941 1280.247 0 0
2026-05-19 2830 1350.453 0 0
2026-05-20 2789 1378.098 0 0
2026-05-21 2820 1365.48 0 0
2026-05-22 2876 1320.609 0 0
2026-05-23 2886 1315.357 0 0
2026-05-24 2886 1317.564 0 0
2026-05-25 2854 1338.131 0 0
2026-05-26 2919 1300.823 0 0
2026-05-27 2969 1268.776 0 0
2026-05-28 2884 1313.733 0 0
