2021-04-09 2370 1254.213 0 0
2021-04-10 2366 1252.32 -1.893 -0.151
2021-04-11 2367 1252.32 0 0
2021-04-12 2440 1195.723 -56.597 -4.519
2021-04-13 2461 1182.236 -13.487 -1.128
2021-04-14 2326 1289.266 107.03 9.053
2021-04-15 2262 1340.359 51.093 3.963
2021-04-16 2269 1339.335 -1.024 -0.076
2021-04-17 2269 1341.326 1.991 0.149
2021-04-18 2269 1341.326 0 0
2021-04-19 2135 1462.168 120.842 9.009
2021-04-20 2115 1479.769 17.601 1.204
2021-04-21 2145 1459.559 -20.21 -1.366
2021-04-22 2090 1496.858 37.299 2.555
2021-04-23 2042 1542.884 46.026 3.075
2021-04-24 2042 1542.884 0 0
2021-04-25 2043 1541.696 -1.188 -0.077
2021-04-26 2130 1475.045 -66.651 -4.323
2021-04-27 2142 1468.374 -6.671 -0.452
2021-04-28 2080 1520.146 51.772 3.526
2021-04-29 2116 1489.538 -30.608 -2.013
2021-04-30 2020 1578.08 88.542 5.944
2021-05-01 2013 1576.788 -1.292 -0.082
2021-05-02 2012 1576.788 0 0
2021-05-03 2013 1576.788 0 0
2021-05-04 2014 1576.788 0 0
2021-05-05 2015 1576.788 0 0
2021-05-06 1877 1717.14 140.352 8.901
2021-05-07 1927 1659.844 -57.296 -3.337
2021-05-08 1929 1663.776 3.932 0.237
2021-05-09 1929 1663.776 0 0
2021-05-10 1844 1752.8 89.024 5.351
2021-05-11 1989 1601.008 -151.792 -8.66
2021-05-12 1961 1612.825 11.817 0.738
2021-05-13 2035 1543.549 -69.276 -4.295
2021-05-14 1996 1579.962 36.413 2.359
2021-05-15 1998 1584.873 4.911 0.311
2021-05-16 1998 1584.873 0 0
2021-05-17 1992 1596.902 12.029 0.759
2021-05-18 1980 1617.457 20.555 1.287
2021-05-19 1899 1702.683 85.226 5.269
2021-05-20 1995 1608.547 -94.136 -5.529
2021-05-21 1926 1677.796 69.249 4.305
2021-05-22 1926 1678.291 0.495 0.03
2021-05-23 1926 1678.291 0 0
2021-05-24 1979 1631.644 -46.647 -2.779
2021-05-25 2077 1543.013 -88.631 -5.432
2021-05-26 2055 1567.958 24.945 1.617
2021-05-27 2108 1525.586 -42.372 -2.702
2021-05-28 2010 1617.798 92.212 6.044
2021-05-29 2009 1620.365 2.567 0.159
2021-05-30 2009 1620.365 0 0
2021-05-31 1985 1653.865 33.5 2.067
