2020-01-19 359 5807.556 0 0
2020-02-07 344 5918.787 111.231 1.879
2020-02-15 295 6715.102 796.315 11.859
2020-02-16 295 6715.102 0 0
2020-02-17 296 6715.102 0 0
2020-02-18 287 6866.994 151.892 2.212
2020-02-19 261 7273.16 406.166 5.584
2020-02-20 270 7138.742 -134.418 -1.883
2020-02-21 292 6810.986 -327.756 -4.812
2020-02-22 290 6810.986 0 0
2020-02-23 290 6810.986 0 0
2020-02-24 317 6345.228 -465.758 -7.34
2020-02-25 327 6093.642 -251.586 -4.129
2020-02-26 318 6219.099 125.457 2.017
2020-02-27 339 5881.934 -337.165 -5.732
2020-02-28 301 6273.314 391.38 6.239
2020-02-29 297 6273.314 0 0
2020-03-01 297 6273.314 0 0
2020-03-02 297 6415.797 142.483 2.221
2020-03-03 311 6179.67 -236.127 -3.821
2020-03-04 288 6596.814 417.144 6.323
2020-03-05 299 6345.452 -251.362 -3.961
2020-03-06 306 6183.03 -162.422 -2.627
2020-03-07 303 6183.03 0 0
2020-03-08 303 6183.03 0 0
2020-03-09 342 5721.529 -461.501 -8.066
2020-03-10 310 6026.729 305.2 5.064
2020-03-11 332 5702.154 -324.575 -5.692
2020-03-12 363 5032.119 -670.035 -13.315
2020-03-13 324 5577.078 544.959 9.771
2020-03-14 325 5577.078 0 0
2020-03-15 325 5577.078 0 0
2020-03-16 393 4589.799 -987.279 -21.51
2020-03-17 339 5053.447 463.648 9.175
2020-03-18 376 4732.425 -321.022 -6.783
2020-03-19 340 4957.918 225.493 4.548
2020-03-20 362 4797.518 -160.4 -3.343
2020-03-21 364 4797.518 0 0
2020-03-22 364 4797.518 0 0
2020-03-23 337 4951.697 154.179 3.114
2020-03-24 333 4951.697 0 0
2020-03-25 286 5762.359 810.662 14.068
2020-03-26 296 5683.27 -79.089 -1.392
2020-03-27 290 5941.42 258.15 4.345
2020-03-28 290 5841.226 -100.194 -1.715
2020-03-29 290 5841.226 0 0
2020-03-30 290 5841.226 0 0
2020-03-31 278 6126.924 285.698 4.663
