2019-11-07 565 3989.24 0 0
2020-01-19 605 3989.24 0 0
2020-02-07 599 3989.24 0 0
2020-02-15 603 3989.24 0 0
2020-02-16 603 3989.24 0 0
2020-02-17 605 3989.24 0 0
2020-02-18 604 3989.24 0 0
2020-02-19 599 3989.24 0 0
2020-02-20 595 3989.24 0 0
2020-02-21 597 3989.24 0 0
2020-02-22 595 3989.24 0 0
2020-02-23 593 3989.24 0 0
2020-02-24 586 3989.24 0 0
2020-02-25 574 3989.24 0 0
2020-02-26 572 3989.24 0 0
2020-02-27 557 3989.24 0 0
2020-02-28 553 3989.24 0 0
2020-02-29 547 3989.24 0 0
2020-03-01 547 3989.24 0 0
2020-03-02 557 3989.24 0 0
2020-03-03 563 3989.24 0 0
2020-03-04 567 3989.24 0 0
2020-03-05 566 3989.24 0 0
2020-03-06 561 3989.24 0 0
2020-03-07 557 3989.24 0 0
2020-03-08 557 3989.24 0 0
2020-03-09 541 3989.24 0 0
2020-03-10 534 3989.24 0 0
2020-03-11 524 3989.24 0 0
2020-03-12 498 3989.24 0 0
2020-03-13 495 3989.24 0 0
2020-03-14 496 3989.24 0 0
2020-03-15 496 3989.24 0 0
2020-03-16 484 3989.24 0 0
2020-03-17 478 3989.24 0 0
2020-03-18 466 3989.24 0 0
2020-03-19 462 3989.24 0 0
2020-03-20 467 3989.24 0 0
2020-03-21 466 3989.24 0 0
2020-03-22 466 3989.24 0 0
2020-03-23 460 3989.24 0 0
2020-03-24 454 3989.24 0 0
2020-03-25 470 3989.24 0 0
2020-03-26 481 3989.24 0 0
2020-03-27 497 3989.24 0 0
2020-03-28 488 3989.24 0 0
2020-03-29 488 3989.24 0 0
2020-03-30 488 3989.24 0 0
2020-03-31 486 3989.24 0 0
