2025-04-02 2677 1205.019 0 0
2025-04-03 2815 1103.53 -101.489 -8.422
2025-04-04 2812 1098.665 -4.865 -0.441
2025-04-05 2808 1098.665 0 0
2025-04-06 2808 1098.665 0 0
2025-04-07  994.855 -103.81 -9.449
2025-06-28 3038 1004.09 9.235 0.928
2025-06-29 3037 1004.09 0 0
2025-06-30  996.069 -8.021 -0.799
2025-07-08 3019 1022.491 26.422 2.653
2025-07-09 3056 1001.209 -21.282 -2.081
2025-07-15 2966 1054.74 53.531 5.347
2025-07-16 2998 1043.34 -11.4 -1.081
2025-07-17 2995 1049.436 6.096 0.584
2025-07-18 2839 1148.013 98.577 9.393
2025-07-19 2839 1148.493 0.48 0.042
2025-07-20 2839 1148.493 0 0
2025-07-21 2884 1116.818 -31.675 -2.758
2025-07-22 2935 1084.442 -32.376 -2.899
2025-07-23 2944 1078.055 -6.387 -0.589
2025-07-24 2944 1080.894 2.839 0.263
2025-07-25 2969 1066.267 -14.627 -1.353
2025-07-26 2970 1064.318 -1.949 -0.183
2025-07-27 2970 1064.318 0 0
2025-07-28 2934 1088.012 23.694 2.226
2025-07-29 2896 1117.456 29.444 2.706
2025-07-30 2891 1118.947 1.491 0.133
2025-07-31 2819 1166.249 47.302 4.227
2025-08-01 2817 1164.7 -1.549 -0.133
2025-08-02 2824 1161.76 -2.94 -0.252
2025-08-03 2824 1161.76 0 0
2025-08-04 2680 1254.481 92.721 7.981
2025-08-05 2720 1232.228 -22.253 -1.774
2025-08-06 2723 1236.357 4.129 0.335
2025-08-07 2786 1197.548 -38.809 -3.139
2025-08-08 2759 1206.037 8.489 0.709
2025-08-09 2763 1205.298 -0.739 -0.061
2025-08-10 2763 1205.298 0 0
2025-08-11 2607 1319.799 114.501 9.5
2025-08-12 2628 1304.119 -15.68 -1.188
2025-08-13 2567 1352.363 48.244 3.699
2025-08-14 2559 1362.459 10.096 0.747
2025-08-15 2513 1403.143 40.684 2.986
2025-08-16 2517 1401.424 -1.719 -0.123
2025-08-17 2517 1401.424 0 0
2025-08-18 2382 1522.634 121.21 8.649
2025-08-19 2458 1453.419 -69.215 -4.546
2025-08-20 2570 1367.389 -86.03 -5.919
2025-08-21 2599 1335.139 -32.25 -2.359
2025-08-22 2591 1345.236 10.097 0.756
2025-08-23 2598 1344.749 -0.487 -0.036
2025-08-24 2598 1344.749 0 0
2025-08-25 2458 1461.33 116.581 8.669
2025-08-26 2394 1523.246 61.916 4.237
2025-08-27 2206 1667.129 143.883 9.446
2025-08-28 2148 1720.974 53.845 3.23
2025-08-29 2141 1728.537 7.563 0.439
2025-08-30 2142 1729.846 1.309 0.076
2025-08-31 2142 1729.846 0 0
2025-09-01 2126 1744.845 14.999 0.867
2025-09-02 2313 1576.487 -168.358 -9.649
2025-09-03 2384 1527.113 -49.374 -3.132
2025-09-04 2491 1434 -93.113 -6.097
2025-09-05 2447 1483.999 49.999 3.487
2025-09-06 2452 1484.498 0.499 0.034
2025-09-07 2452 1484.498 0 0
2025-09-08 2506 1435.226 -49.272 -3.319
2025-09-09 2546 1404.785 -30.441 -2.121
2025-09-10 2459 1482.16 77.375 5.508
2025-09-11 2311 1595.191 113.031 7.626
2025-09-12 2284 1625.289 30.098 1.887
2025-09-13 2284 1625.54 0.251 0.015
2025-09-14 2284 1625.54 0 0
2025-09-15 2198 1692.005 66.465 4.089
2025-09-16 2289 1627.161 -64.844 -3.832
2025-09-17 2309 1608.615 -18.546 -1.14
2025-09-18 2349 1582.975 -25.64 -1.594
2025-09-19 2411 1538.217 -44.758 -2.827
2025-09-20 2409 1537.093 -1.124 -0.073
2025-09-21 2409 1537.093 0 0
2025-09-22 2340 1579.958 42.865 2.789
2025-09-23 2308 1602.654 22.696 1.436
2025-09-24 2364 1568.777 -33.877 -2.114
2025-09-25 2325 1590.211 21.434 1.366
2025-09-26 2475 1469.481 -120.73 -7.592
2025-09-27 2474 1467.586 -1.895 -0.129
2025-09-28 2474 1467.586 0 0
2025-09-29 2393 1537.312 69.726 4.751
2025-09-30 2430 1516.194 -21.118 -1.374
2025-10-01 2433 1516.513 0.319 0.021
2025-10-02 2437 1516.513 0 0
2025-10-03 2438 1516.513 0 0
2025-10-04 2438 1516.513 0 0
2025-10-05 2438 1516.513 0 0
2025-10-06 2437 1516.513 0 0
2025-10-07 2440 1516.513 0 0
2025-10-08 2438 1516.513 0 0
2025-10-09 2452 1508.811 -7.702 -0.508
2025-10-10 2489 1465.353 -43.458 -2.88
2025-10-11 2489 1465.785 0.432 0.029
2025-10-12 2489 1465.785 0 0
2025-10-13 2578 1384.308 -81.477 -5.559
2025-10-14 2594 1359.458 -24.85 -1.795
2025-10-15 2496 1449.938 90.48 6.656
2025-10-16 2439 1502.745 52.807 3.642
2025-10-17 2565 1385.836 -116.909 -7.78
2025-10-18 2563 1385.544 -0.292 -0.021
2025-10-19 2564 1385.544 0 0
2025-10-20 2517 1427.201 41.657 3.007
2025-10-21 2483 1474.734 47.533 3.331
2025-10-22 2501 1436.79 -37.944 -2.573
2025-10-23 2570 1393.757 -43.033 -2.995
2025-10-24 2494 1454.349 60.592 4.347
2025-10-25 2495 1454.125 -0.224 -0.015
2025-10-26 2495 1454.125 0 0
2025-10-27 2478 1478.717 24.592 1.691
2025-10-28 2401 1545.113 66.396 4.49
2025-10-29 2375 1573.068 27.955 1.809
2025-10-30 2472 1490.518 -82.55 -5.248
2025-10-31 2462 1494.836 4.318 0.29
2025-11-01 2463 1494.29 -0.546 -0.037
2025-11-02 2463 1494.29 0 0
2025-11-03 2408 1532.451 38.161 2.554
2025-11-04 2417 1516.792 -15.659 -1.022
2025-11-05 2440 1497.553 -19.239 -1.268
2025-11-06 2262 1640.781 143.228 9.564
2025-11-07 2218 1678.135 37.354 2.277
2025-11-08 2218 1678.111 -0.024 -0.001
2025-11-09 2217 1678.111 0 0
2025-11-10 2254 1660.65 -17.461 -1.041
2025-11-11 2289 1621 -39.65 -2.388
2025-11-12 2368 1563.745 -57.255 -3.532
2025-11-13 2398 1533.491 -30.254 -1.935
2025-11-14 2521 1426.72 -106.771 -6.963
2025-11-15 2521 1425.856 -0.864 -0.061
2025-11-16 2521 1425.856 0 0
2025-11-17 2531 1423.031 -2.825 -0.198
2025-11-18 2526 1417.721 -5.31 -0.373
2025-11-19 2539 1411.269 -6.452 -0.455
2025-11-20 2511 1430.722 19.453 1.378
2025-11-21 2590 1354.005 -76.717 -5.362
2025-11-22 2585 1355.224 1.219 0.09
2025-11-23 2585 1355.224 0 0
2025-11-24 2580 1361.994 6.77 0.5
2025-11-25 2547 1405.408 43.414 3.188
2025-11-26 2541 1416.734 11.326 0.806
2025-11-27 2536 1422.706 5.972 0.422
2025-11-28 2555 1409.297 -13.409 -0.942
2025-11-29 2558 1409.496 0.199 0.014
2025-11-30 2558 1409.496 0 0
2025-12-01 2572 1398.162 -11.334 -0.804
2025-12-02 2600 1370.395 -27.767 -1.986
2025-12-03 2602 1366.859 -3.536 -0.258
2025-12-04 2591 1379.598 12.739 0.932
2025-12-05 2577 1396.794 17.196 1.246
2025-12-06 2579 1396.459 -0.335 -0.024
2025-12-07 2579 1396.459 0 0
2025-12-08 2484 1477.025 80.566 5.769
2025-12-09 2400 1546.492 69.467 4.703
2025-12-10 2428 1525.133 -21.359 -1.381
2025-12-11 2467 1486.651 -38.482 -2.523
2025-12-12 2387 1565.488 78.837 5.303
2025-12-13 2387 1566.088 0.6 0.038
2025-12-14 2387 1566.088 0 0
2025-12-15 2383 1564.192 -1.896 -0.121
2025-12-16 2432 1512.785 -51.407 -3.286
2025-12-17 2285 1633.919 121.134 8.007
2025-12-18 2352 1583.974 -49.945 -3.057
2025-12-19 2349 1589.811 5.837 0.369
2025-12-20 2354 1589.947 0.136 0.009
2025-12-21 2354 1589.947 0 0
2025-12-22 2233 1700.858 110.911 6.976
2025-12-23 2243 1690.587 -10.271 -0.604
2025-12-24 2089 1855.843 165.256 9.775
2025-12-25 2126 1824.488 -31.355 -1.69
2025-12-26 2199 1738.723 -85.765 -4.701
2025-12-27 2200 1740.683 1.96 0.113
2025-12-28 2200 1740.683 0 0
2025-12-29 2193 1743.736 3.053 0.175
2025-12-30 2176 1765.095 21.359 1.225
2025-12-31 2160 1785.516 20.421 1.157
2026-01-01 2161 1785.899 0.383 0.021
2026-01-02 2166 1785.899 0 0
2026-01-03 2166 1785.899 0 0
2026-01-05 2157 1804.269 18.37 1.029
2026-01-06 2136 1829.935 25.666 1.423
2026-01-07 2005 1969.853 139.918 7.646
2026-01-08 2037 1927.25 -42.603 -2.163
2026-01-09 1985 1993.499 66.249 3.437
2026-01-10 1984 1993.071 -0.428 -0.021
2026-01-11 1984 1993.071 0 0
2026-01-12 2009 1967.216 -25.855 -1.297
2026-01-13 2045 1924.717 -42.499 -2.16
2026-01-14 2018 1954.448 29.731 1.545
2026-01-15 2037 1942.141 -12.307 -0.63
2026-01-16 2034 1945.97 3.829 0.197
2026-01-17 2030 1946.193 0.223 0.011
2026-01-18 2029 1946.193 0 0
2026-01-19 1907 2106.236 160.043 8.223
2026-01-20 1944 2048.667 -57.569 -2.733
2026-01-21 1790 2249.896 201.229 9.822
2026-01-22 1798 2252.377 2.481 0.11
2026-01-23 1712 2379.074 126.697 5.625
2026-01-24 1715 2378.629 -0.445 -0.019
2026-01-25 1715 2378.629 0 0
2026-01-26 1641 2491.533 112.904 4.747
2026-01-27 1611 2547.053 55.52 2.228
2026-01-28 1502 2737.719 190.666 7.486
2026-01-29 1610 2543.138 -194.581 -7.107
2026-01-30 1632 2511.08 -32.058 -1.261
2026-01-31 1631 2510.285 -0.795 -0.032
2026-02-01 1630 2510.285 0 0
2026-02-02 1695 2391.159 -119.126 -4.746
2026-02-03 1673 2438.341 47.182 1.973
2026-02-04 1687 2424.248 -14.093 -0.578
2026-02-05 1743 2329.64 -94.608 -3.903
2026-02-06 1789 2281.648 -47.992 -2.06
2026-02-07 1790 2281.878 0.23 0.01
2026-02-08 1790 2281.878 0 0
2026-02-09 1741 2353.748 71.87 3.15
2026-02-10 1765 2338.717 -15.031 -0.639
2026-02-11 1827 2266.969 -71.748 -3.068
2026-02-12 1702 2419.632 152.663 6.734
2026-02-13 1737 2370.013 -49.619 -2.051
2026-02-14 1737 2366.755 -3.258 -0.137
2026-02-15 1735 2366.755 0 0
2026-02-16 1738 2366.755 0 0
2026-02-17 1737 2366.755 0 0
2026-02-18 1739 2366.755 0 0
2026-02-19 1739 2366.755 0 0
2026-02-20 1741 2366.755 0 0
2026-02-21 1749 2366.755 0 0
2026-02-22 1746 2366.755 0 0
2026-02-23 1742 2366.755 0 0
2026-02-24 1752 2363.852 -2.903 -0.123
2026-02-25 1766 2361.583 -2.269 -0.096
2026-02-26 1670 2508.531 146.948 6.222
2026-02-27 1667 2500.484 -8.047 -0.321
2026-02-28 1678 2494.721 -5.763 -0.23
2026-03-01 1681 2494.721 0 0
2026-03-02 1572 2643.353 148.632 5.958
2026-03-03 1629 2529.018 -114.335 -4.325
2026-03-04 1602 2557.87 28.852 1.141
2026-03-05 1612 2550.931 -6.939 -0.271
2026-03-06 1612 2550.725 -0.206 -0.008
2026-03-07 1609 2551.391 0.666 0.026
2026-03-08 1609 2551.391 0 0
2026-03-09 1703 2402.709 -148.682 -5.827
2026-03-10 1631 2561.678 158.969 6.616
2026-03-11 1661 2510.452 -51.226 -2
2026-03-12 1716 2408.908 -101.544 -4.045
2026-03-13 1750 2351.562 -57.346 -2.381
2026-03-14 1748 2342.16 -9.402 -0.4
2026-03-15 1747 2342.16 0 0
2026-03-16 1746 2337.123 -5.037 -0.215
2026-03-17 1926 2151.371 -185.752 -7.948
2026-03-18 1888 2194.589 43.218 2.009
2026-03-19 1968 2087.057 -107.532 -4.9
2026-03-20 1962 2073.192 -13.865 -0.664
2026-03-21 1958 2078.946 5.754 0.278
2026-03-22 1958 2078.946 0 0
2026-03-23 2089 1945.063 -133.883 -6.44
2026-03-24 2056 1977.999 32.936 1.693
2026-03-25 1974 2064.874 86.875 4.392
2026-03-27 1995 2028.957 -35.917 -1.739
2026-03-28 1993 2022.322 -6.635 -0.327
2026-03-29 1993 2022.322 0 0
2026-03-30 2003 2006.841 -15.481 -0.766
2026-03-31 2078 1943.304 -63.537 -3.166
2026-04-01 1974 2048.547 105.243 5.416
2026-04-02 2100 1938.626 -109.921 -5.366
2026-04-03 2139 1897.727 -40.899 -2.11
2026-04-04 2139 1897.727 0 0
2026-04-05 2139 1897.727 0 0
2026-04-06 2138 1897.727 0 0
2026-04-07 2147 1882.596 -15.131 -0.797
2026-04-08 1993 2051.557 168.961 8.975
2026-04-09 1991 2072.791 21.234 1.035
2026-04-10 1955 2118.289 45.498 2.195
2026-04-11 1960 2120.645 2.356 0.111
2026-04-12 1960 2120.645 0 0
2026-04-13 1962 2107.73 -12.915 -0.609
2026-04-14 1901 2190.214 82.484 3.913
2026-04-15 1965 2135.351 -54.863 -2.505
2026-04-16 1981 2114.029 -21.322 -0.999
2026-04-17 1965 2144.937 30.908 1.462
2026-04-18 1970 2142.769 -2.168 -0.101
2026-04-19 1970 2142.769 0 0
2026-04-20 1881 2258.734 115.965 5.412
2026-04-21 1949 2171.016 -87.718 -3.884
2026-04-22 1931 2190.016 19 0.875
2026-04-23 1952 2150.714 -39.302 -1.795
2026-04-24 1980 2109.46 -41.254 -1.918
2026-04-25 1978 2109.244 -0.216 -0.01
2026-04-26 1978 2109.244 0 0
2026-04-27 1924 2177.727 68.483 3.247
2026-04-28 1965 2123.464 -54.263 -2.492
2026-04-29 1796 2325.132 201.668 9.497
2026-04-30 1730 2416.242 91.11 3.918
2026-05-01 1731 2416.1 -0.142 -0.006
2026-05-02 1732 2416.1 0 0
2026-05-04 1732 2416.1 0 0
2026-05-05 1732 2416.1 0 0
2026-05-06 1744 2408.077 0 0
2026-05-07 1706 2470.305 0 0
2026-05-08 1713 2459.532 0 0
2026-05-09 1710 2476.459 0 0
2026-05-10 1708 2476.35 0 0
2026-05-11 1676 2527.073 0 0
2026-05-12 1684 2519.602 0 0
2026-05-13 1556 2715.809 0 0
2026-05-14 1560 2714.241 0 0
2026-05-15 1594 2638.801 0 0
2026-05-16 1623 2588.966 0 0
2026-05-17 1625 2581.927 0 0
2026-05-18 1622 2571.119 0 0
2026-05-19 1658 2511.38 0 0
2026-05-20 1689 2459.404 0 0
2026-05-21 1708 2454.198 0 0
2026-05-22 1749 2402.678 0 0
2026-05-23 1727 2428.22 0 0
2026-05-24 1723 2432.294 0 0
2026-05-25 1597 2627.92 0 0
2026-05-26 1543 2742.264 0 0
2026-05-27 1508 2803.668 0 0
2026-05-28 1544 2733.63 0 0
2026-05-29 1623 2606.967 0 0
2026-05-30 1655 2550.347 0 0
2026-05-31 1657 2554.68 0 0
2026-06-01 1580 2666.898 0 0
2026-06-02 1421 2987.348 0 0
2026-06-03 1314 3278.428 0 0
2026-06-04 1364 3128.009 0 0
2026-06-05 1383 3063.44 0 0
2026-06-06 1425 2955.296 0 0
2026-06-07 1422 2957.696 0 0
2026-06-09 1310 3213.654 0 0
2026-06-10 1413 2945.57 0 0
2026-06-11 1485 2793.033 0 0
2026-06-12 1480 2804.781 0 0
2026-06-13 1523 2732.65 0 0
2026-06-14 1528 2739.157 0 0
2026-06-16 1302 3300.839 0 0
2026-06-17 1214 3559.763 0 0
2026-06-18 1192 3625.898 0 0
2026-06-19 1193 3616.919 0 0
2026-06-20 1189 3614.191 0 0
2026-06-21 1189 3614.191 0 0
2026-06-22 1145 3719.398 0 0
2026-06-23 1216 3528.364 0 0
2026-06-24 1238 3450.913 0 0
2026-06-25 1242 3424.885 0 0
2026-06-26 1342 3127.672 0 0
2026-06-27 1310 3225.798 0 0
2026-06-28 1311 3225.229 0 0
2026-06-29 1325 3169.58 0 0
2026-06-30 1242 3430.52 0 0
2026-07-01 1332 3174.411 0 0
2026-07-02 1378 3069.227 0 0
2026-07-03 1389 3056.03 0 0
2026-07-04 1427 2972.879 0 0
