2024-10-19 2450 1257 0 0
2024-10-20 2451 1257 0 0
2024-10-21 2445 1257 0 0
2024-10-22 2441 1257 0 0
2024-10-23 2434 1257 0 0
2024-10-24 2429 1257 0 0
2024-10-25 2437 1257 0 0
2024-10-26 2438 1257 0 0
2024-10-27 2436 1257 0 0
2024-10-28 2439 1257 0 0
2024-10-29 2433 1257 0 0
2024-10-30 2435 1257 0 0
2024-10-31 2433 1257 0 0
2024-11-01 2430 1257 0 0
2024-11-02 2430 1257 0 0
2024-11-03 2430 1257 0 0
2024-11-04 2434 1257 0 0
2024-11-05 2439 1257 0 0
2024-11-06 2446 1257 0 0
2024-11-07 2443 1257 0 0
2024-11-08 2446 1257 0 0
2024-11-09 2446 1257 0 0
2024-11-10 2447 1257 0 0
2024-11-11 2452 1257 0 0
2024-11-12 2442 1257 0 0
2024-11-13 2431 1257 0 0
2024-11-14 2422 1257 0 0
2024-11-15 2417 1257 0 0
2024-11-16 2417 1257 0 0
2024-11-17 2417 1257 0 0
2024-11-18 2406 1257 0 0
2024-11-19 2416 1257 0 0
2024-11-20 2423 1257 0 0
2024-11-21 2422 1257 0 0
2024-11-22 2419 1257 0 0
2024-11-23 2417 1257 0 0
2024-11-24 2417 1257 0 0
2024-11-25 2413 1257 0 0
2024-11-26 2412 1257 0 0
2024-11-27 2414 1257 0 0
2024-11-28 2411 1257 0 0
2024-11-29 2421 1257 0 0
2024-11-30 2422 1257 0 0
2024-12-01 2422 1257 0 0
2024-12-02 2429 1257 0 0
2024-12-03 2428 1257 0 0
2024-12-04 2433 1257 0 0
2024-12-05 2436 1257 0 0
2024-12-06 2445 1257 0 0
2024-12-07 2444 1257 0 0
2024-12-08 2444 1257 0 0
2024-12-09 2444 1257 0 0
2024-12-10 2442 1257 0 0
2024-12-11 2448 1257 0 0
2024-12-12 2440 1257 0 0
2024-12-13 2436 1257 0 0
2024-12-14 2435 1257 0 0
2024-12-15 2434 1257 0 0
2024-12-16 2436 1257 0 0
2024-12-17 2430 1257 0 0
2024-12-18 2429 1257 0 0
2024-12-19 2414 1257 0 0
2024-12-20 2411 1257 0 0
2024-12-21 2413 1257 0 0
2024-12-22 2413 1257 0 0
2024-12-23 2409 1257 0 0
2024-12-24 2416 1257 0 0
2024-12-25 2416 1257 0 0
2024-12-26 2421 1257 0 0
2024-12-27 2418 1257 0 0
2024-12-28 2420 1257 0 0
2024-12-29 2420 1257 0 0
2024-12-30 2415 1257 0 0
2024-12-31 2409 1257 0 0
2025-01-01 2409 1257 0 0
2025-01-02 2401 1257 0 0
2025-01-03 2396 1257 0 0
2025-01-04 2396 1257 0 0
2025-01-05 2396 1257 0 0
2025-01-06 2392 1257 0 0
2025-01-07 2396 1257 0 0
2025-01-08 2393 1257 0 0
2025-01-09 2393 1257 0 0
2025-01-10 2378 1257 0 0
2025-01-11 2376 1257 0 0
2025-01-12 2377 1257 0 0
2025-01-13 2376 1257 0 0
2025-01-14 2384 1257 0 0
2025-01-15 2393 1257 0 0
2025-01-16 2396 1257 0 0
2025-01-17 2400 1257 0 0
2025-01-18 2401 1257 0 0
2025-01-19 2401 1257 0 0
2025-01-20 2398 1257 0 0
2025-01-21 2400 1257 0 0
2025-01-22 2403 1257 0 0
2025-01-23 2406 1257 0 0
2025-01-24 2406 1257 0 0
2025-01-25 2420 1257 0 0
2025-01-26 2420 1257 0 0
2025-01-27 2406 1257 0 0
2025-01-28 2411 1257 0 0
2025-01-29 2411 1257 0 0
2025-01-30 2417 1257 0 0
2025-01-31 2424 1257 0 0
2025-02-01 2423 1257 0 0
2025-02-02 2423 1257 0 0
2025-02-03 2423 1257 0 0
2025-02-04 2420 1257 0 0
2025-02-05 2431 1257 0 0
2025-02-06 2434 1257 0 0
2025-02-07 2432 1257 0 0
2025-02-08 2432 1257 0 0
2025-02-09 2432 1257 0 0
2025-02-10 2434 1257 0 0
2025-02-11 2427 1257 0 0
2025-02-12 2426 1257 0 0
2025-02-13 2431 1257 0 0
2025-02-14 2438 1257 0 0
2025-02-15 2440 1257 0 0
2025-02-16 2440 1257 0 0
2025-02-17 2444 1257 0 0
2025-02-18 2435 1257 0 0
2025-02-19 2443 1257 0 0
2025-02-20 2441 1257 0 0
2025-02-21 2455 1257 0 0
2025-02-22 2456 1257 0 0
2025-02-23 2456 1257 0 0
2025-02-24 2446 1257 0 0
2025-02-25 2450 1257 0 0
2025-02-26 2451 1257 0 0
2025-02-27 2448 1257 0 0
2025-02-28 2424 1257 0 0
2025-03-01 2419 1257 0 0
2025-03-02 2417 1257 0 0
2025-03-03 2419 1257 0 0
2025-03-04 2423 1257 0 0
2025-03-05 2441 1257 0 0
2025-03-06 2443 1257 0 0
2025-03-07 2453 1257 0 0
2025-03-08 2453 1257 0 0
2025-03-09 2453 1257 0 0
2025-03-10 2453 1257 0 0
2025-03-11 2446 1257 0 0
2025-03-12 2446 1257 0 0
2025-03-13 2438 1257 0 0
2025-03-14 2449 1257 0 0
2025-03-15 2450 1257 0 0
2025-03-16 2450 1257 0 0
2025-03-17 2453 1257 0 0
2025-03-18 2466 1257 0 0
2025-03-19 2468 1257 0 0
2025-03-20 2467 1257 0 0
2025-03-21 2454 1257 0 0
2025-03-22 2457 1257 0 0
2025-03-23 2457 1257 0 0
2025-03-24 2460 1257 0 0
2025-03-25 2456 1257 0 0
2025-03-26 2452 1257 0 0
2025-03-27 2459 1257 0 0
2025-03-28 2444 1257 0 0
2025-03-29 2448 1257 0 0
2025-03-30 2448 1257 0 0
2025-03-31 2442 1257 0 0
2025-04-01 2439 1257 0 0
2025-04-02 2593 1257 0 0
2025-04-03 2580 1257 0 0
2025-04-04 2562 1257 0 0
2025-04-05 2553 1257 0 0
2025-04-06 2553 1257 0 0
2025-04-07 2508 1257 0 0
2025-04-08 2497 1257 0 0
2025-04-09 2515 1257 0 0
2025-04-10 2525 1257 0 0
2025-04-11 2535 1257 0 0
2025-04-12 2551 1257 0 0
2025-04-13 2551 1257 0 0
2025-04-14 2557 1257 0 0
2025-04-15 2558 1257 0 0
2025-04-16 2546 1257 0 0
2025-04-17 2555 1257 0 0
2025-04-18 2560 1257 0 0
2025-04-19 2560 1257 0 0
2025-04-20 2560 1257 0 0
2025-04-21 2559 1257 0 0
2025-04-22 2574 1257 0 0
2025-04-23 2594 1257 0 0
2025-04-24 2590 1257 0 0
2025-04-25 2590 1257 0 0
2025-04-26 2587 1257 0 0
2025-04-27 2587 1257 0 0
2025-04-28 2587 1257 0 0
2025-04-29 2589 1257 0 0
2025-04-30 2593 1257 0 0
2025-05-01 2594 1257 0 0
2025-05-02 2598 1257 0 0
