2026-03-10 2920 1285.08 0 0
2026-03-11 2889 1308.009 22.929 1.784
2026-03-12 2886 1300.644 -7.365 -0.563
2026-03-13 2873 1305.089 4.445 0.342
2026-03-14 2865 1306.372 1.283 0.098
2026-03-15 2865 1306.372 0 0
2026-03-16 2862 1306.372 0 0
2026-03-17 2837 1320.045 13.673 1.047
2026-03-18 2832 1320.045 0 0
2026-03-19 2818 1322.261 2.216 0.168
2026-03-20 2804 1325.633 3.372 0.255
2026-03-21 2807 1324.065 -1.568 -0.118
2026-03-22 2807 1324.065 0 0
2026-03-23 2790 1324.065 0 0
2026-03-24 2795 1323.632 -0.433 -0.033
2026-03-25 2808 1323.006 -0.626 -0.047
2026-03-27 2794 1323.006 0 0
2026-03-28 2795 1318.433 -4.573 -0.346
2026-03-29 2795 1318.433 0 0
2026-03-30 2800 1318.433 0 0
2026-03-31 2782 1325.319 6.886 0.522
2026-04-01 2788 1334.024 0 0
2026-04-02 2782 1334.024 0 0
2026-04-03 2775 1339.044 0 0
2026-04-04 2767 1346.129 0 0
2026-04-05 2767 1346.129 0 0
2026-04-06 2767 1346.129 0 0
2026-04-07 2772 1346.129 0 0
2026-04-08 2754 1367.92 0 0
2026-04-09 2770 1367.92 0 0
2026-04-10 2824 1332.532 0 0
