2022-04-05 1638 1921.39 0 0
2022-04-06 1635 1926.809 5.419 0.281
2022-04-07 1627 1916.127 -10.682 -0.557
2022-04-08 1631 1911.082 -5.045 -0.264
2022-04-09 1629 1912.152 1.07 0.056
2022-04-10 1629 1912.152 0 0
2022-04-11 1618 1912.152 0 0
2022-04-12 1624 1910.83 -1.322 -0.069
2022-04-13 1623 1906.564 -4.266 -0.224
2022-04-14 1625 1905.405 -1.159 -0.061
2022-04-15 1620 1905.405 0 0
2022-04-16 1620 1905.405 0 0
2022-04-17 1620 1905.405 0 0
2022-04-18 1625 1905.405 0 0
2022-04-19 1621 1903.439 -1.966 -0.103
2022-04-20 1624 1897.405 -6.034 -0.318
2022-04-21 1608 1905.063 7.658 0.402
2022-04-22 1596 1906.078 1.015 0.053
2022-04-23 1599 1897.872 -8.206 -0.432
2022-04-24 1598 1897.872 0 0
2022-04-25 1581 1897.872 0 0
2022-04-26 1573 1892.767 -5.105 -0.27
2022-04-27 1571 1895.671 2.904 0.153
2022-04-28 1576 1896.786 1.115 0.059
2022-04-29 1575 1897.792 1.006 0.053
2022-04-30 1578 1898.957 1.165 0.061
2022-05-01 1578 1898.957 0 0
2022-05-02 1578 1898.957 0 0
2022-05-03 1574 1897.358 -1.599 -0.084
2022-05-04 1575 1897.358 0 0
2022-05-05 1577 1899.329 1.971 0.104
2022-05-06 1560 1903.564 4.235 0.222
2022-05-07 1565 1886.862 -16.702 -0.885
2022-05-08 1565 1886.862 0 0
2022-05-09 1548 1886.862 0 0
2022-05-10 1559 1873.831 -13.031 -0.695
2022-05-11 1561 1877.284 3.453 0.184
2022-05-12 1554 1879.35 2.066 0.11
2022-05-13 1562 1874.92 -4.43 -0.236
2022-05-14 1563 1874.283 -0.637 -0.034
2022-05-15 1564 1874.283 0 0
2022-05-16 1568 1874.283 0 0
2022-05-17 1580 1874.283 0 0
2022-05-18 1578 1871.476 -2.807 -0.15
2022-05-19 1575 1871.085 -0.391 -0.021
2022-05-20 1584 1867.488 -3.597 -0.193
2022-05-21 1588 1871.927 4.439 0.237
2022-05-22 1588 1871.927 0 0
2022-05-23 1590 1871.927 0 0
2022-05-24 1580 1872.381 0.454 0.024
2022-05-25 1583 1870.933 -1.448 -0.077
2022-05-26 1589 1872.291 1.358 0.073
2022-05-27 1594 1871.145 -1.146 -0.061
2022-05-28 1595 1871.263 0.118 0.006
2022-05-29 1595 1871.263 0 0
2022-05-30 1600 1871.263 0 0
2022-05-31 1603 1871.263 0 0
