2021-02-19 2048 1352.215 0 0
2021-02-20 2047 1352.215 0 0
2021-02-21 2049 1352.215 0 0
2021-02-22 2060 1345.172 -7.043 -0.524
2021-02-23 2059 1343.827 -1.345 -0.1
2021-02-24 2043 1353.371 9.544 0.705
2021-02-25 2011 1391.041 37.67 2.708
2021-02-26 2045 1358.575 -32.466 -2.39
2021-02-27 2060 1338.978 -19.597 -1.464
2021-02-28 2061 1338.978 0 0
2021-03-01 2056 1341.833 2.855 0.213
2021-03-02 2050 1349.584 7.751 0.574
2021-03-03 2040 1360.288 10.704 0.787
2021-03-04 2034 1372.447 12.159 0.886
2021-03-05 2058 1341.233 -31.214 -2.327
2021-03-06 2064 1338.064 -3.169 -0.237
2021-03-07 2062 1338.064 0 0
2021-03-08 2078 1307.966 -30.098 -2.301
2021-03-09 2075 1304.077 -3.889 -0.298
2021-03-11 2041 1354.924 50.847 3.753
2021-03-12 2069 1327.915 -27.009 -2.034
2021-03-13 2066 1330.104 2.189 0.165
2021-03-14 2067 1330.104 0 0
2021-03-15 2073 1315.895 -14.209 -1.08
2021-03-16 2058 1330.692 14.797 1.112
2021-03-18 2087 1298.2 -32.492 -2.503
2021-03-19 2087 1298.2 0 0
2021-03-20 2098 1287.922 -10.278 -0.798
2021-03-21 2098 1287.922 0 0
2021-03-22 2094 1295.231 7.309 0.564
2021-03-23 2088 1297.305 2.074 0.16
2021-03-24 2108 1277.473 -19.832 -1.552
2021-03-26 2093 1291.966 14.493 1.122
2021-03-27 2088 1292.899 0.933 0.072
2021-03-28 2088 1292.899 0 0
2021-03-29 2089 1292.899 0 0
2021-03-30 2105 1273.153 -19.746 -1.551
2021-03-31 2124 1247.475 -25.678 -2.058
2021-04-01 2121 1260.541 13.066 1.037
2021-04-02 2121 1260.541 0 0
2021-04-03 2121 1260.541 0 0
2021-04-04 2122 1260.541 0 0
2021-04-05 2146 1230.082 -30.459 -2.476
2021-04-06 2131 1246.865 16.783 1.346
2021-04-07 2133 1245.163 -1.702 -0.137
2021-04-08 2107 1278.001 32.838 2.569
2021-04-09 2365 1255.114 -22.887 -1.823
2021-04-10 2367 1252.082 -3.032 -0.242
2021-04-11 2368 1252.082 0 0
2021-04-12 2462 1178.848 -73.234 -6.212
2021-04-13 2447 1192.392 13.544 1.136
2021-04-14 2459 1187.309 -5.083 -0.428
2021-04-15 2484 1168.134 -19.175 -1.642
2021-04-16 2470 1184.378 16.244 1.372
2021-04-17 2466 1193.578 9.2 0.771
2021-04-18 2466 1193.578 0 0
2021-04-19 2494 1168.872 -24.706 -2.114
2021-04-20 2500 1159.517 -9.355 -0.807
2021-04-21 2510 1159.323 -0.194 -0.017
2021-04-22 2511 1164.386 5.063 0.435
2021-04-23 2457 1215.162 50.776 4.179
2021-04-24 2457 1215.162 0 0
2021-04-25 2459 1213.988 -1.174 -0.097
2021-04-26 2500 1188.668 -25.32 -2.13
2021-04-27 2488 1195.99 7.322 0.612
2021-04-28 2489 1198.353 2.363 0.197
2021-04-29 2495 1191.366 -6.987 -0.586
2021-04-30 2500 1190.232 -1.134 -0.095
2021-05-01 2496 1189.71 -0.522 -0.044
2021-05-02 2495 1189.71 0 0
2021-05-03 2492 1190.455 0.745 0.063
2021-05-04 2496 1181.766 -8.689 -0.735
2021-05-05 2489 1184.162 2.396 0.202
2021-05-06 2458 1202.404 18.242 1.517
2021-05-07 2391 1246.924 44.52 3.57
2021-05-08 2395 1251.313 4.389 0.351
2021-05-09 2395 1251.313 0 0
2021-05-10 2380 1261.528 10.215 0.81
2021-05-11 2411 1239.928 -21.6 -1.742
2021-05-12 2440 1211.489 -28.439 -2.347
2021-05-13 2427 1210.169 -1.32 -0.109
2021-05-14 2440 1208.815 -1.354 -0.112
2021-05-15 2439 1211.022 2.207 0.182
2021-05-16 2439 1211.022 0 0
2021-05-17 2378 1264.312 53.29 4.215
2021-05-18 2328 1312.281 47.969 3.655
2021-05-19 2332 1312.619 0.338 0.026
2021-05-20 2339 1307.806 -4.813 -0.368
2021-05-21 2331 1311.486 3.68 0.281
2021-05-22 2325 1316.46 4.974 0.378
2021-05-24 2327 1319.088 2.628 0.199
2021-05-25 2335 1310.648 -8.44 -0.644
2021-05-26 2325 1324.267 13.619 1.028
2021-05-27 2361 1295.587 -28.68 -2.214
2021-05-28 2334 1322.683 27.096 2.049
2021-05-29 2333 1325.422 2.739 0.207
2021-05-30 2333 1325.422 0 0
2021-05-31 2292 1370.95 45.528 3.321
2021-06-01 2293 1367.647 -3.303 -0.242
2021-06-02 2186 1465.58 97.933 6.682
2021-06-03 2077 1560.057 94.477 6.056
2021-06-04 2075 1561.557 1.5 0.096
2021-06-05 2076 1559.525 -2.032 -0.13
2021-06-06 2076 1559.525 0 0
2021-06-07 2079 1563.004 3.479 0.223
2021-06-08 2094 1547.198 -15.806 -1.022
2021-06-09 2125 1520.545 -26.653 -1.753
2021-06-10 2110 1532.398 11.853 0.773
2021-06-11 2113 1522.705 -9.693 -0.637
2021-06-12 2115 1522.47 -0.235 -0.015
2021-06-13 2115 1522.47 0 0
2021-06-14 2084 1552.594 30.124 1.94
2021-06-16 2064 1558.507 5.913 0.379
2021-06-17 2097 1526.213 -32.294 -2.116
2021-06-18 2109 1499.654 -26.559 -1.771
2021-06-19 2109 1499.654 0 0
2021-06-20 2094 1504.019 4.365 0.29
2021-06-21 2086 1521.014 16.995 1.117
2021-06-22 2079 1533.865 12.851 0.838
2021-06-23 2115 1501.179 -32.686 -2.177
2021-06-24 2129 1490.411 -10.768 -0.722
2021-06-25 2118 1511.036 20.625 1.365
2021-06-26 2120 1510.425 -0.611 -0.04
2021-06-27 2119 1510.425 0 0
2021-06-28 2116 1515.188 4.763 0.314
2021-06-29 2138 1494.328 -20.86 -1.396
2021-06-30 2119 1505.634 11.306 0.751
2021-07-01 2133 1494.262 -11.372 -0.761
2021-07-02 2127 1495.577 1.315 0.088
2021-07-03 2127 1491.626 -3.951 -0.265
2021-07-04 2127 1491.626 0 0
2021-07-05 2037 1572.135 80.509 5.121
2021-07-06 2056 1548.007 -24.128 -1.559
2021-07-07 2026 1578.556 30.549 1.935
2021-07-08 2051 1549.406 -29.15 -1.881
2021-07-09 2053 1548.562 -0.844 -0.055
2021-07-10 2056 1550.197 1.635 0.105
2021-07-11 2056 1550.197 0 0
2021-07-12 2037 1573.426 23.229 1.476
2021-07-13 2029 1575.458 2.032 0.129
2021-07-14 2038 1566.43 -9.028 -0.576
2021-07-15 2018 1584.351 17.921 1.131
2021-07-16 2015 1586.511 2.16 0.136
2021-07-17 2017 1586.06 -0.451 -0.028
2021-07-18 2017 1586.06 0 0
2021-07-19 2030 1559.107 -26.953 -1.729
2021-07-20 2044 1538.567 -20.54 -1.335
2021-07-21 2043 1544.005 5.438 0.352
2021-07-22 1981 1620.471 76.466 4.719
2021-07-23 1999 1587.044 -33.427 -2.106
2021-07-24 2001 1588.311 1.267 0.08
2021-07-25 2001 1588.311 0 0
2021-07-26 1994 1576.883 -11.428 -0.725
2021-07-27 1981 1582.304 5.421 0.343
2021-07-28 1995 1566.344 -15.96 -1.019
2021-07-29 1981 1583.747 17.403 1.099
2021-07-30 1995 1578.613 -5.134 -0.325
2021-07-31 1994 1575.855 -2.758 -0.175
2021-08-01 1994 1575.855 0 0
2021-08-02 1984 1604.199 28.344 1.767
2021-08-03 1990 1606.259 2.06 0.128
2021-08-04 1982 1614.885 8.626 0.534
2021-08-05 1984 1610.527 -4.358 -0.271
2021-08-06 2006 1572.471 -38.056 -2.42
2021-08-07 1996 1572.868 0.397 0.025
2021-08-08 1996 1572.868 0 0
2021-08-09 2059 1525.511 -47.357 -3.104
2021-08-10 2091 1499.286 -26.225 -1.749
2021-08-11 2125 1462.432 -36.854 -2.52
2021-08-13 2103 1475.397 12.965 0.879
2021-08-14 2102 1475.52 0.123 0.008
2021-08-15 2102 1475.52 0 0
2021-08-16 2080 1498.97 23.45 1.564
2021-08-17 2074 1493.863 -5.107 -0.342
2021-08-18 2070 1502.103 8.24 0.549
2021-08-19 2057 1504.24 2.137 0.142
2021-08-20 2069 1482.524 -21.716 -1.465
2021-08-21 2073 1479.498 -3.026 -0.205
2021-08-22 2073 1479.498 0 0
2021-08-23 2081 1479.992 0.494 0.033
2021-08-24 2045 1527.479 47.487 3.109
2021-08-25 2073 1506.592 -20.887 -1.386
2021-08-26 2067 1509.436 2.844 0.188
2021-08-27 2063 1517.429 7.993 0.527
2021-08-28 2058 1528.316 10.887 0.712
2021-08-29 2058 1528.316 0 0
2021-08-30 2050 1539.055 10.739 0.698
2021-08-31 2028 1558.235 19.18 1.231
2021-09-01 2008 1575.278 17.043 1.082
2021-09-02 2022 1573.379 -1.899 -0.121
2021-09-03 2038 1556.287 -17.092 -1.098
2021-09-04 2039 1557.368 1.081 0.069
2021-09-05 2039 1557.368 0 0
2021-09-06 2030 1574.811 17.443 1.108
2021-09-07 2023 1580.709 5.898 0.373
2021-09-08 2001 1587.197 6.488 0.409
2021-09-09 2011 1575.266 -11.931 -0.757
2021-09-10 2005 1577.585 2.319 0.147
2021-09-11 2007 1577.585 0 0
2021-09-12 2007 1577.585 0 0
2021-09-13 1998 1584.847 7.262 0.458
2021-09-14 1998 1578.133 -6.714 -0.425
2021-09-15 1998 1578.179 0.046 0.003
2021-09-16 1983 1593.374 15.195 0.954
2021-09-17 2025 1553.185 -40.189 -2.588
2021-09-18 2021 1553.847 0.662 0.043
2021-09-19 2019 1553.847 0 0
2021-09-20 2053 1511.67 -42.177 -2.79
2021-09-21 2053 1513.877 2.207 0.146
2021-09-22 1982 1576.821 62.944 3.992
2021-09-23 2018 1551.825 -24.996 -1.611
2021-09-24 2025 1541.929 -9.896 -0.642
2021-09-25 2022 1540.713 -1.216 -0.079
2021-09-26 2022 1540.713 0 0
2021-09-27 2030 1529.425 -11.288 -0.738
2021-09-28 2062 1497.324 -32.101 -2.144
2021-09-29 2050 1497.177 -0.147 -0.01
2021-09-30 2074 1475.897 -21.28 -1.442
2021-10-01 1986 1558.413 82.516 5.295
2021-10-02 1987 1560.593 2.18 0.14
2021-10-03 1987 1560.593 0 0
2021-10-05 2011 1542.61 -17.983 -1.166
2021-10-06 2034 1523.099 -19.511 -1.281
2021-10-07 2006 1552.49 29.391 1.893
2021-10-08 2033 1532.718 -19.772 -1.29
2021-10-09 2035 1528.63 -4.088 -0.267
2021-10-10 2035 1528.63 0 0
2021-10-11 2020 1542.424 13.794 0.894
2021-10-12 2011 1542.664 0.24 0.016
2021-10-13 2001 1564.02 21.356 1.365
2021-10-14 2011 1552.513 -11.507 -0.741
2021-10-15 2018 1554.922 2.409 0.155
2021-10-16 2018 1554.922 0 0
2021-10-17 2017 1554.922 0 0
2021-10-18 2020 1562.161 7.239 0.463
2021-10-19 2030 1553.776 -8.385 -0.54
2021-10-20 2050 1534.039 -19.737 -1.287
2021-10-21 2040 1541.689 7.65 0.496
2021-10-22 2009 1576.364 34.675 2.2
2021-10-23 2011 1575.417 -0.947 -0.06
2021-10-25 2059 1530.455 -44.962 -2.938
2021-10-26 2052 1535.416 4.961 0.323
2021-10-27 2047 1531.839 -3.577 -0.234
2021-10-28 2089 1491.678 -40.161 -2.692
2021-10-29 2103 1479.103 -12.575 -0.85
2021-10-30 2100 1480.018 0.915 0.062
2021-10-31 2100 1480.018 0 0
2021-11-01 2076 1504.843 24.825 1.65
2021-11-02 2072 1503.653 -1.19 -0.079
2021-11-03 2038 1533.782 30.129 1.964
2021-11-04 2046 1533.782 0 0
2021-11-05 2036 1549.559 15.777 1.018
2021-11-06 2038 1549.559 0 0
2021-11-07 2038 1549.559 0 0
2021-11-08 1902 1678.379 128.82 7.675
2021-11-09 1936 1657.68 -20.699 -1.249
2021-11-10 1893 1704.971 47.291 2.774
2021-11-11 1897 1705.094 0.123 0.007
2021-11-12 1892 1707.253 2.159 0.126
2021-11-13 1890 1709.146 1.893 0.111
2021-11-14 1890 1709.146 0 0
2021-11-15 1874 1730.213 21.067 1.218
2021-11-16 1920 1679.236 -50.977 -3.036
2021-11-17 1943 1656.887 -22.349 -1.349
2021-11-18 1975 1626.903 -29.984 -1.843
2021-11-19 1973 1627.451 0.548 0.034
2021-11-20 1969 1627.451 0 0
2021-11-21 1969 1627.451 0 0
2021-11-22 2017 1569.594 -57.857 -3.686
2021-11-23 2032 1548.558 -21.036 -1.358
2021-11-24 2063 1518.421 -30.137 -1.985
2021-11-25 2085 1503.098 -15.323 -1.019
2021-11-26 2115 1462.428 -40.67 -2.781
2021-11-27 2134 1453.15 -9.278 -0.638
2021-11-28 2134 1453.15 0 0
2021-11-29 2150 1437.713 -15.437 -1.074
2021-11-30 2142 1439.237 1.524 0.106
2021-12-01 2089 1468.406 29.169 1.986
2021-12-02 2047 1505.295 36.889 2.451
2021-12-03 2068 1494.043 -11.252 -0.753
2021-12-04 2068 1490.564 -3.479 -0.233
2021-12-05 2068 1490.564 0 0
2021-12-06 2082 1472.886 -17.678 -1.2
2021-12-07 2057 1493.994 21.108 1.413
2021-12-08 2070 1500.698 6.704 0.447
2021-12-09 2056 1509.35 8.652 0.573
2021-12-10 2083 1490.7 -18.65 -1.251
2021-12-11 2085 1485.707 -4.993 -0.336
2021-12-12 2080 1485.707 0 0
2021-12-13 2085 1483.035 -2.672 -0.18
2021-12-14 2071 1488.674 5.639 0.379
2021-12-15 2105 1456.438 -32.236 -2.213
2021-12-16 2107 1448.906 -7.532 -0.52
2021-12-17 2114 1443.493 -5.413 -0.375
2021-12-18 2109 1443.66 0.167 0.012
2021-12-19 2110 1443.66 0 0
2021-12-20 2142 1397.892 -45.768 -3.274
2021-12-21 2157 1398.916 1.024 0.073
2021-12-22 2123 1443.672 44.756 3.1
2021-12-23 2069 1491.571 47.899 3.211
2021-12-24 2090 1470.96 -20.611 -1.401
2021-12-25 2086 1476.874 5.914 0.4
2021-12-26 2086 1476.874 0 0
2021-12-27 2079 1492.039 15.165 1.016
2021-12-28 2063 1501.292 9.253 0.616
2021-12-29 2052 1509.251 7.959 0.527
2021-12-30 2085 1494.242 -15.009 -1.004
2021-12-31 2056 1515.255 21.013 1.387
2022-01-02 2055 1517.025 1.77 0.117
2022-01-03 2011 1562.73 45.705 2.925
2022-01-04 2019 1555.402 -7.328 -0.471
2022-01-05 1997 1550.762 -4.64 -0.299
2022-01-06 1995 1555.503 4.741 0.305
2022-01-07 2000 1544.315 -11.188 -0.724
2022-01-08 1998 1548.264 3.949 0.255
2022-01-09 1998 1548.264 0 0
2022-01-10 1989 1561.837 13.573 0.869
2022-01-11 1993 1554.755 -7.082 -0.456
2022-01-12 2008 1548.171 -6.584 -0.425
2022-01-13 2018 1529.639 -18.532 -1.212
2022-01-14 2032 1517.085 -12.554 -0.828
2022-01-15 2023 1511.447 -5.638 -0.373
2022-01-16 2038 1511.447 0 0
2022-01-17 2036 1513.879 2.432 0.161
2022-01-18 2025 1522.367 8.488 0.558
2022-01-19 2048 1492.065 -30.302 -2.031
2022-01-20 2047 1494.253 2.188 0.146
2022-01-22 2081 1452.378 -41.875 -2.883
2022-01-23 2080 1452.378 0 0
2022-01-24 2058 1462.468 10.09 0.69
2022-01-25 2026 1480.889 18.421 1.244
2022-01-26 2033 1476.754 -4.135 -0.28
2022-01-27 2037 1449.877 -26.877 -1.854
2022-01-28 2052 1446.927 -2.95 -0.204
2022-01-29 2047 1447.685 0.758 0.052
2022-01-30 2047 1447.685 0 0
2022-01-31 2042 1466.914 19.229 1.311
2022-02-01 2026 1484.064 17.15 1.156
2022-02-02 2034 1483.726 -0.338 -0.023
2022-02-03 2079 1436.812 -46.914 -3.265
2022-02-04 2087 1433.355 -3.457 -0.241
2022-02-05 2086 1436.306 2.951 0.205
2022-02-06 2086 1436.306 0 0
2022-02-07 2087 1438.474 2.168 0.151
2022-02-08 2071 1455.374 16.9 1.161
2022-02-09 2067 1470.502 15.128 1.029
2022-02-10 2048 1478.081 7.579 0.513
2022-02-11 2099 1436.276 -41.805 -2.911
2022-02-12 2090 1428.131 -8.145 -0.57
2022-02-13 2091 1428.131 0 0
2022-02-14 2148 1360.058 -68.073 -5.005
2022-02-15 2167 1354.831 -5.227 -0.386
2022-02-16 2173 1358.931 4.1 0.302
2022-02-17 2202 1320.795 -38.136 -2.887
2022-02-18 2188 1332.597 11.802 0.886
2022-02-19 2179 1340.719 8.122 0.606
2022-02-20 2181 1340.719 0 0
2022-02-21 2179 1342.79 2.071 0.154
2022-02-22 2135 1366.508 23.718 1.736
2022-02-23 2144 1360.779 -5.729 -0.421
2022-02-24 2160 1334.817 -25.962 -1.945
2022-02-25 2149 1347.958 13.141 0.975
2022-02-26 2136 1368.971 21.013 1.535
2022-02-27 2139 1368.971 0 0
2022-02-28 2119 1383.981 15.01 1.085
2022-03-01 2118 1382.879 -1.102 -0.08
2022-03-02 2082 1407.599 24.72 1.756
2022-03-03 2035 1435.673 28.074 1.955
2022-03-04 2079 1385.46 -50.213 -3.624
2022-03-05 2076 1380.889 -4.571 -0.331
2022-03-06 2078 1380.889 0 0
2022-03-07 2089 1355.515 -25.374 -1.872
2022-03-08 2057 1361.376 5.861 0.431
2022-03-09 2003 1413.771 52.395 3.706
2022-03-10 2046 1388.704 -25.067 -1.805
2022-03-11 2039 1385.401 -3.303 -0.238
2022-03-12 2035 1380.134 -5.267 -0.382
2022-03-13 2032 1380.134 0 0
2022-03-14 2047 1353.126 -27.008 -1.996
2022-03-15 2067 1331.999 -21.127 -1.586
2022-03-16 2085 1330.043 -1.956 -0.147
2022-03-17 2094 1341.881 11.838 0.882
2022-03-18 2102 1349.912 8.031 0.595
2022-03-19 2096 1349.912 0 0
2022-03-20 2096 1349.912 0 0
2022-03-21 2077 1365.497 15.585 1.141
2022-03-22 2073 1374.225 8.728 0.635
2022-03-23 2105 1342.548 -31.677 -2.359
2022-03-24 2098 1353.751 11.203 0.828
2022-03-25 2133 1307.032 -46.719 -3.574
2022-03-26 2131 1309.776 2.744 0.21
2022-03-27 2131 1309.776 0 0
2022-03-28 2143 1297.556 -12.22 -0.942
2022-03-29 2147 1301.416 3.86 0.297
2022-03-30 2134 1324.254 22.838 1.725
2022-04-01 2120 1339.282 15.028 1.122
2022-04-02 2090 1367.353 28.071 2.053
2022-04-03 2089 1367.353 0 0
2022-04-05 2199 1381.462 14.109 1.021
2022-04-06 2186 1385.017 3.555 0.257
2022-04-07 2183 1371.459 -13.558 -0.989
2022-04-08 2167 1382.629 11.17 0.808
2022-04-09 2168 1383.403 0.774 0.056
2022-04-10 2167 1383.403 0 0
2022-04-11 2144 1380.978 -2.425 -0.176
2022-04-12 2179 1356.136 -24.842 -1.832
2022-04-13 2193 1342.23 -13.906 -1.036
2022-04-14 2197 1341.414 -0.816 -0.061
2022-04-15 2190 1341.414 0 0
2022-04-16 2190 1341.414 0 0
2022-04-17 2190 1341.414 0 0
2022-04-18 2206 1326.146 -15.268 -1.151
2022-04-19 2222 1312.662 -13.484 -1.027
2022-04-20 2217 1315.959 3.297 0.251
2022-04-21 2171 1338.999 23.04 1.721
2022-04-22 2178 1319.122 -19.877 -1.507
2022-04-23 2179 1313.443 -5.679 -0.432
2022-04-24 2179 1313.443 0 0
2022-04-25 2212 1279.466 -33.977 -2.656
2022-04-26 2167 1297.862 18.396 1.417
2022-04-27 2225 1254.139 -43.723 -3.486
2022-04-28 2205 1277.916 23.777 1.861
2022-04-29 2209 1266.852 -11.064 -0.873
2022-04-30 2218 1267.629 0.777 0.061
2022-05-01 2218 1267.629 0 0
2022-05-02 2205 1276.682 9.053 0.709
2022-05-03 2201 1275.607 -1.075 -0.084
2022-05-04 2230 1255.784 -19.823 -1.579
2022-05-05 2268 1220.63 -35.154 -2.88
2022-05-06 2252 1219.634 -0.996 -0.082
2022-05-07 2262 1208.933 -10.701 -0.885
2022-05-08 2262 1208.933 0 0
2022-05-09 2253 1201.038 -7.895 -0.657
2022-05-10 2290 1162.143 -38.895 -3.347
2022-05-11 2302 1149.242 -12.901 -1.123
2022-05-12 2350 1108.902 -40.34 -3.638
2022-05-13 2363 1114.18 5.278 0.474
2022-05-14 2363 1113.802 -0.378 -0.034
2022-05-15 2364 1113.802 0 0
2022-05-16 2338 1131.483 17.681 1.563
2022-05-17 2284 1179.676 48.193 4.085
2022-05-18 2289 1175.583 -4.093 -0.348
2022-05-19 2314 1149.242 -26.341 -2.292
2022-05-20 2329 1147.554 -1.688 -0.147
2022-05-21 2329 1150.281 2.727 0.237
2022-05-22 2329 1150.281 0 0
2022-05-23 2333 1151.753 1.472 0.128
2022-05-24 2335 1133.847 -17.906 -1.579
2022-05-25 2370 1114.942 -18.905 -1.696
2022-05-26 2353 1129.378 14.436 1.278
2022-05-27 2418 1089.494 -39.884 -3.661
2022-05-28 2425 1089.563 0.069 0.006
2022-05-29 2424 1089.563 0 0
2022-05-30 2400 1112.245 22.682 2.039
2022-05-31 2381 1130.608 18.363 1.624
2022-06-01 2422 1104.806 -25.802 -2.335
2022-06-02 2405 1114.102 9.296 0.834
2022-06-03 2428 1099.247 -14.855 -1.351
2022-06-04 2435 1098.999 -0.248 -0.023
2022-06-05 2435 1098.999 0 0
2022-06-06 2479 1073.11 -25.889 -2.413
2022-06-07 2500 1061.457 -11.653 -1.098
2022-06-08 2494 1066.553 5.096 0.478
2022-06-09 2468 1065.392 -1.161 -0.109
2022-06-10 2480 1054.48 -10.912 -1.035
2022-06-11 2476 1053.379 -1.101 -0.105
2022-06-12 2475 1053.379 0 0
2022-06-13 2474 1030.916 -22.463 -2.179
2022-06-14 2475 1021.511 -9.405 -0.921
2022-06-15 2456 1032.418 10.907 1.056
2022-06-16 2458 1024.69 -7.728 -0.754
2022-06-17 2503 991.779 -32.911 -3.318
2022-06-22 2520 981.611 -10.168 -1.036
2022-07-02 2492 1019.261 37.65 3.694
2022-07-03 2493 1019.261 0 0
2022-07-04 2470 1039.987 20.726 1.993
2022-07-05 2467 1035.004 -4.983 -0.481
2022-07-06 2479 1027.175 -7.829 -0.762
2022-07-07 2491 1021.219 -5.956 -0.583
2022-07-08 2510 1011.583 -9.636 -0.953
2022-07-09 2518 1010.545 -1.038 -0.103
2022-07-10 2517 1010.545 0 0
2022-07-11 2514 1003.068 -7.477 -0.745
2022-07-12 2518 989.303 -13.765 -1.391
2022-07-19 2498 1002.414 13.111 1.308
2022-07-20 2524 992.66 -9.754 -0.983
2022-07-22 2512 1004.282 11.622 1.157
2022-07-23 2516 1005.24 0.958 0.095
2022-07-24 2516 1005.24 0 0
2022-07-25 2497 1017.685 12.445 1.223
2022-07-26 2520 994.501 -23.184 -2.331
2022-07-29 2491 1031.749 37.248 3.61
2022-07-30 2485 1038.176 6.427 0.619
2022-07-31 2485 1038.176 0 0
2022-08-01 2435 1081.923 43.747 4.043
2022-08-02 2423 1085.764 3.841 0.354
2022-08-03 2426 1084.313 -1.451 -0.134
2022-08-04 2441 1072.574 -11.739 -1.094
2022-08-05 2403 1108.136 35.562 3.209
2022-08-06 2402 1110.878 2.742 0.247
2022-08-07 2402 1110.878 0 0
2022-08-08 2429 1090.727 -20.151 -1.847
2022-08-09 2431 1085.695 -5.032 -0.463
2022-08-10 2438 1090.456 4.761 0.437
2022-08-11 2401 1133.988 43.532 3.839
2022-08-12 2374 1146.555 12.567 1.096
2022-08-13 2376 1146.042 -0.513 -0.045
2022-08-14 2375 1146.042 0 0
2022-08-15 2374 1146.042 0 0
2022-08-16 2549 1009.167 -136.875 -13.563
2022-08-17 2508 1034.953 25.786 2.492
2022-08-18 2507 1031.063 -3.89 -0.377
2022-08-19 2516 1012.557 -18.506 -1.828
2022-08-20 2514 1011.193 -1.364 -0.135
2022-08-21 2514 1011.193 0 0
2022-08-22 2528 997.72 -13.473 -1.35
2022-08-24 2512 999.308 1.588 0.159
2022-08-26 2494 1012.844 13.536 1.336
2022-08-27 2492 1013.042 0.198 0.02
2022-08-28 2491 1013.042 0 0
2022-08-29 2490 1004.424 -8.618 -0.858
2022-08-30 2473 1019.59 15.166 1.487
2022-08-31 2450 1026.014 6.424 0.626
2022-09-01 2459 1015.822 -10.192 -1.003
2022-09-08 2462 1006.396 -9.426 -0.937
2022-09-09 2460 1013.44 7.044 0.695
2022-09-11 2474 1015.143 1.703 0.168
2022-09-12 2475 1015.698 0.555 0.055
2022-09-13 2465 1020.906 5.208 0.51
2022-09-14 2456 1016.891 -4.015 -0.395
2022-09-15 2430 1029.534 12.643 1.228
2022-09-16 2447 1002.502 -27.032 -2.696
2022-09-17 2450 1001.905 -0.597 -0.06
2022-09-18 2451 1001.905 0 0
2022-09-19 2453 996.781 -5.124 -0.514
2022-09-22 2433 982.148 -14.633 -1.49
2022-11-05 2422 1010.573 28.425 2.813
2022-11-06 2422 1010.573 0 0
2022-11-07 2385 1040.443 29.87 2.871
2022-11-08 2380 1046.92 6.477 0.619
2022-11-09 2367 1051.907 4.987 0.474
2022-11-10 2384 1040.001 -11.906 -1.145
2022-11-11 2436 1013.304 -26.697 -2.635
2022-11-12 2460 1025.75 12.446 1.213
2022-11-13 2460 1025.75 0 0
2022-11-14 2432 1038.869 13.119 1.263
2022-11-15 2414 1061.732 22.863 2.153
2022-11-16 2457 1028.114 -33.618 -3.27
2022-11-17 2447 1027.201 -0.913 -0.089
2022-11-18 2477 1004.316 -22.885 -2.279
2022-11-19 2479 1003.855 -0.461 -0.046
2022-11-20 2479 1003.855 0 0
2022-11-21 2477 1001.827 -2.028 -0.202
2022-11-22 2476 996.285 -5.542 -0.556
2022-11-27 2453 1018.572 22.287 2.188
2022-11-28 2421 1043.117 24.545 2.353
2022-11-29 2421 1040.3 -2.817 -0.271
2022-11-30 2432 1035.366 -4.934 -0.477
2022-12-02 2391 1090.478 55.112 5.054
2022-12-03 2394 1089.214 -1.264 -0.116
2022-12-04 2394 1089.214 0 0
2022-12-05 2385 1095.053 5.839 0.533
2022-12-06 2428 1064.522 -30.531 -2.868
2022-12-07 2437 1047.974 -16.548 -1.579
2022-12-08 2424 1061.017 13.043 1.229
2022-12-09 2435 1045.847 -15.17 -1.45
2022-12-10 2448 1047.754 1.907 0.182
2022-12-11 2448 1047.754 0 0
2022-12-12 2445 1042.564 -5.19 -0.498
2022-12-13 2442 1046.222 3.658 0.35
2022-12-14 2447 1046.239 0.017 0.002
2022-12-15 2438 1045.813 -0.426 -0.041
2022-12-16 2459 1020.191 -25.622 -2.511
2022-12-17 2461 1018.883 -1.308 -0.128
2022-12-18 2461 1018.883 0 0
2022-12-19 2442 1028.3 9.417 0.916
2022-12-20 2430 1030.255 1.955 0.19
2022-12-21 2435 1030.84 0.585 0.057
2022-12-22 2436 1025.146 -5.694 -0.555
2022-12-23 2480 989.532 -35.614 -3.599
2022-12-28 2448 1018.9 29.368 2.882
2022-12-29 2472 999.338 -19.562 -1.957
2022-12-30 2461 1006.138 6.8 0.676
2022-12-31 2467 1007.051 0.913 0.091
