2022-01-05 1266 2633.669 0 0
2022-01-06 1251 2667.468 33.799 1.267
2022-01-07 1267 2609.786 -57.682 -2.21
2022-01-08 1270 2610.973 1.187 0.045
2022-01-09 1270 2610.973 0 0
2022-01-10 1238 2677.007 66.034 2.467
2022-01-11 1257 2644.751 -32.256 -1.22
2022-01-12 1172 2798.329 153.578 5.488
2022-01-13 1152 2834.07 35.741 1.261
2022-01-14 1068 3030.199 196.129 6.472
2022-01-15 1053 3038.321 8.122 0.267
2022-01-16 1062 3038.321 0 0
2022-01-17 1033 3133.445 95.124 3.036
2022-01-18 1028 3151.844 18.399 0.584
2022-01-19 1056 3029.711 -122.133 -4.031
2022-01-20 1047 3048.505 18.794 0.616
2022-01-22 1036 3070.43 21.925 0.714
2022-01-23 1036 3070.43 0 0
2022-01-24 1028 3084.681 14.251 0.462
2022-01-25 1040 3000.828 -83.853 -2.794
2022-01-26 1019 3087.514 86.686 2.808
2022-01-27 1050 2964.949 -122.565 -4.134
2022-01-28 1095 2849.095 -115.854 -4.066
2022-01-29 1096 2848.603 -0.492 -0.017
2022-01-30 1096 2848.603 0 0
2022-01-31 1111 2848.603 0 0
2022-02-01 1114 2848.603 0 0
2022-02-02 1118 2848.603 0 0
2022-02-03 1116 2848.603 0 0
2022-02-04 1115 2848.603 0 0
2022-02-05 1114 2848.603 0 0
2022-02-06 1114 2848.603 0 0
2022-02-07 1103 2893.072 44.469 1.537
2022-02-08 1155 2781.998 -111.074 -3.993
2022-02-09 1194 2748.093 -33.905 -1.234
2022-02-10 1203 2718.548 -29.545 -1.087
2022-02-11 1236 2659.085 -59.463 -2.236
2022-02-12 1222 2659.002 -0.083 -0.003
2022-02-13 1224 2659.002 0 0
2022-02-14 1247 2616.386 -42.616 -1.629
2022-02-15 1185 2735.546 119.16 4.356
2022-02-16 1189 2739.803 4.257 0.155
2022-02-17 1162 2774.81 35.007 1.262
2022-02-18 1163 2766.945 -7.865 -0.284
2022-02-19 1162 2771.538 4.593 0.166
2022-02-20 1162 2771.538 0 0
2022-02-21 1170 2755.735 -15.803 -0.573
2022-02-22 1179 2713.658 -42.077 -1.551
2022-02-23 1099 2895.051 181.393 6.266
2022-02-24 1100 2852.59 -42.461 -1.489
2022-02-25 1102 2860.311 7.721 0.27
2022-02-26 1110 2864.207 3.896 0.136
2022-02-27 1112 2864.207 0 0
2022-02-28 1093 2899.309 35.102 1.211
