2019-11-07 1281 1941.853 0 0
2020-01-19 1307 2001.236 59.383 3.058
2020-02-07 1257 2063.927 62.691 3.133
2020-02-15 1271 2054.614 -9.313 -0.451
2020-02-16 1272 2054.614 0 0
2020-02-17 1277 2054.614 0 0
2020-02-18 1268 2060.292 5.678 0.276
2020-02-19 1266 2063.018 2.726 0.132
2020-02-20 1260 2078.236 15.218 0.738
2020-02-21 1261 2066.425 -11.811 -0.568
2020-02-22 1266 2066.425 0 0
2020-02-23 1265 2066.425 0 0
2020-02-24 1262 2037.351 -29.074 -1.407
2020-02-25 1294 1995.785 -41.566 -2.04
2020-02-26 1318 1958.761 -37.024 -1.855
2020-02-27 1307 1948.54 -10.221 -0.522
2020-02-28 1301 1924.236 -24.304 -1.247
2020-02-29 1294 1929.041 4.805 0.25
2020-03-01 1298 1929.041 0 0
2020-03-02 1322 1920.552 -8.489 -0.44
2020-03-03 1345 1889.665 -30.887 -1.608
2020-03-04 1349 1895.56 5.895 0.312
2020-03-05 1382 1832.843 -62.717 -3.309
2020-03-06 1381 1813.273 -19.57 -1.068
2020-03-07 1381 1813.273 0 0
2020-03-08 1377 1813.273 0 0
2020-03-09 1397 1737.352 -75.921 -4.187
2020-03-10 1380 1763.995 26.643 1.534
2020-03-11 1395 1709.294 -54.701 -3.101
2020-03-12 1397 1635.496 -73.798 -4.317
2020-03-13 1380 1650.586 15.09 0.923
2020-03-14 1382 1650.586 0 0
2020-03-15 1381 1650.586 0 0
2020-03-16 1392 1588.104 -62.482 -3.785
2020-03-17 1388 1578.909 -9.195 -0.579
2020-03-18 1397 1531.753 -47.156 -2.987
2020-03-19 1356 1579.38 47.627 3.109
2020-03-20 1327 1609.324 29.944 1.896
2020-03-21 1332 1609.324 0 0
2020-03-22 1332 1609.324 0 0
2020-03-23 1313 1620.877 11.553 0.718
2020-03-24 1304 1620.877 0 0
2020-03-25 1312 1648.464 27.587 1.702
2020-03-26 1320 1674.871 26.407 1.602
2020-03-27 1317 1701.042 26.171 1.563
2020-03-28 1333 1677.229 -23.813 -1.4
2020-03-29 1333 1677.229 0 0
2020-03-30 1333 1677.229 0 0
2020-03-31 1332 1662.61 -14.619 -0.872
2020-04-01 1355 1644.691 -17.919 -1.078
2020-04-02 1341 1627.479 -17.212 -1.047
2020-04-03 1350 1623.471 -4.008 -0.246
2020-04-04 1348 1618.991 -4.48 -0.276
2020-04-05 1348 1618.991 0 0
2020-04-06 1348 1618.991 0 0
2020-04-07 1356 1664.732 45.741 2.825
2020-04-08 1393 1676.285 11.553 0.694
2020-04-09 1377 1701.514 25.229 1.505
2020-04-10 1383 1701.514 0 0
2020-04-11 1383 1701.514 0 0
2020-04-12 1383 1701.514 0 0
2020-04-13 1394 1689.017 -12.497 -0.734
2020-04-14 1402 1690.668 1.651 0.098
2020-04-15 1408 1685.952 -4.716 -0.279
2020-04-16 1412 1674.163 -11.789 -0.699
2020-04-17 1410 1678.172 4.009 0.239
2020-04-18 1419 1678.172 0 0
2020-04-19 1419 1678.172 0 0
2020-04-20 1425 1666.147 -12.025 -0.717
2020-04-21 1414 1661.196 -4.951 -0.297
2020-04-23 1416 1666.383 5.187 0.312
2020-04-24 1410 1676.05 9.667 0.58
2020-04-25 1402 1676.05 0 0
2020-04-26 1402 1676.05 0 0
2020-04-27 1403 1689.961 13.911 0.83
2020-04-28 1415 1686.188 -3.773 -0.223
2020-04-29 1406 1704.815 18.627 1.105
2020-04-30 1415 1701.514 -3.301 -0.194
