2020-01-19 1206 2182.615 0 0
2020-02-07 1192 2180.275 -2.34 -0.107
2020-02-15 1188 2209.326 29.051 1.315
2020-02-16 1189 2209.326 0 0
2020-02-17 1214 2175.068 -34.258 -1.575
2020-02-18 1206 2181.296 6.228 0.286
2020-02-19 1221 2144.858 -36.438 -1.699
2020-02-20 1203 2182.329 37.471 1.717
2020-02-21 1208 2168.798 -13.531 -0.624
2020-02-22 1210 2166.017 -2.781 -0.128
2020-02-23 1209 2166.017 0 0
2020-02-24 1193 2172.229 6.212 0.286
2020-02-25 1144 2242.503 70.274 3.134
2020-02-26 1165 2201.084 -41.419 -1.882
2020-02-27 1156 2194.404 -6.68 -0.304
2020-02-28 1152 2172.615 -21.789 -1.003
2020-02-29 1154 2174.914 2.299 0.106
2020-03-01 1153 2174.914 0 0
2020-03-02 1091 2258.715 83.801 3.71
2020-03-03 1071 2313.153 54.438 2.353
2020-03-04 1062 2345.567 32.414 1.382
2020-03-05 1036 2401.731 56.164 2.338
2020-03-06 1037 2375.832 -25.899 -1.09
2020-03-07 1031 2376.484 0.652 0.027
2020-03-08 1029 2376.484 0 0
2020-03-09 1064 2279.99 -96.494 -4.232
2020-03-10 1053 2272.25 -7.74 -0.341
2020-03-11 1029 2294.904 22.654 0.987
2020-03-12 1041 2207.759 -87.145 -3.947
2020-03-13 1048 2173.615 -34.144 -1.571
2020-03-14 1051 2175.78 2.165 0.1
2020-03-15 1051 2175.78 0 0
2020-03-16 1046 2118.214 -57.566 -2.718
2020-03-17 1028 2113.901 -4.313 -0.204
2020-03-18 1035 2079.853 -34.048 -1.637
2020-03-19 1054 2034.1 -45.753 -2.249
2020-03-20 1048 2047.909 13.809 0.674
2020-03-21 1050 2050.776 2.867 0.14
2020-03-22 1050 2050.776 0 0
2020-03-23 1065 2005.554 -45.222 -2.255
2020-03-24 1059 2001.584 -3.97 -0.198
2020-03-25 1075 2031.124 29.54 1.454
2020-03-26 1074 2072.054 40.93 1.975
2020-03-27 1082 2097.62 25.566 1.219
2020-03-28 1086 2057.626 -39.994 -1.944
2020-03-29 1086 2057.626 0 0
2020-03-30 1086 2057.626 0 0
2020-03-31 1047 2125.241 67.615 3.182
2020-04-01 1045 2138.593 13.352 0.624
2020-04-02 1061 2082.518 -56.075 -2.693
2020-04-03 1073 2072.636 -9.882 -0.477
2020-04-04 1033 2113.489 40.853 1.933
2020-04-05 1033 2113.489 0 0
2020-04-06 1033 2113.489 0 0
2020-04-07 1041 2165.031 51.542 2.381
2020-04-08 1062 2175.641 10.61 0.488
2020-04-10 1036 2234.372 58.731 2.629
2020-04-11 1036 2234.372 0 0
2020-04-12 1036 2234.372 0 0
2020-04-13 1037 2234.372 0 0
2020-04-14 988 2347.461 113.089 4.818
2020-04-15 985 2346.778 -0.683 -0.029
2020-04-17 995 2333.525 -13.253 -0.568
2020-04-18 999 2333.432 -0.093 -0.004
2020-04-19 999 2333.432 0 0
2020-04-20 935 2483.231 149.799 6.032
2020-04-21 946 2442.758 -40.473 -1.657
2020-04-23 907 2554.513 111.755 4.375
2020-04-24 929 2492.469 -62.044 -2.489
2020-04-25 929 2492.037 -0.432 -0.017
2020-04-26 929 2492.037 0 0
2020-04-27 925 2510.761 18.724 0.746
2020-04-28 956 2454.681 -56.08 -2.285
2020-04-29 964 2454.559 -0.122 -0.005
2020-04-30 966 2455.238 0.679 0.028
