2019-11-07 1013 2461.314 0 0
2020-01-19 1035 2511.481 50.167 2.038
2020-02-07 1044 2460.963 -50.518 -2.011
2020-02-15 1044 2467.908 6.945 0.282
2020-02-16 1045 2467.908 0 0
2020-02-17 1043 2467.908 0 0
2020-02-18 1047 2467.908 0 0
2020-02-19 1054 2459.206 -8.702 -0.353
2020-02-20 1043 2463.109 3.903 0.159
2020-02-21 1044 2455.525 -7.584 -0.308
2020-02-22 1046 2447.362 -8.163 -0.332
2020-02-23 1045 2447.362 0 0
2020-02-24 1042 2447.362 0 0
2020-02-25 1040 2449.624 2.262 0.092
2020-02-26 1022 2455.175 5.551 0.227
2020-02-27 1013 2454.965 -0.21 -0.009
2020-02-28 995 2455.245 0.28 0.011
2020-02-29 992 2464.378 9.133 0.372
