2021-05-27 2144 1493.18 0 0
2021-05-28 2189 1454.577 -38.603 -2.585
2021-05-29 2189 1454.09 -0.487 -0.033
2021-05-30 2189 1454.09 0 0
2021-05-31 2182 1461.904 7.814 0.537
2021-06-01 2220 1434.554 -27.35 -1.871
2021-06-02 2210 1450.706 16.152 1.126
2021-06-03 2211 1444.75 -5.956 -0.411
2021-06-04 2221 1429.32 -15.43 -1.068
2021-06-05 2220 1429.559 0.239 0.017
2021-06-06 2220 1429.559 0 0
2021-06-07 2223 1433.469 3.91 0.274
2021-06-08 2225 1435.053 1.584 0.111
2021-06-09 2214 1442.684 7.631 0.532
2021-06-10 2218 1440.712 -1.972 -0.137
2021-06-11 2218 1440.6 -0.112 -0.008
2021-06-12 2216 1440.619 0.019 0.001
2021-06-13 2216 1440.619 0 0
2021-06-14 2214 1440.619 0 0
2021-06-16 2258 1389.515 -51.104 -3.547
2021-06-17 2257 1393.494 3.979 0.286
2021-06-18 2272 1369.681 -23.813 -1.709
2021-06-19 2272 1369.681 0 0
2021-06-20 2259 1369.805 0.124 0.009
2021-06-21 2278 1359.063 -10.742 -0.784
2021-06-22 2266 1373.463 14.4 1.06
2021-06-23 2276 1371.299 -2.164 -0.158
2021-06-24 2256 1390.967 19.668 1.434
2021-06-25 2252 1398.994 8.027 0.577
2021-06-26 2253 1399.408 0.414 0.03
2021-06-27 2253 1399.408 0 0
2021-06-28 2275 1381.826 -17.582 -1.256
2021-06-29 2274 1381.737 -0.089 -0.006
2021-06-30 2292 1365.775 -15.962 -1.155
