2026-03-10 2864 1318.33 0 0
2026-03-11 2868 1318.787 0.457 0.035
2026-03-12 2855 1318.927 0.14 0.011
2026-03-13 2848 1318.927 0 0
2026-03-14 2841 1318.997 0.07 0.005
2026-03-15 2841 1318.997 0 0
2026-03-16 2837 1318.997 0 0
2026-03-17 2839 1318.962 -0.035 -0.003
2026-03-18 2833 1318.962 0 0
2026-03-19 2824 1318.365 -0.597 -0.045
2026-03-20 2819 1318.295 -0.07 -0.005
2026-03-21 2819 1318.154 -0.141 -0.011
2026-03-22 2819 1318.154 0 0
2026-03-23 2803 1318.154 0 0
2026-03-24 2805 1318.365 0.211 0.016
2026-03-25 2814 1318.505 0.14 0.011
2026-03-27 2808 1318.505 0 0
2026-03-28 2792 1319.033 0.528 0.04
2026-03-29 2792 1319.033 0 0
2026-03-30 2796 1319.033 0 0
2026-03-31 2794 1318.892 -0.141 -0.011
2026-04-01 2819 1318.927 0 0
2026-04-02 2811 1318.927 0 0
2026-04-03 2808 1318.751 0 0
2026-04-04 2812 1318.505 0 0
2026-04-05 2812 1318.505 0 0
2026-04-06 2812 1318.505 0 0
2026-04-07 2812 1318.505 0 0
2026-04-08 2819 1318.154 0 0
2026-04-09 2840 1318.154 0 0
2026-04-10 2849 1318.892 0 0
2026-04-11 2844 1318.857 0 0
2026-04-12 2845 1318.927 0 0
2026-04-13 2846 1318.927 0 0
2026-04-14 2855 1318.927 0 0
2026-04-15 2867 1318.822 0 0
