2021-04-09 2588 1110.512 0 0
2021-04-10 2588 1107.286 -3.226 -0.29
2021-04-11 2589 1107.286 0 0
2021-04-12 2576 1103.161 -4.125 -0.373
2021-04-13 2541 1124.965 21.804 1.977
2021-04-14 2565 1115.9 -9.065 -0.806
2021-04-15 2524 1139.161 23.261 2.085
2021-04-16 2525 1139.161 0 0
2021-04-17 2531 1138.276 -0.885 -0.078
2021-04-18 2532 1138.276 0 0
2021-04-19 2573 1119.284 -18.992 -1.668
2021-04-20 2549 1132.156 12.872 1.15
2021-04-21 2590 1109.068 -23.088 -2.039
2021-04-22 2560 1132.542 23.474 2.117
2021-04-23 2546 1145.624 13.082 1.155
2021-04-24 2546 1145.624 0 0
2021-04-25 2550 1144.728 -0.896 -0.078
2021-04-26 2546 1149.508 4.78 0.418
2021-04-27 2575 1135.766 -13.742 -1.195
2021-04-28 2586 1129.478 -6.288 -0.554
2021-04-29 2579 1124.887 -4.591 -0.406
2021-04-30 2540 1152.337 27.45 2.44
2021-05-01 2542 1148.561 -3.776 -0.328
2021-05-02 2541 1148.561 0 0
2021-05-03 2542 1148.561 0 0
2021-05-04 2531 1152.547 3.986 0.347
2021-05-05 2536 1149.66 -2.887 -0.25
2021-05-06 2574 1121.12 -28.54 -2.482
2021-05-07 2560 1125.512 4.392 0.392
2021-05-08 2560 1130.771 5.259 0.467
2021-05-09 2560 1130.771 0 0
2021-05-10 2543 1136.124 5.353 0.473
2021-05-11 2591 1102.286 -33.838 -2.978
2021-05-12 2582 1109.575 7.289 0.661
2021-05-13 2588 1091.738 -17.837 -1.608
2021-05-14 2581 1106.747 15.009 1.375
2021-05-15 2580 1108.256 1.509 0.136
2021-05-16 2580 1108.256 0 0
2021-05-17 2584 1111.797 3.541 0.32
2021-05-18 2564 1129.707 17.91 1.611
2021-05-19 2531 1155.829 26.122 2.312
2021-05-20 2529 1163.168 7.339 0.635
2021-05-21 2508 1166.983 3.815 0.328
2021-05-22 2511 1165.758 -1.225 -0.105
2021-05-23 2511 1165.758 0 0
2021-05-24 2528 1163.387 -2.371 -0.203
2021-05-25 2509 1171.685 8.298 0.713
2021-05-26 2492 1194.642 22.957 1.959
2021-05-27 2488 1198.774 4.132 0.346
2021-05-28 2467 1210.052 11.278 0.941
2021-05-29 2469 1207.37 -2.682 -0.222
2021-05-30 2469 1207.37 0 0
2021-05-31 2512 1183.294 -24.076 -1.994
2021-06-01 2496 1192.689 9.395 0.794
2021-06-02 2461 1217.226 24.537 2.057
2021-06-03 2444 1231.936 14.71 1.208
2021-06-04 2451 1227.463 -4.473 -0.363
2021-06-05 2442 1234.824 7.361 0.6
2021-06-06 2442 1234.824 0 0
2021-06-07 2450 1231.876 -2.948 -0.239
2021-06-08 2451 1231.389 -0.487 -0.04
2021-06-09 2447 1234.542 3.153 0.256
2021-06-10 2442 1238.585 4.043 0.327
2021-06-11 2436 1243.832 5.247 0.424
2021-06-12 2435 1242.027 -1.805 -0.145
2021-06-13 2435 1242.027 0 0
2021-06-14 2438 1245.557 3.53 0.284
2021-06-16 2412 1256.62 11.063 0.888
2021-06-17 2424 1253.514 -3.106 -0.247
2021-06-18 2452 1219.292 -34.222 -2.73
2021-06-19 2452 1219.292 0 0
2021-06-20 2444 1219.127 -0.165 -0.014
2021-06-21 2492 1186.322 -32.805 -2.691
2021-06-22 2455 1218.45 32.128 2.708
2021-06-23 2471 1212.009 -6.441 -0.529
2021-06-24 2484 1205.419 -6.59 -0.544
2021-06-25 2456 1221.773 16.354 1.357
2021-06-26 2461 1222.596 0.823 0.067
2021-06-27 2461 1222.596 0 0
2021-06-28 2477 1208.021 -14.575 -1.192
2021-06-29 2480 1207.316 -0.705 -0.058
2021-06-30 2492 1195.764 -11.552 -0.957
