2020-01-19 321 6380.221 0 0
2020-02-07 333 6106.856 -273.365 -4.476
2020-02-15 338 6059.364 -47.492 -0.784
2020-02-16 338 6059.364 0 0
2020-02-17 339 6062.817 3.453 0.057
2020-02-18 339 6062.817 0 0
2020-02-19 243 7725.784 1662.967 21.525
2020-02-20 226 7966.129 240.345 3.017
2020-02-21 229 7884.269 -81.86 -1.038
2020-02-22 230 7838.377 -45.892 -0.585
2020-02-23 237 7717.118 -121.259 -1.571
2020-02-24 233 7717.118 0 0
2020-02-25 238 7570.939 -146.179 -1.931
2020-02-26 246 7356.973 -213.966 -2.908
2020-02-27 239 7433.489 76.516 1.029
2020-02-28 248 7100.707 -332.782 -4.687
2020-02-29 268 6669.302 -431.405 -6.469
2020-03-01 221 7695.077 1025.775 13.33
2020-03-02 224 7695.077 0 0
2020-03-03 223 7751.192 56.115 0.724
2020-03-04 210 8074.123 322.931 4
2020-03-05 213 8023.406 -50.717 -0.632
2020-03-06 215 7918.075 -105.331 -1.33
2020-03-07 209 8035.497 117.422 1.461
2020-03-08 220 7690.674 -344.823 -4.484
2020-03-09 216 7690.674 0 0
2020-03-10 237 7089.29 -601.384 -8.483
2020-03-11 233 7110.606 21.316 0.3
2020-03-12 237 6822.016 -288.59 -4.23
2020-03-13 279 6060.166 -761.85 -12.571
2020-03-14 282 6027.829 -32.337 -0.536
2020-03-15 282 6027.829 0 0
2020-03-16 274 6027.829 0 0
2020-03-17 294 5688.374 -339.455 -5.968
2020-03-18 298 5597.795 -90.579 -1.618
2020-03-19 352 4788.778 -809.017 -16.894
2020-03-20 331 5068.446 279.668 5.518
2020-03-21 330 5105.516 37.07 0.726
2020-03-22 330 5105.516 0 0
2020-03-23 321 5105.516 0 0
2020-03-24 324 5034.679 -70.837 -1.407
2020-03-25 282 5808.078 773.399 13.316
2020-03-26 271 6067.889 259.811 4.282
2020-03-27 272 6247.179 179.29 2.87
2020-03-28 291 5839.218 -407.961 -6.987
2020-03-29 291 5839.218 0 0
2020-03-30 291 5839.218 0 0
2020-03-31 291 5851.769 12.551 0.214
2020-04-01 285 6055.607 203.838 3.366
2020-04-02 282 5858.451 -197.156 -3.365
2020-04-03 276 5928.636 70.185 1.184
2020-04-04 274 5994.047 65.411 1.091
2020-04-05 274 5994.047 0 0
2020-04-06 274 5994.047 0 0
2020-04-07 267 6218.927 224.88 3.616
2020-04-08 270 6345.859 126.932 2
2020-04-10 248 6920.656 574.797 8.306
2020-04-11 248 6920.656 0 0
2020-04-12 248 6920.656 0 0
2020-04-13 246 6920.656 0 0
2020-04-14 265 6592.643 -328.013 -4.975
2020-04-15 256 6808.724 216.081 3.174
2020-04-17 279 6317.836 -490.888 -7.77
2020-04-18 278 6393.881 76.045 1.189
2020-04-19 278 6393.881 0 0
2020-04-20 278 6393.881 0 0
2020-04-21 272 6426.964 33.083 0.515
2020-04-23 283 6200.315 -226.649 -3.655
2020-04-24 275 6505.288 304.973 4.688
2020-04-25 275 6453.65 -51.638 -0.8
2020-04-26 275 6453.65 0 0
2020-04-27 276 6453.65 0 0
2020-04-28 280 6432.778 -20.872 -0.324
2020-04-29 281 6483.717 50.939 0.786
2020-04-30 270 6718.609 234.892 3.496
