2024-06-12 13 109575.364 0 0
2024-06-13 12 113392.528 3817.164 3.484
2024-06-14 12 115449.316 2056.788 1.814
2024-06-15 12 115449.316 0 0
2024-06-16 12 115449.316 0 0
2024-06-17 12 114669.675 -779.641 -0.675
2024-06-18 11 118654.504 3984.829 3.475
2024-06-19 11 118654.504 0 0
2024-06-20 13 114496.422 -4158.082 -3.504
2024-06-21 13 110849.437 -3646.985 -3.185
2024-06-22 13 110849.437 0 0
2024-06-23 13 110849.437 0 0
2024-06-24 15 103520.817 -7328.62 -6.611
2024-06-25 13 110433.629 6912.812 6.678
2024-06-26 13 110702.172 268.543 0.243
2024-06-27 13 108614.468 -2087.704 -1.886
2024-06-28 13 108224.647 -389.821 -0.359
2024-06-29 13 108224.647 0 0
2024-06-30 13 108224.647 0 0
