2019-11-07 1232 2035.437 0 0
2020-01-19 1280 2039.277 3.84 0.189
2020-02-07 1849 1296.072 -743.205 -36.445
2020-02-15 1865 1277.657 -18.415 -1.421
2020-02-16 1865 1277.657 0 0
2020-02-17 1865 1277.657 0 0
2020-02-18 1863 1277.657 0 0
2020-02-19 1861 1274.892 -2.765 -0.216
2020-02-20 1863 1271.314 -3.578 -0.281
2020-02-21 1856 1272.688 1.374 0.108
2020-02-22 1854 1278.351 5.663 0.445
2020-02-23 1851 1278.351 0 0
2020-02-24 1846 1278.351 0 0
2020-02-25 1836 1278.906 0.555 0.043
2020-02-26 1436 1765.537 486.631 38.051
2020-02-27 1421 1765.729 0.192 0.011
2020-02-28 1394 1785.322 19.593 1.11
2020-02-29 1387 1784.93 -0.392 -0.022
2020-03-01 1389 1784.93 0 0
2020-03-02 1394 1784.93 0 0
2020-03-03 1389 1808.771 23.841 1.336
2020-03-04 1386 1816.454 7.683 0.425
2020-03-05 1391 1810.383 -6.071 -0.334
2020-03-06 1378 1818.284 7.901 0.436
2020-03-07 1365 1838.027 19.743 1.086
2020-03-08 1744 1360.706 -477.321 -25.969
2020-03-09 1716 1360.706 0 0
2020-03-10 1688 1373.601 12.895 0.948
2020-03-11 1680 1364.719 -8.882 -0.647
2020-03-12 1652 1356.716 -8.003 -0.586
2020-03-13 1648 1333.112 -23.604 -1.74
2020-03-14 1656 1331.636 -1.476 -0.111
2020-03-15 1656 1331.636 0 0
2020-03-16 1618 1331.636 0 0
2020-03-17 1605 1339.942 8.306 0.624
2020-03-18 1600 1319.947 -19.995 -1.492
2020-03-19 1596 1303.217 -16.73 -1.267
2020-03-20 1614 1287.457 -15.76 -1.209
2020-03-21 1620 1285.943 -1.514 -0.118
2020-03-22 1621 1285.943 0 0
2020-03-23 1600 1285.943 0 0
2020-03-24 1576 1294.383 8.44 0.656
2020-03-25 1609 1298.856 4.473 0.346
2020-03-26 1630 1303.217 4.361 0.336
2020-03-27 1626 1326.204 22.987 1.764
2020-03-28 1618 1330.311 4.107 0.31
2020-03-29 1618 1330.311 0 0
2020-03-30 1618 1330.311 0 0
2020-03-31 1615 1326.789 -3.522 -0.265
