2019-11-07 1234 2033.47 0 0
2020-01-19 1285 2033.47 0 0
2020-02-07 1282 2033.47 0 0
2020-02-15 1283 2033.47 0 0
2020-02-16 1284 2033.47 0 0
2020-02-17 1285 2033.47 0 0
2020-02-18 1283 2033.47 0 0
2020-02-19 1285 2033.47 0 0
2020-02-20 1289 2033.47 0 0
2020-02-21 1281 2033.47 0 0
2020-02-22 1285 2033.47 0 0
2020-02-23 1284 2033.47 0 0
2020-02-24 1264 2033.47 0 0
2020-02-25 1262 2033.47 0 0
2020-02-26 1256 2033.47 0 0
2020-02-27 1241 2033.47 0 0
2020-02-28 1226 2033.47 0 0
2020-02-29 1232 2033.47 0 0
2020-03-01 1233 2033.47 0 0
2020-03-02 1240 2033.47 0 0
2020-03-03 1248 2033.47 0 0
2020-03-04 1255 2033.47 0 0
2020-03-05 1259 2033.47 0 0
2020-03-06 1241 2033.47 0 0
2020-03-07 1240 2033.47 0 0
2020-03-08 1241 2033.47 0 0
2020-03-09 1210 2033.47 0 0
2020-03-10 1198 2033.47 0 0
2020-03-11 1188 2033.47 0 0
2020-03-12 1157 2033.47 0 0
2020-03-13 1142 2033.47 0 0
2020-03-14 1145 2033.47 0 0
2020-03-15 1145 2033.47 0 0
2020-03-16 1104 2033.47 0 0
2020-03-17 1089 2033.47 0 0
2020-03-18 1069 2033.47 0 0
2020-03-19 1055 2033.47 0 0
2020-03-20 1062 2033.47 0 0
2020-03-21 1064 2033.47 0 0
2020-03-22 1064 2033.47 0 0
2020-03-23 1048 2033.47 0 0
2020-03-24 1041 2033.47 0 0
2020-03-25 1073 2033.47 0 0
2020-03-26 1094 2033.47 0 0
2020-03-27 1116 2033.47 0 0
2020-03-28 1100 2033.47 0 0
2020-03-29 1100 2033.47 0 0
2020-03-30 1100 2033.47 0 0
2020-03-31 1097 2033.47 0 0
