2020-01-19 525 4325.749 0 0
2020-02-07 537 4248.007 -77.742 -1.83
2020-02-15 541 4278.384 30.377 0.71
2020-02-16 541 4278.384 0 0
2020-02-17 546 4263.937 -14.447 -0.339
2020-02-18 548 4245.877 -18.06 -0.425
2020-02-19 546 4238.55 -7.327 -0.173
2020-02-20 546 4231.086 -7.464 -0.176
2020-02-21 544 4210.131 -20.955 -0.498
2020-02-22 550 4191.415 -18.716 -0.447
2020-02-23 550 4191.415 0 0
2020-02-24 546 4191.415 0 0
2020-02-25 541 4171.914 -19.501 -0.467
2020-02-26 533 4179.894 7.98 0.191
2020-02-27 523 4157.372 -22.522 -0.542
2020-02-28 506 4167.807 10.435 0.25
2020-02-29 504 4167.807 0 0
2020-03-01 505 4167.807 0 0
2020-03-02 518 4153.491 -14.316 -0.345
2020-03-03 517 4178.329 24.838 0.594
2020-03-04 519 4208.425 30.096 0.715
2020-03-05 516 4219.372 10.947 0.259
2020-03-06 505 4209.304 -10.068 -0.239
2020-03-07 507 4202.914 -6.39 -0.152
2020-03-08 508 4202.914 0 0
2020-03-09 504 4155.915 -46.999 -1.131
2020-03-10 503 4137.007 -18.908 -0.457
2020-03-11 493 4158.845 21.838 0.525
2020-03-12 484 4080.772 -78.073 -1.913
2020-03-13 466 4138.269 57.497 1.389
2020-03-14 468 4131.687 -6.582 -0.159
2020-03-15 468 4131.687 0 0
2020-03-16 479 4013.179 -118.508 -2.953
2020-03-17 479 3974.796 -38.383 -0.966
2020-03-18 479 3924.471 -50.325 -1.282
2020-03-19 491 3803.379 -121.092 -3.184
2020-03-20 484 3890.078 86.699 2.229
2020-03-21 478 3915.68 25.602 0.654
2020-03-22 478 3915.68 0 0
2020-03-23 479 3836.83 -78.85 -2.055
2020-03-24 475 3821.034 -15.796 -0.413
2020-03-25 468 3998.934 177.9 4.449
2020-03-26 458 4078.813 79.879 1.958
2020-03-27 472 4101.16 22.347 0.545
2020-03-28 463 4111.124 9.964 0.242
2020-03-29 463 4111.124 0 0
2020-03-30 463 4111.124 0 0
2020-03-31 469 4090.286 -20.838 -0.509
