2021-04-09 2344 1274.67 0 0
2021-04-10 2342 1273.761 -0.909 -0.071
2021-04-11 2343 1273.761 0 0
2021-04-12 2346 1259.22 -14.541 -1.142
2021-04-13 2309 1295.312 36.092 2.866
2021-04-14 2354 1272.501 -22.811 -1.761
2021-04-15 2352 1271.428 -1.073 -0.084
2021-04-16 2361 1266.504 -4.924 -0.387
2021-04-17 2362 1267.414 0.91 0.072
2021-04-18 2362 1267.414 0 0
2021-04-19 2424 1223.201 -44.213 -3.488
2021-04-20 2447 1207.63 -15.571 -1.273
2021-04-21 2480 1186.858 -20.772 -1.72
2021-04-22 2419 1232.143 45.285 3.816
2021-04-23 2456 1215.797 -16.346 -1.327
2021-04-24 2456 1215.797 0 0
2021-04-25 2454 1218.581 2.784 0.229
2021-04-26 2409 1250.16 31.579 2.591
2021-04-27 2397 1261.551 11.391 0.911
2021-04-28 2408 1251.636 -9.915 -0.786
2021-04-29 2382 1266.914 15.278 1.221
2021-04-30 2375 1277.834 10.92 0.862
2021-05-01 2379 1269.989 -7.845 -0.614
