2019-11-07 1948 1164.362 0 0
2020-01-19 2034 1136.748 -27.614 -2.372
2020-02-07 2041 1103.48 -33.268 -2.927
2020-02-15 2115 1044.537 -58.943 -5.342
2020-02-16 2116 1044.537 0 0
2020-02-17 2119 1042.726 -1.811 -0.173
2020-02-18 2138 1020.059 -22.667 -2.174
2020-02-19 2129 1035.878 15.819 1.551
2020-02-20 2136 1030.252 -5.626 -0.543
2020-02-21 2132 1028.994 -1.258 -0.122
2020-02-22 2133 1028.994 0 0
2020-02-23 2133 1028.994 0 0
2020-02-24 2125 1027.346 -1.648 -0.16
2020-02-25 2128 1011.611 -15.735 -1.532
2020-02-26  995.942 -15.669 -1.549
2021-01-08 2348 1010.668 14.726 1.479
2021-01-09 2347 1011.573 0.905 0.09
2021-01-10 2347 1011.573 0 0
2021-01-11 2344 1015.455 3.882 0.384
2021-01-12 2344 1018.584 3.129 0.308
2021-01-13 2336 1029.202 10.618 1.042
2021-01-14 2322 1054.016 24.814 2.411
2021-01-15 2338 1028.51 -25.506 -2.42
2021-01-16 2337 1028.168 -0.342 -0.033
2021-01-17 2337 1028.168 0 0
2021-01-18 2345 1012.247 -15.921 -1.548
2021-01-19 2335 1027.106 14.859 1.468
2021-01-20 2341 1021.057 -6.049 -0.589
2021-01-21 2352 1002.771 -18.286 -1.791
2021-01-22  997.029 -5.742 -0.573
2021-01-28 2340 1001.515 4.486 0.45
2021-01-30 2331 1027.624 26.109 2.607
2021-01-31 2331 1027.624 0 0
