2020-01-19 1620 1584.825 0 0
2020-02-07 1604 1582.155 -2.67 -0.169
2020-02-15 1621 1569.431 -12.724 -0.811
2020-02-16 1622 1569.431 0 0
2020-02-17 1621 1572.666 3.235 0.206
2020-02-18 1621 1570.046 -2.62 -0.167
2020-02-19 1608 1585.041 14.995 0.946
2020-02-20 1611 1583.414 -1.627 -0.103
2020-02-21 1607 1585.011 1.597 0.101
2020-02-22 1600 1586.621 1.61 0.101
2020-02-23 1599 1586.621 0 0
2020-02-24 1602 1577.313 -9.308 -0.59
2020-02-25 1599 1559.217 -18.096 -1.161
2020-02-26 1578 1572.364 13.147 0.836
2020-02-27 1592 1541.935 -30.429 -1.973
2020-02-28 1594 1516.156 -25.779 -1.7
2020-02-29 1595 1511.244 -4.912 -0.325
2020-03-01 1601 1511.244 0 0
2020-03-02 1609 1507.321 -3.923 -0.26
2020-03-03 1608 1522.232 14.911 0.98
2020-03-04 1615 1525.934 3.702 0.243
2020-03-05 1625 1503.305 -22.629 -1.505
2020-03-06 1615 1502.299 -1.006 -0.067
2020-03-07 1609 1500.911 -1.388 -0.092
2020-03-08 1606 1500.911 0 0
2020-03-09 1468 1651.31 150.399 9.108
2020-03-10 1448 1641.678 -9.632 -0.587
2020-03-11 1437 1640.609 -1.069 -0.065
2020-03-12 1440 1595.183 -45.426 -2.848
2020-03-13 1423 1591.611 -3.572 -0.224
2020-03-14 1425 1590.927 -0.684 -0.043
2020-03-15 1425 1590.927 0 0
2020-03-16 1390 1588.589 -2.338 -0.147
2020-03-17 1385 1583.722 -4.867 -0.307
2020-03-18 1374 1561.276 -22.446 -1.438
2020-03-19 1382 1537.65 -23.626 -1.537
2020-03-20 1377 1547.899 10.249 0.662
2020-03-21 1382 1549.503 1.604 0.104
2020-03-22 1382 1549.503 0 0
2020-03-23 1355 1549.375 -0.128 -0.008
2020-03-24 1353 1544.528 -4.847 -0.314
2020-03-25 1355 1597.596 53.068 3.322
2020-03-26 1359 1611.49 13.894 0.862
2020-03-27 1374 1619.348 7.858 0.485
2020-03-28 1376 1606.992 -12.356 -0.769
2020-03-29 1376 1606.992 0 0
2020-03-30 1376 1606.992 0 0
2020-03-31 1373 1604.058 -2.934 -0.183
2020-04-01 1382 1602.335 -1.723 -0.108
2020-04-02 1370 1593.406 -8.929 -0.56
2020-04-03 1375 1598.902 5.496 0.344
2020-04-04 1365 1600.574 1.672 0.104
2020-04-05 1365 1600.574 0 0
2020-04-06 1365 1600.574 0 0
2020-04-07 1377 1621.341 20.767 1.281
2020-04-08 1423 1630.382 9.041 0.555
2020-04-10 1430 1649.94 19.558 1.185
2020-04-11 1430 1649.94 0 0
2020-04-12 1430 1649.94 0 0
2020-04-13 1427 1646.978 -2.962 -0.18
2020-04-14 1428 1654.095 7.117 0.43
2020-04-15 1446 1629.835 -24.26 -1.488
2020-04-17 1439 1635.297 5.462 0.334
2020-04-18 1444 1636.774 1.477 0.09
2020-04-19 1444 1636.774 0 0
2020-04-20 1440 1642.187 5.413 0.33
2020-04-21 1443 1619.35 -22.837 -1.41
2020-04-23 1433 1639.664 20.314 1.239
2020-04-24 1432 1637.39 -2.274 -0.139
2020-04-25 1431 1636.159 -1.231 -0.075
2020-04-26 1432 1636.159 0 0
2020-04-27 1444 1641.475 5.316 0.324
2020-04-28 1446 1642.63 1.155 0.07
2020-04-29 1451 1659.946 17.316 1.043
2020-04-30 1467 1653.956 -5.99 -0.362
2020-05-01 1464 1648.439 -5.517 -0.335
2020-05-02 1464 1644.221 -4.218 -0.257
2020-05-03 1463 1644.221 0 0
2020-05-04 1453 1643.796 -0.425 -0.026
2020-05-05 1449 1646.776 2.98 0.181
2020-05-06 1452 1648.459 1.683 0.102
2020-05-07 1452 1657.901 9.442 0.57
2020-05-08 1458 1656.776 -1.125 -0.068
2020-05-09 1460 1661.85 5.074 0.305
2020-05-10 1460 1661.85 0 0
2020-05-11 1474 1653.541 -8.309 -0.502
2020-05-12 1458 1657.574 4.033 0.243
2020-05-13 1464 1651.678 -5.896 -0.357
2020-05-14 1462 1641.187 -10.491 -0.639
2020-05-15 1451 1650.893 9.706 0.588
2020-05-16 1454 1649.593 -1.3 -0.079
2020-05-17 1455 1649.593 0 0
2020-05-18 1455 1666.905 17.312 1.039
2020-05-19 1458 1673.602 6.697 0.4
2020-05-20 1460 1681.603 8.001 0.476
2020-05-21 1459 1680.937 -0.666 -0.04
2020-05-22 1456 1678.29 -2.647 -0.158
2020-05-23 1453 1675.984 -2.306 -0.138
2020-05-24 1453 1675.984 0 0
2020-05-25 1457 1678.088 2.104 0.125
2020-05-26 1468 1678.235 0.147 0.009
2020-05-27 1482 1674.793 -3.442 -0.206
2020-05-28 1470 1687.504 12.711 0.753
2020-05-29 1485 1685.392 -2.112 -0.125
2020-05-30 1486 1686.407 1.015 0.06
2020-05-31 1485 1686.407 0 0
