2020-01-19 2057 1118.255 0 0
2020-02-07 2054 1095.761 -22.494 -2.053
2020-02-15 2044 1098.854 3.093 0.281
2020-02-16 2046 1098.854 0 0
2020-02-17 2051 1098.854 0 0
2020-02-18 2048 1098.854 0 0
2020-02-19 2057 1094.979 -3.875 -0.354
2020-02-20 2056 1096.717 1.738 0.158
2020-02-21 2058 1093.34 -3.377 -0.309
2020-02-22 2059 1089.705 -3.635 -0.334
2020-02-23 2060 1089.705 0 0
2020-02-24 2053 1089.705 0 0
2020-02-25 2038 1090.713 1.008 0.092
2020-02-26 2031 1093.184 2.471 0.226
2020-02-27 2019 1093.091 -0.093 -0.009
2020-02-28 2009 1093.216 0.125 0.011
2020-02-29 1991 1097.282 4.066 0.371
2020-03-01 1987 1097.282 0 0
2020-03-02 1991 1097.282 0 0
2020-03-03 1992 1102.36 5.078 0.461
2020-03-04 2011 1098.712 -3.648 -0.332
2020-03-05 2004 1106.239 7.527 0.68
2020-03-06 1993 1104.869 -1.37 -0.124
2020-03-07 1997 1105.187 0.318 0.029
2020-03-08 1993 1105.187 0 0
2020-03-09 1962 1105.187 0 0
2020-03-10 1954 1103.454 -1.733 -0.157
2020-03-11 1942 1104.042 0.588 0.053
2020-03-12 1900 1103.613 -0.429 -0.039
2020-03-13 1891 1098.052 -5.561 -0.506
2020-03-14 1890 1096.874 -1.178 -0.107
2020-03-15 1890 1096.874 0 0
2020-03-16 1858 1096.874 0 0
2020-03-17 1849 1096.059 -0.815 -0.074
2020-03-18 1831 1093.933 -2.126 -0.194
2020-03-19 1820 1091.66 -2.273 -0.208
2020-03-20 1837 1081.653 -10.007 -0.925
2020-03-21 1837 1085.48 3.827 0.353
2020-03-22 1837 1085.48 0 0
2020-03-23 1811 1085.48 0 0
2020-03-24 1812 1077.459 -8.021 -0.744
2020-03-25 1841 1083.793 6.334 0.584
2020-03-26 1864 1080.251 -3.542 -0.328
2020-03-27 1878 1081.043 0.792 0.073
2020-03-28 1877 1081.76 0.717 0.066
2020-03-29 1877 1081.76 0 0
2020-03-30 1877 1081.76 0 0
2020-03-31 1870 1080.86 -0.9 -0.083
2020-04-01 1882 1081.333 0.473 0.044
2020-04-02 1856 1079.4 -1.933 -0.179
2020-04-03 1862 1080.586 1.186 0.11
2020-04-04 1854 1081.76 1.174 0.109
2020-04-05 1854 1081.76 0 0
2020-04-06 1854 1081.76 0 0
2020-04-07 1886 1081.76 0 0
2020-04-08 2029 1087.172 5.412 0.498
2020-04-10 2037 1086.618 -0.554 -0.051
2020-04-11 2037 1086.618 0 0
2020-04-12 2036 1086.618 0 0
2020-04-13 2038 1086.618 0 0
2020-04-14 2042 1088.206 1.588 0.146
2020-04-15 2042 1086.325 -1.881 -0.173
2020-04-17 2044 1084.314 -2.011 -0.185
2020-04-18 2045 1083.884 -0.43 -0.04
2020-04-19 2045 1083.884 0 0
2020-04-20 2048 1083.884 0 0
2020-04-21 2037 1084.084 0.2 0.018
2020-04-23 2041 1082.706 -1.378 -0.127
2020-04-24 2040 1083.578 0.872 0.08
2020-04-25 2039 1082.951 -0.627 -0.058
2020-04-26 2040 1082.951 0 0
2020-04-27 2043 1082.951 0 0
2020-04-28 2044 1082.783 -0.168 -0.016
2020-04-29 2055 1082.584 -0.199 -0.018
2020-04-30 2067 1084.13 1.546 0.143
