2024-02-15 2436 1077.865 0 0
2024-02-16 2441 1080.948 3.083 0.286
2024-02-17 2442 1082.204 1.256 0.116
2024-02-18 2443 1082.204 0 0
2024-02-19 2447 1080.871 -1.333 -0.123
2024-02-20 2445 1079.976 -0.895 -0.083
2024-02-21 2440 1079.55 -0.426 -0.039
2024-02-22 2445 1082.012 2.462 0.228
2024-02-23 2444 1086.774 4.762 0.44
2024-02-24 2445 1086.774 0 0
2024-02-25 2442 1086.774 0 0
2024-02-26 2445 1084.111 -2.663 -0.245
2024-02-27 2452 1081.556 -2.555 -0.236
2024-02-28 2444 1083.073 1.517 0.14
2024-02-29 2455 1078.526 -4.547 -0.42
2024-03-01 2459 1080.716 2.19 0.203
2024-03-02 2454 1084.526 3.81 0.353
2024-03-03 2455 1084.526 0 0
2024-03-04 2454 1087.272 2.746 0.253
2024-03-05 2448 1082.131 -5.141 -0.473
2024-03-06 2453 1084.058 1.927 0.178
2024-03-07 2448 1082.722 -1.336 -0.123
2024-03-08 2448 1083.547 0.825 0.076
2024-03-09 2448 1088.518 4.971 0.459
2024-03-10 2448 1088.518 0 0
2024-03-11 2456 1073.503 -15.015 -1.379
2024-03-12 2449 1080.088 6.585 0.613
2024-03-13 2453 1082.252 2.164 0.2
2024-03-14 2449 1072.681 -9.571 -0.884
2024-03-15 2453 1073.601 0.92 0.086
2024-03-16 2453 1071.387 -2.214 -0.206
2024-03-17 2453 1071.387 0 0
2024-03-18 2454 1069.793 -1.594 -0.149
2024-03-19 2458 1065.763 -4.03 -0.377
2024-03-20 2461 1060.839 -4.924 -0.462
2024-03-21 2462 1057.085 -3.754 -0.354
2024-03-22 2460 1054.985 -2.1 -0.199
2024-03-23 2464 1050.627 -4.358 -0.413
2024-03-24 2464 1050.627 0 0
2024-03-25 2469 1046.032 -4.595 -0.437
2024-03-26 2467 1046.527 0.495 0.047
2024-03-27 2455 1051.172 4.645 0.444
2024-03-28 2457 1053.323 2.151 0.205
2024-03-29 2457 1053.323 0 0
2024-03-30 2673 1053.323 0 0
2024-03-31 2673 1053.323 0 0
2024-04-01 2457 1056.872 3.549 0.337
