2020-01-19 199 8997.672 0 0
2020-02-07 194 8914.71 -82.962 -0.931
2020-02-15 215 8241.808 -672.902 -8.164
2020-02-16 214 8241.808 0 0
2020-02-17 217 8157.804 -84.004 -1.03
2020-02-18 216 8157.804 0 0
2020-02-19 214 8213.186 55.382 0.674
2020-02-20 211 8237.494 24.308 0.295
2020-02-21 212 8158.617 -78.877 -0.967
2020-02-22 211 8238 79.383 0.964
2020-02-23 211 8238 0 0
2020-02-24 210 8224.08 -13.92 -0.169
2020-02-25 217 7981.732 -242.348 -3.036
2020-02-26 218 7832.737 -148.995 -1.902
2020-02-27 212 7855.825 23.088 0.294
2020-02-28 210 7812.773 -43.052 -0.551
2020-02-29 225 7466.219 -346.554 -4.642
2020-03-01 226 7466.219 0 0
2020-03-02 229 7466.219 0 0
2020-03-03 219 7781.239 315.02 4.048
2020-03-04 218 7934.542 153.303 1.932
2020-03-05 210 8121.307 186.765 2.3
2020-03-06 207 8160.638 39.331 0.482
2020-03-07 210 8028.277 -132.361 -1.649
2020-03-08 210 8028.277 0 0
2020-03-09 206 8028.277 0 0
2020-03-10 208 7814.108 -214.169 -2.741
2020-03-11 212 7659.981 -154.127 -2.012
2020-03-12 206 7579.785 -80.196 -1.058
2020-03-13 235 6694.436 -885.349 -13.225
2020-03-14 240 6746.935 52.499 0.778
2020-03-15 240 6746.935 0 0
2020-03-16 233 6746.935 0 0
2020-03-17 225 6864.596 117.661 1.714
2020-03-18 218 6886.591 21.995 0.319
2020-03-19 232 6554.459 -332.132 -5.067
2020-03-20 197 7492.002 937.543 12.514
2020-03-21 206 7318.478 -173.524 -2.371
2020-03-22 206 7318.478 0 0
2020-03-23 202 7318.478 0 0
2020-03-24 210 7086.878 -231.6 -3.268
2020-03-25 207 7412.698 325.82 4.395
2020-03-26 202 7597.104 184.406 2.427
2020-03-27 188 8027.631 430.527 5.363
2020-03-28 184 8046.576 18.945 0.235
2020-03-29 184 8046.576 0 0
2020-03-30 184 8046.576 0 0
2020-03-31 175 8295.753 249.177 3.004
