2026-03-10 2449 1637.731 0 0
2026-03-11 2436 1650.981 13.25 0.809
2026-03-12 2467 1608.828 -42.153 -2.553
2026-03-13 2470 1599.931 -8.897 -0.553
2026-03-14 2477 1589.128 -10.803 -0.675
2026-03-15 2477 1589.128 0 0
2026-03-16 2475 1587.288 -1.84 -0.116
2026-03-17 2446 1616.03 28.742 1.811
2026-03-18 2396 1664.059 48.029 2.972
2026-03-19 2728 1388.47 -275.589 -16.561
2026-03-20 2717 1389.556 1.086 0.078
2026-03-21 2705 1393.245 3.689 0.265
2026-03-22 2705 1393.245 0 0
2026-03-23 2599 1450.808 57.563 4.132
2026-03-24 2591 1466.269 15.461 1.066
2026-03-25 2499 1560.224 93.955 6.408
2026-03-27 2584 1476.423 -83.801 -5.371
2026-03-28 2587 1469.109 -7.314 -0.495
2026-03-29 2587 1469.109 0 0
2026-03-30 2573 1487.639 18.53 1.261
2026-03-31 2588 1470.333 -17.306 -1.163
2026-04-01 2486 1566.573 0 0
2026-04-02 2482 1566.573 0 0
2026-04-03 2489 1569.195 0 0
2026-04-04 2498 1559.407 0 0
2026-04-05 2498 1559.407 0 0
2026-04-06 2496 1559.407 0 0
2026-04-07 2502 1559.407 0 0
2026-04-08 2516 1555.362 0 0
2026-04-09 2359 1705.734 0 0
2026-04-10 2410 1669.964 0 0
2026-04-11 2373 1703.368 0 0
2026-04-12 2371 1709.761 0 0
2026-04-13 2372 1709.761 0 0
2026-04-14 2392 1697.499 0 0
2026-04-15 2381 1717.518 0 0
2026-04-16 2359 1751.862 0 0
2026-04-17 2334 1767.287 0 0
2026-04-18 2202 1909.124 0 0
2026-04-19 2193 1915.89 0 0
2026-04-20 2193 1915.89 0 0
