2024-02-24 2534 1008 0 0
2024-02-25 2518 1021.635 13.635 1.353
2024-02-26 2285 1217.222 195.587 19.145
2024-02-27 2274 1224.264 7.042 0.579
2024-02-28 2212 1278.723 54.459 4.448
2024-02-29 2246 1245.973 -32.75 -2.561
2024-03-01 2247 1247.798 1.825 0.146
2024-03-02 2247 1247.798 0 0
2024-03-03 2248 1247.798 0 0
2024-03-04 2194 1299.077 51.279 4.11
2024-03-05 1975 1493.71 194.633 14.982
2024-03-06 1960 1505.578 11.868 0.795
2024-03-07 2051 1429.494 -76.084 -5.053
2024-03-08 2009 1483.275 53.781 3.762
2024-03-09 1996 1495.637 12.362 0.833
2024-03-10 1996 1495.637 0 0
2024-03-11 2090 1410.979 -84.658 -5.66
2024-03-12 1974 1527.799 116.82 8.279
2024-03-13 1914 1586.168 58.369 3.82
2024-03-14 1885 1625.356 39.188 2.471
2024-03-15 1894 1605.644 -19.712 -1.213
2024-03-16 1909 1590.137 -15.507 -0.966
2024-03-17 1909 1590.137 0 0
2024-03-18 1927 1570.698 -19.439 -1.222
2024-03-19 1885 1621.29 50.592 3.221
2024-03-20 1981 1514.068 -107.222 -6.613
2024-03-21 1979 1519.983 5.915 0.391
2024-03-22 1903 1595.905 75.922 4.995
2024-03-23 1917 1577.005 -18.9 -1.184
2024-03-24 1917 1577.005 0 0
2024-03-25 1850 1650.443 73.438 4.657
2024-03-26 1815 1691.959 41.516 2.515
2024-03-27 1970 1510.714 -181.245 -10.712
2024-03-28 1899 1591.692 80.978 5.36
2024-03-29 1969 1517.029 -74.663 -4.691
2024-03-30 2076 1517.029 0 0
2024-03-31 2076 1517.029 0 0
2024-04-01 2064 1431.572 -85.457 -5.633
