2019-11-07 411 5031.663 0 0
2020-01-19 369 5695 663.337 13.183
2020-02-07 331 6127.425 432.425 7.593
2020-02-15 343 5977.975 -149.45 -2.439
2020-02-16 343 5977.975 0 0
2020-02-17 343 5977.975 0 0
2020-02-18 316 6326.488 348.513 5.83
2020-02-19 272 7090.275 763.787 12.073
2020-02-20 264 7214.613 124.338 1.754
2020-02-21 261 7293.013 78.4 1.087
2020-02-22 261 7293.013 0 0
2020-02-23 261 7293.013 0 0
2020-02-24 264 7109.875 -183.138 -2.511
2020-02-25 266 6922.45 -187.425 -2.636
2020-02-26 274 6770.55 -151.9 -2.194
2020-02-27 333 5987.163 -783.387 -11.571
2020-02-28 347 5628.238 -358.925 -5.995
2020-02-29 348 5628.238 0 0
2020-03-01 350 5628.238 0 0
2020-03-02 354 5594.55 -33.688 -0.599
2020-03-03 370 5453.063 -141.487 -2.529
2020-03-04 358 5600.063 147 2.696
2020-03-05 401 5116.188 -483.875 -8.641
2020-03-06 458 4593.725 -522.463 -10.212
2020-03-07 463 4593.725 0 0
2020-03-08 463 4593.725 0 0
2020-03-09 517 4114.138 -479.587 -10.44
2020-03-10 474 4394.663 280.525 6.819
2020-03-11 517 4016.138 -378.525 -8.613
2020-03-12 661 3314.213 -701.925 -17.478
2020-03-13 554 3668.85 354.637 10.7
2020-03-14 557 3668.85 0 0
2020-03-15 557 3668.85 0 0
2020-03-16 735 2949.775 -719.075 -19.599
2020-03-17 698 3037.363 87.588 2.969
2020-03-18 894 2381.988 -655.375 -21.577
2020-03-19 881 2388.113 6.125 0.257
2020-03-20 907 2347.688 -40.425 -1.693
2020-03-21 904 2347.688 0 0
2020-03-22 904 2347.688 0 0
2020-03-23 759 2742.75 395.062 16.828
2020-03-24 755 2742.75 0 0
2020-03-25 519 3686.613 943.863 34.413
2020-03-26 419 4378.738 692.125 18.774
2020-03-27 489 4013.688 -365.05 -8.337
2020-03-28 571 3553.7 -459.988 -11.46
2020-03-29 571 3553.7 0 0
2020-03-30 571 3553.7 0 0
2020-03-31 520 3758.275 204.575 5.757
