2021-04-09 1710 1887.896 0 0
2021-04-10 1710 1887.824 -0.072 -0.004
2021-04-11 1710 1887.824 0 0
2021-04-12 1718 1860.331 -27.493 -1.456
2021-04-13 1715 1863.386 3.055 0.164
2021-04-14 1668 1925.495 62.109 3.333
2021-04-15 1668 1936.184 10.689 0.555
2021-04-16 1642 1976.252 40.068 2.069
2021-04-17 1644 1975.439 -0.813 -0.041
2021-04-18 1643 1975.439 0 0
2021-04-19 1659 1960.149 -15.29 -0.774
2021-04-20 1662 1945.986 -14.163 -0.723
2021-04-21 1684 1928.547 -17.439 -0.896
2021-04-22 1687 1928.149 -0.398 -0.021
2021-04-23 1707 1913.808 -14.341 -0.744
2021-04-24 1707 1913.808 0 0
2021-04-25 1706 1913.635 -0.173 -0.009
2021-04-26 1709 1913.635 0 0
2021-04-27 1694 1923.019 9.384 0.49
2021-04-28 1720 1904.057 -18.962 -0.986
2021-04-29 1698 1934.445 30.388 1.596
2021-04-30 1679 1952.634 18.189 0.94
2021-05-01 1677 1951.754 -0.88 -0.045
2021-05-02 1676 1951.754 0 0
2021-05-03 1721 1887.511 -64.243 -3.292
2021-05-04 1696 1912.083 24.572 1.302
2021-05-05 1709 1899.503 -12.58 -0.658
2021-05-06 1703 1905.204 5.701 0.3
2021-05-07 1702 1911.64 6.436 0.338
2021-05-08 1707 1912.034 0.394 0.021
2021-05-09 1707 1912.034 0 0
2021-05-10 1714 1902.856 -9.178 -0.48
2021-05-11 1727 1881.756 -21.1 -1.109
2021-05-12 1758 1832.281 -49.475 -2.629
2021-05-13 1706 1884.646 52.365 2.858
2021-05-14 1705 1896.322 11.676 0.62
2021-05-15 1707 1896.786 0.464 0.024
2021-05-16 1707 1896.786 0 0
2021-05-17 1700 1912.083 15.297 0.806
2021-05-18 1715 1902.856 -9.227 -0.483
2021-05-19 1714 1903.125 0.269 0.014
2021-05-20 1710 1912.551 9.426 0.495
2021-05-21 1735 1885.277 -27.274 -1.426
2021-05-22 1738 1884.913 -0.364 -0.019
2021-05-23 1738 1884.913 0 0
2021-05-24 1818 1805.355 -79.558 -4.221
2021-05-25 1829 1799.235 -6.12 -0.339
2021-05-26 1843 1781.495 -17.74 -0.986
2021-05-27 1851 1775.556 -5.939 -0.333
2021-05-28 1835 1800.626 25.07 1.412
2021-05-29 1838 1800.023 -0.603 -0.033
2021-05-30 1838 1800.023 0 0
2021-05-31 1838 1806.146 6.123 0.34
2021-06-01 1836 1818.391 12.245 0.678
2021-06-02 1858 1791.486 -26.905 -1.48
2021-06-03 1921 1720.94 -70.546 -3.938
2021-06-04 1839 1803.875 82.935 4.819
2021-06-05 1841 1804.177 0.302 0.017
2021-06-06 1841 1804.177 0 0
2021-06-07 1855 1791.925 -12.252 -0.679
2021-06-08 1836 1822.086 30.161 1.683
2021-06-09 1805 1843.285 21.199 1.163
2021-06-10 1814 1837.137 -6.148 -0.334
2021-06-11 1819 1833.933 -3.204 -0.174
2021-06-12 1818 1833.957 0.024 0.001
2021-06-13 1818 1833.957 0 0
2021-06-14 1821 1833.957 0 0
2021-06-16 1779 1861.105 27.148 1.48
2021-06-17 1743 1916.302 55.197 2.966
2021-06-18 1745 1903.542 -12.76 -0.666
2021-06-19 1745 1903.542 0 0
2021-06-20 1742 1903.714 0.172 0.009
2021-06-21 1785 1848.622 -55.092 -2.894
2021-06-22 1875 1741.186 -107.436 -5.812
2021-06-23 1857 1771.513 30.327 1.742
2021-06-24 1885 1741.096 -30.417 -1.717
2021-06-25 1900 1726.064 -15.032 -0.863
2021-06-26 1906 1726.575 0.511 0.03
2021-06-27 1906 1726.575 0 0
2021-06-28 1935 1711.269 -15.306 -0.886
2021-06-29 1932 1711.158 -0.111 -0.006
2021-06-30 1888 1735.222 24.064 1.406
