2020-02-07 2137 1026.052 0 0
2020-02-15 2156 1005.553 -20.499 -2.039
2020-02-16 2157 1005.553 0 0
2020-02-17 2158 1000.44 -5.113 -0.511
2020-02-18 2167 991.236 -9.204 -0.929
2020-03-06 2118 992.592 1.356 0.137
2020-03-07 2109 1005.077 12.485 1.242
2020-03-08 2106 1005.077 0 0
2020-03-09 2106 982.702 -22.375 -2.277
2020-03-10 2064 1016.102 33.4 3.287
2020-03-11 2069 995.645 -20.457 -2.055
2020-05-16 2159 1001.362 5.717 0.571
2020-05-17 2159 1001.362 0 0
2020-05-18 2169 998.224 -3.138 -0.314
2020-05-28 2195 999.563 1.339 0.134
2020-05-29 2196 993.17 -6.393 -0.644
2020-06-02 2193 1008.427 15.257 1.513
2020-06-11 2225 1001.922 -6.505 -0.649
2020-06-12 2231 997.035 -4.887 -0.49
2020-06-19 2213 1011.636 14.601 1.443
2020-06-20 2214 1009.697 -1.939 -0.192
2020-06-21 2214 1009.697 0 0
2020-06-22 2211 1012.845 3.148 0.311
2020-06-23 2189 1033.554 20.709 2.004
2020-06-24 2189 1033.554 0 0
2020-06-25 2155 1052.355 18.801 1.787
2020-06-26 2156 1049.606 -2.749 -0.262
2020-06-27 2158 1048.14 -1.466 -0.14
2020-06-28 2158 1048.14 0 0
2020-06-29 2188 1024.088 -24.052 -2.349
2020-06-30 2205 1013.181 -10.907 -1.077
2020-07-01 2217 1003.262 -9.919 -0.989
2020-07-07 2206 1021.988 18.726 1.832
2020-07-08 2221 1016.775 -5.213 -0.513
2020-07-09 2221 1017.106 0.331 0.033
2020-07-10 2217 1021.427 4.321 0.423
2020-07-11 2214 1026.498 5.071 0.494
2020-07-12 2214 1026.498 0 0
2020-07-13 2202 1035.96 9.462 0.913
2020-07-14 2219 1019.429 -16.531 -1.622
2020-07-15 2218 1021.712 2.283 0.223
2020-07-16 2223 1011.248 -10.464 -1.035
2020-07-17 2229 1006.235 -5.013 -0.498
2020-07-18 2229 1006.235 0 0
2020-07-20 2222 1012.286 6.051 0.598
2020-07-21 2243 997.62 -14.666 -1.47
2020-07-23 2238 1006.625 9.005 0.895
2020-07-24 2226 1008.46 1.835 0.182
2020-07-25 2216 1019.32 10.86 1.065
2020-07-26 2210 1019.32 0 0
2020-07-27 2205 1021.441 2.121 0.208
2020-07-28 2198 1030.473 9.032 0.876
2020-07-29 2211 1017.173 -13.3 -1.308
2020-07-30 2218 1015.915 -1.258 -0.124
2020-07-31 2220 1009.507 -6.408 -0.635
