2026-03-10 2196 1889.636 0 0
2026-03-11 2188 1898.439 8.803 0.466
2026-03-12 2189 1885.265 -13.174 -0.694
2026-03-13 2184 1878.097 -7.168 -0.38
2026-03-14 2189 1865.415 -12.682 -0.675
2026-03-15 2189 1865.415 0 0
2026-03-16 2192 1865.415 0 0
2026-03-17 2188 1872.057 6.642 0.356
2026-03-18 2194 1872.057 0 0
2026-03-19 2175 1876.583 4.526 0.242
2026-03-20 2172 1876.799 0.216 0.012
2026-03-21 2169 1881.782 4.983 0.266
2026-03-22 2169 1881.782 0 0
2026-03-23 2155 1881.782 0 0
2026-03-24 2156 1888.541 6.759 0.359
2026-03-25 2162 1887.229 -1.312 -0.069
2026-03-27 2156 1887.229 0 0
2026-03-28 2157 1877.88 -9.349 -0.495
2026-03-29 2157 1877.88 0 0
2026-03-30 2155 1877.88 0 0
2026-03-31 2169 1868.837 -9.043 -0.482
2026-04-01 2165 1878.097 0 0
2026-04-02 2160 1878.097 0 0
2026-04-03 2144 1894.688 0 0
2026-04-04 2150 1882.869 0 0
2026-04-05 2150 1882.869 0 0
2026-04-06 2151 1882.869 0 0
2026-04-07 2152 1882.869 0 0
2026-04-08 2173 1881.348 0 0
2026-04-09 2178 1881.348 0 0
2026-04-10 2161 1906.21 0 0
2026-04-11 2163 1904.651 0 0
2026-04-12 2163 1911.799 0 0
2026-04-13 2161 1911.799 0 0
2026-04-14 2166 1911.799 0 0
2026-04-15 2175 1908.889 0 0
2026-04-16 2173 1924.894 0 0
2026-04-17 2176 1923.077 0 0
