2019-11-07 432 4900 0 0
2020-01-19 443 4900 0 0
2020-02-07 364 5695.566 795.566 16.236
2020-02-15 372 5614.642 -80.924 -1.421
2020-02-16 372 5614.642 0 0
2020-02-17 374 5614.642 0 0
2020-02-18 373 5614.642 0 0
2020-02-19 376 5602.489 -12.153 -0.216
2020-02-20 378 5586.769 -15.72 -0.281
2020-02-21 374 5592.805 6.036 0.108
2020-02-22 371 5617.689 24.884 0.445
2020-02-23 371 5617.689 0 0
2020-02-24 370 5617.689 0 0
2020-02-25 359 5620.128 2.439 0.043
2020-02-26 353 5624.402 4.274 0.076
2020-02-27 350 5625.014 0.612 0.011
2020-02-28 345 5687.431 62.417 1.11
2020-02-29 342 5686.182 -1.249 -0.022
2020-03-01 344 5686.182 0 0
2020-03-02 346 5686.182 0 0
2020-03-03 344 5762.133 75.951 1.336
2020-03-04 340 5786.609 24.476 0.425
2020-03-05 348 5767.268 -19.341 -0.334
2020-03-06 341 5792.436 25.168 0.436
2020-03-07 336 5855.333 62.897 1.086
2020-03-08 336 5855.333 0 0
2020-03-09 321 5855.333 0 0
2020-03-10 315 5910.824 55.491 0.948
2020-03-11 315 5872.604 -38.22 -0.647
2020-03-12 300 5838.164 -34.44 -0.586
2020-03-13 309 5736.591 -101.573 -1.74
2020-03-14 311 5730.241 -6.35 -0.111
2020-03-15 311 5730.241 0 0
2020-03-16 294 5730.241 0 0
2020-03-17 287 5765.984 35.743 0.624
2020-03-18 290 5679.943 -86.041 -1.492
2020-03-19 287 5607.951 -71.992 -1.267
2020-03-20 296 5540.133 -67.818 -1.209
2020-03-21 297 5533.618 -6.515 -0.118
2020-03-22 297 5533.618 0 0
2020-03-23 289 5533.618 0 0
2020-03-24 281 5569.938 36.32 0.656
2020-03-25 378 4723.278 -846.66 -15.201
2020-03-26 379 4739.14 15.862 0.336
2020-03-27 381 4822.732 83.592 1.764
2020-03-28 374 4837.664 14.932 0.31
2020-03-29 374 4837.664 0 0
2020-03-30 374 4837.664 0 0
2020-03-31 379 4824.859 -12.805 -0.265
