2021-04-09 1983 1581.809 0 0
2021-04-10 1980 1581.809 0 0
2021-04-11 1981 1581.809 0 0
2021-04-12 1977 1581.809 0 0
2021-04-13 1977 1581.809 0 0
2021-04-14 1979 1581.809 0 0
2021-04-15 1986 1581.809 0 0
2021-04-16 1998 1581.809 0 0
2021-04-17 1999 1581.809 0 0
2021-04-18 1999 1581.809 0 0
2021-04-19 2002 1581.809 0 0
2021-04-20 2000 1581.809 0 0
2021-04-21 2004 1581.809 0 0
2021-04-22 2007 1581.809 0 0
2021-04-23 2012 1581.809 0 0
2021-04-24 2012 1581.809 0 0
2021-04-25 2011 1581.809 0 0
2021-04-26 2012 1581.809 0 0
2021-04-27 2015 1581.809 0 0
2021-04-28 2017 1581.809 0 0
2021-04-29 2014 1581.809 0 0
2021-04-30 2015 1581.809 0 0
2021-05-01 2004 1581.809 0 0
2021-05-02 2003 1581.809 0 0
2021-05-03 2008 1581.809 0 0
2021-05-04 2011 1581.809 0 0
2021-05-05 2013 1581.809 0 0
2021-05-06 2006 1581.809 0 0
2021-05-07 2001 1581.809 0 0
2021-05-08 2006 1581.809 0 0
2021-05-09 2006 1581.809 0 0
2021-05-10 2004 1581.809 0 0
2021-05-11 2003 1581.809 0 0
2021-05-12 1995 1581.809 0 0
2021-05-13 1978 1581.809 0 0
2021-05-14 1993 1581.809 0 0
2021-05-15 2001 1581.809 0 0
2021-05-16 2001 1581.809 0 0
2021-05-17 2007 1581.809 0 0
2021-05-18 2012 1581.809 0 0
2021-05-19 2018 1581.809 0 0
2021-05-20 2022 1581.809 0 0
2021-05-21 2021 1581.809 0 0
2021-05-22 2022 1581.809 0 0
2021-05-24 2029 1581.809 0 0
2021-10-06 1691 1922 340.191 17.7
2021-10-07 1700 1922 0 0
2021-10-08 1704 1922 0 0
2021-10-09 1704 1922 0 0
2021-10-10 1704 1922 0 0
2021-10-11 1707 1922 0 0
2021-10-12 1706 1922 0 0
2021-10-13 1707 1922 0 0
2021-10-14 1712 1922 0 0
2021-10-15 1725 1922 0 0
2021-10-16 1723 1922 0 0
2021-10-17 1722 1922 0 0
2021-10-18 1718 1922 0 0
2021-10-19 1724 1922 0 0
2021-10-20 1727 1922 0 0
2021-10-21 1726 1922 0 0
2021-10-22 1724 1922 0 0
2021-10-23 1725 1922 0 0
2021-10-25 1721 1922 0 0
2021-10-26 1723 1922 0 0
2021-10-27 1713 1922 0 0
2021-10-28 1711 1922 0 0
2021-10-29 1712 1922 0 0
2021-10-30 1708 1922 0 0
2021-10-31 1708 1922 0 0
2021-11-01 1711 1922 0 0
2021-11-02 1711 1922 0 0
2021-11-03 1711 1922 0 0
2021-11-04 1720 1922 0 0
2021-11-05 1719 1922 0 0
2021-11-06 1719 1922 0 0
2021-11-07 1719 1922 0 0
2021-11-08 1712 1922 0 0
2021-11-09 1719 1922 0 0
2021-11-10 1716 1922 0 0
2021-11-11 1725 1922 0 0
2021-11-12 1729 1922 0 0
2021-11-13 1730 1922 0 0
2021-11-14 1730 1922 0 0
2021-11-15 1733 1922 0 0
2021-11-16 1733 1922 0 0
2021-11-17 1728 1922 0 0
2021-11-18 1729 1922 0 0
2021-11-19 1723 1922 0 0
2021-11-20 1721 1922 0 0
2021-11-21 1721 1922 0 0
2021-11-22 1714 1922 0 0
2021-11-23 1707 1922 0 0
2021-11-24 1704 1922 0 0
2021-11-25 1699 1922 0 0
2021-11-26 1689 1922 0 0
2021-11-27 1688 1922 0 0
2021-11-28 1688 1922 0 0
2021-11-29 1692 1922 0 0
2021-11-30 1676 1922 0 0
