2022-09-28 1476 1900 0 0
2022-09-29 1474 1900 0 0
2022-09-30 1469 1900 0 0
2022-10-01 1469 1900 0 0
2022-10-02 1467 1900 0 0
2022-10-03 1476 1900 0 0
2022-10-04 1491 1900 0 0
2022-10-05 1497 1900 0 0
2022-10-06 1497 1900 0 0
2022-10-07 1490 1900 0 0
2022-10-08 1488 1900 0 0
2022-10-09 1487 1900 0 0
2022-10-10 1474 1900 0 0
2022-10-11 1457 1900 0 0
2022-10-12 1469 1900 0 0
2022-10-13 1471 1900 0 0
2022-10-14 1464 1900 0 0
2022-10-15 1465 1900 0 0
2022-10-16 1464 1900 0 0
2022-10-17 1471 1900 0 0
2022-10-18 1483 1900 0 0
2022-10-19 1475 1900 0 0
2022-10-20 1465 1900 0 0
2022-10-21 1467 1900 0 0
2022-10-22 1470 1900 0 0
2022-10-23 1469 1900 0 0
2022-10-24 1463 1900 0 0
2022-10-25 1460 1900 0 0
2022-10-26 1474 1900 0 0
2022-10-27 1486 1900 0 0
2022-10-28 1481 1900 0 0
2022-10-29 1474 1900 0 0
2022-10-30 1475 1900 0 0
2022-10-31 1480 1900 0 0
2022-11-01 1482 1900 0 0
2022-11-02 1479 1900 0 0
2022-11-03 1478 1900 0 0
2022-11-04 1480 1900 0 0
2022-11-05 1488 1900 0 0
2022-11-06 1488 1900 0 0
2022-11-07 1487 1900 0 0
2022-11-08 1500 1900 0 0
2022-11-09 1495 1900 0 0
2022-11-10 1494 1900 0 0
2022-11-11 1523 1900 0 0
2022-11-12 1540 1900 0 0
2022-11-13 1540 1900 0 0
2022-11-14 1538 1900 0 0
2022-11-15 1549 1900 0 0
2022-11-16 1546 1900 0 0
2022-11-17 1537 1900 0 0
2022-11-18 1532 1900 0 0
2022-11-19 1532 1900 0 0
2022-11-20 1532 1900 0 0
2022-11-21 1531 1900 0 0
2022-11-22 1526 1900 0 0
2022-11-23 1522 1900 0 0
2022-11-24 1524 1900 0 0
2022-11-25 1520 1900 0 0
2022-11-26 1520 1900 0 0
2022-11-27 1525 1900 0 0
2022-11-28 1519 1900 0 0
2022-11-29 1523 1900 0 0
2022-11-30 1535 1900 0 0
