2019-11-07 1911 1200 0 0
2020-01-19 1966 1200 0 0
2020-02-07 1934 1200 0 0
2020-02-15 1950 1200 0 0
2020-02-16 1952 1200 0 0
2020-02-17 1953 1200 0 0
2020-02-18 1954 1200 0 0
2020-02-19 1949 1200 0 0
2020-02-20 1953 1200 0 0
2020-02-21 1943 1200 0 0
2020-02-22 1942 1200 0 0
2020-02-23 1940 1200 0 0
2020-02-24 1924 1200 0 0
2020-02-25 1915 1200 0 0
2020-02-26 1910 1200 0 0
2020-02-27 1901 1200 0 0
2020-02-28 1889 1200 0 0
2020-02-29 1872 1200 0 0
2020-03-01 1875 1200 0 0
2020-03-02 1887 1200 0 0
2020-03-03 1890 1200 0 0
2020-03-04 1899 1200 0 0
2020-03-05 1897 1200 0 0
2020-03-06 1884 1200 0 0
2020-03-07 1887 1200 0 0
2020-03-08 1883 1200 0 0
2020-03-09 1857 1200 0 0
2020-03-10 1848 1200 0 0
2020-03-11 1836 1200 0 0
2020-03-12 1797 1200 0 0
2020-03-13 1776 1200 0 0
2020-03-14 1779 1200 0 0
2020-03-15 1779 1200 0 0
2020-03-16 1746 1200 0 0
2020-03-17 1734 1200 0 0
2020-03-18 1702 1200 0 0
2020-03-19 1687 1200 0 0
2020-03-20 1687 1200 0 0
2020-03-21 1694 1200 0 0
2020-03-22 1694 1200 0 0
2020-03-23 1676 1200 0 0
2020-03-24 1670 1200 0 0
2020-03-25 1717 1200 0 0
2020-03-26 1730 1200 0 0
2020-03-27 1752 1200 0 0
2020-03-28 1746 1200 0 0
2020-03-29 1746 1200 0 0
2020-03-30 1746 1200 0 0
2020-03-31 1738 1200 0 0
