2019-11-07 1430 1745.1 0 0
2020-01-19 1369 1907.947 162.847 9.332
2020-02-07 1438 1783.225 -124.722 -6.537
2020-02-15 1479 1733.562 -49.663 -2.785
2020-02-16 1479 1733.562 0 0
2020-02-17 1494 1719.681 -13.881 -0.801
2020-02-18 1493 1719.681 0 0
2020-02-19 1485 1730.507 10.826 0.63
2020-02-20 1474 1739.681 9.174 0.53
2020-02-21 1475 1733.67 -6.011 -0.346
2020-02-22 1477 1735.297 1.627 0.094
2020-02-23 1478 1735.297 0 0
2020-02-24 1466 1735.297 0 0
2020-02-25 1542 1628.499 -106.798 -6.154
2020-02-26 1587 1566.926 -61.573 -3.781
2020-02-27 1587 1545.897 -21.029 -1.342
2020-02-28 1603 1510.052 -35.845 -2.319
2020-02-29 1628 1475.283 -34.769 -2.303
