2019-11-07 318 6154.795 0 0
2020-01-19 395 5454.878 -699.917 -11.372
2020-02-07 408 5158.38 -296.498 -5.435
2020-02-15 399 5328.822 170.442 3.304
2020-02-16 399 5328.822 0 0
2020-02-17 389 5450.609 121.787 2.285
2020-02-18 389 5465.188 14.579 0.267
2020-02-19 386 5506.54 41.352 0.757
2020-02-20 387 5479.317 -27.223 -0.494
2020-02-21 369 5610.262 130.945 2.39
2020-02-22 369 5629.464 19.202 0.342
2020-02-23 369 5629.464 0 0
2020-02-24 369 5629.464 0 0
2020-02-25 356 5648.026 18.562 0.33
2020-02-26 343 5787.392 139.366 2.468
2020-02-27 356 5561.061 -226.331 -3.911
2020-02-28 368 5381.079 -179.982 -3.236
2020-02-29 355 5486.449 105.37 1.958
2020-03-01 357 5486.449 0 0
2020-03-02 370 5426.806 -59.643 -1.087
2020-03-03 376 5403.921 -22.885 -0.422
2020-03-04 375 5462.265 58.344 1.08
2020-03-05 362 5615.462 153.197 2.805
2020-03-06 372 5371.76 -243.702 -4.34
2020-03-07 365 5438.916 67.156 1.25
2020-03-08 366 5438.916 0 0
2020-03-09 399 4991.512 -447.404 -8.226
2020-03-10 376 5116.705 125.193 2.508
2020-03-11 388 4975.05 -141.655 -2.768
2020-03-12 411 4708.817 -266.233 -5.351
2020-03-13 431 4428.504 -280.313 -5.953
2020-03-14 445 4367.79 -60.714 -1.371
2020-03-15 445 4367.79 0 0
2020-03-16 439 4367.933 0.143 0.003
2020-03-17 410 4485.632 117.699 2.695
2020-03-18 391 4543.464 57.832 1.289
2020-03-19 393 4463.19 -80.274 -1.767
2020-03-20 409 4399.785 -63.405 -1.421
2020-03-21 417 4349.577 -50.208 -1.141
2020-03-22 417 4349.577 0 0
2020-03-23 391 4474.709 125.132 2.877
2020-03-24 389 4474.111 -0.598 -0.013
2020-03-25 376 4728.324 254.213 5.682
2020-03-26 362 4961.071 232.747 4.922
2020-03-27 360 5010.04 48.969 0.987
2020-03-28 355 5004.951 -5.089 -0.102
2020-03-29 355 5004.951 0 0
2020-03-30 355 5004.951 0 0
2020-03-31 347 5083.966 79.015 1.579
2020-04-01 354 5070.236 -13.73 -0.27
2020-04-02 367 4929.836 -140.4 -2.769
2020-04-03 370 4836.162 -93.674 -1.9
2020-04-04 377 4738.66 -97.502 -2.016
2020-04-05 377 4738.66 0 0
2020-04-06 377 4738.66 0 0
2020-04-07 344 5192.58 453.92 9.579
2020-04-08 351 5243.192 50.612 0.975
2020-04-09 350 5348.684 105.492 2.012
2020-04-10 343 5409.822 61.138 1.143
2020-04-11 343 5409.822 0 0
2020-04-12 343 5409.822 0 0
2020-04-13 345 5345.652 -64.17 -1.186
2020-04-14 342 5497.943 152.291 2.849
2020-04-15 339 5499.235 1.292 0.023
2020-04-16 332 5579.047 79.812 1.451
2020-04-17 328 5656.07 77.023 1.381
2020-04-18 330 5658.162 2.092 0.037
2020-04-19 330 5658.162 0 0
2020-04-20 329 5638.251 -19.911 -0.352
2020-04-21 332 5547.944 -90.307 -1.602
2020-04-23 342 5539.526 -8.418 -0.152
2020-04-24 339 5534.093 -5.433 -0.098
2020-04-25 339 5543.311 9.218 0.167
2020-04-26 339 5543.311 0 0
2020-04-27 344 5578.194 34.883 0.629
2020-04-28 334 5660.54 82.346 1.476
2020-04-29 337 5673.433 12.893 0.228
2020-04-30 342 5616.924 -56.509 -0.996
2020-05-01 338 5589.092 -27.832 -0.496
2020-05-02 336 5590.651 1.559 0.028
2020-05-03 336 5590.651 0 0
2020-05-04 333 5590.651 0 0
2020-05-05 335 5589.612 -1.039 -0.019
2020-05-06 339 5606.293 16.681 0.298
2020-05-07 319 5792.041 185.748 3.313
2020-05-08 320 5819.471 27.43 0.474
2020-05-09 319 5826.811 7.34 0.126
2020-05-10 319 5826.811 0 0
2020-05-11 309 6012.95 186.139 3.195
2020-05-12 315 5917.74 -95.21 -1.583
2020-05-13 309 6008.003 90.263 1.525
2020-05-14 315 5854.716 -153.287 -2.551
2020-05-15 310 5998.579 143.863 2.457
2020-05-16 310 5984.123 -14.456 -0.241
2020-05-17 310 5984.123 0 0
2020-05-18 315 5959.3 -24.823 -0.415
2020-05-19 314 5987.782 28.482 0.478
2020-05-20 322 5914.742 -73.04 -1.22
2020-05-21 318 5942.137 27.395 0.463
2020-05-23 317 5939.931 -2.206 -0.037
2020-05-24 317 5939.931 0 0
2020-05-25 319 5905.123 -34.808 -0.586
2020-05-26 332 5835.381 -69.742 -1.181
2020-05-27 320 5918.477 83.096 1.424
2020-05-28 308 6118.911 200.434 3.387
2020-05-29 333 5862.215 -256.696 -4.195
2020-05-30 336 5856.263 -5.952 -0.102
2020-05-31 336 5856.263 0 0
2020-06-01 333 5950.739 94.476 1.613
2020-06-02 337 5985.564 34.825 0.585
2020-06-03 348 5889.632 -95.932 -1.603
2020-06-04 350 5886.511 -3.121 -0.053
2020-06-05 359 5793.359 -93.152 -1.582
2020-06-06 369 5754.514 -38.845 -0.671
2020-06-07 369 5754.514 0 0
2020-06-08 370 5759.405 4.891 0.085
2020-06-09 364 5800.899 41.494 0.72
2020-06-10 360 5842.538 41.639 0.718
2020-06-11 360 5763.021 -79.517 -1.361
2020-06-12 341 5890.61 127.589 2.214
2020-06-13 342 5853.222 -37.388 -0.635
2020-06-14 342 5853.222 0 0
2020-06-15 362 5613.86 -239.362 -4.089
2020-06-16 357 5739.779 125.919 2.243
2020-06-17 356 5761.715 21.936 0.382
2020-06-18 365 5671.955 -89.76 -1.558
2020-06-19 364 5688.37 16.415 0.289
2020-06-20 362 5677.532 -10.838 -0.191
2020-06-21 362 5677.532 0 0
2020-06-22 362 5702.543 25.011 0.441
2020-06-23 352 5821.984 119.441 2.095
2020-06-24 352 5821.984 0 0
2020-06-25 341 6011.718 189.734 3.259
2020-06-26 346 5901.175 -110.543 -1.839
2020-06-27 345 5892.974 -8.201 -0.139
2020-06-28 345 5892.974 0 0
2020-06-29 346 5798.226 -94.748 -1.608
2020-06-30 362 5718.203 -80.023 -1.38
