2021-10-06 2481 1148.932 0 0
2021-10-07 2472 1163.733 14.801 1.272
2021-10-08 2361 1257.338 93.605 7.445
2021-10-09 2361 1257.387 0.049 0.004
2021-10-10 2361 1257.387 0 0
2021-10-11 2331 1279.066 21.679 1.695
2021-10-12 2338 1271.358 -7.708 -0.606
2021-10-13 2344 1270.917 -0.441 -0.035
2021-10-14 2356 1271.031 0.114 0.009
2021-10-15 2343 1286.528 15.497 1.205
2021-10-16 2346 1286.561 0.033 0.003
2021-10-17 2345 1286.561 0 0
2021-10-18 2337 1288.731 2.17 0.168
2021-10-19 2543 1117.191 -171.54 -15.355
2021-10-20 2506 1148.077 30.886 2.69
2021-10-21 2689 1011.415 -136.662 -13.512
2021-10-22 2703 994.179 -17.236 -1.734
