2019-11-07 140 11110.522 0 0
2020-01-19 134 12126.461 1015.939 9.144
2020-02-07 147 11236.628 -889.833 -7.338
2020-02-15 149 11477.168 240.54 2.141
2020-02-16 148 11477.168 0 0
2020-02-17 148 11497.277 20.109 0.175
2020-02-18 150 11330.604 -166.673 -1.45
2020-02-19 147 11402.258 71.654 0.632
2020-02-20 148 11307.174 -95.084 -0.834
2020-02-21 151 11094.33 -212.844 -1.882
2020-02-22 150 11087.451 -6.879 -0.062
2020-02-23 150 11087.451 0 0
2020-02-24 148 11046.38 -41.071 -0.37
2020-02-25 144 11053.811 7.431 0.067
2020-02-26 144 11065.759 11.948 0.108
2020-02-27 99 14321.924 3256.165 29.426
2020-02-28 111 13110.657 -1211.267 -8.457
2020-02-29 111 13114.533 3.876 0.03
