2020-01-19 838 3093.338 0 0
2020-02-07 925 2812.341 -280.997 -9.992
2020-02-15 872 2981.118 168.777 5.662
2020-02-16 872 2981.118 0 0
2020-02-17 872 2970.59 -10.528 -0.354
2020-02-18 884 2934.173 -36.417 -1.241
2020-02-19 878 2944.545 10.372 0.352
2020-02-20 886 2918.439 -26.106 -0.895
2020-02-21 893 2889.216 -29.223 -1.011
2020-02-22 893 2887.641 -1.575 -0.055
2020-02-23 893 2887.641 0 0
2020-02-24 901 2854.264 -33.377 -1.169
2020-02-25 884 2851.839 -2.425 -0.085
2020-02-26 864 2872.528 20.689 0.72
2020-02-27 858 2866.474 -6.054 -0.211
2020-02-28 871 2812.849 -53.625 -1.906
2020-02-29 873 2813.327 0.478 0.017
2020-03-01 874 2813.327 0 0
2020-03-02 864 2852.712 39.385 1.381
2020-03-03 874 2848.258 -4.454 -0.156
2020-03-04 871 2863.434 15.176 0.53
2020-03-05 870 2860.061 -3.373 -0.118
2020-03-06 865 2836.839 -23.222 -0.819
2020-03-07 863 2837.516 0.677 0.024
2020-03-08 862 2837.516 0 0
2020-03-09 886 2694.088 -143.428 -5.324
2020-03-10 881 2690.704 -3.384 -0.126
2020-03-11 854 2761.181 70.477 2.552
2020-03-12 840 2724.78 -36.401 -1.336
2020-03-13 842 2691.984 -32.796 -1.218
2020-03-14 842 2695.928 3.944 0.146
2020-03-15 842 2695.928 0 0
2020-03-16 838 2637.564 -58.364 -2.213
2020-03-17 843 2573.907 -63.657 -2.473
2020-03-18 867 2462.69 -111.217 -4.516
2020-03-19 907 2323.506 -139.184 -5.99
2020-03-20 884 2401.237 77.731 3.237
2020-03-21 883 2402.596 1.359 0.057
2020-03-22 883 2402.596 0 0
2020-03-23 900 2328.579 -74.017 -3.179
2020-03-24 891 2328.502 -0.077 -0.003
2020-03-25 889 2402.751 74.249 3.09
2020-03-26 876 2478.009 75.258 3.037
2020-03-27 883 2547.383 69.374 2.723
2020-03-28 878 2534.196 -13.187 -0.52
2020-03-29 878 2534.196 0 0
2020-03-30 878 2534.196 0 0
2020-03-31 878 2511.024 -23.172 -0.923
