2020-06-26 1622 1535.995 0 0
2020-06-27 1620 1535.995 0 0
2020-06-28 1620 1535.995 0 0
2020-06-29 1625 1527.571 -8.424 -0.551
2020-06-30 1667 1501.392 -26.179 -1.744
2020-07-01 1626 1532.56 31.168 2.034
2020-07-07 1644 1557.314 24.754 1.59
2020-07-08 1617 1607.923 50.609 3.147
2020-07-09 1642 1577.143 -30.78 -1.952
2020-07-10 1640 1581.29 4.147 0.262
2020-07-11 1639 1581.29 0 0
2020-07-12 1639 1581.29 0 0
2020-07-13 1648 1563.146 -18.144 -1.161
2020-07-14 1609 1620.105 56.959 3.516
2020-07-15 1552 1702.271 82.166 4.827
2020-07-16 1545 1702.271 0 0
2020-07-17 1511 1742.318 40.047 2.298
2020-07-18 1511 1742.318 0 0
2020-07-20 1542 1704.734 -37.584 -2.205
2020-07-21 1545 1704.734 0 0
2020-07-22 1527 1735.514 30.78 1.774
2020-07-23 1540 1721.906 -13.608 -0.79
2020-07-24 1506 1733.051 11.145 0.643
2020-07-25 1505 1733.051 0 0
2020-07-26 1503 1733.051 0 0
2020-07-27 1473 1779.772 46.721 2.625
2020-07-28 1551 1695.208 -84.564 -4.988
2020-07-29 1518 1737.652 42.444 2.443
2020-07-30 1503 1765.776 28.124 1.593
2020-07-31 1506 1765.776 0 0
2020-08-04 1495 1792.927 27.151 1.514
2020-08-05 1467 1837.574 44.647 2.43
2020-08-06 1469 1847.423 9.849 0.533
2020-08-07 1427 1905.938 58.515 3.07
2020-08-08 1426 1905.938 0 0
2020-08-09 1426 1905.938 0 0
2020-08-10 1427 1907.947 2.009 0.105
2020-08-12 1422 1898.68 -9.267 -0.488
2020-08-13 1403 1929.72 31.04 1.609
2020-08-14 1412 1923.045 -6.675 -0.347
2020-08-15 1410 1923.045 0 0
2020-08-16 1410 1923.045 0 0
2020-08-17 1415 1926.933 3.888 0.202
2020-08-18 1380 1971.645 44.712 2.268
2020-08-19 1373 1980.912 9.267 0.468
2020-08-20 1365 1988.234 7.322 0.368
2020-08-21 1379 1969.312 -18.922 -0.961
2020-08-22 1376 1969.312 0 0
2020-08-23 1376 1969.312 0 0
2020-08-24 1365 1983.763 14.451 0.728
2020-08-25 1398 1956.028 -27.735 -1.418
2020-08-26 1367 1992.057 36.029 1.809
2020-08-27 1357 2003.008 10.951 0.547
2020-08-28 1339 2036.899 33.891 1.664
2020-08-29 1339 2036.899 0 0
2020-08-30 1339 2036.899 0 0
2020-08-31 1341 2030.483 -6.416 -0.316
