2020-01-19 683 3650 0 0
2020-02-07 661 3650 0 0
2020-02-15 665 3650 0 0
2020-02-16 665 3650 0 0
2020-02-17 664 3650 0 0
2020-02-18 664 3650 0 0
2020-02-19 635 3785 135 3.567
2020-02-20 640 3785 0 0
2020-02-21 640 3785 0 0
2020-02-22 637 3785 0 0
2020-02-23 636 3785 0 0
2020-02-24 630 3785 0 0
2020-02-25 622 3785 0 0
2020-02-26 610 3785 0 0
2020-02-27 600 3785 0 0
2020-02-28 596 3785 0 0
2020-02-29 595 3785 0 0
2020-03-01 596 3785 0 0
2020-03-02 603 3785 0 0
2020-03-03 607 3785 0 0
2020-03-04 613 3785 0 0
2020-03-05 617 3785 0 0
2020-03-06 607 3785 0 0
2020-03-07 607 3785 0 0
2020-03-08 605 3785 0 0
2020-03-09 580 3785 0 0
2020-03-10 586 3785 0 0
2020-03-11 568 3785 0 0
2020-03-12 539 3785 0 0
2020-03-13 524 3785 0 0
2020-03-14 528 3785 0 0
2020-03-15 528 3785 0 0
2020-03-16 513 3785 0 0
2020-03-17 497 3785 0 0
2020-03-18 494 3785 0 0
2020-03-19 494 3785 0 0
2020-03-20 499 3785 0 0
2020-03-21 498 3785 0 0
2020-03-22 498 3785 0 0
2020-03-23 487 3785 0 0
2020-03-24 482 3785 0 0
2020-03-25 502 3785 0 0
2020-03-26 511 3785 0 0
2020-03-27 522 3785 0 0
2020-03-28 518 3785 0 0
2020-03-29 518 3785 0 0
2020-03-30 518 3785 0 0
2020-03-31 511 3785 0 0
2020-04-01 520 3785 0 0
2020-04-02 512 3785 0 0
2020-04-03 513 3785 0 0
2020-04-04 510 3785 0 0
2020-04-05 510 3785 0 0
2020-04-06 510 3785 0 0
2020-04-07 522 3785 0 0
2020-04-08 535 3785 0 0
2020-04-10 546 3785 0 0
2020-04-11 546 3785 0 0
2020-04-12 546 3785 0 0
2020-04-13 546 3785 0 0
2020-04-14 549 3785 0 0
2020-04-15 545 3785 0 0
2020-04-17 548 3785 0 0
2020-04-18 552 3785 0 0
2020-04-19 552 3785 0 0
2020-04-20 552 3785 0 0
2020-04-21 543 3785 0 0
2020-04-23 548 3785 0 0
2020-04-24 549 3785 0 0
2020-04-25 549 3785 0 0
2020-04-26 549 3785 0 0
2020-04-27 559 3785 0 0
2020-04-28 568 3785 0 0
2020-04-29 573 3785 0 0
2020-04-30 577 3785 0 0
