2019-11-07 2017 1109.669 0 0
2020-01-19 2060 1117.322 7.653 0.69
2020-02-07 1844 1301.309 183.987 16.467
2020-02-15 1899 1239.231 -62.078 -4.77
2020-02-16 1899 1239.231 0 0
2020-02-17 1904 1238.594 -0.637 -0.051
2020-02-18 1902 1234.395 -4.199 -0.339
2020-02-19 1906 1231.297 -3.098 -0.251
2020-02-20 1922 1221.32 -9.977 -0.81
2020-02-21 1912 1225.261 3.941 0.323
2020-02-22 1905 1226.643 1.382 0.113
2020-02-23 1906 1226.643 0 0
2020-02-24 1899 1223.597 -3.046 -0.248
2020-02-25 1881 1224.05 0.453 0.037
2020-02-26 1876 1221.056 -2.994 -0.245
2020-02-27 1877 1214.651 -6.405 -0.525
2020-02-28 1874 1210.534 -4.117 -0.339
2020-02-29 1869 1202.972 -7.562 -0.625
