2019-11-07 1841 1286.553 0 0
2020-01-19 1459 1788.808 502.255 39.039
2020-02-07 1399 1833.834 45.026 2.517
2020-02-15 1349 1930.094 96.26 5.249
2020-02-16 1350 1930.094 0 0
2020-02-17 1355 1930.094 0 0
2020-02-18 1339 1948.314 18.22 0.944
2020-02-19 1317 1988.872 40.558 2.082
2020-02-20 1336 1965.779 -23.093 -1.161
2020-02-21 1358 1910.367 -55.412 -2.819
2020-02-22 1362 1910.367 0 0
2020-02-23 1361 1910.367 0 0
2020-02-24 1420 1801.922 -108.445 -5.677
2020-02-25 1448 1745.639 -56.283 -3.123
2020-02-26 1478 1707.286 -38.353 -2.197
2020-02-27 1529 1609.285 -98.001 -5.74
2020-02-28 1393 1786.089 176.804 10.986
2020-02-29 1386 1786.089 0 0
