2020-01-19 702 3540.928 0 0
2020-02-07 829 3062.387 -478.541 -15.626
2020-02-15 767 3250.989 188.602 5.801
2020-02-16 767 3250.989 0 0
2020-02-17 753 3317.95 66.961 2.018
2020-02-18 736 3397.466 79.516 2.34
2020-02-19 748 3335.442 -62.024 -1.86
2020-02-20 719 3456.855 121.413 3.512
2020-02-21 719 3437.883 -18.972 -0.552
2020-02-22 720 3426.454 -11.429 -0.334
2020-02-23 720 3426.454 0 0
2020-02-24 644 3730.251 303.797 8.144
2020-02-25 625 3758.624 28.373 0.755
2020-02-26 690 3438.226 -320.398 -9.319
2020-02-27 664 3517.864 79.638 2.264
2020-02-28 723 3268.449 -249.415 -7.631
2020-02-29 720 3280.606 12.157 0.371
2020-03-01 720 3280.606 0 0
2020-03-02 648 3580.665 300.059 8.38
2020-03-03 654 3543.496 -37.169 -1.049
2020-03-04 640 3636.384 92.888 2.554
2020-03-05 633 3677.307 40.923 1.113
2020-03-06 631 3645.82 -31.487 -0.864
2020-03-07 632 3646.871 1.051 0.029
2020-03-08 631 3646.871 0 0
2020-03-09 705 3285.721 -361.15 -10.991
2020-03-10 730 3188.952 -96.769 -3.035
2020-03-11 753 3098.985 -89.967 -2.903
2020-03-12 747 3019.602 -79.383 -2.629
2020-03-13 754 2948.346 -71.256 -2.417
2020-03-14 761 2945.183 -3.163 -0.107
2020-03-15 761 2945.183 0 0
2020-03-16 781 2794.792 -150.391 -5.381
2020-03-17 781 2786.871 -7.921 -0.284
2020-03-18 801 2657.309 -129.562 -4.876
2020-03-19 774 2696.69 39.381 1.46
2020-03-20 793 2673.618 -23.072 -0.863
2020-03-21 794 2683.078 9.46 0.353
2020-03-22 794 2683.078 0 0
2020-03-23 824 2539.209 -143.869 -5.666
2020-03-24 827 2520.447 -18.762 -0.744
2020-03-25 847 2539.39 18.943 0.746
2020-03-26 842 2582.932 43.542 1.686
2020-03-27 877 2565.886 -17.046 -0.664
2020-03-28 841 2608.787 42.901 1.644
2020-03-29 841 2608.787 0 0
2020-03-30 841 2608.787 0 0
2020-03-31 905 2437.016 -171.771 -7.048
