2023-11-04 30 37506.239 0 0
2023-11-05 30 37506.239 0 0
2023-11-06 30 37756.469 250.23 0.667
2023-11-07 30 38545.925 789.456 2.091
2023-11-08 30 38644.607 98.682 0.256
2023-11-09 30 38179.392 -465.215 -1.204
2023-11-10 32 38429.621 250.229 0.655
2023-11-11 31 38429.621 0 0
2023-11-13 30 38496.584 66.963 0.174
2023-11-15 29 40325.727 1829.143 4.751
2023-11-16 30 39842.89 -482.837 -1.197
2023-11-17 30 40583.005 740.115 1.858
2023-11-18 30 40583.005 0 0
2023-11-20 30 41862.348 1279.343 3.152
2023-11-21 30 41354.84 -507.508 -1.212
2023-11-22 29 41390.084 35.244 0.085
2023-11-24 30 41834.153 444.069 1.073
2023-11-25 30 41834.153 0 0
2023-11-26 30 41834.153 0 0
2023-11-27 29 41488.766 -345.387 -0.826
2023-11-28 25 48988.604 7499.838 18.077
2023-11-29 25 49950.754 962.15 1.964
2023-11-30 25 51963.164 2012.41 4.029
