2021-02-28 1038 2895.196 0 0
2021-03-01 1084 2825.006 -70.19 -2.424
2021-03-02 443 6056.239 3231.233 114.38
2021-03-03 423 6244.08 187.841 3.102
2021-03-04 416 6299.894 55.814 0.894
2021-03-05 397 6512.477 212.583 3.374
2021-03-06 398 6497.09 -15.387 -0.236
2021-03-07 400 6497.09 0 0
2021-03-08 404 6311.925 -185.165 -2.85
2021-03-09 419 6222.387 -89.538 -1.419
2021-03-11 422 6259.175 36.788 0.591
2021-03-12 425 6219.731 -39.444 -0.63
2021-03-13 421 6229.984 10.253 0.165
2021-03-14 422 6229.984 0 0
2021-03-15 432 6180.848 -49.136 -0.789
2021-03-16 435 6140.545 -40.303 -0.652
2021-03-18 436 6052.79 -87.755 -1.429
2021-03-19 436 6052.79 0 0
2021-03-20 452 5918.987 -133.803 -2.211
2021-03-21 452 5918.987 0 0
2021-03-22 465 5769.335 -149.652 -2.528
2021-03-23 453 5881.668 112.333 1.947
2021-03-24 465 5727.604 -154.064 -2.619
2021-03-25 476 5600.066 -127.538 -2.227
2021-03-26 468 5715.529 115.463 2.062
2021-03-27 466 5719.659 4.13 0.072
2021-03-28 466 5719.659 0 0
2021-03-29 463 5719.659 0 0
2021-03-30 458 5817.066 97.407 1.703
2021-03-31 471 5658.765 -158.301 -2.721
2021-04-01 465 5786.343 127.578 2.255
2021-04-02 467 5786.343 0 0
2021-04-03 467 5786.343 0 0
2021-04-04 467 5786.343 0 0
2021-04-05 479 5659.794 -126.549 -2.187
2021-04-06 484 5641.628 -18.166 -0.321
2021-04-07 471 5714.092 72.464 1.284
2021-04-08 466 5804.696 90.604 1.586
2021-04-09 484 5740.056 -64.64 -1.114
2021-04-10 485 5726.187 -13.869 -0.242
2021-04-11 485 5726.187 0 0
2021-04-12 506 5475.031 -251.156 -4.386
2021-04-13 505 5509.992 34.961 0.639
2021-04-14 510 5486.502 -23.49 -0.426
2021-04-15 491 5660.852 174.35 3.178
2021-04-16 496 5648.48 -12.372 -0.219
2021-04-17 494 5692.355 43.875 0.777
2021-04-18 494 5692.355 0 0
2021-04-19 510 5565.152 -127.203 -2.235
2021-04-20 534 5391.667 -173.485 -3.117
2021-04-21 536 5390.767 -0.9 -0.017
2021-04-22 548 5277.76 -113.007 -2.096
2021-04-23 553 5269.639 -8.121 -0.154
2021-04-24 553 5269.639 0 0
2021-04-25 554 5264.546 -5.093 -0.097
2021-04-26 535 5438.975 174.429 3.313
2021-04-27 526 5498.94 59.965 1.103
2021-04-28 502 5702.584 203.644 3.703
2021-04-29 508 5657.241 -45.343 -0.795
2021-04-30 517 5605.069 -52.172 -0.922
2021-05-01 512 5602.61 -2.459 -0.044
2021-05-02 511 5602.61 0 0
2021-05-03 503 5677.3 74.69 1.333
2021-05-04 507 5614.303 -62.997 -1.11
2021-05-05 500 5650.124 35.821 0.638
2021-05-06 503 5648.712 -1.412 -0.025
2021-05-07 501 5678.994 30.282 0.536
2021-05-08 500 5698.981 19.987 0.352
2021-05-09 500 5698.981 0 0
2021-05-10 511 5632.4 -66.581 -1.168
2021-05-11 505 5640.672 8.272 0.147
2021-05-12 500 5655.202 14.53 0.258
2021-05-13 495 5649.04 -6.162 -0.109
2021-05-14 502 5623.093 -25.947 -0.459
2021-05-15 503 5633.359 10.266 0.183
2021-05-16 503 5633.359 0 0
2021-05-17 495 5735.52 102.161 1.814
2021-05-18 467 6042.225 306.705 5.347
2021-05-19 472 6001.758 -40.467 -0.67
2021-05-20 468 6000.96 -0.798 -0.013
2021-05-21 472 6024.441 23.481 0.391
2021-05-22 471 6047.287 22.846 0.379
2021-05-23 471 6047.287 0 0
2021-05-24 470 6053.083 5.796 0.096
2021-05-25 459 6173.969 120.886 1.997
2021-05-26 460 6166.386 -7.583 -0.123
2021-05-27 479 6036.533 -129.853 -2.106
2021-05-28 481 6033.859 -2.674 -0.044
2021-05-29 479 6046.352 12.493 0.207
2021-05-30 479 6046.352 0 0
2021-05-31 470 6144.985 98.633 1.631
