2020-01-19 71 17363.265 0 0
2020-02-07 79 16541.824 -821.441 -4.966
2020-02-15 71 17361.381 819.557 4.721
2020-02-16 71 17361.381 0 0
2020-02-17 71 17295.633 -65.748 -0.38
2020-02-18 71 17339.465 43.832 0.253
2020-02-19 71 17484.172 144.707 0.828
2020-02-20 71 17297 -187.172 -1.082
2020-02-21 72 17293.856 -3.144 -0.018
2020-02-22 72 17370.801 76.945 0.443
2020-02-23 72 17370.801 0 0
2020-02-24 76 16859.152 -511.649 -3.035
2020-02-25 75 16581.288 -277.864 -1.676
2020-02-26 77 16485.592 -95.696 -0.58
2020-02-27 82 15849.183 -636.409 -4.015
2020-02-28 82 15569.211 -279.972 -1.798
2020-02-29 81 15565.791 -3.42 -0.022
