2026-03-10 3071 1199.592 0 0
2026-03-11 3070 1204.41 4.818 0.402
2026-03-12 3078 1191.999 -12.411 -1.03
2026-03-13 3051 1198.237 6.238 0.523
2026-03-14 3046 1196.198 -2.039 -0.17
2026-03-15 3046 1196.198 0 0
2026-03-16 3086 1183.239 -12.959 -1.083
2026-03-17 2977 1234.796 51.557 4.357
2026-03-18 2932 1268.708 33.912 2.746
2026-03-19 2888 1276.199 7.491 0.59
2026-03-20 2892 1273.248 -2.951 -0.231
2026-03-21 2891 1273.613 0.365 0.029
2026-03-22 2891 1273.613 0 0
2026-03-23 2869 1275.601 1.988 0.156
2026-03-24 2856 1288.454 12.853 1.008
2026-03-25 2791 1331.017 42.563 3.303
2026-03-27 2751 1354.856 23.839 1.791
2026-03-28 2752 1351.431 -3.425 -0.253
2026-03-29 2752 1351.431 0 0
2026-03-30 2708 1380.163 28.732 2.126
2026-03-31 2659 1406.589 26.426 1.915
2026-04-01 2748 1363.688 -42.901 -3.05
2026-04-02 2754 1360.72 -2.968 -0.218
2026-04-03 2753 1356.527 -4.193 -0.308
2026-04-04 2753 1356.527 0 0
2026-04-05 2753 1356.527 0 0
2026-04-06 2735 1372.37 15.843 1.168
2026-04-07 2746 1367.301 -5.069 -0.369
2026-04-08 2733 1398.915 31.614 2.312
2026-04-09 2645 1465.03 66.115 4.726
2026-04-10 2633 1480.224 15.194 1.037
2026-04-11 2637 1477.093 -3.131 -0.212
2026-04-12 2637 1477.093 0 0
2026-04-13 2669 1456.386 -20.707 -1.402
2026-04-14 2669 1457.875 1.489 0.102
2026-04-15 2655 1477.5 19.625 1.346
2026-04-16 2667 1476.553 -0.947 -0.064
2026-04-17 2568 1558.7 82.147 5.563
2026-04-18 2577 1555.784 -2.916 -0.187
2026-04-19 2577 1555.784 0 0
2026-04-20 2774 1400.598 -155.186 -9.975
2026-04-21 2978 1260.445 -140.153 -10.007
2026-04-22 3204 1134.464 -125.981 -9.995
2026-04-23 3189 1133.49 -0.974 -0.086
2026-04-24 3350 1020.804 -112.686 -9.942
2026-04-25 3356 1018.464 -2.34 -0.229
2026-04-26 3356 1018.464 0 0
2026-04-27  920.042 -98.422 -9.664
2026-05-10 3403 1002.09 0 0
2026-05-11 3401 1002.09 0 0
2026-05-12 3404 995.293 0 0
