2026-03-10 1881 2227.212 0 0
2026-03-11 2004 2090.535 -136.677 -6.137
2026-03-12 2164 1904.978 -185.557 -8.876
2026-03-13 2236 1817.043 -87.935 -4.616
2026-03-14 2227 1817.043 0 0
2026-03-15 2227 1817.043 0 0
2026-03-16 1986 2074.172 257.129 14.151
2026-03-17 1941 2130.06 55.888 2.694
2026-03-18 1621 2544.762 414.702 19.469
2026-03-19 1825 2256.71 -288.052 -11.319
2026-03-20 1889 2159.94 -96.77 -4.288
2026-03-21 1887 2160.106 0.166 0.008
2026-03-22 1887 2160.106 0 0
2026-03-23 1989 2021.352 -138.754 -6.423
2026-03-24 1808 2243.327 221.975 10.982
2026-03-25 1570 2605.172 361.845 16.13
2026-03-27 1766 2289.809 -315.363 -12.105
2026-03-28 1762 2288.698 -1.111 -0.049
2026-03-29 1761 2288.698 0 0
2026-03-30 1605 2513.114 224.416 9.805
2026-03-31 1691 2374.914 -138.2 -5.499
2026-04-01 1318 3131.85 0 0
2026-04-02 1515 2690.31 0 0
2026-04-03 1531 2667.405 0 0
2026-04-04 1533 2667.337 0 0
2026-04-05 1533 2667.337 0 0
2026-04-06 1534 2667.337 0 0
2026-04-07 1540 2667.337 0 0
2026-04-08 1375 3013.32 0 0
2026-04-09 1261 3328.349 0 0
2026-04-10 1318 3188.644 0 0
2026-04-11 1300 3206.141 0 0
2026-04-12 1300 3207.082 0 0
2026-04-13 1260 3356.129 0 0
2026-04-14 1243 3409.238 0 0
2026-04-15 1379 3072.944 0 0
2026-04-16 1368 3126.243 0 0
2026-04-17 1381 3086.017 0 0
2026-04-18 1399 3055.314 0 0
2026-04-19 1401 3053.675 0 0
2026-04-20 1240 3492.363 0 0
2026-04-21 1384 3120.507 0 0
2026-04-22 1240 3461.031 0 0
2026-04-23 1202 3571.19 0 0
2026-04-24 1196 3580.1 0 0
