2019-11-07 55 19745.718 0 0
2020-01-19 44 23890.753 4145.035 20.992
2020-02-07 44 22786.806 -1103.947 -4.621
2020-02-15 46 22742.913 -43.893 -0.193
2020-02-16 46 22742.913 0 0
2020-02-17 46 22750.589 7.676 0.034
2020-02-18 45 22633.925 -116.664 -0.513
2020-02-19 46 22582.791 -51.134 -0.226
2020-02-20 46 22704.577 121.786 0.539
2020-02-21 47 22615.994 -88.583 -0.39
2020-02-22 46 22594.649 -21.345 -0.094
2020-02-23 46 22594.649 0 0
2020-02-24 46 22594.649 0 0
2020-02-25 46 22236.952 -357.697 -1.583
2020-02-26 48 22167.419 -69.533 -0.313
2020-02-27 48 21810.27 -357.149 -1.611
2020-02-28 49 21172.065 -638.205 -2.926
2020-02-29 49 21043.387 -128.678 -0.608
