2024-03-30 274 9127.5 0 0
2024-03-31 274 9127.5 0 0
2024-04-02 274 9127.5 0 0
2024-04-03 273 9127.5 0 0
2024-04-04 275 9127.5 0 0
2024-04-05 273 9127.5 0 0
2024-04-06 274 9127.5 0 0
2024-04-07 274 9127.5 0 0
2024-04-08 275 9127.5 0 0
2024-04-09 275 9127.5 0 0
2024-04-10 275 9127.5 0 0
2024-04-11 274 9127.5 0 0
2024-04-12 273 9127.5 0 0
2024-04-13 269 9127.5 0 0
2024-04-14 269 9127.5 0 0
2024-04-15 268 9127.5 0 0
2024-04-16 266 9127.5 0 0
2024-04-17 266 9127.5 0 0
2024-04-18 268 9127.5 0 0
2024-04-19 264 9127.5 0 0
2024-04-20 264 9127.5 0 0
2024-04-21 264 9127.5 0 0
2024-04-22 266 9127.5 0 0
2024-04-23 268 9127.5 0 0
2024-04-24 267 9127.5 0 0
2024-04-25 269 9127.5 0 0
2024-04-26 270 9127.5 0 0
2024-04-27 270 9127.5 0 0
2024-04-28 270 9127.5 0 0
2024-04-29 270 9127.5 0 0
2024-04-30 269 9127.5 0 0
