2020-01-19 946 2775.866 0 0
2020-02-07 1005 2571.886 -203.98 -7.931
2020-02-15 1020 2542.93 -28.956 -1.139
2020-02-16 1020 2542.93 0 0
2020-02-17 1026 2523.02 -19.91 -0.789
2020-02-18 1025 2523.734 0.714 0.028
2020-02-19 1031 2497.457 -26.277 -1.052
2020-02-20 1021 2540.971 43.514 1.712
2020-02-21 1010 2557.53 16.559 0.647
2020-02-22 1079 2386.355 -171.175 -7.173
2020-02-23 1078 2386.355 0 0
2020-02-24 1068 2386.252 -0.103 -0.004
2020-02-25 1119 2283.905 -102.347 -4.481
2020-02-26 1170 2189.788 -94.117 -4.298
2020-02-27 1195 2117.951 -71.837 -3.392
2020-02-28 1244 2006.936 -111.015 -5.532
2020-02-29 1220 2045.952 39.016 1.907
2020-03-01 1221 2045.952 0 0
2020-03-02 1230 2045.541 -0.411 -0.02
2020-03-03 1241 2055.017 9.476 0.461
2020-03-04 1272 2009.662 -45.355 -2.257
2020-03-05 1263 2029.042 19.38 0.955
2020-03-06 1292 1957.936 -71.106 -3.632
2020-03-07 1366 1835.943 -121.993 -6.645
2020-03-08 1362 1835.943 0 0
2020-03-09 1338 1835.898 -0.045 -0.002
2020-03-10 1401 1713.392 -122.506 -7.15
2020-03-11 1334 1800.699 87.307 4.849
2020-03-12 1379 1672.488 -128.211 -7.666
2020-03-13 1493 1506.026 -166.462 -11.053
2020-03-14 1379 1655.415 149.389 9.024
2020-03-15 1378 1655.415 0 0
2020-03-16 1346 1655.324 -0.091 -0.005
2020-03-17 1477 1480.791 -174.533 -11.786
2020-03-18 1482 1442.671 -38.12 -2.642
2020-03-19 1551 1353.122 -89.549 -6.618
2020-03-20 1475 1431.788 78.666 5.494
2020-03-21 1459 1459.667 27.879 1.91
2020-03-22 1459 1459.667 0 0
2020-03-23 1441 1459.576 -0.091 -0.006
2020-03-24 1494 1389.112 -70.464 -5.073
2020-03-25 1423 1518.494 129.382 8.52
2020-03-26 1397 1562.012 43.518 2.786
2020-03-27 1382 1609.869 47.857 2.973
2020-03-28 1437 1532.338 -77.531 -5.06
2020-03-29 1437 1532.338 0 0
2020-03-30 1437 1532.338 0 0
2020-03-31 1444 1524.947 -7.391 -0.485
