2020-01-19 1465 1784.6 0 0
2020-02-07 1436 1784.6 0 0
2020-02-15 1445 1784.6 0 0
2020-02-16 1445 1784.6 0 0
2020-02-17 1446 1784.6 0 0
2020-02-18 1442 1784.6 0 0
2020-02-19 1445 1784.6 0 0
2020-02-20 1446 1784.6 0 0
2020-02-21 1441 1784.6 0 0
2020-02-22 1441 1784.6 0 0
2020-02-23 1440 1784.6 0 0
2020-02-24 1433 1784.6 0 0
2020-02-25 1428 1784.6 0 0
2020-02-26 1396 1812 27.4 1.512
2020-02-27 1384 1812 0 0
2020-02-28 1373 1812 0 0
2020-02-29 1369 1812 0 0
2020-03-01 1373 1812 0 0
2020-03-02 1382 1812 0 0
2020-03-03 1387 1812 0 0
2020-03-04 1387 1812 0 0
2020-03-05 1390 1812 0 0
2020-03-06 1382 1812 0 0
2020-03-07 1382 1812 0 0
2020-03-08 1378 1812 0 0
2020-03-09 1352 1812 0 0
2020-03-10 1346 1812 0 0
2020-03-11 1331 1812 0 0
2020-03-12 1292 1812 0 0
2020-03-13 1275 1812 0 0
2020-03-14 1277 1812 0 0
2020-03-15 1278 1812 0 0
2020-03-16 1243 1812 0 0
2020-03-17 1233 1812 0 0
2020-03-18 1213 1812 0 0
2020-03-19 1200 1812 0 0
2020-03-20 1207 1812 0 0
2020-03-21 1210 1812 0 0
2020-03-22 1210 1812 0 0
2020-03-23 1190 1812 0 0
2020-03-24 1185 1812 0 0
2020-03-25 1223 1812 0 0
2020-03-26 1238 1812 0 0
2020-03-27 1258 1812 0 0
2020-03-28 1249 1812 0 0
2020-03-29 1249 1812 0 0
2020-03-30 1249 1812 0 0
2020-03-31 1242 1812 0 0
2020-04-01 1253 1812 0 0
2020-04-02 1236 1812 0 0
2020-04-03 1235 1812 0 0
2020-04-04 1227 1812 0 0
2020-04-05 1227 1812 0 0
2020-04-06 1227 1812 0 0
2020-04-07 1263 1812 0 0
2020-04-08 1304 1812 0 0
2020-04-10 1308 1812 0 0
2020-04-11 1308 1812 0 0
2020-04-12 1308 1812 0 0
2020-04-13 1305 1812 0 0
2020-04-14 1318 1812 0 0
2020-04-15 1319 1812 0 0
2020-04-17 1318 1812 0 0
2020-04-18 1322 1812 0 0
2020-04-19 1323 1812 0 0
2020-04-20 1324 1812 0 0
2020-04-21 1309 1812 0 0
2020-04-23 1310 1812 0 0
2020-04-24 1303 1812 0 0
2020-04-25 1297 1812 0 0
2020-04-26 1297 1812 0 0
2020-04-27 1301 1812 0 0
2020-04-28 1317 1812 0 0
2020-04-29 1326 1812 0 0
2020-04-30 1339 1812 0 0
2020-05-01 1336 1812 0 0
2020-05-02 1332 1812 0 0
2020-05-03 1332 1812 0 0
2020-05-04 1333 1812 0 0
2020-05-05 1337 1812 0 0
2020-05-06 1343 1812 0 0
2020-05-07 1338 1812 0 0
2020-05-08 1340 1812 0 0
2020-05-09 1345 1812 0 0
2020-05-10 1345 1812 0 0
2020-05-11 1350 1812 0 0
2020-05-12 1344 1812 0 0
2020-05-13 1344 1812 0 0
2020-05-14 1333 1812 0 0
2020-05-15 1333 1812 0 0
2020-05-16 1336 1812 0 0
2020-05-17 1336 1812 0 0
2020-05-18 1342 1812 0 0
2020-05-19 1353 1812 0 0
2020-05-20 1356 1812 0 0
2020-05-21 1354 1812 0 0
2020-05-22 1347 1812 0 0
2020-05-23 1343 1812 0 0
2020-05-24 1343 1812 0 0
2020-05-25 1349 1812 0 0
2020-05-26 1356 1812 0 0
2020-05-27 1366 1812 0 0
2020-05-28 1363 1812 0 0
2020-05-29 1367 1812 0 0
2020-05-30 1369 1812 0 0
2020-05-31 1369 1812 0 0
2020-06-01 1381 1812 0 0
2020-06-02 1394 1812 0 0
2020-06-03 1408 1812 0 0
2020-06-04 1414 1812 0 0
2020-06-05 1423 1812 0 0
2020-06-06 1427 1812 0 0
2020-06-07 1427 1812 0 0
2020-06-08 1423 1812 0 0
2020-06-09 1424 1812 0 0
2020-06-10 1426 1812 0 0
2020-06-11 1413 1812 0 0
2020-06-12 1414 1812 0 0
2020-06-13 1407 1812 0 0
2020-06-14 1407 1812 0 0
2020-06-15 1414 1812 0 0
2020-06-16 1425 1812 0 0
2020-06-17 1428 1812 0 0
2020-06-18 1424 1812 0 0
2020-06-19 1425 1812 0 0
2020-06-20 1425 1812 0 0
2020-06-21 1425 1812 0 0
2020-06-22 1423 1812 0 0
2020-06-23 1434 1812 0 0
2020-06-24 1434 1812 0 0
2020-06-25 1428 1812 0 0
2020-06-26 1421 1812 0 0
2020-06-27 1415 1812 0 0
2020-06-28 1416 1812 0 0
2020-06-29 1417 1812 0 0
2020-06-30 1428 1812 0 0
2020-07-01 1427 1812 0 0
2020-07-07 1444 1812 0 0
2020-07-08 1468 1812 0 0
2020-07-09 1473 1812 0 0
2020-07-10 1470 1812 0 0
2020-07-11 1471 1812 0 0
2020-07-12 1471 1812 0 0
2020-07-13 1473 1812 0 0
2020-07-14 1469 1812 0 0
2020-07-15 1464 1812 0 0
2020-07-16 1458 1812 0 0
2020-07-17 1486 1775.33 -36.67 -2.066
2020-07-18 1486 1775.33 0 0
2020-07-20 1494 1775.33 0 0
2020-07-21 1496 1775.33 0 0
2020-07-22 1502 1775.33 0 0
2020-07-23 1499 1775.33 0 0
2020-07-24 1480 1775.33 0 0
2020-07-25 1477 1775.33 0 0
2020-07-26 1475 1775.33 0 0
2020-07-27 1478 1775.33 0 0
2020-07-28 1487 1775.33 0 0
2020-07-29 1495 1775.33 0 0
2020-07-30 1498 1775.33 0 0
2020-07-31 1500 1775.33 0 0
2020-08-04 1510 1775.33 0 0
2020-08-05 1518 1775.33 0 0
2020-08-06 1520 1775.33 0 0
2020-08-07 1514 1775.33 0 0
2020-08-08 1509 1775.33 0 0
2020-08-09 1509 1775.33 0 0
2020-08-10 1510 1775.33 0 0
2020-08-12 1511 1775.33 0 0
2020-08-13 1513 1775.33 0 0
2020-08-14 1520 1775.33 0 0
2020-08-15 1520 1775.33 0 0
2020-08-16 1520 1775.33 0 0
2020-08-17 1523 1775.33 0 0
2020-08-18 1527 1775.33 0 0
2020-08-19 1520 1775.33 0 0
2020-08-20 1513 1775.33 0 0
2020-08-21 1517 1775.33 0 0
2020-08-22 1516 1775.33 0 0
2020-08-23 1516 1775.33 0 0
2020-08-24 1520 1775.33 0 0
2020-08-25 1520 1775.33 0 0
2020-08-26 1517 1775.33 0 0
2020-08-27 1519 1775.33 0 0
2020-08-28 1517 1775.33 0 0
2020-08-29 1521 1775.33 0 0
2020-08-30 1521 1775.33 0 0
2020-08-31 1517 1775.33 0 0
2020-09-01 1523 1775.33 0 0
2020-09-02 1534 1775.33 0 0
2020-09-03 1532 1775.33 0 0
2020-09-04 1527 1775.33 0 0
2020-09-05 1530 1775.33 0 0
2020-09-06 1530 1775.33 0 0
2020-09-07 1526 1775.33 0 0
2020-09-08 1515 1775.33 0 0
2020-09-09 1512 1775.33 0 0
2020-09-10 1510 1775.33 0 0
2020-09-11 1516 1775.33 0 0
2020-09-12 1514 1775.33 0 0
2020-09-13 1515 1775.33 0 0
2020-09-14 1523 1775.33 0 0
2020-09-15 1533 1775.33 0 0
2020-09-16 1533 1775.33 0 0
2020-09-17 1538 1775.33 0 0
2020-09-18 1543 1775.33 0 0
2020-09-19 1543 1775.33 0 0
2020-09-21 1521 1775.33 0 0
2020-09-22 1508 1775.33 0 0
2020-09-23 1510 1775.33 0 0
2020-09-24 1501 1775.33 0 0
2020-09-25 1502 1775.33 0 0
2020-09-26 1502 1775.33 0 0
2020-09-27 1503 1775.33 0 0
2020-09-28 1509 1775.33 0 0
2020-09-29 1510 1775.33 0 0
2020-09-30 1515 1775.33 0 0
2020-10-01 1522 1775.33 0 0
2020-10-03 1521 1775.33 0 0
2020-10-04 1521 1775.33 0 0
2020-10-05 1530 1775.33 0 0
2020-10-06 1538 1775.33 0 0
2020-10-07 1538 1775.33 0 0
2020-10-08 1540 1775.33 0 0
2020-10-09 1542 1775.33 0 0
2020-10-10 1547 1775.33 0 0
2020-10-11 1549 1775.33 0 0
2020-10-12 1551 1775.33 0 0
2020-10-13 1549 1775.33 0 0
2020-10-14 1543 1775.33 0 0
2020-10-16 1535 1775.33 0 0
2020-10-17 1535 1775.33 0 0
2020-10-18 1535 1775.33 0 0
2020-10-19 1530 1775.33 0 0
2020-10-20 1540 1775.33 0 0
2020-10-21 1534 1775.33 0 0
2020-10-22 1540 1775.33 0 0
2020-10-23 1534 1775.33 0 0
2020-10-24 1531 1775.33 0 0
2020-10-25 1530 1775.33 0 0
2020-10-26 1523 1775.33 0 0
2020-10-27 1524 1775.33 0 0
2020-10-28 1524 1775.33 0 0
2020-10-29 1523 1775.33 0 0
2020-10-30 1511 1775.33 0 0
2020-10-31 1512 1775.33 0 0
2020-11-01 1512 1775.33 0 0
2020-11-02 1516 1775.33 0 0
2020-11-03 1525 1775.33 0 0
2020-11-04 1535 1775.33 0 0
2020-11-05 1547 1775.33 0 0
2020-11-06 1556 1775.33 0 0
2020-11-07 1561 1775.33 0 0
2020-11-08 1561 1775.33 0 0
2020-11-09 1571 1775.33 0 0
2020-11-10 1577 1775.33 0 0
2020-11-11 1573 1775.33 0 0
2020-11-12 1569 1775.33 0 0
2020-11-13 1575 1775.33 0 0
2020-11-14 1566 1775.33 0 0
2020-11-15 1566 1775.33 0 0
2020-11-17 1573 1775.33 0 0
2020-11-18 1573 1775.33 0 0
2020-11-19 1576 1775.33 0 0
2020-11-20 1574 1775.33 0 0
2020-11-21 1576 1775.33 0 0
2020-11-22 1574 1775.33 0 0
2020-11-23 1581 1775.33 0 0
2020-11-24 1578 1775.33 0 0
2020-11-25 1577 1775.33 0 0
2020-11-26 1573 1775.33 0 0
2020-11-27 1580 1775.33 0 0
2020-11-28 1583 1775.33 0 0
2020-11-29 1583 1775.33 0 0
2020-11-30 1580 1775.33 0 0
2020-12-01 1584 1775.33 0 0
2020-12-02 1582 1775.33 0 0
2020-12-03 1590 1775.33 0 0
2020-12-04 1598 1775.33 0 0
2020-12-05 1600 1775.33 0 0
2020-12-06 1600 1775.33 0 0
2020-12-07 1601 1775.33 0 0
2020-12-08 1602 1775.33 0 0
2020-12-09 1607 1775.33 0 0
2020-12-10 1608 1775.33 0 0
2020-12-11 1605 1775.33 0 0
2020-12-12 1604 1775.33 0 0
2020-12-13 1604 1775.33 0 0
2020-12-14 1610 1775.33 0 0
2020-12-15 1610 1775.33 0 0
2020-12-16 1612 1775.33 0 0
2020-12-17 1620 1775.33 0 0
2020-12-18 1620 1775.33 0 0
2020-12-19 1620 1775.33 0 0
2020-12-20 1620 1775.33 0 0
2020-12-21 1616 1775.33 0 0
2020-12-22 1618 1775.33 0 0
2020-12-23 1650 1775.33 0 0
2020-12-24 1655 1775.33 0 0
2020-12-25 1655 1775.33 0 0
2020-12-26 1655 1775.33 0 0
2020-12-27 1655 1775.33 0 0
2020-12-28 1649 1775.33 0 0
2020-12-29 1651 1775.33 0 0
2020-12-31 1659 1775.33 0 0
2021-01-01 1656 1775.33 0 0
2021-01-02 1656 1775.33 0 0
2021-01-03 1656 1775.33 0 0
2021-01-04 1665 1775.33 0 0
2021-01-05 1667 1775.33 0 0
2021-01-06 1672 1775.33 0 0
2021-01-07 1671 1775.33 0 0
2021-01-08 1677 1775.33 0 0
2021-01-09 1676 1775.33 0 0
2021-01-10 1676 1775.33 0 0
2021-01-11 1668 1775.33 0 0
2021-01-12 1662 1775.33 0 0
2021-01-13 1666 1775.33 0 0
2021-01-14 1670 1775.33 0 0
2021-01-15 1669 1775.33 0 0
2021-01-16 1669 1775.33 0 0
2021-01-17 1669 1775.33 0 0
2021-01-18 1674 1775.33 0 0
2021-01-19 1680 1775.33 0 0
2021-01-20 1680 1775.33 0 0
2021-01-21 1685 1775.33 0 0
2021-01-22 1680 1775.33 0 0
2021-01-23 1680 1775.33 0 0
2021-01-24 1680 1775.33 0 0
2021-01-25 1677 1775.33 0 0
2021-01-26 1684 1775.33 0 0
2021-01-27 1683 1775.33 0 0
2021-01-28 1673 1775.33 0 0
2021-01-29 1664 1775.33 0 0
2021-01-30 1664 1775.33 0 0
2021-01-31 1666 1775.33 0 0
2021-02-01 1674 1775.33 0 0
2021-02-02 1676 1775.33 0 0
2021-02-03 1674 1775.33 0 0
2021-02-04 1675 1775.33 0 0
2021-02-05 1680 1775.33 0 0
2021-02-06 1682 1775.33 0 0
2021-02-07 1682 1775.33 0 0
2021-02-08 1690 1775.33 0 0
2021-02-09 1692 1775.33 0 0
2021-02-10 1702 1775.33 0 0
2021-02-11 1704 1775.33 0 0
2021-02-12 1704 1775.33 0 0
2021-02-13 1704 1775.33 0 0
2021-02-14 1704 1775.33 0 0
2021-02-15 1707 1775.33 0 0
2021-02-16 1711 1775.33 0 0
2021-02-17 1708 1775.33 0 0
2021-02-19 1709 1775.33 0 0
2021-02-20 1711 1775.33 0 0
2021-02-21 1712 1775.33 0 0
2021-02-22 1709 1775.33 0 0
2021-02-23 1710 1775.33 0 0
2021-02-24 1701 1775.33 0 0
2021-02-25 1702 1775.33 0 0
2021-02-26 1698 1775.33 0 0
2021-02-27 1693 1775.33 0 0
2021-02-28 1694 1775.33 0 0
2021-03-01 1704 1775.33 0 0
2021-03-02 1691 1775.33 0 0
2021-03-03 1693 1775.33 0 0
2021-03-04 1695 1775.33 0 0
2021-03-05 1691 1775.33 0 0
2021-03-06 1685 1775.33 0 0
2021-03-07 1635 1852.78 77.45 4.18
2021-03-08 1618 1852.78 0 0
2021-03-09 1615 1852.78 0 0
2021-03-11 1639 1852.78 0 0
2021-03-12 1648 1852.78 0 0
2021-03-13 1648 1852.78 0 0
2021-03-14 1648 1852.78 0 0
2021-03-15 1636 1852.78 0 0
2021-03-16 1638 1852.78 0 0
2021-03-18 1631 1852.78 0 0
2021-03-19 1631 1852.78 0 0
2021-03-20 1633 1852.78 0 0
2021-03-21 1633 1852.78 0 0
2021-03-22 1635 1852.78 0 0
2021-03-23 1626 1852.78 0 0
2021-03-24 1620 1852.78 0 0
2021-03-26 1625 1852.78 0 0
2021-03-27 1621 1852.78 0 0
2021-03-28 1621 1852.78 0 0
2021-03-29 1616 1852.78 0 0
2021-03-30 1622 1852.78 0 0
2021-03-31 1612 1852.78 0 0
2021-04-01 1629 1852.78 0 0
2021-04-02 1632 1852.78 0 0
2021-04-03 1632 1852.78 0 0
2021-04-04 1632 1852.78 0 0
2021-04-05 1631 1852.78 0 0
2021-04-06 1636 1852.78 0 0
2021-04-07 1635 1852.78 0 0
2021-04-08 1638 1852.78 0 0
2021-04-09 1740 1852.78 0 0
2021-04-10 1738 1852.78 0 0
2021-04-11 1738 1852.78 0 0
2021-04-12 1728 1852.78 0 0
2021-04-13 1728 1852.78 0 0
2021-04-14 1732 1852.78 0 0
2021-04-15 1735 1852.78 0 0
2021-04-16 1740 1852.78 0 0
2021-04-17 1746 1852.78 0 0
2021-04-18 1746 1852.78 0 0
2021-04-19 1744 1852.78 0 0
2021-04-20 1749 1852.78 0 0
2021-04-21 1748 1852.78 0 0
2021-04-22 1747 1852.78 0 0
2021-04-23 1763 1852.78 0 0
2021-04-24 1763 1852.78 0 0
2021-04-25 1763 1852.78 0 0
2021-04-26 1759 1852.78 0 0
2021-04-27 1763 1852.78 0 0
2021-04-28 1766 1852.78 0 0
2021-04-29 1771 1852.78 0 0
2021-04-30 1769 1852.78 0 0
2021-05-01 1764 1852.78 0 0
2021-05-02 1763 1852.78 0 0
2021-05-03 1758 1852.78 0 0
2021-05-04 1754 1852.78 0 0
2021-05-05 1758 1852.78 0 0
2021-05-06 1745 1852.78 0 0
2021-05-07 1749 1852.78 0 0
2021-05-08 1754 1852.78 0 0
2021-05-09 1754 1852.78 0 0
2021-05-10 1751 1852.78 0 0
2021-05-11 1751 1852.78 0 0
2021-05-12 1743 1852.78 0 0
2021-05-13 1734 1852.78 0 0
2021-05-14 1747 1852.78 0 0
2021-05-15 1751 1852.78 0 0
2021-05-16 1751 1852.78 0 0
2021-05-17 1759 1852.78 0 0
2021-05-18 1770 1852.78 0 0
2021-05-19 1759 1852.78 0 0
2021-05-20 1768 1852.78 0 0
2021-05-21 1769 1852.78 0 0
2021-05-22 1770 1852.78 0 0
2021-05-24 1777 1852.78 0 0
2021-05-25 1776 1852.78 0 0
2021-05-26 1791 1852.78 0 0
2021-05-27 1796 1852.78 0 0
2021-05-28 1791 1852.78 0 0
2021-05-29 1793 1852.78 0 0
2021-05-30 1793 1852.78 0 0
2021-05-31 1799 1852.78 0 0
2021-06-01 1806 1852.78 0 0
2021-06-02 1808 1852.78 0 0
2021-06-03 1806 1852.78 0 0
2021-06-04 1804 1852.78 0 0
2021-06-05 1802 1852.78 0 0
2021-06-06 1802 1852.78 0 0
2021-06-07 1806 1852.78 0 0
2021-06-08 1804 1852.78 0 0
2021-06-09 1797 1852.78 0 0
2021-06-10 1798 1852.78 0 0
2021-06-11 1803 1852.78 0 0
2021-06-12 1803 1852.78 0 0
2021-06-13 1803 1852.78 0 0
2021-06-14 1803 1852.78 0 0
2021-06-16 1788 1852.78 0 0
2021-06-17 1791 1852.78 0 0
2021-06-18 1784 1852.78 0 0
2021-06-19 1784 1852.78 0 0
2021-06-20 1778 1852.78 0 0
2021-06-21 1782 1852.78 0 0
2021-06-22 1786 1852.78 0 0
2021-06-23 1798 1852.78 0 0
2021-06-24 1792 1852.78 0 0
2021-06-25 1799 1852.78 0 0
2021-06-26 1803 1852.78 0 0
2021-06-27 1803 1852.78 0 0
2021-06-28 1802 1852.78 0 0
2021-06-29 1804 1852.78 0 0
2021-06-30 1799 1852.78 0 0
2021-07-01 1794 1852.78 0 0
2021-07-02 1791 1852.78 0 0
2021-07-03 1790 1852.78 0 0
2021-07-04 1790 1852.78 0 0
2021-07-05 1789 1852.78 0 0
2021-07-06 1785 1852.78 0 0
2021-07-07 1790 1852.78 0 0
2021-07-08 1784 1852.78 0 0
2021-07-09 1782 1852.78 0 0
2021-07-10 1788 1852.78 0 0
2021-07-11 1788 1852.78 0 0
2021-07-12 1794 1852.78 0 0
2021-07-13 1792 1852.78 0 0
2021-07-14 1792 1852.78 0 0
2021-07-15 1792 1852.78 0 0
2021-07-16 1779 1852.78 0 0
2021-07-17 1777 1852.78 0 0
2021-07-18 1777 1852.78 0 0
2021-07-19 1774 1852.78 0 0
2021-07-20 1767 1852.78 0 0
2021-07-21 1776 1852.78 0 0
2021-07-22 1780 1852.78 0 0
2021-07-23 1782 1852.78 0 0
2021-07-24 1783 1852.78 0 0
2021-07-25 1783 1852.78 0 0
2021-07-26 1767 1852.78 0 0
2021-07-27 1749 1852.78 0 0
2021-07-28 1755 1852.78 0 0
2021-07-29 1766 1852.78 0 0
2021-07-30 1766 1852.78 0 0
2021-07-31 1762 1852.78 0 0
2021-08-01 1762 1852.78 0 0
2021-08-02 1780 1852.78 0 0
2021-08-03 1784 1852.78 0 0
2021-08-04 1778 1852.78 0 0
2021-08-05 1775 1852.78 0 0
2021-08-06 1772 1852.78 0 0
2021-08-07 1770 1852.78 0 0
2021-08-08 1770 1852.78 0 0
2021-08-09 1776 1852.78 0 0
2021-08-10 1776 1852.78 0 0
2021-08-11 1776 1852.78 0 0
2021-08-13 1767 1852.78 0 0
2021-08-14 1767 1852.78 0 0
2021-08-15 1767 1852.78 0 0
2021-08-16 1760 1852.78 0 0
2021-08-17 1754 1852.78 0 0
2021-08-18 1745 1852.78 0 0
2021-08-19 1748 1852.78 0 0
2021-08-20 1735 1852.78 0 0
2021-08-21 1736 1852.78 0 0
2021-08-22 1736 1852.78 0 0
2021-08-23 1747 1852.78 0 0
2021-08-24 1758 1852.78 0 0
2021-08-25 1761 1852.78 0 0
2021-08-26 1756 1852.78 0 0
2021-08-27 1760 1852.78 0 0
2021-08-28 1765 1852.78 0 0
2021-08-29 1766 1852.78 0 0
2021-08-30 1770 1852.78 0 0
2021-08-31 1770 1852.78 0 0
2021-09-01 1779 1852.78 0 0
2021-09-02 1778 1852.78 0 0
2021-09-03 1776 1852.78 0 0
2021-09-04 1777 1852.78 0 0
2021-09-05 1780 1852.78 0 0
2021-09-06 1786 1852.78 0 0
2021-09-07 1788 1852.78 0 0
2021-09-08 1781 1852.78 0 0
2021-09-09 1773 1852.78 0 0
2021-09-10 1774 1852.78 0 0
2021-09-11 1777 1852.78 0 0
2021-09-12 1777 1852.78 0 0
2021-09-13 1779 1852.78 0 0
2021-09-14 1776 1852.78 0 0
2021-09-15 1774 1852.78 0 0
2021-09-16 1775 1852.78 0 0
2021-09-17 1774 1852.78 0 0
2021-09-18 1769 1852.78 0 0
2021-09-19 1767 1852.78 0 0
2021-09-20 1760 1852.78 0 0
2021-09-21 1760 1852.78 0 0
2021-09-22 1754 1852.78 0 0
2021-09-23 1765 1852.78 0 0
2021-09-24 1764 1852.78 0 0
2021-09-25 1763 1852.78 0 0
2021-09-26 1763 1852.78 0 0
2021-09-27 1764 1852.78 0 0
2021-09-28 1754 1852.78 0 0
2021-09-29 1751 1852.78 0 0
2021-09-30 1747 1852.78 0 0
2021-10-01 1744 1852.78 0 0
2021-10-02 1745 1852.78 0 0
2021-10-03 1745 1852.78 0 0
2021-10-05 1749 1852.78 0 0
2021-10-06 1754 1852.78 0 0
2021-10-07 1753 1852.78 0 0
2021-10-08 1761 1852.78 0 0
2021-10-09 1760 1852.78 0 0
2021-10-10 1761 1852.78 0 0
2021-10-11 1763 1852.78 0 0
2021-10-12 1762 1852.78 0 0
2021-10-13 1764 1852.78 0 0
2021-10-14 1768 1852.78 0 0
2021-10-15 1776 1852.78 0 0
2021-10-16 1774 1852.78 0 0
2021-10-17 1774 1852.78 0 0
2021-10-18 1769 1852.78 0 0
2021-10-19 1775 1852.78 0 0
2021-10-20 1784 1852.78 0 0
2021-10-21 1773 1852.78 0 0
2021-10-22 1772 1852.78 0 0
2021-10-23 1773 1852.78 0 0
2021-10-25 1774 1852.78 0 0
2021-10-26 1772 1852.78 0 0
2021-10-27 1773 1852.78 0 0
2021-10-28 1767 1852.78 0 0
2021-10-29 1766 1852.78 0 0
2021-10-30 1765 1852.78 0 0
2021-10-31 1765 1852.78 0 0
2021-11-01 1769 1852.78 0 0
2021-11-02 1767 1852.78 0 0
2021-11-03 1766 1852.78 0 0
2021-11-04 1775 1852.78 0 0
2021-11-05 1765 1852.78 0 0
2021-11-06 1767 1852.78 0 0
2021-11-07 1767 1852.78 0 0
2021-11-08 1771 1852.78 0 0
2021-11-09 1768 1852.78 0 0
2021-11-10 1770 1852.78 0 0
2021-11-11 1773 1852.78 0 0
2021-11-12 1782 1852.78 0 0
2021-11-13 1781 1852.78 0 0
2021-11-14 1781 1852.78 0 0
2021-11-15 1777 1852.78 0 0
2021-11-16 1785 1852.78 0 0
2021-11-17 1782 1852.78 0 0
2021-11-18 1775 1852.78 0 0
2021-11-19 1764 1852.78 0 0
2021-11-20 1764 1852.78 0 0
2021-11-21 1761 1852.78 0 0
2021-11-22 1759 1852.78 0 0
2021-11-23 1757 1852.78 0 0
2021-11-24 1752 1852.78 0 0
2021-11-25 1753 1852.78 0 0
2021-11-26 1742 1852.78 0 0
2021-11-27 1741 1852.78 0 0
2021-11-28 1741 1852.78 0 0
2021-11-29 1746 1852.78 0 0
2021-11-30 1737 1852.78 0 0
2021-12-01 1727 1852.78 0 0
2021-12-02 1734 1852.78 0 0
2021-12-03 1731 1852.78 0 0
2021-12-04 1731 1852.78 0 0
2021-12-05 1731 1852.78 0 0
2021-12-06 1726 1852.78 0 0
2021-12-07 1731 1852.78 0 0
2021-12-08 1745 1852.78 0 0
2021-12-09 1735 1852.78 0 0
2021-12-10 1733 1852.78 0 0
2021-12-11 1735 1852.78 0 0
2021-12-12 1733 1852.78 0 0
2021-12-13 1740 1852.78 0 0
2021-12-14 1739 1852.78 0 0
2021-12-15 1735 1852.78 0 0
2021-12-16 1732 1852.78 0 0
2021-12-17 1729 1852.78 0 0
2021-12-18 1720 1852.78 0 0
2021-12-19 1720 1852.78 0 0
2021-12-20 1703 1852.78 0 0
2021-12-21 1722 1852.78 0 0
2021-12-22 1727 1852.78 0 0
2021-12-23 1731 1852.78 0 0
2021-12-24 1734 1852.78 0 0
2021-12-25 1737 1852.78 0 0
2021-12-26 1737 1852.78 0 0
2021-12-27 1744 1852.78 0 0
2021-12-28 1740 1852.78 0 0
2021-12-29 1745 1852.78 0 0
2021-12-30 1748 1852.78 0 0
2021-12-31 1747 1852.78 0 0
2022-01-02 1748 1852.78 0 0
2022-01-03 1752 1852.78 0 0
2022-01-04 1757 1852.78 0 0
2022-01-05 1740 1852.78 0 0
2022-01-06 1741 1852.78 0 0
2022-01-07 1734 1852.78 0 0
2022-01-08 1734 1852.78 0 0
2022-01-09 1734 1852.78 0 0
2022-01-10 1729 1852.78 0 0
2022-01-11 1731 1852.78 0 0
2022-01-12 1739 1852.78 0 0
2022-01-13 1736 1852.78 0 0
2022-01-14 1733 1852.78 0 0
2022-01-15 1717 1852.78 0 0
2022-01-16 1733 1852.78 0 0
2022-01-17 1735 1852.78 0 0
2022-01-18 1729 1852.78 0 0
2022-01-19 1719 1852.78 0 0
2022-01-20 1709 1852.78 0 0
2022-01-22 1693 1852.78 0 0
2022-01-23 1693 1852.78 0 0
2022-01-24 1693 1852.78 0 0
2022-01-25 1676 1852.78 0 0
2022-01-26 1682 1852.78 0 0
2022-01-27 1664 1852.78 0 0
2022-01-28 1668 1852.78 0 0
2022-01-29 1672 1852.78 0 0
2022-01-30 1670 1852.78 0 0
2022-01-31 1683 1852.78 0 0
2022-02-01 1690 1852.78 0 0
2022-02-02 1694 1852.78 0 0
2022-02-03 1686 1852.78 0 0
2022-02-04 1688 1852.78 0 0
2022-02-05 1686 1852.78 0 0
2022-02-06 1686 1852.78 0 0
2022-02-07 1693 1852.78 0 0
2022-02-08 1694 1852.78 0 0
2022-02-09 1714 1852.78 0 0
2022-02-10 1702 1852.78 0 0
2022-02-11 1687 1852.78 0 0
2022-02-12 1676 1852.78 0 0
2022-02-13 1678 1852.78 0 0
2022-02-14 1671 1852.78 0 0
2022-02-15 1677 1852.78 0 0
2022-02-16 1690 1852.78 0 0
2022-02-17 1680 1852.78 0 0
2022-02-18 1670 1852.78 0 0
2022-02-19 1670 1852.78 0 0
2022-02-20 1669 1852.78 0 0
2022-02-21 1666 1852.78 0 0
2022-02-22 1653 1852.78 0 0
2022-02-23 1658 1852.78 0 0
2022-02-24 1645 1852.78 0 0
2022-02-25 1647 1852.78 0 0
2022-02-26 1655 1852.78 0 0
2022-02-27 1655 1852.78 0 0
2022-02-28 1645 1852.78 0 0
