2025-04-02 1299 2841.103 0 0
2025-04-03 1277 2871.691 30.588 1.077
2025-04-04 1258 2903.528 31.837 1.109
2025-04-05 1313 2760.867 -142.661 -4.913
2025-04-06 1313 2760.867 0 0
2025-04-07 1322 2699.507 -61.36 -2.222
2025-04-08 1271 2808.87 109.363 4.051
2025-04-09 1287 2781.27 -27.6 -0.983
2025-04-10 1273 2828.501 47.231 1.698
2025-04-11 1276 2828.501 0 0
2025-04-12 1245 2941.217 112.716 3.985
2025-04-13 1245 2941.217 0 0
2025-04-14 1249 2941.217 0 0
2025-04-15 1232 2975.429 34.212 1.163
2025-04-16 1227 2996.669 21.24 0.714
2025-04-17 1229 2991.26 -5.409 -0.181
2025-04-18 1231 2984.404 -6.856 -0.229
2025-04-19 1231 2984.404 0 0
2025-04-20 1231 2984.404 0 0
2025-04-21 1232 2984.404 0 0
2025-04-22 1246 2980.68 -3.724 -0.125
2025-04-23 1209 3078.092 97.412 3.268
2025-04-24 1229 3032.118 -45.974 -1.494
2025-04-25 1231 3027.461 -4.657 -0.154
2025-04-26 1232 3023.398 -4.063 -0.134
2025-04-27 1232 3023.398 0 0
2025-04-28 1235 3023.398 0 0
2025-04-29 1227 3047.642 24.244 0.802
2025-04-30 1243 3027.228 -20.414 -0.67
2025-05-01 1243 3026.88 -0.348 -0.011
2025-05-02 1208 3103.447 76.567 2.53
2025-05-03 1200 3143.79 40.343 1.3
2025-05-04 1201 3143.79 0 0
2025-05-05 1181 3190.578 46.788 1.488
2025-05-06 1258 2994.069 -196.509 -6.159
2025-05-07 1249 3018.446 24.377 0.814
2025-05-08 1230 3060.364 41.918 1.389
2025-05-09 1235 3042.367 -17.997 -0.588
2025-05-10 1235 3047.055 4.688 0.154
2025-05-11 1235 3047.055 0 0
2025-05-12 1234 3084.219 37.164 1.22
2025-05-13 1254 3033.942 -50.277 -1.63
2025-05-14 1267 3009.476 -24.466 -0.806
2025-05-15 1266 3018.043 8.567 0.285
2025-05-16 1268 3010.869 -7.174 -0.238
2025-05-17 1271 3007.403 -3.466 -0.115
2025-05-18 1271 3007.403 0 0
2025-05-19 1288 2951.875 -55.528 -1.846
2025-05-20 1245 3073.318 121.443 4.114
2025-05-21 1231 3084.596 11.278 0.367
2025-05-22 1213 3121.038 36.442 1.181
2025-05-23 1202 3146.224 25.186 0.807
2025-05-24 1202 3146.224 0 0
2025-05-25 1195 3174.737 28.513 0.906
2025-05-26 1189 3193.469 18.732 0.59
2025-05-27 1187 3212.202 18.733 0.587
2025-05-28 1189 3205.796 -6.406 -0.199
2025-05-29 1198 3187.646 -18.15 -0.566
2025-05-30 1205 3150.687 -36.959 -1.159
2025-05-31 1207 3146.834 -3.853 -0.122
2025-06-01 1207 3146.834 0 0
