2025-04-02 987 3700 0 0
2025-04-03 980 3700 0 0
2025-04-04 965 3700 0 0
2025-04-05 960 3700 0 0
2025-04-06 959 3700 0 0
2025-04-07 942 3700 0 0
2025-04-08 946 3700 0 0
2025-04-09 950 3700 0 0
2025-04-10 953 3700 0 0
2025-04-11 954 3700 0 0
2025-04-12 961 3700 0 0
2025-04-13 961 3700 0 0
2025-04-14 967 3700 0 0
2025-04-15 976 3700 0 0
2025-04-16 973 3700 0 0
2025-04-17 974 3700 0 0
2025-04-18 973 3700 0 0
2025-04-19 973 3700 0 0
2025-04-20 973 3700 0 0
2025-04-21 973 3700 0 0
2025-04-22 981 3700 0 0
2025-04-23 996 3700 0 0
2025-04-24 1000 3700 0 0
2025-04-25 1001 3700 0 0
2025-04-26 1000 3700 0 0
2025-04-27 1000 3700 0 0
2025-04-28 1001 3700 0 0
2025-04-29 1004 3700 0 0
2025-04-30 1009 3700 0 0
2025-05-01 1006 3700 0 0
2025-05-02 1009 3700 0 0
2025-05-03 1013 3700 0 0
2025-05-04 1012 3700 0 0
2025-05-05 1010 3700 0 0
2025-05-06 1012 3700 0 0
2025-05-07 1013 3700 0 0
2025-05-08 1012 3700 0 0
2025-05-09 1008 3700 0 0
2025-05-10 1008 3700 0 0
2025-05-11 1008 3700 0 0
2025-05-12 1017 3700 0 0
2025-05-13 1018 3700 0 0
2025-05-14 1021 3700 0 0
2025-05-15 1025 3700 0 0
2025-05-16 1024 3700 0 0
2025-05-17 1025 3700 0 0
2025-05-18 1025 3700 0 0
2025-05-19 1027 3700 0 0
2025-05-20 1030 3700 0 0
2025-05-21 1026 3700 0 0
2025-05-22 1024 3700 0 0
2025-05-23 1019 3700 0 0
2025-05-24 1019 3700 0 0
2025-05-25 1022 3700 0 0
2025-05-26 1022 3700 0 0
2025-05-27 1019 3700 0 0
2025-05-28 1017 3700 0 0
2025-05-29 1019 3700 0 0
2025-05-30 1017 3700 0 0
2025-05-31 1019 3700 0 0
2025-06-01 1019 3700 0 0
