2023-10-26 1340 2191 0 0
2023-10-27 1345 2191 0 0
2023-10-28 1343 2191 0 0
2023-10-29 1344 2191 0 0
2023-10-30 1351 2191 0 0
2023-10-31 1354 2191 0 0
2023-11-01 1357 2191 0 0
2023-11-02 1356 2191 0 0
2023-11-03 1369 2191 0 0
2023-11-04 1374 2191 0 0
2023-11-05 1374 2191 0 0
2023-11-06 1374 2191 0 0
2023-11-07 1375 2191 0 0
2023-11-08 1375 2191 0 0
2023-11-09 1373 2191 0 0
2023-11-10 1373 2191 0 0
2023-11-11 1372 2191 0 0
2023-11-12 1372 2191 0 0
2023-11-13 1374 2191 0 0
2023-11-14 1377 2191 0 0
2023-11-15 1386 2191 0 0
2023-11-16 1386 2191 0 0
2023-11-17 1390 2191 0 0
2023-11-18 1391 2191 0 0
2023-11-19 1391 2191 0 0
2023-11-20 1393 2191 0 0
2023-11-21 1396 2191 0 0
2023-11-22 1393 2191 0 0
2023-11-23 1391 2191 0 0
2023-11-24 1392 2191 0 0
2023-11-25 1393 2191 0 0
2023-11-26 1393 2191 0 0
2023-11-27 1392 2191 0 0
2023-11-28 1395 2191 0 0
2023-11-29 1397 2191 0 0
2023-11-30 1399 2191 0 0
