2020-01-19 500 4484.541 0 0
2020-02-07 475 4655.609 171.068 3.674
2020-02-15 469 4671.73 16.121 0.345
2020-02-16 470 4671.73 0 0
2020-02-17 468 4671.73 0 0
2020-02-18 468 4660.535 -11.195 -0.24
2020-02-19 469 4683.374 22.839 0.488
2020-02-20 472 4630.531 -52.843 -1.141
2020-02-21 465 4659.639 29.108 0.625
2020-02-22 464 4659.639 0 0
2020-02-23 464 4659.639 0 0
2020-02-24 466 4640.831 -18.808 -0.405
2020-02-25 461 4634.113 -6.718 -0.145
2020-02-26 461 4601.87 -32.243 -0.701
2020-02-27 452 4613.962 12.092 0.262
2020-02-28 456 4551.714 -62.248 -1.368
2020-02-29 452 4551.714 0 0
