2024-03-30 2447 1227.51 0 0
2024-03-31 2447 1227.51 0 0
2024-04-02 2447 1227.51 0 0
2024-04-03 2445 1227.51 0 0
2024-04-04 2444 1227.51 0 0
2024-04-05 2448 1227.51 0 0
2024-04-06 2446 1227.51 0 0
2024-04-07 2446 1227.51 0 0
2024-04-08 2444 1227.51 0 0
2024-04-09 2450 1227.51 0 0
2024-04-10 2445 1227.51 0 0
2024-04-11 2442 1227.51 0 0
2024-04-12 2431 1227.51 0 0
2024-04-13 2428 1227.51 0 0
2024-04-14 2428 1227.51 0 0
2024-04-15 2424 1227.51 0 0
2024-04-16 2416 1227.51 0 0
2024-04-17 2416 1227.51 0 0
2024-04-18 2417 1227.51 0 0
2024-04-19 2409 1227.51 0 0
2024-04-20 2409 1227.51 0 0
2024-04-21 2409 1227.51 0 0
2024-04-22 2417 1227.51 0 0
2024-04-23 2422 1227.51 0 0
2024-04-24 2424 1227.51 0 0
2024-04-25 2420 1227.51 0 0
2024-04-26 2430 1227.51 0 0
2024-04-27 2430 1227.51 0 0
2024-04-28 2430 1227.51 0 0
2024-04-29 2436 1227.51 0 0
2024-04-30 2428 1227.51 0 0
