2020-01-19 222 8262.953 0 0
2020-02-07 202 8657.377 394.424 4.556
2020-02-15 195 8870.306 212.929 2.4
2020-02-16 194 8870.306 0 0
2020-02-17 194 8943.328 73.022 0.816
2020-02-18 194 8943.328 0 0
2020-02-19 194 9001.834 58.506 0.65
2020-02-20 191 9043.475 41.641 0.46
2020-02-21 194 8937.979 -105.496 -1.18
2020-02-22 196 8705.897 -232.082 -2.666
2020-02-23 196 8705.897 0 0
2020-02-24 194 8705.897 0 0
2020-02-25 199 8381.427 -324.47 -3.871
2020-02-26 202 8194.222 -187.205 -2.285
2020-02-27 198 8246.309 52.087 0.632
2020-02-28 213 7803.795 -442.514 -5.67
2020-02-29 206 7916.647 112.852 1.426
