2019-11-07 174 9527.997 0 0
2020-01-19 169 10080.707 552.71 5.801
2020-02-07 166 10115.84 35.133 0.349
2020-02-15 161 10292.474 176.634 1.746
2020-02-16 160 10292.474 0 0
2020-02-17 161 10284.629 -7.845 -0.076
2020-02-18 161 10284.629 0 0
2020-02-19 164 10339.672 55.043 0.535
2020-02-20 161 10340.041 0.369 0.004
2020-02-21 161 10334.827 -5.214 -0.05
2020-02-22 161 10276.444 -58.383 -0.565
2020-02-23 161 10276.444 0 0
2020-02-24 158 10276.444 0 0
2020-02-25 162 10119.782 -156.662 -1.524
2020-02-26 166 9955.227 -164.555 -1.626
2020-02-27 162 9984.87 29.643 0.298
2020-02-28 164 9826.326 -158.544 -1.588
2020-02-29 186 8467.568 -1358.758 -13.828
