2022-04-05 1030 3086.569 0 0
2022-04-06 1017 3109.656 23.087 0.742
2022-04-07 1008 3134.891 25.235 0.805
2022-04-08 997 3159.699 24.808 0.785
2022-04-09 999 3159.414 -0.285 -0.009
2022-04-10 998 3159.414 0 0
2022-04-11 1009 3101.609 -57.805 -1.864
2022-04-12 1003 3119.783 18.174 0.583
2022-04-13 991 3153.594 33.811 1.072
2022-04-14 986 3194.363 40.769 1.276
2022-04-15 982 3198.026 3.663 0.115
2022-04-16 982 3198.026 0 0
2022-04-17 982 3198.026 0 0
2022-04-18 956 3279.646 81.62 2.489
2022-04-19 945 3307.069 27.423 0.829
2022-04-20 940 3302.335 -4.734 -0.143
2022-04-21 932 3303.048 0.713 0.022
2022-04-22 923 3305.799 2.751 0.083
2022-04-23 921 3303.194 -2.605 -0.079
2022-04-24 921 3303.194 0 0
2022-04-25 911 3294.162 -9.032 -0.274
2022-04-26 915 3269.099 -25.063 -0.767
2022-04-27 951 3193.395 -75.704 -2.371
2022-04-28 905 3317.109 123.714 3.73
2022-04-29 906 3302.168 -14.941 -0.452
2022-04-30 910 3302.168 0 0
2022-05-01 910 3302.168 0 0
2022-05-02 910 3302.168 0 0
2022-05-03 907 3302.168 0 0
2022-05-04 910 3302.168 0 0
2022-05-05 909 3302.168 0 0
2022-05-06 898 3302.168 0 0
2022-05-07 894 3302.168 0 0
2022-05-08 895 3302.168 0 0
2022-05-09 907 3235.858 -66.31 -2.049
2022-05-10 902 3207.755 -28.103 -0.876
2022-05-11 921 3178.511 -29.244 -0.92
2022-05-12 961 3040.219 -138.292 -4.549
2022-05-13 973 3004.494 -35.725 -1.189
2022-05-14 974 3001.762 -2.732 -0.091
2022-05-15 974 3001.762 0 0
2022-05-16 974 3001.762 0 0
2022-05-17 953 3110.312 108.55 3.49
2022-05-18 951 3129.531 19.219 0.614
2022-05-19 957 3103.025 -26.506 -0.854
2022-05-20 926 3203.05 100.025 3.123
2022-05-21 925 3218.291 15.241 0.474
2022-05-22 925 3218.291 0 0
2022-05-23 971 3071.373 -146.918 -4.783
2022-05-24 949 3111.117 39.744 1.277
2022-05-25 950 3128.709 17.592 0.562
2022-05-26 954 3133.137 4.428 0.141
2022-05-27 946 3161.305 28.168 0.891
2022-05-28 945 3171.895 10.59 0.334
2022-05-29 945 3171.895 0 0
2022-05-30 960 3149.912 -21.983 -0.698
2022-05-31 942 3204.509 54.597 1.704
