2020-01-19 1894 1271.034 0 0
2020-02-07 1868 1269.302 -1.732 -0.136
2020-02-15 1871 1267.504 -1.798 -0.142
2020-02-16 1871 1267.504 0 0
2020-02-17 1878 1259.448 -8.056 -0.64
2020-02-18 1874 1259.448 0 0
2020-02-19 1883 1248.334 -11.114 -0.89
2020-02-20 1897 1240.453 -7.881 -0.635
2020-02-21 1878 1247.552 7.099 0.569
2020-02-22 1882 1247.147 -0.405 -0.032
2020-02-23 1879 1247.147 0 0
2020-02-24 1870 1247.147 0 0
2020-02-25 1885 1221.037 -26.11 -2.138
2020-02-26 1932 1180.905 -40.132 -3.398
2020-02-27 1944 1163.222 -17.683 -1.52
2020-02-28 1971 1121.913 -41.309 -3.682
2020-02-29 2031 1065.979 -55.934 -5.247
2020-03-01 2029 1065.979 0 0
2020-03-02 2034 1065.979 0 0
2020-03-03 2011 1091.352 25.373 2.325
2020-03-04 2040 1071.731 -19.621 -1.831
2020-03-05 2013 1096.268 24.537 2.238
2020-03-06 2041 1064.995 -31.273 -2.936
2020-03-07 2061 1048.638 -16.357 -1.56
2020-03-08 2034 1073.6 24.962 2.325
2020-03-09 2001 1073.6 0 0
2020-03-10 2060 1016.538 -57.062 -5.613
2020-03-11 2012 1041.993 25.455 2.443
2020-04-10 2110 1028.23 -13.763 -1.339
2020-04-11 2110 1028.23 0 0
2020-04-12 2110 1028.23 0 0
2020-04-13 2106 1028.23 0 0
2020-04-15 2126 1018.227 -10.003 -0.982
2020-04-18 2137 1016.873 -1.354 -0.133
2020-04-19 2137 1016.873 0 0
2020-04-20 2141 1016.873 0 0
2020-04-21 2142 1005.131 -11.742 -1.168
2020-04-25 2141 1002.044 -3.087 -0.308
2020-04-26 2141 1002.044 0 0
2020-04-27 2140 1002.044 0 0
2020-04-28 2131 1020.117 18.073 1.772
2020-04-29 2136 1025.466 5.349 0.522
2020-04-30 2106 1050.185 24.719 2.354
