2021-04-25 2573 1131.317 0 0
2021-04-26 2520 1169.588 38.271 3.383
2021-04-27 2528 1166.788 -2.8 -0.239
2021-04-28 2597 1121.049 -45.739 -3.92
2021-04-29 2699 1025.84 -95.209 -8.493
2021-04-30 2704 1016.505 -9.335 -0.91
2021-05-01 2703 1016.505 0 0
2021-05-02 2702 1016.505 0 0
2021-05-03 2678 1036.107 19.602 1.928
2021-05-04  980.102 -56.005 -5.405
2021-05-06 2707 1004.371 24.269 2.476
2021-05-07 2685 1030.507 26.136 2.602
2021-05-08 2688 1030.507 0 0
2021-05-09 2688 1030.507 0 0
2021-05-10  927.829 -102.678 -9.964
2021-05-12 2705 1004.371 76.542 8.25
2021-05-13  968.9 -35.471 -3.532
2021-05-15 2681 1023.973 55.073 5.684
2021-05-16 2681 1023.973 0 0
2021-05-17 2605 1097.714 73.741 7.201
2021-05-18 2565 1129.45 31.736 2.891
2021-05-19 2565 1133.184 3.734 0.331
2021-05-20 2623 1085.579 -47.605 -4.201
2021-05-21 2627 1082.779 -2.8 -0.258
2021-05-22 2627 1082.779 0 0
2021-05-23 2627 1082.779 0 0
2021-05-24 2660 1051.042 -31.737 -2.931
2021-05-25 2680 1028.64 -22.402 -2.131
2021-05-26 2695 1015.572 -13.068 -1.27
2021-05-27 2613 1094.913 79.341 7.812
2021-05-28 2657 1055.709 -39.204 -3.581
2021-05-29 2659 1055.709 0 0
2021-05-30 2659 1055.709 0 0
2021-05-31 2656 1055.709 0 0
