2026-03-10 2471 1613.659 0 0
2026-03-11 2448 1640.923 27.264 1.69
2026-03-12 2410 1666.993 26.07 1.589
2026-03-13 2450 1617.638 -49.355 -2.961
2026-03-14 2449 1612.915 -4.723 -0.292
2026-03-15 2449 1612.915 0 0
2026-03-16 2506 1568.148 -44.767 -2.776
2026-03-17 2481 1582.554 14.406 0.919
2026-03-18 2456 1604.983 22.429 1.417
2026-03-19 2599 1486.921 -118.062 -7.356
2026-03-20 2597 1478.239 -8.682 -0.584
2026-03-21 2595 1478.239 0 0
2026-03-22 2595 1478.239 0 0
2026-03-23 2581 1478.239 0 0
2026-03-24 2576 1489.428 11.189 0.757
2026-03-25 2532 1538.732 49.304 3.31
2026-03-27 2535 1527.592 -11.14 -0.724
2026-03-28 2545 1506.084 -21.508 -1.408
2026-03-29 2545 1506.084 0 0
2026-03-30 2701 1385.261 -120.823 -8.022
2026-03-31 2638 1423.875 38.614 2.787
2026-04-01 2585 1492.694 0 0
2026-04-02 2603 1470.921 0 0
2026-04-03 2605 1468.011 0 0
2026-04-04 2646 1430.91 0 0
2026-04-05 2646 1430.91 0 0
