2024-03-30 2310 1319.145 0 0
2024-03-31 2311 1319.145 0 0
2024-04-02 2308 1330.158 11.013 0.835
2024-04-03 2313 1326.599 -3.559 -0.268
2024-04-04 2317 1325.777 -0.822 -0.062
2024-04-05 2318 1327.937 2.16 0.163
2024-04-06 2317 1325.197 -2.74 -0.206
2024-04-07 2317 1325.197 0 0
2024-04-08 2319 1323.149 -2.048 -0.155
2024-04-09 2307 1334.249 11.1 0.839
2024-04-10 2297 1337.483 3.234 0.242
2024-04-11 2311 1325.168 -12.315 -0.921
2024-04-12 2302 1322.597 -2.571 -0.194
2024-04-13 2304 1315.029 -7.568 -0.572
2024-04-14 2304 1315.029 0 0
2024-04-15 2305 1312.583 -2.446 -0.186
2024-04-16 2316 1297.446 -15.137 -1.153
2024-04-17 2304 1307.464 10.018 0.772
2024-04-18 2289 1324.237 16.773 1.283
2024-04-19 2295 1317.696 -6.541 -0.494
2024-04-20 2291 1318.206 0.51 0.039
2024-04-21 2291 1318.206 0 0
2024-04-22 2281 1336.913 18.707 1.419
2024-04-23 2249 1359.801 22.888 1.712
2024-04-24 2287 1340.304 -19.497 -1.434
2024-04-25 2271 1347.358 7.054 0.526
2024-04-26 2286 1343.963 -3.395 -0.252
2024-04-27 2285 1343.236 -0.727 -0.054
2024-04-28 2285 1343.236 0 0
2024-04-29 2289 1349.788 6.552 0.488
2024-04-30 2288 1347.272 -2.516 -0.186
2024-05-01 2294 1344.849 -2.423 -0.18
2024-05-02 2299 1340.396 -4.453 -0.331
2024-05-03 2299 1348.17 7.774 0.58
2024-05-04 2291 1357.002 8.832 0.655
2024-05-05 2291 1357.002 0 0
2024-05-06 2301 1355.937 -1.065 -0.078
2024-05-07 2301 1353.794 -2.143 -0.158
2024-05-08 2323 1331.142 -22.652 -1.673
2024-05-09 2307 1339.575 8.433 0.634
2024-05-10 2307 1342.504 2.929 0.219
2024-05-11 2307 1342.539 0.035 0.003
2024-05-12 2307 1342.539 0 0
2024-05-13 2310 1340.414 -2.125 -0.158
2024-05-14 2319 1332.79 -7.624 -0.569
2024-05-15 2311 1333.152 0.362 0.027
2024-05-16 2315 1343.899 10.747 0.806
2024-05-17 2309 1351.132 7.233 0.538
2024-05-18 2304 1352.086 0.954 0.071
2024-05-19 2304 1352.086 0 0
2024-05-20 2313 1350.752 -1.334 -0.099
2024-05-21 2309 1348.911 -1.841 -0.136
2024-05-22 2301 1349.418 0.507 0.038
2024-05-23 2288 1353.759 4.341 0.322
2024-05-24 2277 1351.068 -2.691 -0.199
2024-05-25 2277 1351.562 0.494 0.037
2024-05-26 2277 1351.562 0 0
2024-05-27 2283 1350.425 -1.137 -0.084
2024-05-28 2275 1353.457 3.032 0.225
2024-05-29 2272 1351.873 -1.584 -0.117
2024-05-30 2275 1349.075 -2.798 -0.207
2024-05-31 2272 1355.026 5.951 0.441
