2020-01-19 1494 1748.22 0 0
2020-02-07 1459 1751.142 2.922 0.167
2020-02-15 1464 1753.904 2.762 0.157
2020-02-16 1464 1753.904 0 0
2020-02-17 1462 1753.904 0 0
2020-02-18 1463 1753.904 0 0
2020-02-19 1462 1755.345 1.441 0.082
2020-02-20 1463 1754.027 -1.318 -0.075
2020-02-21 1460 1754.356 0.329 0.019
2020-02-22 1461 1756.067 1.711 0.097
2020-02-23 1461 1756.067 0 0
2020-02-24 1450 1756.067 0 0
2020-02-25 1440 1754.459 -1.608 -0.092
2020-02-26 1443 1753.884 -0.575 -0.033
2020-02-27 1429 1753.514 -0.37 -0.021
2020-02-28 1421 1747.594 -5.92 -0.339
2020-02-29 1421 1740.961 -6.633 -0.381
2020-03-01 1500 1625.096 -115.865 -7.13
2020-03-02 1509 1625.096 0 0
2020-03-03 1524 1626.45 1.354 0.083
2020-03-04 1515 1633.435 6.985 0.428
2020-03-05 1516 1631.626 -1.809 -0.111
2020-03-06 1504 1628.093 -3.533 -0.217
2020-03-07 1498 1625.97 -2.123 -0.131
2020-03-08 1493 1625.97 0 0
2020-03-09 1482 1625.97 0 0
2020-03-10 1470 1619.889 -6.081 -0.375
2020-03-11 1451 1617.345 -2.544 -0.157
2020-03-12 1424 1614.95 -2.395 -0.148
2020-03-13 1419 1594.35 -20.6 -1.292
2020-03-14 1420 1597.169 2.819 0.176
2020-03-15 1419 1597.169 0 0
2020-03-16 1381 1597.169 0 0
2020-03-17 1386 1583.545 -13.624 -0.86
2020-03-18 1367 1574.486 -9.059 -0.575
2020-03-19 1352 1583.545 9.059 0.572
2020-03-20 1342 1599.821 16.276 1.017
2020-03-21 1337 1606.356 6.535 0.407
2020-03-22 1337 1606.356 0 0
2020-03-23 1325 1606.356 0 0
2020-03-24 1326 1590.438 -15.918 -1.001
2020-03-25 1342 1607.267 16.829 1.047
2020-03-26 1365 1603.901 -3.366 -0.21
2020-03-27 1380 1610.707 6.806 0.423
2020-03-28 1368 1612.86 2.153 0.133
2020-03-29 1368 1612.86 0 0
2020-03-30 1368 1612.86 0 0
2020-03-31 1365 1612.513 -0.347 -0.022
2020-04-01 1369 1617.601 5.088 0.315
2020-04-02 1358 1607.36 -10.241 -0.637
2020-04-03 1371 1600.71 -6.65 -0.415
2020-04-04 1362 1602.088 1.378 0.086
2020-04-05 1362 1602.088 0 0
2020-04-06 1362 1602.088 0 0
2020-04-07 1390 1609.972 7.884 0.49
2020-04-08 1444 1611.49 1.518 0.094
2020-04-10 1457 1611.93 0.44 0.027
2020-04-11 1457 1611.93 0 0
2020-04-12 1457 1611.93 0 0
2020-04-13 1453 1611.93 0 0
2020-04-14 1465 1611.852 -0.078 -0.005
2020-04-15 1465 1610.05 -1.802 -0.112
2020-04-17 1460 1609.425 -0.625 -0.039
2020-04-18 1467 1609.566 0.141 0.009
2020-04-19 1467 1609.566 0 0
2020-04-20 1466 1609.566 0 0
2020-04-21 1445 1615.364 5.798 0.359
2020-04-23 1450 1617.201 1.837 0.114
2020-04-24 1447 1619.13 1.929 0.119
2020-04-25 1445 1620.116 0.986 0.061
2020-04-26 1446 1620.116 0 0
2020-04-27 1456 1620.116 0 0
2020-04-28 1460 1623.404 3.288 0.203
2020-04-29 1474 1623.748 0.344 0.021
2020-04-30 1487 1623.962 0.214 0.013
2020-05-01 1480 1628.493 4.531 0.278
2020-05-02 1481 1622.293 -6.2 -0.382
2020-05-03 1481 1622.293 0 0
2020-05-04 1474 1622.293 0 0
2020-05-05 1471 1619.679 -2.614 -0.161
2020-05-06 1473 1621.072 1.393 0.086
2020-05-07 1480 1621.235 0.163 0.01
2020-05-08 1477 1621.544 0.309 0.019
2020-05-09 1488 1622.489 0.945 0.058
2020-05-10 1488 1622.489 0 0
2020-05-11 1493 1622.489 0 0
2020-05-12 1483 1621.967 -0.522 -0.032
2020-05-13 1487 1621.625 -0.342 -0.021
2020-05-14 1474 1618.936 -2.689 -0.166
2020-05-15 1480 1616.129 -2.807 -0.174
2020-05-16 1486 1617.505 1.376 0.085
2020-05-17 1486 1617.505 0 0
2020-05-18 1493 1617.505 0 0
2020-05-19 1506 1618.969 1.464 0.09
2020-05-20 1511 1621.788 2.819 0.174
2020-05-21 1509 1623.339 1.551 0.096
2020-05-22 1504 1620.975 -2.364 -0.146
2020-05-23 1501 1618.63 -2.345 -0.145
2020-05-24 1501 1618.63 0 0
2020-05-25 1502 1618.63 0 0
2020-05-26 1509 1618.63 0 0
2020-05-27 1515 1622.701 4.071 0.251
2020-05-28 1514 1623.306 0.605 0.037
2020-05-29 1529 1621.332 -1.974 -0.122
2020-05-30 1530 1623.126 1.794 0.111
2020-05-31 1530 1623.126 0 0
