2024-03-30 2470 1213.199 0 0
2024-03-31 2470 1213.199 0 0
2024-04-02 2490 1195.732 -17.467 -1.44
2024-04-03 2488 1197.749 2.017 0.169
2024-04-04 2506 1185.64 -12.109 -1.011
2024-04-05 2500 1189.939 4.299 0.363
2024-04-06 2497 1189.939 0 0
2024-04-07 2497 1189.939 0 0
2024-04-08 2509 1181.426 -8.513 -0.715
2024-04-09 2524 1169.092 -12.334 -1.044
2024-04-10 2524 1163.835 -5.257 -0.45
2024-04-11 2539 1149.434 -14.401 -1.237
2024-04-12 2524 1150.715 1.281 0.111
2024-04-13 2523 1150.715 0 0
2024-04-14 2523 1150.715 0 0
2024-04-15 2529 1144.177 -6.538 -0.568
2024-04-16 2517 1142.481 -1.696 -0.148
2024-04-17 2516 1139.88 -2.601 -0.228
2024-04-18 2507 1149.864 9.984 0.876
2024-04-19 2479 1175.51 25.646 2.23
2024-04-20 2479 1175.51 0 0
2024-04-21 2479 1175.51 0 0
2024-04-22 2468 1187.437 11.927 1.015
2024-04-23 2464 1190.801 3.364 0.283
2024-04-24 2473 1192.082 1.281 0.108
2024-04-25 2474 1186.348 -5.734 -0.481
2024-04-26 2504 1172.83 -13.518 -1.139
2024-04-27 2503 1172.83 0 0
2024-04-28 2503 1172.83 0 0
2024-04-29 2505 1177.989 5.159 0.44
2024-04-30 2515 1168.507 -9.482 -0.805
2024-05-01 2493 1184.597 16.09 1.377
2024-05-02 2491 1188.148 3.551 0.3
2024-05-03 2496 1186.285 -1.863 -0.157
2024-05-04 2501 1186.285 0 0
2024-05-05 2500 1186.285 0 0
2024-05-06 2473 1205.305 19.02 1.603
2024-05-07 2471 1206.257 0.952 0.079
2024-05-08 2484 1199.232 -7.025 -0.582
2024-05-09 2473 1204.766 5.534 0.461
2024-05-10 2464 1208.752 3.986 0.331
2024-05-11 2465 1208.752 0 0
2024-05-12 2465 1208.752 0 0
2024-05-13 2478 1199.665 -9.087 -0.752
2024-05-14 2480 1199.642 -0.023 -0.002
2024-05-15 2504 1189.424 -10.218 -0.852
2024-05-16 2490 1197.698 8.274 0.696
2024-05-17 2479 1205.383 7.685 0.642
2024-05-18 2478 1205.383 0 0
2024-05-19 2478 1205.383 0 0
2024-05-20 2516 1182.457 -22.926 -1.902
2024-05-21 2511 1183.646 1.189 0.101
2024-05-22 2517 1179.072 -4.574 -0.386
2024-05-23 2536 1154.477 -24.595 -2.086
2024-05-24 2521 1162.846 8.369 0.725
2024-05-25 2520 1162.846 0 0
2024-05-26 2520 1162.846 0 0
2024-05-27 2523 1162.846 0 0
2024-05-28 2534 1152.544 -10.302 -0.886
2024-05-29 2524 1153.835 1.291 0.112
2024-05-30 2503 1171.066 17.231 1.493
2024-05-31 2476 1192.121 21.055 1.798
2024-06-01 2478 1192.121 0 0
2024-06-02 2478 1192.121 0 0
2024-06-03 2493 1178.894 -13.227 -1.11
2024-06-04 2506 1174.297 -4.597 -0.39
2024-06-05 2514 1165.373 -8.924 -0.76
2024-06-06 2516 1166.448 1.075 0.092
2024-06-07 2508 1170 3.552 0.305
2024-06-09 2511 1170 0 0
2024-06-10 2509 1171.252 1.252 0.107
2024-06-11 2527 1154.647 -16.605 -1.418
2024-06-12 2511 1161.563 6.916 0.599
2024-06-13 2526 1154.549 -7.014 -0.604
2024-06-14 2526 1149.154 -5.395 -0.467
2024-06-15 2522 1149.154 0 0
2024-06-16 2521 1149.154 0 0
2024-06-17 2505 1169.33 20.176 1.756
2024-06-18 2484 1183.441 14.111 1.207
2024-06-19 2484 1183.441 0 0
2024-06-20 2479 1187.017 3.576 0.302
2024-06-21 2481 1188.551 1.534 0.129
2024-06-22 2477 1188.551 0 0
2024-06-23 2477 1188.551 0 0
2024-06-24 2459 1199.541 10.99 0.925
2024-06-25 2481 1182.628 -16.913 -1.41
2024-06-26 2504 1164.201 -18.427 -1.558
2024-06-27 2499 1170.187 5.986 0.514
2024-06-28 2501 1162.918 -7.269 -0.621
2024-06-29 2503 1162.918 0 0
2024-06-30 2504 1162.918 0 0
