2022-02-24 2562 998.763 0 0
2022-02-26 2556 1013.508 14.745 1.455
2022-02-27 2557 1013.508 0 0
2022-02-28 2531 1027.586 14.078 1.37
2022-03-01 2534 1026.767 -0.819 -0.08
2022-03-02 2532 1024.131 -2.636 -0.257
2022-03-03 2548 994.774 -29.357 -2.951
2022-03-17 2422 1059.211 64.437 6.083
2022-03-18 2426 1065.551 6.34 0.595
2022-03-19 2420 1065.551 0 0
2022-03-20 2420 1065.551 0 0
2022-03-21 2435 1055.072 -10.479 -0.993
2022-03-22 2451 1036.71 -18.362 -1.771
2022-03-23 2467 1026.798 -9.912 -0.965
2022-03-24 2474 1022.538 -4.26 -0.417
2022-03-25 2446 1035.765 13.227 1.277
2022-03-26 2445 1037.94 2.175 0.21
2022-03-27 2445 1037.94 0 0
2022-03-28 2468 1014.004 -23.936 -2.361
2022-03-29 2472 1013.414 -0.59 -0.058
2022-03-30 2463 1033.281 19.867 1.923
