2023-04-06 319 7398.634 0 0
2023-04-07 319 7394.435 -4.199 -0.057
2023-04-08 317 7394.435 0 0
2023-04-09 317 7394.435 0 0
2023-04-10 317 7396.591 2.156 0.029
2023-04-11 318 7387.797 -8.794 -0.119
2023-04-12 317 7385.038 -2.759 -0.037
2023-04-13 318 7394.011 8.973 0.122
2023-04-14 321 7402.446 8.435 0.114
2023-04-15 320 7393.12 -9.326 -0.126
2023-04-16 320 7393.12 0 0
2023-04-17 325 7394.69 1.57 0.021
2023-04-18 322 7392.405 -2.285 -0.031
2023-04-19 320 7394.401 1.996 0.027
2023-04-20 316 7393.484 -0.917 -0.012
2023-04-21 316 7394.871 1.387 0.019
2023-04-22 316 7388.132 -6.739 -0.091
2023-04-23 316 7388.132 0 0
2023-04-24 315 7383.688 -4.444 -0.06
2023-04-25 310 7383.64 -0.048 -0.001
2023-04-26 310 7378.591 -5.049 -0.068
2023-04-27 307 7415.192 36.601 0.496
2023-04-28 309 7416.167 0.975 0.013
2023-04-29 310 7418.04 1.873 0.025
2023-05-01 311 7418.04 0 0
2023-05-02 311 7419.503 1.463 0.02
2023-05-03 309 7419.465 -0.038 -0.001
2023-05-04 308 7425.163 5.698 0.077
2023-05-06 310 7436.808 11.645 0.157
2023-05-07 310 7436.808 0 0
2023-05-08 310 7437.359 0.551 0.007
2023-05-09 306 7436.93 -0.429 -0.006
2023-05-10 306 7430.298 -6.632 -0.089
2023-05-11 302 7444.535 14.237 0.192
2023-05-12 299 7427.761 -16.774 -0.225
2023-05-13 299 7413.812 -13.949 -0.188
2023-05-14 299 7413.812 0 0
2023-05-15 303 7415.29 1.478 0.02
2023-05-16 300 7423.075 7.785 0.105
2023-05-17 303 7419.861 -3.214 -0.043
2023-05-19 299 7412.648 -7.213 -0.097
2023-05-20 300 7424.78 12.132 0.164
2023-05-21 300 7424.78 0 0
2023-05-22 300 7427.097 2.317 0.031
2023-05-23 299 7428.88 1.783 0.024
2023-05-24 297 7413.947 -14.933 -0.201
2023-05-25 297 7409.66 -4.287 -0.058
2023-05-26 295 7405.788 -3.872 -0.052
2023-05-27 296 7406.733 0.945 0.013
2023-05-28 296 7406.733 0 0
2023-05-29 294 7401.804 -4.929 -0.067
2023-05-30 295 7400.132 -1.672 -0.023
2023-05-31 294 7395.579 -4.553 -0.062
