2023-04-06 2574 1041.959 0 0
2023-04-07 2571 1043.097 1.138 0.109
2023-04-08 2570 1043.097 0 0
2023-04-09 2569 1043.097 0 0
2023-04-10 2567 1043.097 0 0
2023-04-11 2584 1035.069 -8.028 -0.776
2023-04-12 2587 1035.069 0 0
2023-04-13 2570 1048.249 13.18 1.257
2023-04-14 2572 1054.664 6.415 0.608
2023-04-15 2577 1050.833 -3.831 -0.365
2023-04-16 2577 1050.833 0 0
2023-04-17 2574 1050.833 0 0
2023-04-18 2583 1042.116 -8.717 -0.836
2023-04-19 2575 1046.571 4.455 0.426
2023-04-20 2577 1046.227 -0.344 -0.033
2023-04-21 2567 1048.065 1.838 0.175
2023-04-22 2567 1047.605 -0.46 -0.044
2023-04-23 2567 1047.605 0 0
2023-04-24 2553 1047.605 0 0
2023-04-25 2549 1052.719 5.114 0.486
2023-04-26 2549 1047.75 -4.969 -0.474
2023-04-27 2544 1054.114 6.364 0.604
2023-04-28 2553 1050.98 -3.134 -0.298
2023-04-29 2547 1053.765 2.785 0.264
2023-04-30 2547 1053.765 0 0
2023-05-01 2544 1053.765 0 0
2023-05-02 2552 1048.095 -5.67 -0.541
2023-05-03 2551 1047.98 -0.115 -0.011
2023-05-04 2540 1055.046 7.066 0.67
2023-05-05 2546 1050.055 -4.991 -0.475
2023-05-06 2547 1050.517 0.462 0.044
2023-05-07 2547 1050.517 0 0
2023-05-08 2550 1050.517 0 0
2023-05-09 2545 1051.327 0.81 0.077
2023-05-10 2554 1045.684 -5.643 -0.54
2023-05-11 2552 1047.29 1.606 0.153
2023-05-12 2552 1042.144 -5.146 -0.494
2023-05-13 2558 1036.824 -5.32 -0.513
2023-05-14 2558 1036.824 0 0
2023-05-15 2561 1036.824 0 0
2023-05-16 2558 1037.162 0.338 0.033
2023-05-17 2555 1037.162 0 0
2023-05-18 2564 1032.785 -4.377 -0.424
2023-05-19 2558 1032.785 0 0
2023-05-20 2563 1029.666 -3.119 -0.303
2023-05-21 2563 1029.666 0 0
2023-05-22 2564 1029.666 0 0
2023-05-23 2562 1029.666 0 0
2023-05-24 2555 1028.778 -0.888 -0.086
2023-05-25 2550 1027.228 -1.55 -0.151
2023-05-26 2554 1024.032 -3.196 -0.312
2023-05-27 2562 1021.839 -2.193 -0.215
2023-05-28 2562 1021.839 0 0
2023-05-29 2552 1021.839 0 0
2023-05-30 2551 1021.839 0 0
2023-05-31 2545 1023.922 2.083 0.203
2023-06-01 2556 1017.591 -6.331 -0.622
2023-06-02 2564 1024.508 6.917 0.675
2023-06-03 2572 1023.849 -0.659 -0.064
2023-06-04 2573 1023.849 0 0
2023-06-05 2568 1023.849 0 0
2023-06-06 2563 1022.533 -1.316 -0.129
2023-06-07 2573 1020.565 -1.968 -0.193
2023-06-08 2567 1020.565 0 0
2023-06-09 2556 1028.149 7.584 0.738
2023-06-10 2561 1026.933 -1.216 -0.118
2023-06-11 2562 1026.933 0 0
2023-06-12 2570 1026.688 -0.245 -0.024
2023-06-13 2574 1025.854 -0.834 -0.081
2023-06-14 2572 1025.854 0 0
2023-06-15 2572 1035.987 10.133 0.978
2023-06-16 2572 1041.413 5.426 0.521
2023-06-17 2566 1042.778 1.365 0.131
2023-06-18 2567 1042.778 0 0
2023-06-19 2559 1042.778 0 0
2023-06-20 2555 1042.778 0 0
2023-06-21 2551 1040.504 -2.274 -0.219
2023-06-22 2539 1045.634 5.13 0.491
2023-06-23 2533 1046.028 0.394 0.038
2023-06-24 2544 1038.742 -7.286 -0.701
2023-06-25 2544 1038.742 0 0
2023-06-26 2541 1039.386 0.644 0.062
2023-06-27 2543 1039.386 0 0
2023-06-28 2542 1045.873 6.487 0.62
2023-06-29 2539 1041.085 -4.788 -0.46
2023-06-30 2551 1039.952 -1.133 -0.109
2023-07-01 2549 1041.994 2.042 0.196
2023-07-02 2549 1041.994 0 0
2023-07-03 2552 1041.994 0 0
2023-07-04 2557 1041.653 -0.341 -0.033
2023-07-05 2552 1041.008 -0.645 -0.062
2023-07-06 2537 1037.951 -3.057 -0.295
2023-07-07 2531 1037.275 -0.676 -0.065
2023-07-08 2523 1045.111 7.836 0.75
2023-07-09 2524 1045.111 0 0
2023-07-10 2530 1045.111 0 0
2023-07-11 2547 1047.75 2.639 0.252
2023-07-12 2544 1049.017 1.267 0.121
2023-07-13 2548 1061.499 12.482 1.176
2023-07-14 2537 1067.644 6.145 0.576
2023-07-15 2534 1072.206 4.562 0.425
2023-07-16 2534 1072.206 0 0
2023-07-17 2533 1072.206 0 0
2023-07-18 2528 1071.242 -0.964 -0.09
2023-07-19 2530 1072.268 1.026 0.096
2023-07-20 2524 1067.948 -4.32 -0.405
2023-07-21 2534 1063.781 -4.167 -0.392
2023-07-22 2535 1060.589 -3.192 -0.301
2023-07-23 2536 1060.589 0 0
2023-07-24 2536 1060.589 0 0
2023-07-25 2548 1057.416 -3.173 -0.3
2023-07-26 2552 1054.029 -3.387 -0.321
2023-07-27 2552 1055.895 1.866 0.177
2023-07-28 2568 1048.932 -6.963 -0.664
2023-07-29 2561 1053.099 4.167 0.396
2023-07-30 2561 1053.099 0 0
2023-07-31 2566 1053.099 0 0
2023-08-01 2560 1053.099 0 0
2023-08-02 2562 1047.78 -5.319 -0.508
2023-08-03 2567 1042.743 -5.037 -0.483
2023-08-04 2571 1043.313 0.57 0.055
2023-08-05 2564 1051.938 8.625 0.82
2023-08-06 2564 1051.938 0 0
2023-08-07 2560 1051.938 0 0
2023-08-08 2552 1050.086 -1.852 -0.176
2023-08-09 2548 1044.683 -5.403 -0.517
2023-08-10 2542 1048.125 3.442 0.328
2023-08-11 2531 1051.474 3.349 0.319
2023-08-12 2533 1047.09 -4.384 -0.419
2023-08-13 2533 1047.09 0 0
2023-08-14 2528 1047.09 0 0
2023-08-15 2527 1040.582 -6.508 -0.625
2023-08-16 2517 1043.998 3.416 0.327
2023-08-17 2514 1040.923 -3.075 -0.295
2023-08-18 2507 1039.223 -1.7 -0.164
2023-08-19 2506 1037.641 -1.582 -0.152
2023-08-20 2508 1037.641 0 0
2023-08-21 2501 1037.641 0 0
2023-08-22 2497 1038.996 1.355 0.13
2023-08-23 2496 1035.501 -3.495 -0.338
2023-08-24 2498 1035.052 -0.449 -0.043
2023-08-25 2501 1034.379 -0.673 -0.065
2023-08-26 2507 1027.806 -6.573 -0.64
2023-08-27 2507 1027.806 0 0
2023-08-28 2514 1027.806 0 0
2023-08-29 2522 1031.138 3.332 0.323
2023-08-30 2526 1033.483 2.345 0.227
2023-08-31 2521 1033.483 0 0
2023-09-01 2520 1035.726 2.243 0.217
2023-09-02 2528 1031.361 -4.365 -0.423
2023-09-03 2528 1031.361 0 0
2023-09-04 2537 1031.361 0 0
2023-09-05 2535 1031.361 0 0
2023-09-06 2542 1021.973 -9.388 -0.919
2023-09-07 2534 1021.863 -0.11 -0.011
2023-09-08 2531 1021.645 -0.218 -0.021
2023-09-09 2524 1022.52 0.875 0.086
2023-09-10 2523 1022.52 0 0
2023-09-11 2527 1022.52 0 0
2023-09-12 2524 1022.52 0 0
2023-09-13 2525 1022.411 -0.109 -0.011
2023-09-14 2525 1024.826 2.415 0.236
2023-09-15 2531 1017.831 -6.995 -0.687
2023-09-16 2532 1017.939 0.108 0.011
2023-09-17 2531 1017.939 0 0
2023-09-18 2528 1017.939 0 0
2023-09-19 2527 1017.939 0 0
2023-09-20 2518 1020.116 2.177 0.213
2023-09-21 2505 1022.959 2.843 0.278
2023-09-22 2515 1017.288 -5.671 -0.557
2023-09-23 2515 1017.071 -0.217 -0.021
2023-09-24 2515 1017.071 0 0
2023-09-25 2515 1017.071 0 0
2023-09-26 2514 1009.433 -7.638 -0.757
2023-09-27 2517 1010.074 0.641 0.063
2023-09-28 2523 1003.173 -6.901 -0.688
2023-09-29 2525 1008.047 4.874 0.484
2023-09-30 2525 1010.395 2.348 0.232
2023-10-01 2525 1010.395 0 0
2023-10-02 2525 1010.395 0 0
2023-10-03 2526 1001.699 -8.696 -0.868
2023-10-05 2512 1001.278 -0.421 -0.042
2023-10-06 2516 1004.969 3.691 0.367
2023-10-07 2523 1005.71 0.741 0.074
2023-10-08 2520 1005.71 0 0
2023-10-09 2516 1005.71 0 0
2023-10-10 2517 1006.346 0.636 0.063
2023-10-11 2520 1011.359 5.013 0.496
2023-10-12 2518 1013.83 2.471 0.244
2023-10-13 2510 1007.302 -6.528 -0.648
2023-10-14 2517 1002.33 -4.972 -0.496
2023-10-15 2517 1002.33 0 0
2023-10-16 2512 1002.33 0 0
2023-10-17 2513 1006.771 4.441 0.441
2023-10-18 2510 1006.771 0 0
2023-10-19 2492 1005.71 -1.061 -0.105
2023-10-20 2474 1008.58 2.87 0.285
2023-10-21 2473 1010.502 1.922 0.19
2023-10-22 2473 1010.502 0 0
2023-10-23 2461 1010.502 0 0
2023-10-24 2459 1014.369 3.867 0.381
2023-10-25 2462 1011.466 -2.903 -0.287
2023-10-26 2459 1010.288 -1.178 -0.117
2023-10-27 2467 1006.134 -4.154 -0.413
2023-10-28 2475 1009.54 3.406 0.337
2023-10-29 2475 1009.54 0 0
2023-10-30 2473 1009.54 0 0
2023-10-31 2479 1013.399 3.859 0.381
2023-11-01 2487 1008.686 -4.713 -0.467
2023-11-02 2487 1005.604 -3.082 -0.306
2023-11-03 2491 1013.292 7.688 0.759
2023-11-04 2484 1024.276 10.984 1.072
2023-11-05 2484 1024.276 0 0
2023-11-06 2497 1024.276 0 0
2023-11-07 2502 1025.377 1.101 0.107
2023-11-08 2516 1019.68 -5.697 -0.559
2023-11-09 2509 1021.754 2.074 0.203
2023-11-10 2502 1021.754 0 0
2023-11-11 2506 1018.265 -3.489 -0.343
2023-11-12 2505 1018.265 0 0
2023-11-13 2506 1018.265 0 0
2023-11-14 2506 1020.225 1.96 0.192
2023-11-15 2502 1034.267 14.042 1.358
2023-11-16 2487 1036.964 2.697 0.26
2023-11-17 2493 1038.092 1.128 0.109
2023-11-18 2494 1038.996 0.904 0.087
2023-11-19 2493 1038.996 0 0
2023-11-20 2495 1038.996 0 0
2023-11-21 2495 1043.998 5.002 0.479
2023-11-22 2495 1043.541 -0.457 -0.044
2023-11-23 2503 1036.964 -6.577 -0.634
2023-11-24 2498 1036.964 0 0
2023-11-25 2496 1043.998 7.034 0.674
2023-11-26 2495 1043.998 0 0
2023-11-27 2494 1043.998 0 0
2023-11-28 2503 1043.313 -0.685 -0.066
2023-11-29 2493 1047.895 4.582 0.437
2023-11-30 2500 1047.32 -0.575 -0.055
