2020-01-19 1034 2517.04 0 0
2020-02-07 1164 2227.882 -289.158 -12.979
2020-02-15 1202 2180.727 -47.155 -2.162
2020-02-16 1203 2180.727 0 0
2020-02-17 1206 2182.643 1.916 0.088
2020-02-18 1200 2190.435 7.792 0.356
2020-02-19 1217 2157.46 -32.975 -1.528
2020-02-20 1208 2170.892 13.432 0.619
2020-02-21 1205 2171.503 0.611 0.028
2020-02-22 1215 2155.355 -16.148 -0.749
2020-02-23 1214 2155.355 0 0
2020-02-24 1206 2152.367 -2.988 -0.139
2020-02-25 1199 2151.312 -1.055 -0.049
2020-02-26 1241 2067.679 -83.633 -4.045
2020-02-27 1212 2082.709 15.03 0.722
2020-02-28 1276 1964.85 -117.859 -5.998
2020-02-29 1280 1958.255 -6.595 -0.337
