2025-05-30 2683 1216 0 0
2025-05-31 2681 1216 0 0
2025-06-01 2681 1216 0 0
2025-06-02 2680 1216 0 0
2025-06-03 2686 1216 0 0
2025-06-04 2687 1216 0 0
2025-06-05 2699 1216 0 0
2025-06-06 2701 1216 0 0
2025-06-07 2700 1216 0 0
2025-06-08 2700 1216 0 0
2025-06-09 2709 1216 0 0
2025-06-10 2708 1216 0 0
2025-06-11 2713 1216 0 0
2025-06-12 2705 1216 0 0
2025-06-13 2698 1216 0 0
2025-06-14 2697 1216 0 0
2025-06-15 2696 1216 0 0
2025-06-16 2696 1216 0 0
2025-06-17 2692 1216 0 0
2025-06-18 2685 1216 0 0
2025-06-19 2672 1216 0 0
2025-06-20 2668 1216 0 0
2025-06-21 2667 1216 0 0
2025-06-22 2668 1216 0 0
2025-06-23 2675 1216 0 0
2025-06-24 2688 1216 0 0
2025-06-25 2691 1216 0 0
2025-06-26 2690 1216 0 0
2025-06-27 2699 1216 0 0
2025-06-28 2699 1216 0 0
2025-06-29 2698 1216 0 0
2025-06-30 2699 1216 0 0
2025-07-01 2701 1216 0 0
2025-07-02 2715 1216 0 0
2025-07-03 2714 1216 0 0
2025-07-04 2708 1216 0 0
2025-07-05 2708 1216 0 0
2025-07-06 2708 1216 0 0
2025-07-07 2702 1216 0 0
2025-07-08 2706 1216 0 0
2025-07-09 2707 1216 0 0
2025-07-10 2708 1216 0 0
2025-07-11 2710 1216 0 0
2025-07-12 2710 1216 0 0
2025-07-13 2710 1216 0 0
2025-07-14 2711 1216 0 0
2025-07-15 2716 1216 0 0
2025-07-16 2715 1216 0 0
2025-07-17 2723 1216 0 0
2025-07-18 2720 1216 0 0
2025-07-19 2723 1216 0 0
2025-07-20 2723 1216 0 0
2025-07-21 2731 1216 0 0
2025-07-22 2729 1216 0 0
2025-07-23 2738 1216 0 0
2025-07-24 2743 1216 0 0
2025-07-25 2741 1216 0 0
2025-07-26 2738 1216 0 0
2025-07-27 2738 1216 0 0
2025-07-28 2742 1216 0 0
2025-07-29 2737 1216 0 0
2025-07-30 2741 1216 0 0
2025-07-31 2732 1216 0 0
