2020-04-08 1752 1313.059 0 0
2020-04-09 1634 1428.296 115.237 8.776
2020-04-10 1680 1391.666 -36.63 -2.565
2020-04-11 1680 1391.666 0 0
2020-04-12 1680 1391.666 0 0
2020-04-13 1676 1388.418 -3.248 -0.233
2020-04-14 1658 1413.014 24.596 1.772
2020-04-15 1720 1349.685 -63.329 -4.482
2020-04-16 1704 1356.264 6.579 0.487
2020-04-17 1785 1302.313 -53.951 -3.978
2020-04-18 1792 1301.798 -0.515 -0.04
2020-04-19 1792 1301.798 0 0
2020-04-20 1687 1383.812 82.014 6.3
2020-04-21 1709 1351.761 -32.051 -2.316
2020-04-23 1716 1349.335 -2.426 -0.179
2020-04-24 1715 1354.876 5.541 0.411
2020-04-25 1713 1354.091 -0.785 -0.058
2020-04-26 1713 1354.091 0 0
2020-04-27 1707 1365.118 11.027 0.814
2020-04-28 1748 1342.451 -22.667 -1.66
2020-04-29 1873 1248.963 -93.488 -6.964
2020-04-30 1861 1264.519 15.556 1.246
