2024-03-30 2646 1076.897 0 0
2024-03-31 2646 1076.897 0 0
2024-04-02 2659 1066.115 -10.782 -1.001
2024-04-03 2667 1059.502 -6.613 -0.62
2024-04-04 2671 1058.903 -0.599 -0.057
2024-04-05 2663 1066.933 8.03 0.758
2024-04-06 2666 1061.779 -5.154 -0.483
2024-04-07 2666 1061.779 0 0
2024-04-08 2655 1067.133 5.354 0.504
2024-04-09 2643 1084.406 17.273 1.619
2024-04-10 2636 1081.784 -2.622 -0.242
2024-04-11 2652 1065.096 -16.688 -1.543
2024-04-12 2659 1054.779 -10.317 -0.969
2024-04-13 2673 1042.354 -12.425 -1.178
2024-04-14 2673 1042.354 0 0
2024-04-15 2685 1033.842 -8.512 -0.817
2024-04-16 2647 1054.67 20.828 2.015
2024-04-17 2687 1021.4 -33.27 -3.155
2024-04-18 2663 1038.616 17.216 1.686
2024-04-19 2666 1035.628 -2.988 -0.288
2024-04-20 2652 1042.42 6.792 0.656
2024-04-21 2652 1042.42 0 0
2024-04-22 2670 1035.504 -6.916 -0.663
2024-04-23 2673 1032.588 -2.916 -0.282
2024-04-24 2661 1046.213 13.625 1.32
2024-04-25 2647 1055.607 9.394 0.898
2024-04-26 2628 1068.001 12.394 1.174
2024-04-27 2620 1076.874 8.873 0.831
2024-04-28 2620 1076.874 0 0
2024-04-29 2628 1080.39 3.516 0.327
2024-04-30 2618 1088.346 7.956 0.736
