2024-03-30 2240 1383.554 0 0
2024-03-31 2240 1383.554 0 0
2024-04-02 2261 1370.684 -12.87 -0.93
2024-04-03 2260 1371.363 0.679 0.05
2024-04-04 2267 1363.694 -7.669 -0.559
2024-04-05 2255 1377.665 13.971 1.024
2024-04-06 2260 1371.01 -6.655 -0.483
2024-04-07 2260 1371.01 0 0
2024-04-08 2257 1371.01 0 0
2024-04-09 2263 1373.512 2.502 0.182
2024-04-10 2248 1383.223 9.711 0.707
2024-04-11 2262 1367.086 -16.137 -1.167
2024-04-12 2249 1362.299 -4.787 -0.35
2024-04-13 2271 1346.251 -16.048 -1.178
2024-04-14 2271 1346.251 0 0
2024-04-15 2272 1346.251 0 0
2024-04-16 2265 1336.792 -9.459 -0.703
2024-04-17 2296 1311.627 -25.165 -1.882
2024-04-18 2293 1321.74 10.113 0.771
2024-04-19 2289 1319.499 -2.241 -0.17
2024-04-20 2276 1328.153 8.654 0.656
2024-04-21 2276 1328.153 0 0
2024-04-22 2289 1328.153 0 0
2024-04-23 2288 1333.318 5.165 0.389
2024-04-24 2285 1343.17 9.852 0.739
2024-04-25 2279 1341.141 -2.029 -0.151
2024-04-26 2294 1339.481 -1.66 -0.124
2024-04-27 2270 1350.609 11.128 0.831
2024-04-28 2270 1350.609 0 0
2024-04-29 2285 1350.609 0 0
2024-04-30 2278 1354.572 3.963 0.293
