2021-04-09 2216 1380 0 0
2021-04-10 2210 1380 0 0
2021-04-11 2211 1380 0 0
2021-04-12 2203 1380 0 0
2021-04-13 2202 1380 0 0
2021-04-14 2202 1380 0 0
2021-04-15 2209 1380 0 0
2021-04-16 2214 1380 0 0
2021-04-17 2217 1380 0 0
2021-04-18 2217 1380 0 0
2021-04-19 2225 1380 0 0
2021-04-20 2225 1380 0 0
2021-04-21 2227 1380 0 0
2021-04-22 2233 1380 0 0
2021-04-23 2246 1380 0 0
2021-04-24 2246 1380 0 0
2021-04-25 2245 1380 0 0
2021-04-26 2247 1380 0 0
2021-04-27 2259 1380 0 0
2021-04-28 2265 1380 0 0
2021-04-29 2262 1380 0 0
2021-04-30 2257 1380 0 0
2021-05-01 2245 1380 0 0
2021-05-02 2244 1380 0 0
2021-05-03 2251 1380 0 0
2021-05-04 2253 1380 0 0
2021-05-05 2249 1380 0 0
2021-05-06 2244 1380 0 0
2021-05-07 2236 1380 0 0
2021-05-08 2248 1380 0 0
2021-05-09 2248 1380 0 0
2021-05-10 2246 1380 0 0
2021-05-11 2247 1380 0 0
2021-05-12 2245 1380 0 0
2021-05-13 2236 1380 0 0
2021-05-14 2255 1380 0 0
2021-05-15 2257 1380 0 0
2021-05-16 2257 1380 0 0
2021-05-17 2257 1380 0 0
2021-05-18 2262 1380 0 0
2021-05-19 2268 1380 0 0
2021-05-20 2270 1380 0 0
2021-05-21 2268 1380 0 0
2021-05-22 2269 1380 0 0
2021-05-24 2270 1380 0 0
2021-05-25 2267 1380 0 0
2021-05-26 2274 1380 0 0
2021-05-27 2282 1380 0 0
2021-05-28 2273 1380 0 0
2021-05-29 2274 1380 0 0
2021-05-30 2274 1380 0 0
2021-05-31 2281 1380 0 0
