2019-11-07 553 4040.268 0 0
2020-01-19 472 4733.07 692.802 17.147
2020-02-07 489 4533.344 -199.726 -4.22
2020-02-15 504 4477.28 -56.064 -1.237
2020-02-16 504 4477.28 0 0
2020-02-17 503 4504.308 27.028 0.604
2020-02-18 502 4506.544 2.236 0.05
2020-02-19 486 4590.703 84.159 1.867
2020-02-20 486 4577.969 -12.734 -0.277
2020-02-21 500 4498.117 -79.852 -1.744
2020-02-22 487 4537.655 39.538 0.879
2020-02-23 487 4537.655 0 0
2020-02-24 514 4344.977 -192.678 -4.246
2020-02-25 516 4288.054 -56.923 -1.31
2020-02-26 495 4349.921 61.867 1.443
2020-02-27 514 4188.635 -161.286 -3.708
2020-02-28 526 4101.73 -86.905 -2.075
2020-02-29 527 4083.242 -18.488 -0.451
