2020-01-19 1178 2234.936 0 0
2020-02-07 1151 2250.077 15.141 0.673
2020-02-15 1249 2088.245 -161.832 -7.75
2020-02-16 1249 2088.245 0 0
2020-02-17 1275 2062.247 -25.998 -1.261
2020-02-18 1272 2056.519 -5.728 -0.279
2020-02-19 1321 1983.564 -72.955 -3.678
2020-02-20 1297 2018.82 35.256 1.746
2020-02-21 1319 1996.546 -22.274 -1.116
2020-02-22 1320 1996.546 0 0
2020-02-23 1320 1996.546 0 0
2020-02-24 1303 1994.586 -1.96 -0.098
2020-02-25 1346 1927.387 -67.199 -3.487
2020-02-26 1326 1948.187 20.8 1.068
2020-02-27 1327 1914.217 -33.97 -1.775
2020-02-28 1340 1866.628 -47.589 -2.549
2020-02-29 1398 1769.787 -96.841 -5.472
