2020-04-08 2042 1074.328 0 0
2020-04-09 2048 1072.044 -2.284 -0.213
2020-04-10 2048 1073.2 1.156 0.108
2020-04-11 2048 1073.2 0 0
2020-04-12 2048 1073.2 0 0
2020-04-13 2048 1073.502 0.302 0.028
2020-04-14 2054 1075.558 2.056 0.192
2020-04-15 2057 1074.602 -0.956 -0.089
2020-04-16 2052 1074.569 -0.033 -0.003
2020-04-17 2056 1072.427 -2.142 -0.199
2020-04-18 2057 1072.003 -0.424 -0.04
2020-04-19 2057 1072.003 0 0
2020-04-20 2061 1073.389 1.386 0.129
2020-04-21 2047 1072.87 -0.519 -0.048
2020-04-23 2056 1069.637 -3.233 -0.301
2020-04-24 2057 1069.967 0.33 0.031
2020-04-25 2055 1069.348 -0.619 -0.058
2020-04-26 2056 1069.348 0 0
2020-04-27 2059 1069.094 -0.254 -0.024
2020-04-28 2062 1067.635 -1.459 -0.136
2020-04-29 2070 1066.955 -0.68 -0.064
2020-04-30 2078 1069.61 2.655 0.249
