2020-01-19 2006 1164.126 0 0
2020-02-07 1977 1163.819 -0.307 -0.026
2020-02-15 1985 1165.2 1.381 0.119
2020-02-16 1987 1165.2 0 0
2020-02-17 1988 1165.2 0 0
2020-02-18 1990 1160.751 -4.449 -0.383
2020-02-19 1991 1164.202 3.451 0.296
2020-02-20 1986 1165.2 0.998 0.086
2020-02-21 1986 1161.441 -3.759 -0.324
2020-02-22 1987 1161.441 0 0
2020-02-23 1985 1161.441 0 0
2020-02-24 1980 1148.939 -12.502 -1.088
2020-02-25 1988 1136.284 -12.655 -1.114
2020-02-26 1985 1132.832 -3.452 -0.305
2020-02-27 1992 1121.327 -11.505 -1.026
2020-02-28 1981 1116.495 -4.832 -0.433
2020-02-29 1966 1122.4 5.905 0.526
2020-03-01 1966 1122.4 0 0
2020-03-02 1969 1122.4 0 0
2020-03-03 1976 1122.4 0 0
2020-03-04 1983 1122.4 0 0
2020-03-05 1984 1122.4 0 0
2020-03-06 1976 1122.4 0 0
2020-03-07 1979 1122.4 0 0
2020-03-08 1976 1122.4 0 0
2020-03-09 1943 1122.4 0 0
2020-03-10 1933 1122.4 0 0
2020-03-11 1920 1122.4 0 0
2020-03-12 1878 1122.4 0 0
2020-03-13 1863 1122.4 0 0
2020-03-14 1863 1122.4 0 0
2020-03-15 1864 1122.4 0 0
2020-03-16 1833 1122.4 0 0
2020-03-17 1819 1122.4 0 0
2020-03-18 1796 1122.4 0 0
2020-03-19 1783 1122.4 0 0
2020-03-20 1787 1122.4 0 0
2020-03-21 1790 1122.4 0 0
2020-03-22 1790 1122.4 0 0
2020-03-23 1768 1122.4 0 0
2020-03-24 1757 1122.4 0 0
2020-03-25 1802 1122.4 0 0
2020-03-26 1820 1122.4 0 0
2020-03-27 1839 1122.4 0 0
2020-03-28 1837 1122.4 0 0
2020-03-29 1837 1122.4 0 0
2020-03-30 1837 1122.4 0 0
2020-03-31 1835 1122.4 0 0
