2019-11-07 864 2851.236 0 0
2020-01-19 927 2857.725 6.489 0.228
2020-02-07 909 2861.568 3.843 0.134
2020-02-15 912 2859.237 -2.331 -0.081
2020-02-16 912 2859.237 0 0
2020-02-17 911 2859.237 0 0
2020-02-18 912 2859.048 -0.189 -0.007
2020-02-19 909 2859.993 0.945 0.033
2020-02-20 908 2860.434 0.441 0.015
2020-02-21 905 2859.615 -0.819 -0.029
2020-02-22 904 2859.615 0 0
2020-02-23 905 2859.615 0 0
2020-02-24 898 2857.977 -1.638 -0.057
2020-02-25 882 2854.764 -3.213 -0.112
2020-02-26 879 2853.504 -1.26 -0.044
2020-02-27 869 2849.85 -3.654 -0.128
2020-02-28 860 2846.196 -3.654 -0.128
2020-02-29 860 2846.196 0 0
2020-03-01 861 2846.196 0 0
2020-03-02 866 2848.59 2.394 0.084
2020-03-03 875 2845.44 -3.15 -0.111
2020-03-04 875 2847.96 2.52 0.089
2020-03-05 877 2844.684 -3.276 -0.115
2020-03-06 864 2844.432 -0.252 -0.009
2020-03-07 861 2844.432 0 0
2020-03-08 860 2844.432 0 0
2020-03-09 838 2840.337 -4.095 -0.144
2020-03-10 834 2841.534 1.197 0.042
2020-03-11 829 2838.888 -2.646 -0.093
2020-03-12 804 2833.218 -5.67 -0.2
2020-03-13 788 2837.061 3.843 0.136
2020-03-14 790 2837.061 0 0
2020-03-15 790 2837.061 0 0
2020-03-16 767 2831.895 -5.166 -0.182
2020-03-17 760 2834.604 2.709 0.096
2020-03-18 755 2828.682 -5.922 -0.209
2020-03-19 741 2828.493 -0.189 -0.007
2020-03-20 743 2828.052 -0.441 -0.016
2020-03-21 744 2828.052 0 0
2020-03-22 744 2828.052 0 0
2020-03-23 731 2828.178 0.126 0.004
2020-03-24 725 2828.178 0 0
2020-03-25 757 2831.58 3.402 0.12
2020-03-26 768 2833.659 2.079 0.073
2020-03-27 778 2839.392 5.733 0.202
2020-03-28 774 2837.754 -1.638 -0.058
2020-03-29 774 2837.754 0 0
2020-03-30 774 2837.754 0 0
2020-03-31 770 2838.825 1.071 0.038
2020-04-01 774 2836.683 -2.142 -0.075
2020-04-02 757 2834.163 -2.52 -0.089
2020-04-03 760 2836.494 2.331 0.082
2020-04-04 758 2835.297 -1.197 -0.042
2020-04-05 758 2835.297 0 0
2020-04-06 758 2835.297 0 0
2020-04-07 781 2835.864 0.567 0.02
2020-04-08 795 2837.817 1.953 0.069
2020-04-09 805 2839.518 1.701 0.06
2020-04-10 808 2839.518 0 0
2020-04-11 808 2839.518 0 0
2020-04-12 808 2839.518 0 0
2020-04-13 805 2837.061 -2.457 -0.087
2020-04-14 807 2837.88 0.819 0.029
2020-04-15 812 2835.675 -2.205 -0.078
2020-04-16 802 2836.62 0.945 0.033
2020-04-17 809 2839.014 2.394 0.084
2020-04-18 813 2839.014 0 0
2020-04-19 813 2839.014 0 0
2020-04-20 812 2839.518 0.504 0.018
2020-04-21 801 2836.557 -2.961 -0.104
2020-04-23 808 2837.88 1.323 0.047
2020-04-24 808 2838.825 0.945 0.033
2020-04-25 807 2838.825 0 0
2020-04-26 807 2838.825 0 0
2020-04-27 815 2838.384 -0.441 -0.016
2020-04-28 814 2838.951 0.567 0.02
2020-04-29 820 2840.967 2.016 0.071
2020-04-30 831 2836.872 -4.095 -0.144
