2020-01-19 1990 1181.151 0 0
2020-02-07 2026 1112.988 -68.163 -6.124
2020-02-15 2051 1089.992 -22.996 -2.11
2020-02-16 2053 1089.992 0 0
2020-02-17 2041 1106.152 16.16 1.461
2020-02-18 2052 1095.02 -11.132 -1.017
2020-02-19 2049 1099.1 4.08 0.371
2020-02-20 2044 1108.165 9.065 0.818
2020-02-21 2081 1071.087 -37.078 -3.462
2020-02-22 2078 1075.852 4.765 0.443
2020-02-23 2078 1075.852 0 0
2020-02-24 2128 1025.19 -50.662 -4.942
2020-02-25 2134 1005.506 -19.684 -1.958
2020-02-26 2121 1010.947 5.441 0.538
2020-02-27 2142 984.074 -26.873 -2.731
