2020-01-19 1729 1448.554 0 0
2020-02-07 1696 1461.808 13.254 0.907
2020-02-15 1697 1474.486 12.678 0.86
2020-02-16 1697 1474.486 0 0
2020-02-17 1703 1474.486 0 0
2020-02-18 1706 1467.427 -7.059 -0.481
2020-02-19 1731 1435.345 -32.082 -2.235
2020-02-20 1731 1437.83 2.485 0.173
2020-02-21 1725 1434.24 -3.59 -0.25
2020-02-22 1728 1434.24 0 0
2020-02-23 1729 1434.24 0 0
2020-02-24 1726 1416.291 -17.949 -1.267
2020-02-25 1741 1389.091 -27.2 -1.958
2020-02-26 1753 1369.623 -19.468 -1.421
2020-02-27 1777 1331.792 -37.831 -2.841
2020-02-28 1775 1323.784 -8.008 -0.605
2020-02-29 1768 1323.784 0 0
2020-03-01 1771 1323.784 0 0
2020-03-02 1739 1366.034 42.25 3.093
2020-03-03 1765 1343.804 -22.23 -1.654
2020-03-04 1756 1363.41 19.606 1.438
2020-03-05 1793 1322.404 -41.006 -3.101
2020-03-06 1802 1303.764 -18.64 -1.43
2020-03-07 1802 1303.764 0 0
2020-03-08 1798 1303.764 0 0
2020-03-09 1822 1237.629 -66.135 -5.344
2020-03-10 1770 1289.957 52.328 4.057
2020-03-11 1797 1242.323 -47.634 -3.834
2020-03-12 1845 1152.025 -90.298 -7.838
2020-03-13 1772 1204.768 52.743 4.378
2020-03-14 1773 1204.768 0 0
2020-03-15 1773 1204.768 0 0
2020-03-16 1798 1155.201 -49.567 -4.291
2020-03-17 1733 1200.764 45.563 3.795
2020-03-18 1740 1171.355 -29.409 -2.511
2020-03-19 1679 1208.91 37.555 3.107
2020-03-20 1776 1125.378 -83.532 -7.423
2020-03-21 1783 1125.378 0 0
2020-03-22 1783 1125.378 0 0
2020-03-23 1791 1104.391 -20.987 -1.9
2020-03-24 1784 1104.391 0 0
2020-03-25 1756 1159.619 55.228 4.763
2020-03-26 1786 1153.406 -6.213 -0.539
2020-03-27 1779 1182.677 29.271 2.475
2020-03-28 1802 1159.067 -23.61 -2.037
2020-03-29 1802 1159.067 0 0
2020-03-30 1802 1159.067 0 0
2020-03-31 1763 1182.953 23.886 2.019
2020-04-01 1776 1174.669 -8.284 -0.705
2020-04-02 1796 1144.293 -30.376 -2.655
2020-04-03 1790 1151.887 7.594 0.659
2020-04-04 1785 1145.26 -6.627 -0.579
2020-04-05 1785 1145.26 0 0
2020-04-06 1785 1145.26 0 0
2020-04-07 1766 1194.551 49.291 4.126
2020-04-08 1854 1218.023 23.472 1.927
2020-04-10 1843 1238.043 20.02 1.617
2020-04-11 1843 1238.043 0 0
2020-04-12 1843 1238.043 0 0
2020-04-13 1879 1210.429 -27.614 -2.281
2020-04-14 1887 1210.429 0 0
2020-04-15 1933 1170.941 -39.488 -3.372
2020-04-17 1910 1192.756 21.815 1.829
2020-04-18 1914 1192.756 0 0
2020-04-19 1914 1192.756 0 0
2020-04-20 1931 1176.602 -16.154 -1.373
2020-04-21 1944 1159.205 -17.397 -1.501
2020-04-23 1961 1148.297 -10.908 -0.95
2020-04-24 1970 1141.118 -7.179 -0.629
2020-04-25 1965 1141.118 0 0
2020-04-26 1965 1141.118 0 0
2020-04-27 1968 1143.327 2.209 0.193
2020-04-28 1955 1164.728 21.401 1.837
2020-04-29 1919 1200.488 35.76 2.979
2020-04-30 1963 1172.321 -28.167 -2.403
