2020-01-19 891 2936.429 0 0
2020-02-07 1014 2549.777 -386.652 -15.164
2020-02-15 942 2761.48 211.703 7.666
2020-02-16 942 2761.48 0 0
2020-02-17 936 2761.48 0 0
2020-02-18 977 2657.834 -103.646 -3.9
2020-02-19 934 2768.096 110.262 3.983
2020-02-20 933 2770.301 2.205 0.08
2020-02-21 960 2682.827 -87.474 -3.261
2020-02-22 966 2682.827 0 0
2020-02-23 967 2682.827 0 0
2020-02-24 993 2595.352 -87.475 -3.37
2020-02-25 1027 2482.15 -113.202 -4.561
2020-02-26 993 2537.281 55.131 2.173
2020-02-27 1002 2479.21 -58.071 -2.342
2020-02-28 963 2529.195 49.985 1.976
2020-02-29 962 2529.195 0 0
2020-03-01 966 2529.195 0 0
2020-03-02 962 2589.472 60.277 2.328
2020-03-03 978 2546.837 -42.635 -1.674
2020-03-04 957 2622.55 75.713 2.887
2020-03-05 948 2613.729 -8.821 -0.337
2020-03-06 956 2565.949 -47.78 -1.862
2020-03-07 956 2565.949 0 0
2020-03-08 957 2565.949 0 0
2020-03-09 988 2417.463 -148.486 -6.142
2020-03-10 988 2399.821 -17.642 -0.735
2020-03-11 1042 2280.003 -119.818 -5.255
2020-03-12 1103 2112.405 -167.598 -7.934
2020-03-13 984 2259.421 147.016 6.507
2020-03-14 984 2259.421 0 0
2020-03-15 984 2259.421 0 0
2020-03-16 1085 2065.36 -194.061 -9.396
2020-03-17 1045 2099.173 33.813 1.611
2020-03-18 1098 2004.348 -94.825 -4.731
2020-03-19 1037 2066.095 61.747 2.989
2020-03-20 987 2165.33 99.235 4.583
2020-03-21 980 2165.33 0 0
2020-03-22 980 2165.33 0 0
2020-03-23 1018 2087.412 -77.918 -3.733
2020-03-24 1017 2087.412 0 0
2020-03-25 990 2176.357 88.945 4.087
2020-03-26 974 2236.633 60.276 2.695
2020-03-27 991 2245.454 8.821 0.393
2020-03-28 1069 2089.617 -155.837 -7.458
2020-03-29 1069 2089.617 0 0
2020-03-30 1069 2089.617 0 0
2020-03-31 1098 2033.016 -56.601 -2.784
2020-04-01 1031 2160.185 127.169 5.887
2020-04-02 1042 2116.08 -44.105 -2.084
2020-04-03 1003 2192.528 76.448 3.487
2020-04-04 1022 2148.424 -44.104 -2.053
2020-04-05 1022 2148.424 0 0
2020-04-06 1022 2148.424 0 0
2020-04-07 1036 2174.886 26.462 1.217
2020-04-08 1089 2139.603 -35.283 -1.649
2020-04-10 1096 2144.748 5.145 0.24
2020-04-11 1096 2144.748 0 0
2020-04-12 1096 2144.748 0 0
2020-04-13 1095 2141.073 -3.675 -0.172
2020-04-14 1108 2146.953 5.88 0.274
2020-04-15 1094 2156.509 9.556 0.443
2020-04-17 998 2328.518 172.009 7.387
2020-04-18 1002 2328.518 0 0
2020-04-19 1002 2328.518 0 0
2020-04-20 1018 2292.499 -36.019 -1.571
2020-04-21 1046 2224.872 -67.627 -3.04
2020-04-23 1005 2302.055 77.183 3.353
2020-04-24 1079 2173.416 -128.639 -5.919
2020-04-25 1073 2173.416 0 0
2020-04-26 1073 2173.416 0 0
2020-04-27 1011 2294.704 121.288 5.286
2020-04-28 972 2399.086 104.382 4.351
2020-04-29 879 2669.595 270.509 10.133
2020-04-30 872 2695.323 25.728 0.955
