2020-04-08 1204 1950.777 0 0
2020-04-09 1155 2030.412 79.635 4.082
2020-04-10 1209 1962.886 -67.526 -3.326
2020-04-11 1209 1962.886 0 0
2020-04-12 1209 1962.886 0 0
2020-04-13 1143 2062.162 99.276 5.058
2020-04-14 1162 2035.747 -26.415 -1.281
2020-04-15 1219 1959.182 -76.565 -3.761
2020-04-16 1248 1902.216 -56.966 -2.908
2020-04-17 1286 1855.299 -46.917 -2.466
2020-04-18 1293 1854.565 -0.734 -0.04
2020-04-19 1295 1854.565 0 0
2020-04-20 1282 1870.806 16.241 0.876
2020-04-21 1277 1852.133 -18.673 -0.998
2020-04-23 1234 1926.936 74.803 4.039
2020-04-24 1222 1933.636 6.7 0.348
2020-04-25 1222 1932.517 -1.119 -0.058
2020-04-26 1222 1932.517 0 0
2020-04-27 1219 1947.16 14.643 0.758
2020-04-28 1172 2037.869 90.709 4.659
2020-04-29 1198 2016.131 -21.738 -1.067
2020-04-30 1198 2028.518 12.387 0.614
