2020-01-19 539 4290.161 0 0
2020-02-07 512 4406.601 116.44 2.642
2020-02-15 487 4548.32 141.719 3.116
2020-02-16 487 4548.32 0 0
2020-02-17 487 4551.58 3.26 0.072
2020-02-18 491 4551.58 0 0
2020-02-19 611 3955.538 -596.042 -15.069
2020-02-20 600 3976.675 21.137 0.532
2020-02-21 589 4014.038 37.363 0.931
2020-02-22 589 4002.236 -11.802 -0.295
2020-02-23 588 4002.236 0 0
2020-02-24 580 4002.236 0 0
2020-02-25 593 3907.625 -94.611 -2.421
2020-02-26 623 3733.071 -174.554 -4.676
2020-02-27 635 3627.437 -105.634 -2.912
2020-02-28 647 3538.459 -88.978 -2.515
2020-02-29 682 3399.209 -139.25 -4.097
2020-03-01 562 3915.071 515.862 13.176
2020-03-02 576 3915.071 0 0
2020-03-03 544 4065.141 150.07 3.692
2020-03-04 534 4134.047 68.906 1.667
2020-03-05 507 4294.509 160.462 3.736
2020-03-06 517 4151.749 -142.76 -3.439
2020-03-07 545 4019.539 -132.21 -3.289
2020-03-08 571 3913.613 -105.926 -2.707
2020-03-09 552 3913.613 0 0
2020-03-10 643 3507.656 -405.957 -11.573
2020-03-11 621 3565.592 57.936 1.625
2020-03-12 692 3236.864 -328.728 -10.156
2020-03-13 804 2775.833 -461.031 -16.609
2020-03-14 819 2765.9 -9.933 -0.359
2020-03-15 819 2765.9 0 0
2020-03-16 793 2765.9 0 0
2020-03-17 980 2197.104 -568.796 -25.888
2020-03-18 1034 2079.947 -117.157 -5.633
2020-03-19 1182 1832.876 -247.071 -13.48
2020-03-20 1106 1980.591 147.715 7.458
2020-03-21 1105 1984.402 3.811 0.192
2020-03-22 1105 1984.402 0 0
2020-03-23 1080 1984.402 0 0
2020-03-24 1182 1816.07 -168.332 -9.269
2020-03-25 1008 2156.609 340.539 15.79
2020-03-26 899 2432.298 275.689 11.335
2020-03-27 868 2572.988 140.69 5.468
2020-03-28 905 2443.477 -129.511 -5.3
2020-03-29 905 2443.477 0 0
2020-03-30 905 2443.477 0 0
2020-03-31 927 2380.461 -63.016 -2.647
