2020-01-19 624 3921.4 0 0
2020-02-07 606 3943.995 22.595 0.573
2020-02-15 585 4032.888 88.893 2.204
2020-02-16 585 4032.888 0 0
2020-02-17 607 3984.592 -48.296 -1.212
2020-02-18 606 3984.592 0 0
2020-02-19 614 3921.858 -62.734 -1.6
2020-02-20 594 3995.492 73.634 1.843
2020-02-21 607 3940.85 -54.642 -1.387
2020-02-22 606 3940.85 0 0
2020-02-23 605 3940.85 0 0
2020-02-24 601 3940.85 0 0
2020-02-25 608 3851.197 -89.653 -2.328
2020-02-26 591 3883.195 31.998 0.824
2020-02-27 571 3909.198 26.003 0.665
2020-02-28 566 3929.113 19.915 0.507
2020-02-29 603 3741.923 -187.19 -5.003
