2026-03-10 1666 2500 0 0
2026-03-11 1668 2500 0 0
2026-03-12 1664 2500 0 0
2026-03-13 1653 2500 0 0
2026-03-14 1647 2500 0 0
2026-03-15 1647 2500 0 0
2026-03-16 1648 2500 0 0
2026-03-17 1647 2500 0 0
2026-03-18 1649 2500 0 0
2026-03-19 1636 2500 0 0
2026-03-20 1622 2500 0 0
2026-03-21 1621 2500 0 0
2026-03-22 1621 2500 0 0
2026-03-23 1617 2500 0 0
2026-03-24 1614 2500 0 0
2026-03-25 1627 2500 0 0
2026-03-27 1618 2500 0 0
2026-03-28 1615 2500 0 0
2026-03-29 1615 2500 0 0
2026-03-30 1615 2500 0 0
2026-03-31 1615 2500 0 0
2026-04-01 1616 2500 0 0
2026-04-02 1625 2500 0 0
2026-04-03 1621 2500 0 0
2026-04-04 1621 2500 0 0
2026-04-05 1621 2500 0 0
2026-04-06 1622 2500 0 0
2026-04-07 1623 2500 0 0
2026-04-08 1639 2500 0 0
2026-04-09 1648 2500 0 0
2026-04-10 1654 2500 0 0
2026-04-11 1655 2500 0 0
2026-04-12 1655 2500 0 0
2026-04-13 1653 2500 0 0
2026-04-14 1660 2500 0 0
2026-04-15 1671 2500 0 0
2026-04-16 1671 2500 0 0
2026-04-17 1676 2500 0 0
2026-04-18 1679 2500 0 0
2026-04-19 1679 2500 0 0
2026-04-20 1682 2500 0 0
2026-04-21 1680 2500 0 0
2026-04-22 1681 2500 0 0
2026-04-23 1680 2500 0 0
2026-04-24 1676 2500 0 0
2026-04-25 1676 2500 0 0
2026-04-26 1676 2500 0 0
2026-04-27 1670 2500 0 0
2026-04-28 1667 2500 0 0
2026-04-29 1666 2500 0 0
2026-04-30 1664 2500 0 0
2026-05-01 1666 2500 0 0
2026-05-02 1669 2500 0 0
2026-05-04 1670 2500 0 0
2026-05-05 1670 2500.0 0 0
2026-05-06 1676 2500.0 0 0
2026-05-07 1684 2500.0 0 0
2026-05-08 1687 2500.0 0 0
2026-05-09 1693 2500.0 0 0
2026-05-10 1691 2500.0 0 0
2026-05-11 1694 2500.0 0 0
2026-05-12 1692 2500.0 0 0
2026-05-13 1693 2500.0 0 0
2026-05-14 1685 2500.0 0 0
2026-05-15 1692 2500.0 0 0
2026-05-16 1677 2500.0 0 0
2026-05-17 1671 2500.0 0 0
2026-05-18 1667 2500.0 0 0
2026-05-19 1664 2500.0 0 0
2026-05-20 1667 2500.0 0 0
2026-05-21 1670 2500.0 0 0
2026-05-22 1669 2500.0 0 0
2026-05-23 1670 2500.0 0 0
2026-05-24 1670 2500.0 0 0
2026-05-25 1674 2500.0 0 0
2026-05-26 1680 2500.0 0 0
2026-05-27 1681 2500.0 0 0
2026-05-28 1682 2500.0 0 0
2026-05-29 1679 2500.0 0 0
2026-05-30 1687 2500.0 0 0
2026-05-31 1690 2500.0 0 0
2026-06-01 1689 2500.0 0 0
2026-06-02 1688 2500.0 0 0
2026-06-03 1682 2500.0 0 0
2026-06-04 1681 2500.0 0 0
2026-06-05 1673 2500.0 0 0
2026-06-06 1657 2500.0 0 0
2026-06-07 1655 2500.0 0 0
2026-06-09 1648 2500.0 0 0
2026-06-10 1645 2500.0 0 0
2026-06-11 1642 2500.0 0 0
2026-06-12 1653 2500.0 0 0
2026-06-13 1650 2500.0 0 0
2026-06-14 1655 2500.0 0 0
2026-06-16 1673 2500.0 0 0
2026-06-17 1680 2500.0 0 0
2026-06-18 1676 2500.0 0 0
2026-06-19 1674 2500.0 0 0
2026-06-20 1668 2500.0 0 0
2026-06-21 1668 2500.0 0 0
2026-06-22 1664 2500.0 0 0
2026-06-23 1666 2500.0 0 0
2026-06-24 1659 2500.0 0 0
2026-06-25 1670 2500.0 0 0
2026-06-26 1653 2500.0 0 0
2026-06-27 1661 2500.0 0 0
2026-06-28 1661 2500.0 0 0
2026-06-29 1663 2500.0 0 0
2026-06-30 1670 2500.0 0 0
2026-07-01 1671 2500.0 0 0
2026-07-02 1668 2500.0 0 0
2026-07-03 1674 2500.0 0 0
2026-07-04 1677 2500.0 0 0
2026-07-05 1677 2500.0 0 0
2026-07-06 1677 2500.0 0 0
2026-07-07 1679 2500.0 0 0
2026-07-08 1670 2500.0 0 0
2026-07-09 1660 2500.0 0 0
2026-07-10 1665 2500.0 0 0
2026-07-11 1667 2500.0 0 0
2026-07-12 1666 2500.0 0 0
2026-07-13 1657 2500.0 0 0
2026-07-14 1656 2500.0 0 0
2026-07-15 1661 2500.0 0 0
2026-07-16 1669 2500.0 0 0
2026-07-17 1647 2500.0 0 0
2026-07-18 1643 2500.0 0 0
