2021-04-09 2576 1116.299 0 0
2021-04-10 2579 1113.057 -3.242 -0.29
2021-04-11 2580 1113.057 0 0
2021-04-12 2565 1108.896 -4.161 -0.374
2021-04-13 2526 1130.889 21.993 1.983
2021-04-14 2552 1121.732 -9.157 -0.81
2021-04-15 2514 1145.187 23.455 2.091
2021-04-16 2519 1145.178 -0.009 -0.001
2021-04-17 2523 1144.288 -0.89 -0.078
2021-04-18 2523 1144.288 0 0
2021-04-19 2556 1125.132 -19.156 -1.674
2021-04-20 2534 1138.088 12.956 1.152
2021-04-21 2582 1114.802 -23.286 -2.046
2021-04-22 2551 1138.481 23.679 2.124
2021-04-23 2535 1151.671 13.19 1.159
2021-04-24 2535 1151.671 0 0
2021-04-25 2537 1150.771 -0.9 -0.078
2021-04-26 2534 1155.592 4.821 0.419
2021-04-27 2564 1141.73 -13.862 -1.2
2021-04-28 2571 1135.401 -6.329 -0.554
2021-04-29 2572 1130.786 -4.615 -0.406
2021-04-30 2529 1158.475 27.689 2.449
2021-05-01 2532 1154.68 -3.795 -0.328
