2023-04-06 1880 1603.318 0 0
2023-04-07 1896 1592.865 -10.453 -0.656
2023-04-08 1895 1592.865 0 0
2023-04-09 1894 1592.865 0 0
2023-04-10 1887 1590.823 -2.042 -0.128
2023-04-11 1887 1595 4.177 0.262
2023-04-12 1894 1592.55 -2.45 -0.154
2023-04-13 1894 1588.654 -3.896 -0.245
2023-04-14 1882 1611.377 22.723 1.41
2023-04-15 1866 1625.519 14.142 0.87
2023-04-16 1866 1625.519 0 0
2023-04-17 1868 1623.859 -1.66 -0.102
2023-04-18 1880 1604.167 -19.692 -1.228
2023-04-19 1890 1593.469 -10.698 -0.671
2023-04-20 1891 1582.09 -11.379 -0.719
2023-04-21 1885 1585.439 3.349 0.211
2023-04-22 1887 1578.994 -6.445 -0.408
2023-04-23 1887 1578.994 0 0
2023-04-24 1891 1576.154 -2.84 -0.18
2023-04-25 1901 1563.751 -12.403 -0.793
2023-04-26 1900 1568.826 5.075 0.323
2023-04-27 1907 1561.072 -7.754 -0.497
2023-04-28 1899 1568.294 7.222 0.461
2023-04-29 1901 1567.942 -0.352 -0.022
2023-04-30 1901 1567.942 0 0
2023-05-01 1901 1567.942 0 0
2023-05-02 1894 1569.553 1.611 0.103
2023-05-03 1897 1564.306 -5.247 -0.335
2023-05-04 1898 1564.728 0.422 0.027
2023-05-05 1878 1582.827 18.099 1.143
2023-05-06 1879 1582.827 0 0
2023-05-07 1879 1582.827 0 0
2023-05-08 1881 1584.864 2.037 0.129
2023-05-09 1882 1585.727 0.863 0.054
2023-05-10 1883 1578.602 -7.125 -0.451
2023-05-11 1888 1575.377 -3.225 -0.205
2023-05-12 1874 1576.271 0.894 0.057
2023-05-13 1883 1566.408 -9.863 -0.63
2023-05-14 1883 1566.408 0 0
2023-05-15 1898 1567.216 0.808 0.052
2023-05-16 1896 1561.64 -5.576 -0.357
2023-05-17 1891 1566.156 4.516 0.288
2023-05-18 1889 1565.254 -0.902 -0.058
2023-05-19 1888 1568.074 2.82 0.18
2023-05-20 1862 1581.017 12.943 0.819
2023-05-21 1862 1581.017 0 0
2023-05-22 1868 1581.017 0 0
2023-05-23 1864 1581.423 0.406 0.026
2023-05-24 1847 1593.363 11.94 0.749
2023-05-25 1841 1587.33 -6.033 -0.38
2023-05-26 1852 1576.568 -10.762 -0.683
2023-05-27 1846 1578.354 1.786 0.113
2023-05-28 1846 1578.354 0 0
2023-05-29 1845 1578.354 0 0
2023-05-30 1842 1579.167 0.813 0.051
2023-05-31 1843 1576.072 -3.095 -0.196
2023-06-01 1847 1572.994 -3.078 -0.196
2023-06-02 1849 1584.144 11.15 0.704
2023-06-03 1833 1603.557 19.413 1.211
2023-06-04 1833 1603.557 0 0
2023-06-05 1836 1603.144 -0.413 -0.026
2023-06-06 1828 1600.08 -3.064 -0.191
2023-06-07 1826 1601.316 1.236 0.077
2023-06-08 1835 1597.608 -3.708 -0.232
2023-06-09 1827 1602.648 5.04 0.314
2023-06-10 1820 1617.6 14.952 0.924
2023-06-11 1821 1617.6 0 0
2023-06-12 1825 1618.434 0.834 0.052
2023-06-13 1822 1622.058 3.624 0.223
2023-06-14 1827 1619.129 -2.929 -0.181
2023-06-15 1828 1623.763 4.634 0.285
2023-06-16 1836 1619.964 -3.799 -0.235
2023-06-17 1829 1630.918 10.954 0.672
2023-06-18 1829 1630.918 0 0
2023-06-19 1829 1626.257 -4.661 -0.287
2023-06-20 1831 1622.868 -3.389 -0.209
2023-06-21 1832 1607.169 -15.699 -0.977
2023-06-22 1848 1592.273 -14.896 -0.936
2023-06-23 1847 1585.534 -6.739 -0.425
2023-06-24 1857 1574.168 -11.366 -0.722
2023-06-25 1857 1574.168 0 0
2023-06-26 1851 1575.408 1.24 0.079
2023-06-27 1859 1573.342 -2.066 -0.131
2023-06-28 1854 1575.988 2.646 0.168
2023-06-29 1860 1567.79 -8.198 -0.523
2023-06-30 1876 1555.825 -11.965 -0.769
