2020-10-21 945 2860.65 0 0
2020-10-22 950 2860.65 0 0
2020-10-23 946 2860.65 0 0
2020-10-24 946 2860.65 0 0
2020-10-25 945 2860.65 0 0
2020-10-26 941 2860.65 0 0
2020-10-27 530 4658.804 1798.154 38.597
2020-10-28 524 4647.011 -11.793 -0.254
2020-10-29 524 4647.841 0.83 0.018
2020-10-30 518 4650.542 2.701 0.058
2020-10-31 518 4657.622 7.08 0.152
2020-11-01 518 4657.622 0 0
2020-11-02 519 4657.622 0 0
2020-11-03 521 4657.692 0.07 0.002
2020-11-04 533 4666.188 8.496 0.182
2020-11-05 542 4648.741 -17.447 -0.375
2020-11-06 535 4699.849 51.108 1.087
2020-11-07 533 4712.98 13.131 0.279
2020-11-08 533 4712.98 0 0
2020-11-09 542 4712.98 0 0
2020-11-10 541 4749.49 36.51 0.769
2020-11-11 541 4725.183 -24.307 -0.514
2020-11-12 539 4714.048 -11.135 -0.236
2020-11-13 544 4707.151 -6.897 -0.147
2020-11-14 539 4718.039 10.888 0.231
2020-11-15 539 4718.039 0 0
2020-11-17 537 4744.868 26.829 0.565
2020-11-18 536 4758.615 13.747 0.289
2020-11-19 536 4769.525 10.91 0.229
2020-11-20 539 4739.032 -30.493 -0.643
2020-11-21 538 4749.129 10.097 0.213
2020-11-22 537 4749.129 0 0
2020-11-23 540 4749.129 0 0
2020-11-24 543 4750.647 1.518 0.032
2020-11-25 545 4745.518 -5.129 -0.108
2020-11-26 544 4743.57 -1.948 -0.041
2020-11-27 547 4743.57 0 0
2020-11-28 548 4740.904 -2.666 -0.056
2020-11-29 548 4740.904 0 0
2020-11-30 541 4740.904 0 0
