2019-11-07 276 6758 0 0
2020-01-19 296 6758 0 0
2020-02-07 286 6758 0 0
2020-02-15 292 6758 0 0
2020-02-16 292 6758 0 0
2020-02-17 294 6758 0 0
2020-02-18 295 6758 0 0
2020-02-19 294 6758 0 0
2020-02-20 297 6758 0 0
2020-02-21 296 6758 0 0
2020-02-22 296 6758 0 0
2020-02-23 296 6758 0 0
2020-02-24 285 6758 0 0
2020-02-25 278 6758 0 0
2020-02-26 275 6758 0 0
2020-02-27 274 6758 0 0
2020-02-28 271 6758 0 0
2020-02-29 265 6758 0 0
2020-03-01 267 6758 0 0
2020-03-02 268 6758 0 0
2020-03-03 273 6758 0 0
2020-03-04 277 6758 0 0
2020-03-05 275 6758 0 0
2020-03-06 272 6758 0 0
2020-03-07 270 6758 0 0
2020-03-08 269 6758 0 0
2020-03-09 258 6758 0 0
2020-03-10 260 6758 0 0
2020-03-11 255 6758 0 0
2020-03-12 240 6758 0 0
2020-03-13 231 6758 0 0
2020-03-14 236 6758 0 0
2020-03-15 236 6758 0 0
2020-03-16 230 6758 0 0
2020-03-17 230 6758 0 0
2020-03-18 222 6758 0 0
2020-03-19 221 6758 0 0
2020-03-20 224 6758 0 0
2020-03-21 227 6758 0 0
2020-03-22 227 6758 0 0
2020-03-23 222 6758 0 0
2020-03-24 219 6758 0 0
2020-03-25 229 6758 0 0
2020-03-26 237 6758 0 0
2020-03-27 244 6758 0 0
2020-03-28 241 6758 0 0
2020-03-29 241 6758 0 0
2020-03-30 241 6758 0 0
2020-03-31 242 6758 0 0
