2022-04-05 2094 1465.092 0 0
2022-04-06 2100 1454.693 -10.399 -0.71
2022-04-07 2157 1390.693 -64 -4.4
2022-04-08 2100 1431.545 40.852 2.938
2022-04-09 2107 1426.55 -4.995 -0.349
2022-04-10 2107 1426.55 0 0
2022-04-11 2055 1453.936 27.386 1.92
2022-04-12 2082 1432.178 -21.758 -1.496
2022-04-13 2036 1476.256 44.078 3.078
2022-04-14 2035 1478.526 2.27 0.154
2022-04-15 2031 1478.526 0 0
2022-04-16 2031 1478.526 0 0
2022-04-17 2031 1478.526 0 0
2022-04-18 2025 1488.399 9.873 0.668
2022-04-19 1987 1504.253 15.854 1.065
2022-04-20 2032 1468.715 -35.538 -2.363
2022-04-21 2000 1495 26.285 1.79
2022-04-22 2021 1461.639 -33.361 -2.232
2022-04-23 2013 1463.106 1.467 0.1
2022-04-24 2013 1463.106 0 0
2022-04-25 2007 1453.287 -9.819 -0.671
2022-04-26 1996 1440.713 -12.574 -0.865
2022-04-27 1985 1459.871 19.158 1.33
2022-04-28 2036 1407.181 -52.69 -3.609
2022-04-29 2036 1414.82 7.639 0.543
2022-04-30 2038 1416.988 2.168 0.153
