2021-03-04 2333 1047.423 0 0
2021-03-05 2330 1045.662 -1.761 -0.168
2021-03-06 2340 1043.191 -2.471 -0.237
2021-03-07 2335 1043.191 0 0
2021-03-08 2331 1043.191 0 0
2021-03-09 2324 1039.809 -3.382 -0.325
2021-03-11 2318 1044.568 4.759 0.456
2021-03-12 2323 1044.568 0 0
2021-03-13 2322 1046.289 1.721 0.164
2021-03-14 2324 1046.289 0 0
2021-03-15 2320 1046.289 0 0
2021-03-16 2319 1050.947 4.658 0.443
2021-03-18 2318 1049.931 -1.016 -0.097
2021-03-19 2318 1049.931 0 0
2021-03-20 2315 1050.24 0.309 0.029
2021-03-21 2315 1050.24 0 0
2021-03-22 2316 1050.24 0 0
2021-03-23 2315 1052.416 2.176 0.207
2021-03-24 2310 1051.707 -0.709 -0.067
2021-03-26 2312 1049.607 -2.1 -0.2
2021-03-27 2311 1050.366 0.759 0.072
2021-03-28 2311 1050.366 0 0
2021-03-29 2311 1050.366 0 0
2021-03-30 2308 1050.366 0 0
2021-03-31 2317 1037.913 -12.453 -1.2
