2020-01-19 1054 2457.138 0 0
2020-02-07 1310 1981.539 -475.599 -24.001
2020-02-15 1154 2264.502 282.963 12.496
2020-02-16 1154 2264.502 0 0
2020-02-17 1129 2305.069 40.567 1.76
2020-02-18 1116 2338.09 33.021 1.412
2020-02-19 1078 2409.754 71.664 2.974
2020-02-20 1066 2419.229 9.475 0.392
2020-02-21 1048 2448.389 29.16 1.191
2020-02-22 1048 2440.25 -8.139 -0.334
2020-02-23 1047 2440.25 0 0
2020-02-24 1082 2371.016 -69.234 -2.92
2020-02-25 1102 2310.466 -60.55 -2.621
2020-02-26 1113 2268.774 -41.692 -1.838
2020-02-27 1116 2253.564 -15.21 -0.675
2020-02-28 1181 2111.154 -142.41 -6.746
2020-02-29 1179 2119.007 7.853 0.371
2020-03-01 1177 2119.007 0 0
2020-03-02 1147 2195.316 76.309 3.476
2020-03-03 1145 2205.476 10.16 0.461
2020-03-04 1163 2192.518 -12.958 -0.591
2020-03-05 1085 2328.16 135.642 5.826
2020-03-06 1001 2447.645 119.485 4.882
2020-03-07 1002 2448.351 0.706 0.029
2020-03-08 1002 2448.351 0 0
2020-03-09 965 2475.868 27.517 1.111
2020-03-10 962 2456.828 -19.04 -0.775
2020-03-11 978 2388.94 -67.888 -2.842
2020-03-12 1004 2251.569 -137.371 -6.101
2020-03-13 971 2286.417 34.848 1.524
2020-03-14 973 2283.965 -2.452 -0.107
2020-03-15 973 2283.965 0 0
2020-03-16 1031 2145.529 -138.436 -6.452
2020-03-17 1017 2134.525 -11.004 -0.516
2020-03-18 1041 2072.153 -62.372 -3.01
2020-03-19 1038 2062.224 -9.929 -0.481
2020-03-20 1049 2047.035 -15.189 -0.742
2020-03-21 1046 2054.278 7.243 0.353
2020-03-22 1046 2054.278 0 0
2020-03-23 1113 1928.464 -125.814 -6.524
2020-03-24 1113 1914.214 -14.25 -0.744
2020-03-25 1132 1946.868 32.654 1.677
2020-03-26 1141 1976.678 29.81 1.508
2020-03-27 1157 1967.917 -8.761 -0.445
2020-03-28 1144 1967.364 -0.553 -0.028
2020-03-29 1144 1967.364 0 0
2020-03-30 1144 1967.364 0 0
2020-03-31 1196 1886.849 -80.515 -4.267
2020-04-01 1199 1896.029 9.18 0.484
2020-04-02 1165 1918.589 22.56 1.176
2020-04-03 1146 1948.53 29.941 1.537
2020-04-04 1155 1919.997 -28.533 -1.486
2020-04-05 1155 1919.997 0 0
2020-04-06 1155 1919.997 0 0
2020-04-07 1159 1958.076 38.079 1.945
2020-04-08 1174 1991.209 33.133 1.664
2020-04-10 1244 1920.223 -70.986 -3.697
2020-04-11 1244 1920.223 0 0
2020-04-12 1244 1920.223 0 0
2020-04-13 1254 1900.632 -19.591 -1.031
2020-04-14 1249 1921.161 20.529 1.069
2020-04-15 1274 1881.467 -39.694 -2.11
2020-04-17 1295 1840.744 -40.723 -2.212
2020-04-18 1302 1840.016 -0.728 -0.04
2020-04-19 1303 1840.016 0 0
2020-04-20 1326 1809.307 -30.709 -1.697
2020-04-21 1333 1774.27 -35.037 -1.975
2020-04-23 1349 1759.932 -14.338 -0.815
2020-04-24 1375 1716.694 -43.238 -2.519
2020-04-25 1366 1715.7 -0.994 -0.058
2020-04-26 1366 1715.7 0 0
2020-04-27 1373 1723.138 7.438 0.432
2020-04-28 1444 1648.499 -74.639 -4.528
2020-04-29 1449 1665.857 17.358 1.042
2020-04-30 1364 1777.138 111.281 6.262
2020-05-01 1354 1782.858 5.72 0.321
2020-05-02 1353 1782.858 0 0
2020-05-03 1353 1782.858 0 0
2020-05-04 1353 1782.858 0 0
2020-05-05 1354 1782.858 0 0
2020-05-06 1337 1817.409 34.551 1.901
2020-05-07 1364 1764.603 -52.806 -2.993
2020-05-08 1368 1762.738 -1.865 -0.106
2020-05-09 1371 1765.726 2.988 0.169
2020-05-10 1371 1765.726 0 0
2020-05-11 1345 1820.607 54.881 3.014
2020-05-12 1289 1895.034 74.427 3.927
2020-05-13 1312 1858.189 -36.845 -1.983
2020-05-14 1319 1830.861 -27.328 -1.493
2020-05-15 1304 1853.01 22.149 1.195
2020-05-16 1311 1851.522 -1.488 -0.08
2020-05-17 1312 1851.522 0 0
2020-05-18 1305 1878.419 26.897 1.432
2020-05-19 1308 1887.655 9.236 0.489
2020-05-20 1289 1919.246 31.591 1.646
2020-05-21 1331 1854.41 -64.836 -3.496
2020-05-22 1382 1771.633 -82.777 -4.672
2020-05-23 1388 1761.536 -10.097 -0.573
2020-05-24 1388 1761.536 0 0
2020-05-25 1424 1714.507 -47.029 -2.743
2020-05-26 1418 1727.417 12.91 0.747
2020-05-27 1324 1876.457 149.04 7.943
2020-05-28 1291 1933.223 56.766 2.936
2020-05-29 1331 1885.882 -47.341 -2.51
2020-05-30 1326 1889.471 3.589 0.19
2020-05-31 1326 1889.471 0 0
2020-06-01 1276 1981.629 92.158 4.651
2020-06-02 1292 1968.91 -12.719 -0.646
2020-06-03 1331 1926.582 -42.328 -2.197
2020-06-04 1355 1902.664 -23.918 -1.257
2020-06-05 1336 1942.807 40.143 2.066
2020-06-06 1337 1952.594 9.787 0.501
2020-06-07 1337 1952.594 0 0
2020-06-08 1369 1908.919 -43.675 -2.288
2020-06-09 1358 1918.51 9.591 0.5
2020-06-10 1371 1904.987 -13.523 -0.71
2020-06-11 1357 1898.373 -6.614 -0.348
2020-06-12 1333 1937.673 39.3 2.028
2020-06-13 1331 1936.468 -1.205 -0.062
2020-06-14 1331 1936.468 0 0
2020-06-15 1347 1899.233 -37.235 -1.961
2020-06-16 1302 1986.62 87.387 4.399
2020-06-17 1233 2088.749 102.129 4.889
2020-06-18 1256 2054.344 -34.405 -1.675
2020-06-19 1265 2053.151 -1.193 -0.058
2020-06-20 1265 2053.412 0.261 0.013
2020-06-21 1265 2053.412 0 0
2020-06-22 1239 2084.112 30.7 1.473
2020-06-23 1240 2087.374 3.262 0.156
2020-06-24 1240 2087.374 0 0
2020-06-25 1210 2124.444 37.07 1.745
2020-06-26 1208 2124.444 0 0
2020-06-27 1203 2124.444 0 0
2020-06-28 1204 2124.444 0 0
2020-06-29 1183 2163.54 39.096 1.807
2020-06-30 1194 2153.227 -10.313 -0.479
2020-07-01 1231 2094.746 -58.481 -2.792
2020-07-07 1088 2383.321 288.575 12.108
2020-07-08 1070 2433.134 49.813 2.047
2020-07-09 1061 2444.737 11.603 0.475
2020-07-10 1048 2465.952 21.215 0.86
2020-07-11 1050 2459.264 -6.688 -0.272
2020-07-12 1050 2459.264 0 0
2020-07-13 1020 2555.143 95.879 3.752
2020-07-14 1079 2430.853 -124.29 -5.113
2020-07-15 1079 2437.751 6.898 0.283
2020-07-16 1126 2338.3 -99.451 -4.253
2020-07-17 1189 2234.243 -104.057 -4.657
2020-07-18 1189 2234.243 0 0
2020-07-20 1113 2384.964 150.721 6.32
2020-07-21 1024 2559.936 174.972 6.835
2020-07-22 990 2638.584 78.648 2.981
2020-07-23 1002 2612.549 -26.035 -0.997
2020-07-24 1067 2452.25 -160.299 -6.537
2020-07-25 1069 2444.841 -7.409 -0.303
2020-07-26 1065 2444.841 0 0
2020-07-27 1075 2430.765 -14.076 -0.579
2020-07-28 1074 2430.677 -0.088 -0.004
2020-07-29 1045 2498.863 68.186 2.729
2020-07-30 1010 2579.802 80.939 3.137
2020-07-31 1023 2568.513 -11.289 -0.44
