2019-11-07 468 4595 0 0
2020-01-19 485 4595 0 0
2020-02-07 481 4595 0 0
2020-02-15 482 4595 0 0
2020-02-16 482 4595 0 0
2020-02-17 480 4595 0 0
2020-02-18 483 4595 0 0
2020-02-19 484 4595 0 0
2020-02-20 481 4595 0 0
2020-02-21 478 4595 0 0
2020-02-22 476 4595 0 0
2020-02-23 476 4595 0 0
2020-02-24 471 4595 0 0
2020-02-25 464 4595 0 0
2020-02-26 462 4595 0 0
2020-02-27 454 4595 0 0
2020-02-28 452 4595 0 0
2020-02-29 449 4595 0 0
2020-03-01 449 4595 0 0
2020-03-02 455 4595 0 0
2020-03-03 458 4595 0 0
2020-03-04 465 4595 0 0
2020-03-05 468 4595 0 0
2020-03-06 457 4595 0 0
2020-03-07 462 4595 0 0
2020-03-08 462 4595 0 0
2020-03-09 446 4595 0 0
2020-03-10 451 4595 0 0
2020-03-11 438 4595 0 0
2020-03-12 431 4595 0 0
2020-03-13 409 4595 0 0
2020-03-14 413 4595 0 0
2020-03-15 413 4595 0 0
2020-03-16 392 4595 0 0
2020-03-17 395 4595 0 0
2020-03-18 387 4595 0 0
2020-03-19 379 4595 0 0
2020-03-20 383 4595 0 0
2020-03-21 383 4595 0 0
2020-03-22 383 4595 0 0
2020-03-23 378 4595 0 0
2020-03-24 377 4595 0 0
2020-03-25 434 4190.59 -404.41 -8.801
2020-03-26 440 4190.59 0 0
2020-03-27 454 4190.59 0 0
2020-03-28 446 4190.59 0 0
2020-03-29 446 4190.59 0 0
2020-03-30 446 4190.59 0 0
2020-03-31 448 4190.59 0 0
2020-04-01 454 4190.59 0 0
2020-04-02 443 4190.59 0 0
2020-04-03 443 4190.59 0 0
2020-04-04 443 4190.59 0 0
2020-04-05 443 4190.59 0 0
2020-04-06 443 4190.59 0 0
2020-04-07 457 4190.59 0 0
2020-04-08 464 4190.59 0 0
2020-04-09 474 4190.59 0 0
2020-04-10 479 4190.59 0 0
2020-04-11 479 4190.59 0 0
2020-04-12 479 4190.59 0 0
2020-04-13 480 4190.59 0 0
2020-04-14 485 4190.59 0 0
2020-04-15 481 4190.59 0 0
2020-04-16 478 4190.59 0 0
2020-04-17 481 4190.59 0 0
2020-04-18 485 4190.59 0 0
2020-04-19 485 4190.59 0 0
2020-04-20 483 4190.59 0 0
2020-04-21 476 4190.59 0 0
2020-04-23 481 4190.59 0 0
2020-04-24 481 4190.59 0 0
2020-04-25 479 4190.59 0 0
2020-04-26 479 4190.59 0 0
2020-04-27 483 4190.59 0 0
2020-04-28 486 4190.59 0 0
2020-04-29 494 4190.59 0 0
2020-04-30 498 4190.59 0 0
2020-05-01 494 4190.59 0 0
2020-05-02 494 4190.59 0 0
2020-05-03 494 4190.59 0 0
2020-05-04 492 4190.59 0 0
2020-05-05 491 4190.59 0 0
2020-05-06 491 4190.59 0 0
2020-05-07 493 4190.59 0 0
2020-05-08 498 4190.59 0 0
2020-05-09 503 4190.59 0 0
2020-05-10 503 4190.59 0 0
2020-05-11 502 4190.59 0 0
2020-05-12 502 4190.59 0 0
2020-05-13 500 4190.59 0 0
2020-05-14 497 4190.59 0 0
2020-05-15 496 4190.59 0 0
2020-05-16 496 4190.59 0 0
2020-05-17 496 4190.59 0 0
2020-05-18 503 4190.59 0 0
2020-05-19 509 4190.59 0 0
2020-05-20 510 4190.59 0 0
2020-05-21 513 4190.59 0 0
2020-05-23 504 4190.59 0 0
2020-05-24 504 4190.59 0 0
2020-05-25 508 4190.59 0 0
2020-05-26 511 4190.59 0 0
2020-05-27 516 4190.59 0 0
2020-05-28 516 4190.59 0 0
2020-05-29 519 4190.59 0 0
2020-05-30 521 4190.59 0 0
2020-05-31 521 4190.59 0 0
2020-06-01 526 4190.59 0 0
2020-06-02 531 4190.59 0 0
2020-06-03 547 4190.59 0 0
2020-06-04 543 4190.59 0 0
2020-06-05 547 4190.59 0 0
2020-06-06 554 4190.59 0 0
2020-06-07 554 4190.59 0 0
2020-06-08 556 4190.59 0 0
2020-06-09 556 4190.59 0 0
2020-06-10 560 4190.59 0 0
2020-06-11 543 4190.59 0 0
2020-06-12 538 4190.59 0 0
2020-06-13 536 4190.59 0 0
2020-06-14 536 4190.59 0 0
2020-06-15 534 4190.59 0 0
2020-06-16 539 4190.59 0 0
2020-06-17 542 4190.59 0 0
2020-06-18 542 4190.59 0 0
2020-06-19 542 4190.59 0 0
2020-06-20 542 4190.59 0 0
2020-06-21 542 4190.59 0 0
2020-06-22 542 4190.59 0 0
2020-06-23 547 4190.59 0 0
2020-06-24 547 4190.59 0 0
2020-06-25 542 4190.59 0 0
2020-06-26 539 4190.59 0 0
2020-06-27 538 4190.59 0 0
2020-06-28 538 4190.59 0 0
2020-06-29 535 4190.59 0 0
2020-06-30 540 4190.59 0 0
2020-07-01 538 4190.59 0 0
2020-07-07 556 4190.59 0 0
2020-07-08 566 4190.59 0 0
2020-07-09 570 4190.59 0 0
2020-07-10 569 4190.59 0 0
2020-07-11 570 4190.59 0 0
2020-07-12 570 4190.59 0 0
2020-07-13 570 4190.59 0 0
2020-07-14 569 4190.59 0 0
2020-07-15 573 4190.59 0 0
2020-07-16 565 4190.59 0 0
2020-07-17 574 4190.59 0 0
2020-07-18 574 4190.59 0 0
2020-07-20 579 4190.59 0 0
2020-07-21 581 4190.59 0 0
2020-07-22 580 4190.59 0 0
2020-07-23 540 4433.991 243.401 5.808
2020-07-24 534 4433.991 0 0
2020-07-25 534 4433.991 0 0
2020-07-26 531 4433.991 0 0
2020-07-27 534 4433.991 0 0
2020-07-28 536 4433.991 0 0
2020-07-29 538 4433.991 0 0
2020-07-30 542 4433.991 0 0
2020-07-31 545 4433.991 0 0
2020-08-04 545 4433.991 0 0
2020-08-05 548 4433.991 0 0
2020-08-06 544 4433.991 0 0
2020-08-07 549 4433.991 0 0
2020-08-08 548 4433.991 0 0
2020-08-09 548 4433.991 0 0
2020-08-10 551 4433.991 0 0
2020-08-12 548 4433.991 0 0
2020-08-13 549 4433.991 0 0
2020-08-14 551 4433.991 0 0
2020-08-15 551 4433.991 0 0
2020-08-16 551 4433.991 0 0
2020-08-17 551 4433.991 0 0
2020-08-18 555 4433.991 0 0
2020-08-19 558 4433.991 0 0
2020-08-20 554 4433.991 0 0
2020-08-21 554 4433.991 0 0
2020-08-22 554 4433.991 0 0
2020-08-23 554 4433.991 0 0
2020-08-24 555 4433.991 0 0
2020-08-25 555 4433.991 0 0
2020-08-26 553 4433.991 0 0
2020-08-27 560 4433.991 0 0
2020-08-28 564 4433.991 0 0
2020-08-29 564 4433.991 0 0
2020-08-30 564 4433.991 0 0
2020-08-31 561 4433.991 0 0
2020-09-01 568 4433.991 0 0
2020-09-02 571 4433.991 0 0
2020-09-03 564 4433.991 0 0
2020-09-04 560 4433.991 0 0
2020-09-05 559 4433.991 0 0
2020-09-06 559 4433.991 0 0
2020-09-07 558 4433.991 0 0
2020-09-09 553 4433.991 0 0
2020-09-10 551 4433.991 0 0
2020-09-11 553 4433.991 0 0
2020-09-12 553 4433.991 0 0
2020-09-13 553 4433.991 0 0
2020-09-14 558 4433.991 0 0
2020-09-15 561 4433.991 0 0
2020-09-16 560 4433.991 0 0
2020-09-17 561 4433.991 0 0
2020-09-18 559 4433.991 0 0
2020-09-19 560 4433.991 0 0
2020-09-21 554 4433.991 0 0
2020-09-22 558 4433.991 0 0
2020-09-23 548 4433.991 0 0
2020-09-24 546 4433.991 0 0
2020-09-25 551 4433.991 0 0
2020-09-26 551 4433.991 0 0
2020-09-27 551 4433.991 0 0
2020-09-28 559 4433.991 0 0
2020-09-29 561 4433.991 0 0
2020-09-30 562 4433.991 0 0
