2026-03-10 2910 1291.71 0 0
2026-03-11 2935 1278.374 -13.336 -1.032
2026-03-12 2975 1245.727 -32.647 -2.554
2026-03-13 2924 1268.531 22.804 1.831
2026-03-14 2922 1263.458 -5.073 -0.4
2026-03-15 2922 1263.458 0 0
2026-03-16 2788 1356.098 92.64 7.332
2026-03-17 2907 1275.883 -80.215 -5.915
2026-03-18 2867 1300.072 24.189 1.896
2026-03-19 2904 1267.724 -32.348 -2.488
2026-03-20 2870 1288.829 21.105 1.665
2026-03-21 2866 1292.406 3.577 0.278
2026-03-22 2866 1292.406 0 0
2026-03-23 3018 1181.078 -111.328 -8.614
2026-03-24 3020 1183.67 2.592 0.219
2026-03-25 2951 1231.998 48.328 4.083
2026-03-27 3042 1179.156 -52.842 -4.289
2026-03-28 3040 1175.3 -3.856 -0.327
2026-03-29 3040 1175.3 0 0
2026-03-30 3076 1151.73 -23.57 -2.005
2026-03-31 3174 1098.113 -53.617 -4.655
2026-04-01 3054 1173.071 74.958 6.826
2026-04-02 3072 1161.89 -11.181 -0.953
2026-04-03 2899 1266.293 104.403 8.986
2026-04-04 2899 1266.293 0 0
2026-04-05 2899 1266.293 0 0
2026-04-06 2898 1266.293 0 0
2026-04-07 2932 1240.623 -25.67 -2.027
2026-04-08 2823 1323.759 83.136 6.701
2026-04-09 2783 1361.316 37.557 2.837
2026-04-10 2729 1407.383 46.067 3.384
2026-04-11 2730 1408.949 1.566 0.111
2026-04-12 2730 1408.949 0 0
2026-04-13 2738 1407.183 -1.766 -0.125
2026-04-14 2704 1432.427 25.244 1.794
2026-04-15 2766 1398.597 -33.83 -2.362
2026-04-16 2724 1427.741 29.144 2.084
2026-04-17 2709 1448.363 20.622 1.444
2026-04-18 2711 1446.899 -1.464 -0.101
2026-04-19 2711 1446.899 0 0
2026-04-20 2753 1416.853 -30.046 -2.077
2026-04-21 2712 1454.849 37.996 2.682
2026-04-22 2649 1496.33 41.481 2.851
2026-04-23 2775 1393.658 -102.672 -6.862
2026-04-24 2791 1378.619 -15.039 -1.079
2026-04-25 2790 1378.478 -0.141 -0.01
2026-04-26 2790 1378.478 0 0
2026-04-27 2791 1382.303 3.825 0.277
2026-04-28 2813 1359.676 -22.627 -1.637
2026-04-29 2687 1459.237 99.561 7.322
2026-04-30 2346 1750.963 291.726 19.992
2026-05-01 2354 1750.861 -0.102 -0.006
2026-05-02 2357 1750.861 0 0
2026-05-04 2359 1750.861 0 0
2026-05-05 2360 1750.861 0 0
2026-05-06 2223 1872.097 0 0
2026-05-07 2197 1909.762 0 0
2026-05-08 2163 1952.267 0 0
2026-05-09 2157 1972.879 0 0
2026-05-10 2154 1972.792 0 0
2026-05-11 2138 1986.096 0 0
2026-05-12 2178 1939.977 0 0
2026-05-13 2155 1955.416 0 0
2026-05-14 2180 1934.691 0 0
2026-05-15 2182 1928.398 0 0
2026-05-16 2218 1877.413 0 0
2026-05-17 2222 1872.309 0 0
