2025-04-02 2664 1209.931 0 0
2025-04-03 2645 1209.931 0 0
2025-04-04 2628 1209.931 0 0
2025-04-05 2624 1209.931 0 0
2025-04-06 2624 1209.931 0 0
2025-04-07 2584 1209.931 0 0
2025-04-08 2576 1209.931 0 0
2025-04-09 2595 1209.931 0 0
2025-04-10 2597 1209.931 0 0
2025-04-11 2603 1209.931 0 0
2025-04-12 2617 1209.931 0 0
2025-04-13 2617 1209.931 0 0
2025-04-14 2622 1209.931 0 0
2025-04-15 2629 1209.931 0 0
2025-04-16 2625 1209.931 0 0
2025-04-17 2630 1209.931 0 0
2025-04-18 2631 1209.931 0 0
2025-04-19 2631 1209.931 0 0
2025-04-20 2631 1209.931 0 0
2025-04-21 2628 1209.931 0 0
2025-04-22 2644 1209.931 0 0
2025-04-23 2655 1209.931 0 0
2025-04-24 2648 1209.931 0 0
2025-04-25 2650 1209.931 0 0
2025-04-26 2649 1209.931 0 0
2025-04-27 2649 1209.931 0 0
2025-04-28 2652 1209.931 0 0
2025-04-29 2656 1209.931 0 0
2025-04-30 2658 1209.931 0 0
2025-05-01 2660 1209.931 0 0
2025-05-02 2667 1209.931 0 0
2025-05-03 2674 1209.931 0 0
2025-05-04 2674 1209.931 0 0
2025-05-05 2671 1209.931 0 0
2025-05-06 2675 1209.931 0 0
2025-05-07 2679 1209.931 0 0
2025-05-08 2685 1209.931 0 0
2025-05-09 2672 1209.931 0 0
2025-05-10 2672 1209.931 0 0
2025-05-11 2672 1209.931 0 0
2025-05-12 2695 1209.931 0 0
2025-05-13 2689 1209.931 0 0
2025-05-14 2696 1209.931 0 0
2025-05-15 2687 1209.931 0 0
2025-05-16 2692 1209.931 0 0
2025-05-17 2691 1209.931 0 0
2025-05-18 2691 1209.931 0 0
2025-05-19 2691 1209.931 0 0
2025-05-20 2697 1209.931 0 0
2025-05-21 2696 1209.931 0 0
2025-05-22 2699 1209.931 0 0
2025-05-23 2687 1209.931 0 0
2025-05-24 2687 1209.931 0 0
2025-05-25 2690 1209.931 0 0
2025-05-26 2693 1209.931 0 0
2025-05-27 2692 1209.931 0 0
2025-05-28 2690 1209.931 0 0
2025-05-29 2695 1209.931 0 0
2025-05-30 2691 1209.931 0 0
2025-05-31 2689 1209.931 0 0
2025-06-01 2689 1209.931 0 0
2025-06-02 2688 1209.931 0 0
2025-06-03 2695 1209.931 0 0
2025-06-04 2693 1209.931 0 0
2025-06-05 2703 1209.931 0 0
2025-06-06 2710 1209.931 0 0
2025-06-07 2708 1209.931 0 0
2025-06-08 2708 1209.931 0 0
2025-06-09 2715 1209.931 0 0
2025-06-10 2714 1209.931 0 0
2025-06-11 2717 1209.931 0 0
2025-06-12 2716 1209.931 0 0
2025-06-13 2705 1209.931 0 0
2025-06-14 2704 1209.931 0 0
2025-06-15 2703 1209.931 0 0
2025-06-16 2709 1209.931 0 0
2025-06-17 2699 1209.931 0 0
2025-06-18 2694 1209.931 0 0
2025-06-19 2680 1209.931 0 0
2025-06-20 2676 1209.931 0 0
2025-06-21 2676 1209.931 0 0
2025-06-22 2676 1209.931 0 0
2025-06-23 2680 1209.931 0 0
2025-06-24 2693 1209.931 0 0
2025-06-25 2702 1209.931 0 0
2025-06-26 2698 1209.931 0 0
2025-06-27 2707 1209.931 0 0
2025-06-28 2711 1209.931 0 0
2025-06-29 2710 1209.931 0 0
2025-06-30 2715 1209.931 0 0
2025-07-01 2714 1209.931 0 0
2025-07-02 2727 1209.931 0 0
2025-07-03 2730 1209.931 0 0
2025-07-04 2720 1209.931 0 0
2025-07-05 2720 1209.931 0 0
2025-07-06 2720 1209.931 0 0
2025-07-07 2714 1209.931 0 0
2025-07-08 2720 1209.931 0 0
2025-07-09 2713 1209.931 0 0
2025-07-10 2717 1209.931 0 0
2025-07-11 2718 1209.931 0 0
2025-07-12 2719 1209.931 0 0
2025-07-13 2719 1209.931 0 0
2025-07-14 2720 1209.931 0 0
2025-07-15 2721 1209.931 0 0
2025-07-16 2725 1209.931 0 0
2025-07-17 2730 1209.931 0 0
2025-07-18 2729 1209.931 0 0
2025-07-19 2730 1209.931 0 0
2025-07-20 2730 1209.931 0 0
2025-07-21 2737 1209.931 0 0
2025-07-22 2743 1209.931 0 0
2025-07-23 2750 1209.931 0 0
2025-07-24 2753 1209.931 0 0
2025-07-25 2753 1209.931 0 0
2025-07-26 2748 1209.931 0 0
2025-07-27 2748 1209.931 0 0
2025-07-28 2750 1209.931 0 0
2025-07-29 2743 1209.931 0 0
2025-07-30 2746 1209.931 0 0
2025-07-31 2739 1209.931 0 0
2025-08-01 2733 1209.931 0 0
2025-08-02 2740 1209.931 0 0
2025-08-03 2740 1209.931 0 0
2025-08-04 2746 1209.931 0 0
2025-08-05 2752 1209.931 0 0
2025-08-06 2755 1209.931 0 0
2025-08-07 2759 1209.931 0 0
2025-08-08 2754 1209.931 0 0
2025-08-09 2754 1209.931 0 0
2025-08-10 2754 1209.931 0 0
2025-08-11 2759 1209.931 0 0
2025-08-12 2761 1209.931 0 0
2025-08-13 2772 1209.931 0 0
2025-08-14 2771 1209.931 0 0
2025-08-15 2773 1209.931 0 0
2025-08-16 2774 1209.931 0 0
2025-08-17 2774 1209.931 0 0
2025-08-18 2785 1209.931 0 0
2025-08-19 2777 1209.931 0 0
2025-08-20 2781 1209.931 0 0
2025-08-21 2780 1209.931 0 0
2025-08-22 2788 1209.931 0 0
2025-08-23 2794 1209.931 0 0
2025-08-24 2794 1209.931 0 0
2025-08-25 2792 1209.931 0 0
2025-08-26 2791 1209.931 0 0
2025-08-27 2784 1209.931 0 0
2025-08-28 2791 1209.931 0 0
2025-08-29 2794 1209.931 0 0
2025-08-30 2796 1209.931 0 0
2025-08-31 2796 1209.931 0 0
2025-09-01 2796 1209.931 0 0
2025-09-02 2794 1209.931 0 0
2025-09-03 2793 1209.931 0 0
2025-09-04 2787 1209.931 0 0
2025-09-05 2800 1209.931 0 0
2025-09-06 2810 1209.931 0 0
2025-09-07 2810 1209.931 0 0
2025-09-08 2812 1209.931 0 0
2025-09-09 2808 1209.931 0 0
2025-09-10 2808 1209.931 0 0
2025-09-11 2820 1209.931 0 0
2025-09-12 2822 1209.931 0 0
2025-09-13 2823 1209.931 0 0
2025-09-14 2823 1209.931 0 0
2025-09-15 2822 1209.931 0 0
2025-09-16 2827 1209.931 0 0
2025-09-17 2835 1209.931 0 0
2025-09-18 2836 1209.931 0 0
2025-09-19 2833 1209.931 0 0
2025-09-20 2832 1209.931 0 0
2025-09-21 2833 1209.931 0 0
2025-09-22 2834 1209.931 0 0
2025-09-23 2828 1209.931 0 0
2025-09-24 2840 1209.931 0 0
2025-09-25 2832 1209.931 0 0
2025-09-26 2821 1209.931 0 0
2025-09-27 2823 1209.931 0 0
2025-09-28 2824 1209.931 0 0
2025-09-29 2821 1209.931 0 0
2025-09-30 2822 1209.931 0 0
2025-10-01 2833 1209.931 0 0
2025-10-02 2837 1209.931 0 0
2025-10-03 2831 1209.931 0 0
2025-10-04 2837 1209.931 0 0
2025-10-05 2840 1209.931 0 0
2025-10-06 2836 1209.931 0 0
2025-10-07 2838 1209.931 0 0
2025-10-08 2832 1209.931 0 0
2025-10-09 2833 1209.931 0 0
2025-10-10 2816 1209.931 0 0
2025-10-11 2815 1209.931 0 0
2025-10-12 2815 1209.931 0 0
2025-10-13 2818 1209.931 0 0
2025-10-14 2801 1209.931 0 0
2025-10-15 2812 1209.931 0 0
2025-10-16 2810 1209.931 0 0
2025-10-17 2794 1209.931 0 0
2025-10-18 2794 1209.931 0 0
2025-10-19 2795 1209.931 0 0
2025-10-20 2804 1209.931 0 0
2025-10-21 2814 1209.931 0 0
2025-10-22 2810 1209.931 0 0
2025-10-23 2812 1209.931 0 0
2025-10-24 2812 1209.931 0 0
2025-10-25 2812 1209.931 0 0
2025-10-26 2812 1209.931 0 0
2025-10-27 2819 1209.931 0 0
2025-10-28 2815 1209.931 0 0
2025-10-29 2823 1209.931 0 0
2025-10-30 2822 1209.931 0 0
2025-10-31 2818 1209.931 0 0
2025-11-01 2818 1209.931 0 0
2025-11-02 2818 1209.931 0 0
2025-11-03 2812 1209.931 0 0
2025-11-04 2803 1209.931 0 0
2025-11-05 2792 1209.931 0 0
2025-11-06 2794 1209.931 0 0
2025-11-07 2797 1209.931 0 0
2025-11-08 2797 1209.931 0 0
2025-11-09 2797 1209.931 0 0
2025-11-10 2803 1209.931 0 0
2025-11-11 2807 1209.931 0 0
2025-11-12 2814 1209.931 0 0
2025-11-13 2811 1209.931 0 0
2025-11-14 2798 1209.931 0 0
2025-11-15 2797 1209.931 0 0
2025-11-16 2797 1209.931 0 0
2025-11-17 2794 1209.931 0 0
2025-11-18 2791 1209.931 0 0
2025-11-19 2791 1209.931 0 0
2025-11-20 2784 1209.931 0 0
2025-11-21 2775 1209.931 0 0
2025-11-22 2773 1209.931 0 0
2025-11-23 2773 1209.931 0 0
2025-11-24 2780 1209.931 0 0
2025-11-25 2790 1209.931 0 0
2025-11-26 2802 1209.931 0 0
2025-11-27 2805 1209.931 0 0
2025-11-28 2808 1209.931 0 0
2025-11-29 2808 1209.931 0 0
2025-11-30 2808 1209.931 0 0
2025-12-01 2819 1209.931 0 0
2025-12-02 2813 1209.931 0 0
2025-12-03 2813 1209.931 0 0
2025-12-04 2819 1209.931 0 0
2025-12-05 2827 1209.931 0 0
2025-12-06 2827 1209.931 0 0
2025-12-07 2827 1209.931 0 0
2025-12-08 2826 1209.931 0 0
2025-12-09 2819 1209.931 0 0
2025-12-10 2825 1209.931 0 0
2025-12-11 2820 1209.931 0 0
2025-12-12 2837 1209.931 0 0
2025-12-13 2837 1209.931 0 0
2025-12-14 2837 1209.931 0 0
2025-12-15 2831 1209.931 0 0
2025-12-16 2823 1209.931 0 0
2025-12-17 2829 1209.931 0 0
2025-12-18 2838 1209.931 0 0
2025-12-19 2841 1209.931 0 0
2025-12-20 2840 1209.931 0 0
2025-12-21 2844 1209.931 0 0
2025-12-22 2848 1209.931 0 0
2025-12-23 2854 1209.931 0 0
2025-12-24 2856 1209.931 0 0
2025-12-25 2859 1209.931 0 0
2025-12-26 2864 1209.931 0 0
2025-12-27 2866 1209.931 0 0
2025-12-28 2866 1209.931 0 0
2025-12-29 2862 1209.931 0 0
2025-12-30 2860 1209.931 0 0
2025-12-31 2857 1209.931 0 0
2026-01-01 2856 1209.931 0 0
2026-01-02 2863 1209.931 0 0
2026-01-03 2865 1209.931 0 0
2026-01-05 2870 1209.931 0 0
2026-01-06 2876 1209.931 0 0
2026-01-07 2875 1209.931 0 0
2026-01-08 2871 1209.931 0 0
2026-01-09 2879 1209.931 0 0
2026-01-10 2881 1209.931 0 0
2026-01-11 2881 1209.931 0 0
2026-01-12 2889 1209.931 0 0
2026-01-13 2879 1209.931 0 0
2026-01-14 2876 1209.931 0 0
2026-01-15 2889 1209.931 0 0
2026-01-16 2880 1209.931 0 0
2026-01-17 2881 1209.931 0 0
2026-01-18 2880 1209.931 0 0
2026-01-19 2876 1209.931 0 0
2026-01-20 2873 1209.931 0 0
2026-01-21 2879 1209.931 0 0
2026-01-22 2880 1209.931 0 0
2026-01-23 2890 1209.931 0 0
2026-01-24 2893 1209.931 0 0
2026-01-25 2893 1209.931 0 0
2026-01-26 2891 1209.931 0 0
2026-01-27 2903 1209.931 0 0
2026-01-28 2897 1209.931 0 0
2026-01-29 2907 1209.931 0 0
2026-01-30 2897 1209.931 0 0
2026-01-31 2895 1209.931 0 0
2026-02-01 2893 1209.931 0 0
2026-02-02 2887 1209.931 0 0
2026-02-03 2892 1209.931 0 0
2026-02-04 2892 1209.931 0 0
2026-02-05 2882 1209.931 0 0
2026-02-06 2882 1209.931 0 0
2026-02-07 2883 1209.931 0 0
2026-02-08 2885 1209.931 0 0
2026-02-09 2895 1209.931 0 0
2026-02-10 2907 1209.931 0 0
2026-02-11 2900 1209.931 0 0
2026-02-12 2894 1209.931 0 0
2026-02-13 2890 1209.931 0 0
2026-02-14 2888 1209.931 0 0
2026-02-15 2887 1209.931 0 0
2026-02-16 2889 1209.931 0 0
2026-02-17 2896 1209.931 0 0
2026-02-18 2897 1209.931 0 0
2026-02-19 2892 1209.931 0 0
2026-02-20 2885 1209.931 0 0
2026-02-21 2886 1209.931 0 0
2026-02-22 2885 1209.931 0 0
2026-02-23 2883 1209.931 0 0
2026-02-24 2894 1209.931 0 0
2026-02-25 2897 1209.931 0 0
2026-02-26 2905 1209.931 0 0
2026-02-27 2906 1209.931 0 0
2026-02-28 2910 1209.931 0 0
2026-03-01 2905 1209.931 0 0
2026-03-02 2907 1209.931 0 0
2026-03-03 2887 1209.931 0 0
2026-03-04 2868 1209.931 0 0
2026-03-05 2868 1209.931 0 0
2026-03-06 2875 1209.931 0 0
2026-03-07 2875 1209.931 0 0
2026-03-08 2875 1209.931 0 0
2026-03-09 2861 1209.931 0 0
2026-03-10 3050 1209.931 0 0
2026-03-11 3057 1209.931 0 0
2026-03-12 3047 1209.931 0 0
2026-03-13 3033 1209.931 0 0
2026-03-14 3022 1209.931 0 0
2026-03-15 3022 1209.931 0 0
2026-03-16 3020 1209.931 0 0
2026-03-17 3024 1209.931 0 0
2026-03-18 3028 1209.931 0 0
2026-03-19 3007 1209.931 0 0
2026-03-20 2997 1209.931 0 0
2026-03-21 2997 1209.931 0 0
2026-03-22 2997 1209.931 0 0
2026-03-23 2975 1209.931 0 0
2026-03-24 2982 1209.931 0 0
2026-03-25 2996 1209.931 0 0
2026-03-27 2984 1209.931 0 0
2026-03-28 2980 1209.931 0 0
2026-03-29 2980 1209.931 0 0
2026-03-30 2979 1209.931 0 0
2026-03-31 2976 1209.931 0 0
2026-04-01 2998 1209.931 0 0
2026-04-02 3009 1209.931 0 0
2026-04-03 2997 1209.931 0 0
2026-04-04 2997 1209.931 0 0
2026-04-05 2997 1209.931 0 0
2026-04-06 2997 1209.931 0 0
2026-04-07 2993 1209.931 0 0
2026-04-08 3022 1209.931 0 0
2026-04-09 3032 1209.931 0 0
2026-04-10 3020 1209.931 0 0
2026-04-11 3030 1209.931 0 0
2026-04-12 3030 1209.931 0 0
2026-04-13 3025 1209.931 0 0
2026-04-14 3043 1209.931 0 0
2026-04-15 3060 1209.931 0 0
2026-04-16 3068 1209.931 0 0
2026-04-17 3075 1209.931 0 0
2026-04-18 3079 1209.931 0 0
2026-04-19 3079 1209.931 0 0
2026-04-20 3076 1209.931 0 0
2026-04-21 3072 1209.931 0 0
2026-04-22 3067 1209.931 0 0
2026-04-23 3055 1209.931 0 0
2026-04-24 3048 1209.931 0 0
2026-04-25 3046 1209.931 0 0
2026-04-26 3046 1209.931 0 0
2026-04-27 3044 1209.931 0 0
2026-04-28 3041 1209.931 0 0
2026-04-29 3046 1209.931 0 0
2026-04-30 3043 1209.931 0 0
2026-05-01 3043 1209.931 0 0
2026-05-02 3043 1209.931 0 0
2026-05-04 3044 1209.931 0 0
2026-05-05 3045 1209.931 0 0
2026-05-06 3041 1209.931 0 0
2026-05-07 3058 1209.931 0 0
2026-05-08 3063 1209.931 0 0
2026-05-09 3065 1209.931 0 0
2026-05-10 3065 1209.931 0 0
2026-05-11 3069 1209.931 0 0
2026-05-12 3065 1209.931 0 0
2026-05-13 3055 1209.931 0 0
2026-05-14 3066 1209.931 0 0
2026-05-15 3068 1209.931 0 0
2026-05-16 3061 1209.931 0 0
2026-05-17 3049 1209.931 0 0
2026-05-18 3043 1209.931 0 0
2026-05-19 3046 1209.931 0 0
2026-05-20 3039 1209.931 0 0
2026-05-21 3050 1209.931 0 0
2026-05-22 3055 1209.931 0 0
2026-05-23 3059 1209.931 0 0
2026-05-24 3058 1209.931 0 0
2026-05-25 3056 1209.931 0 0
2026-05-26 3056 1209.931 0 0
2026-05-27 3048 1209.931 0 0
2026-05-28 3042 1209.931 0 0
2026-05-29 3055 1209.931 0 0
2026-05-30 3057 1209.931 0 0
2026-05-31 3058 1209.931 0 0
2026-06-01 3060 1209.931 0 0
2026-06-02 3049 1209.931 0 0
2026-06-03 3049 1209.931 0 0
2026-06-04 3029 1209.931 0 0
2026-06-05 3025 1209.931 0 0
2026-06-06 3019 1209.931 0 0
2026-06-07 3017 1209.931 0 0
2026-06-09 3007 1209.931 0 0
2026-06-10 3008 1209.931 0 0
2026-06-11 3004 1209.931 0 0
2026-06-12 3014 1209.931 0 0
2026-06-13 3013 1209.931 0 0
2026-06-14 3020 1209.931 0 0
2026-06-16 3031 1209.931 0 0
2026-06-17 3040 1209.931 0 0
2026-06-18 3042 1209.931 0 0
2026-06-19 3043 1209.931 0 0
2026-06-20 3039 1209.931 0 0
2026-06-21 3039 1209.931 0 0
2026-06-22 3038 1209.931 0 0
2026-06-23 3030 1209.931 0 0
2026-06-24 3018 1209.931 0 0
2026-06-25 3015 1209.931 0 0
2026-06-26 2997 1209.931 0 0
2026-06-27 3003 1209.931 0 0
2026-06-28 3006 1209.931 0 0
2026-06-29 3008 1209.931 0 0
2026-06-30 3011 1209.931 0 0
2026-07-01 3022 1209.931 0 0
2026-07-02 3035 1209.931 0 0
2026-07-03 3036 1209.931 0 0
2026-07-04 3042 1209.931 0 0
2026-07-05 3042 1209.931 0 0
2026-07-06 3045 1209.931 0 0
2026-07-07 3030 1209.931 0 0
2026-07-08 3020 1209.931 0 0
2026-07-09 3007 1209.931 0 0
2026-07-10 3027 1209.931 0 0
2026-07-11 3027 1209.931 0 0
2026-07-12 3029 1209.931 0 0
2026-07-13 3014 1209.931 0 0
2026-07-14 3011 1209.931 0 0
2026-07-15 3020 1209.931 0 0
2026-07-16 3022 1209.931 0 0
2026-07-17 3011 1209.931 0 0
2026-07-18 3008 1209.931 0 0
2026-07-19 3007 1209.931 0 0
2026-07-20 3007 1209.931 0 0
2026-07-21 3003 1209.931 0 0
