2020-01-19 1774 1401.377 0 0
2020-02-07 1825 1329.675 -71.702 -5.392
2020-02-15 1825 1333.427 3.752 0.281
2020-02-16 1826 1333.427 0 0
2020-02-17 1816 1340.7 7.273 0.542
2020-02-18 1807 1346.518 5.818 0.432
2020-02-19 1810 1337.422 -9.096 -0.68
2020-02-20 1803 1345.351 7.929 0.589
2020-02-21 1802 1346.998 1.647 0.122
2020-02-22 1803 1342.52 -4.478 -0.334
2020-02-23 1803 1342.52 0 0
2020-02-24 1787 1346.847 4.327 0.321
2020-02-25 1779 1340.873 -5.974 -0.446
2020-02-26 1772 1348.253 7.38 0.547
2020-02-27 1743 1364.054 15.801 1.158
2020-02-28 1749 1356.974 -7.08 -0.522
2020-02-29 1740 1362.021 5.047 0.371
