2019-11-07 2127 1032.028 0 0
2020-01-19 1856 1326.06 294.032 28.491
2020-02-07 1772 1381.211 55.151 4.159
2020-02-15 1711 1457.698 76.487 5.538
2020-02-16 1711 1457.698 0 0
2020-02-17 1675 1505.038 47.34 3.248
2020-02-18 1689 1498.726 -6.312 -0.419
2020-02-19 1714 1455.702 -43.024 -2.871
2020-02-20 1598 1596.607 140.905 9.68
2020-02-21 1465 1745.559 148.952 9.329
2020-02-22 1473 1739.756 -5.803 -0.332
2020-02-23 1474 1739.756 0 0
2020-02-24 1361 1905.632 165.876 9.534
2020-02-25 1230 2092.218 186.586 9.791
2020-02-26 1249 2046.724 -45.494 -2.174
2020-02-27 1316 1939.808 -106.916 -5.224
2020-02-28 1418 1751.64 -188.168 -9.7
2020-02-29 1410 1758.155 6.515 0.372
