2025-04-02 1846 1959.924 0 0
2025-04-03 1823 1959.924 0 0
2025-04-04 1808 1959.924 0 0
2025-04-05 1798 1959.924 0 0
2025-04-06 1798 1959.924 0 0
2025-04-07 1769 1959.924 0 0
2025-04-08 1757 1959.924 0 0
2025-04-09 1764 1959.924 0 0
2025-04-10 1771 1959.924 0 0
2025-04-11 1782 1959.924 0 0
2025-04-12 1795 1959.924 0 0
2025-04-13 1796 1959.924 0 0
2025-04-14 1802 1959.924 0 0
2025-04-15 1809 1959.924 0 0
2025-04-16 1803 1959.924 0 0
2025-04-17 1807 1959.924 0 0
2025-04-18 1809 1959.924 0 0
2025-04-19 1809 1959.924 0 0
2025-04-20 1809 1959.924 0 0
2025-04-21 1814 1959.924 0 0
2025-04-22 1830 1959.924 0 0
2025-04-23 1831 1959.924 0 0
2025-04-24 1825 1959.924 0 0
2025-04-25 1827 1959.924 0 0
2025-04-26 1825 1959.924 0 0
2025-04-27 1825 1959.924 0 0
2025-04-28 1829 1959.924 0 0
2025-04-29 1833 1959.924 0 0
2025-04-30 1843 1959.924 0 0
2025-05-01 1843 1959.924 0 0
2025-05-02 1845 1959.924 0 0
2025-05-03 1850 1959.924 0 0
2025-05-04 1850 1959.924 0 0
2025-05-05 1848 1959.924 0 0
2025-05-06 1847 1959.924 0 0
2025-05-07 1853 1959.924 0 0
2025-05-08 1859 1959.924 0 0
2025-05-09 1858 1959.924 0 0
2025-05-10 1859 1959.924 0 0
2025-05-11 1859 1959.924 0 0
2025-05-12 1871 1959.924 0 0
2025-05-13 1870 1959.924 0 0
2025-05-14 1874 1959.924 0 0
2025-05-15 1873 1959.924 0 0
2025-05-16 1872 1959.924 0 0
2025-05-17 1872 1959.924 0 0
2025-05-18 1872 1959.924 0 0
2025-05-19 1869 1959.924 0 0
2025-05-20 1868 1959.924 0 0
2025-05-21 1869 1959.924 0 0
2025-05-22 1865 1959.924 0 0
2025-05-23 1864 1959.924 0 0
2025-05-24 1864 1959.924 0 0
2025-05-25 1869 1959.924 0 0
2025-05-26 1868 1959.924 0 0
2025-05-27 1872 1959.924 0 0
2025-05-28 1872 1959.924 0 0
2025-05-29 1870 1959.924 0 0
2025-05-30 1870 1959.924 0 0
2025-05-31 1870 1959.924 0 0
2025-06-01 1870 1959.924 0 0
2025-06-02 1867 1959.924 0 0
2025-06-03 1875 1959.924 0 0
2025-06-04 1877 1959.924 0 0
2025-06-05 1876 1959.924 0 0
2025-06-06 1882 1959.924 0 0
2025-06-07 1880 1959.924 0 0
2025-06-08 1880 1959.924 0 0
2025-06-09 1889 1959.924 0 0
2025-06-10 1891 1959.924 0 0
2025-06-11 1894 1959.924 0 0
2025-06-12 1888 1959.924 0 0
2025-06-13 1885 1959.924 0 0
2025-06-14 1884 1959.924 0 0
2025-06-15 1884 1959.924 0 0
2025-06-16 1889 1959.924 0 0
2025-06-17 1884 1959.924 0 0
2025-06-18 1887 1959.924 0 0
2025-06-19 1874 1959.924 0 0
2025-06-20 1877 1959.924 0 0
2025-06-21 1877 1959.924 0 0
2025-06-22 1877 1959.924 0 0
2025-06-23 1878 1959.924 0 0
2025-06-24 1882 1959.924 0 0
2025-06-25 1887 1959.924 0 0
2025-06-26 1892 1959.924 0 0
2025-06-27 1906 1959.924 0 0
2025-06-28 1906 1959.924 0 0
2025-06-29 1906 1959.924 0 0
2025-06-30 1908 1959.924 0 0
2025-07-01 1907 1959.924 0 0
2025-07-02 1911 1959.924 0 0
2025-07-03 1917 1959.924 0 0
2025-07-04 1917 1959.924 0 0
2025-07-05 1917 1959.924 0 0
2025-07-06 1917 1959.924 0 0
2025-07-07 1916 1959.924 0 0
2025-07-08 1918 1959.924 0 0
2025-07-09 1914 1959.924 0 0
2025-07-10 1919 1959.924 0 0
2025-07-11 1910 1959.924 0 0
2025-07-12 1913 1959.924 0 0
2025-07-13 1912 1959.924 0 0
2025-07-14 1914 1959.924 0 0
2025-07-15 1916 1959.924 0 0
2025-07-16 1914 1959.924 0 0
2025-07-17 1914 1959.924 0 0
2025-07-18 1919 1959.924 0 0
2025-07-19 1922 1959.924 0 0
2025-07-20 1922 1959.924 0 0
2025-07-21 1919 1959.924 0 0
2025-07-22 1924 1959.924 0 0
2025-07-23 1924 1959.924 0 0
2025-07-24 1933 1959.924 0 0
2025-07-25 1934 1959.924 0 0
2025-07-26 1932 1959.924 0 0
2025-07-27 1932 1959.924 0 0
2025-07-28 1929 1959.924 0 0
2025-07-29 1923 1959.924 0 0
2025-07-30 1923 1959.924 0 0
2025-07-31 1914 1959.924 0 0
