2024-03-30 1935 1670 0 0
2024-03-31 1934 1670 0 0
2024-04-02 1933 1670 0 0
2024-04-03 1932 1670 0 0
2024-04-04 1928 1670 0 0
2024-04-05 1932 1670 0 0
2024-04-06 1929 1670 0 0
2024-04-07 1930 1670 0 0
2024-04-08 1933 1670 0 0
2024-04-09 1932 1670 0 0
2024-04-10 1931 1670 0 0
2024-04-11 1926 1670 0 0
2024-04-12 1914 1670 0 0
2024-04-13 1909 1670 0 0
2024-04-14 1909 1670 0 0
2024-04-15 1909 1670 0 0
2024-04-16 1898 1670 0 0
2024-04-17 1899 1670 0 0
2024-04-18 1900 1670 0 0
2024-04-19 1897 1670 0 0
2024-04-20 1897 1670 0 0
2024-04-21 1897 1670 0 0
2024-04-22 1898 1670 0 0
2024-04-23 1906 1670 0 0
2024-04-24 1909 1670 0 0
2024-04-25 1904 1670 0 0
2024-04-26 1917 1670 0 0
2024-04-27 1919 1670 0 0
2024-04-28 1919 1670 0 0
2024-04-29 1928 1670 0 0
2024-04-30 1925 1670 0 0
2024-05-01 1920 1670 0 0
2024-05-02 1929 1670 0 0
2024-05-03 1928 1670 0 0
2024-05-04 1933 1670 0 0
2024-05-05 1933 1670 0 0
2024-05-06 1939 1670 0 0
2024-05-07 1943 1670 0 0
2024-05-08 1942 1670 0 0
2024-05-09 1947 1670 0 0
2024-05-10 1944 1670 0 0
2024-05-11 1944 1670 0 0
2024-05-12 1944 1670 0 0
2024-05-13 1940 1670 0 0
2024-05-14 1946 1670 0 0
2024-05-15 1949 1670 0 0
2024-05-16 1953 1670 0 0
2024-05-17 1956 1670 0 0
2024-05-18 1953 1670 0 0
2024-05-19 1953 1670 0 0
2024-05-20 1958 1670 0 0
2024-05-21 1953 1670 0 0
2024-05-22 1955 1670 0 0
2024-05-23 1946 1670 0 0
2024-05-24 1945 1670 0 0
2024-05-25 1946 1670 0 0
2024-05-26 1946 1670 0 0
2024-05-27 1948 1670 0 0
2024-05-28 1944 1670 0 0
2024-05-29 1939 1670 0 0
2024-05-30 1931 1670 0 0
2024-05-31 1938 1670 0 0
