2025-10-07 999 4072.061 0 0
2025-10-08 960 4242.42 170.359 4.184
2025-10-09 1006 4032.27 -210.15 -4.954
2025-10-10 1020 3935.278 -96.992 -2.405
2025-10-11 1019 3935.278 0 0
2025-10-12 1018 3935.278 0 0
2025-10-13 1025 3907.921 -27.357 -0.695
2025-10-14 1022 3920.356 12.435 0.318
2025-10-15 998 4019.835 99.479 2.537
2025-10-16 984 4118.071 98.236 2.444
2025-10-17 991 4062.114 -55.957 -1.359
2025-10-18 992 4062.114 0 0
2025-10-19 993 4062.114 0 0
2025-10-20 999 4062.114 0 0
2025-10-21 995 4065.844 3.73 0.092
2025-10-22 1037 3880.564 -185.28 -4.557
2025-10-23 992 4082.009 201.445 5.191
2025-10-24 1010 4008.643 -73.366 -1.797
2025-10-25 1010 4008.643 0 0
2025-10-26 1010 4008.643 0 0
2025-10-27 1039 3906.677 -101.966 -2.544
2025-10-28 1029 3922.843 16.166 0.414
2025-10-29 1062 3804.711 -118.132 -3.011
2025-10-30 1005 4021.078 216.367 5.687
2025-10-31 1032 3885.538 -135.54 -3.371
2025-11-01 1033 3885.538 0 0
2025-11-02 1033 3885.538 0 0
2025-11-03 1034 3868.129 -17.409 -0.448
2025-11-04 993 4022.322 154.193 3.986
2025-11-05 1061 3777.354 -244.968 -6.09
2025-11-06 1245 3205.349 -572.005 -15.143
2025-11-07 1199 3329.698 124.349 3.879
2025-11-08 1200 3329.698 0 0
2025-11-09 1200 3329.698 0 0
2025-11-10 1236 3228.975 -100.723 -3.025
2025-11-11 1219 3273.741 44.766 1.386
2025-11-12 1247 3225.245 -48.496 -1.481
2025-11-13 1271 3166.801 -58.444 -1.812
2025-11-14 1292 3110.844 -55.957 -1.767
2025-11-15 1291 3110.844 0 0
2025-11-16 1291 3110.844 0 0
2025-11-17 1297 3093.435 -17.409 -0.56
2025-11-18 1285 3099.652 6.217 0.201
2025-11-19 1282 3117.061 17.409 0.562
2025-11-20 1270 3133.226 16.165 0.519
2025-11-21 1257 3140.687 7.461 0.238
2025-11-22 1254 3140.687 0 0
2025-11-23 1254 3140.687 0 0
2025-11-24 1202 3272.497 131.81 4.197
2025-11-25 1197 3325.967 53.47 1.634
2025-11-26 1221 3265.036 -60.931 -1.832
2025-11-27 1223 3265.036 0 0
2025-11-28 1207 3319.75 54.714 1.676
2025-11-29 1208 3319.75 0 0
2025-11-30 1208 3319.75 0 0
2025-12-01 1190 3384.411 64.661 1.948
2025-12-02 1182 3391.872 7.461 0.22
2025-12-03 1137 3532.387 140.515 4.143
2025-12-04 1089 3666.684 134.297 3.802
2025-12-05 1059 3733.832 67.148 1.831
2025-12-06 1058 3733.832 0 0
2025-12-07 1058 3733.832 0 0
2025-12-08 1085 3671.658 -62.174 -1.665
2025-12-09 1142 3521.195 -150.463 -4.098
2025-12-10 1144 3514.978 -6.217 -0.177
2025-12-11 1175 3445.342 -69.636 -1.981
2025-12-12 1167 3472.699 27.357 0.794
2025-12-13 1167 3472.699 0 0
2025-12-14 1167 3472.699 0 0
2025-12-15 1170 3465.238 -7.461 -0.215
2025-12-16 1127 3577.152 111.914 3.23
2025-12-17 1156 3526.169 -50.983 -1.425
2025-12-18 1127 3609.483 83.314 2.363
2025-12-19 1131 3619.431 9.948 0.276
2025-12-20 1133 3619.431 0 0
2025-12-21 1133 3619.431 0 0
2025-12-22 1121 3684.093 64.662 1.787
2025-12-23 1136 3626.892 -57.201 -1.553
2025-12-24 1133 3656.736 29.844 0.823
2025-12-25 1131 3656.736 0 0
2025-12-26 1125 3656.114 -0.622 -0.017
2025-12-27 1125 3656.114 0 0
2025-12-28 1125 3656.114 0 0
2025-12-29 1135 3620.675 -35.439 -0.969
2025-12-30 1165 3542.335 -78.34 -2.164
2025-12-31 1174 3500.056 -42.279 -1.194
2026-01-01 1173 3500.056 0 0
2026-01-02 1173 3500.056 0 0
2026-01-03 1173 3500.056 0 0
2026-01-05 1196 3429.177 -70.879 -2.025
2026-01-06 1135 3674.145 244.968 7.144
2026-01-07 1103 3723.884 49.739 1.354
2026-01-08 1131 3657.979 -65.905 -1.77
2026-01-09 1121 3690.31 32.331 0.884
2026-01-10 1120 3690.31 0 0
2026-01-11 1120 3690.31 0 0
2026-01-12 1249 3328.454 -361.856 -9.806
2026-01-13 1206 3427.934 99.48 2.989
2026-01-14 1205 3430.421 2.487 0.073
2026-01-15 1183 3517.465 87.044 2.537
2026-01-16 1195 3475.186 -42.279 -1.202
2026-01-17 1196 3475.186 0 0
2026-01-18 1195 3475.186 0 0
2026-01-19 1197 3475.186 0 0
2026-01-20 1214 3411.768 -63.418 -1.825
2026-01-21 1253 3313.533 -98.235 -2.879
2026-01-22 1251 3322.237 8.704 0.263
2026-01-23 1268 3253.845 -68.392 -2.059
2026-01-24 1267 3253.845 0 0
2026-01-25 1267 3253.845 0 0
2026-01-26 1244 3352.081 98.236 3.019
2026-01-27 1238 3379.437 27.356 0.816
2026-01-28 1220 3440.369 60.932 1.803
2026-01-29 1273 3278.715 -161.654 -4.699
2026-01-30 1352 3025.043 -253.672 -7.737
2026-01-31 1351 3025.043 0 0
2026-02-01 1346 3025.043 0 0
2026-02-02 1340 3044.939 19.896 0.658
2026-02-03 1342 3030.017 -14.922 -0.49
2026-02-04 1429 2860.902 -169.115 -5.581
2026-02-05 1459 2787.536 -73.366 -2.564
2026-02-06 1411 2880.798 93.262 3.346
2026-02-07 1412 2880.798 0 0
2026-02-08 1412 2880.798 0 0
2026-02-09 1404 2919.346 38.548 1.338
2026-02-10 1420 2901.937 -17.409 -0.596
2026-02-11 1466 2818.623 -83.314 -2.871
2026-02-12 1528 2712.927 -105.696 -3.75
2026-02-13 1527 2709.196 -3.731 -0.138
2026-02-14 1523 2709.196 0 0
2026-02-15 1522 2709.196 0 0
2026-02-16 1523 2709.196 0 0
2026-02-17 1515 2731.579 22.383 0.826
2026-02-18 1498 2762.666 31.087 1.138
2026-02-19 1512 2737.797 -24.869 -0.9
2026-02-20 1602 2573.656 -164.141 -5.995
2026-02-21 1605 2573.656 0 0
2026-02-22 1603 2573.656 0 0
2026-02-23 1770 2338.636 -235.02 -9.132
2026-02-24 1719 2408.272 69.636 2.978
2026-02-25 1717 2421.95 13.678 0.568
2026-02-26 1652 2537.595 115.645 4.775
2026-02-27 1568 2649.509 111.914 4.41
2026-02-28 1577 2649.509 0 0
2026-03-01 1580 2649.509 0 0
2026-03-02 1533 2714.17 64.661 2.44
2026-03-03 1616 2555.004 -159.166 -5.864
2026-03-04 1563 2614.691 59.687 2.336
2026-03-05 1622 2535.108 -79.583 -3.044
2026-03-06 1674 2456.768 -78.34 -3.09
2026-03-07 1675 2456.768 0 0
2026-03-08 1675 2456.768 0 0
2026-03-09 1636 2507.751 50.983 2.075
2026-03-10 1705 2450.55 -57.201 -2.281
2026-03-11 1695 2460.498 9.948 0.406
2026-03-12 1764 2344.854 -115.644 -4.7
2026-03-13 1717 2402.054 57.2 2.439
2026-03-14 1713 2402.054 0 0
2026-03-15 1713 2402.054 0 0
2026-03-16 1638 2513.968 111.914 4.659
2026-03-17 1688 2450.55 -63.418 -2.523
2026-03-18 1696 2441.846 -8.704 -0.355
2026-03-19 1648 2484.125 42.279 1.731
2026-03-20 1678 2434.385 -49.74 -2.002
2026-03-21 1677 2434.385 0 0
2026-03-22 1677 2434.385 0 0
2026-03-23 1592 2540.082 105.697 4.342
2026-03-24 1598 2537.595 -2.487 -0.098
2026-03-25 1662 2453.037 -84.558 -3.332
2026-03-27 1805 2252.836 -200.201 -8.161
2026-03-28 1799 2252.836 0 0
2026-03-29 1798 2252.836 0 0
2026-03-30 1803 2240.401 -12.435 -0.552
2026-03-31 1697 2368.48 128.079 5.717
2026-04-01 1604 2523.916 155.436 6.563
2026-04-02 1601 2543.812 19.896 0.788
2026-04-03 1594 2543.812 0 0
2026-04-04 1594 2543.812 0 0
2026-04-05 1594 2543.812 0 0
2026-04-06 1613 2508.994 -34.818 -1.369
2026-04-07 1641 2476.664 -32.33 -1.289
2026-04-08 1598 2571.169 94.505 3.816
2026-04-09 1632 2532.621 -38.548 -1.499
2026-04-10 1727 2389.619 -143.002 -5.646
2026-04-11 1731 2389.619 0 0
2026-04-12 1729 2389.619 0 0
2026-04-13 1643 2523.916 134.297 5.62
2026-04-14 1563 2655.726 131.81 5.222
2026-04-15 1529 2750.232 94.506 3.559
2026-04-16 1573 2681.84 -68.392 -2.487
2026-04-17 1531 2775.101 93.261 3.478
2026-04-18 1535 2775.101 0 0
2026-04-19 1535 2775.101 0 0
2026-04-20 1523 2786.293 11.192 0.403
2026-04-21 1552 2735.31 -50.983 -1.83
2026-04-22 1568 2694.275 -41.035 -1.5
2026-04-23 1614 2605.987 -88.288 -3.277
2026-04-24 1574 2656.97 50.983 1.956
2026-04-25 1575 2656.97 0 0
2026-04-26 1575 2656.97 0 0
2026-04-27 1597 2623.396 -33.574 -1.264
2026-04-28 1725 2438.116 -185.28 -7.063
2026-04-29 1770 2354.802 -83.314 -3.417
2026-04-30 1660 2507.751 152.949 6.495
2026-05-01 1717 2441.846 -65.905 -2.628
2026-05-02 1717 2441.846 0 0
2026-05-04 1691 2469.203 27.357 1.12
2026-05-05 1691 2469.203 0 0
2026-05-06 1672 2501.534 0 0
2026-05-07 1670 2523.916 0 0
2026-05-08 1623 2612.204 0 0
2026-05-09 1975 2153.356 0 0
2026-05-10 1969 2153.356 0 0
2026-05-11 1973 2153.356 0 0
2026-05-12 1984 2127.243 0 0
2026-05-13 1899 2229.209 0 0
2026-05-14 2133 1971.807 0 0
2026-05-15 2049 2041.442 0 0
2026-05-16 2148 1954.398 0 0
2026-05-17 2139 1954.398 0 0
2026-05-18 2138 1954.398 0 0
2026-05-19 2058 2022.79 0 0
2026-05-20 2082 2005.381 0 0
2026-05-21 1994 2097.399 0 0
2026-05-22 1968 2127.243 0 0
2026-05-23 2018 2078.747 0 0
2026-05-24 2018 2078.747 0 0
2026-05-25 2018 2078.747 0 0
2026-05-26 2018 2078.747 0 0
