2021-04-09 1699 1900.951 0 0
2021-04-10 1698 1900.951 0 0
2021-04-11 1698 1900.951 0 0
2021-04-12 1700 1875.739 -25.212 -1.326
2021-04-13 1699 1875.739 0 0
2021-04-14 1711 1875.739 0 0
2021-04-15 1855 1727.832 -147.907 -7.885
2021-04-16 1942 1638.751 -89.081 -5.156
2021-04-17 1946 1638.751 0 0
2021-04-18 1946 1638.751 0 0
2021-04-19 1895 1687.493 48.742 2.974
2021-04-20 1943 1647.155 -40.338 -2.39
2021-04-21 1760 1843.805 196.65 11.939
2021-04-22 1689 1924.482 80.677 4.376
2021-04-23 1668 1966.501 42.019 2.183
2021-04-24 1668 1966.501 0 0
2021-04-25 1669 1966.501 0 0
2021-04-26 1648 1995.074 28.573 1.453
2021-04-27 1614 2035.412 40.338 2.022
2021-04-28 1774 1845.485 -189.927 -9.331
2021-04-29 1882 1719.428 -126.057 -6.831
2021-04-30 1859 1751.362 31.934 1.857
2021-05-01 1853 1751.362 0 0
2021-05-02 1852 1751.362 0 0
2021-05-03 1870 1736.235 -15.127 -0.864
2021-05-04 1906 1694.216 -42.019 -2.42
2021-05-05 1917 1677.408 -16.808 -0.992
2021-05-06 1942 1643.793 -33.615 -2.004
2021-05-07 1995 1588.328 -55.465 -3.374
2021-05-08 2002 1588.328 0 0
2021-05-09 2002 1588.328 0 0
2021-05-10 2084 1516.055 -72.273 -4.55
2021-05-11 1979 1613.539 97.484 6.43
2021-05-12 2015 1566.478 -47.061 -2.917
2021-05-13 2105 1490.843 -75.635 -4.828
2021-05-14 1988 1586.647 95.804 6.426
2021-05-15 1994 1586.647 0 0
2021-05-16 1994 1586.647 0 0
2021-05-17 1932 1665.643 78.996 4.979
2021-05-18 1952 1650.516 -15.127 -0.908
2021-05-19 2029 1574.881 -75.635 -4.583
2021-05-20 2043 1566.478 -8.403 -0.534
2021-05-21 2005 1600.093 33.615 2.146
2021-05-22 2007 1600.093 0 0
2021-05-23 2007 1600.093 0 0
2021-05-24 1961 1648.835 48.742 3.046
2021-05-25 1961 1653.878 5.043 0.306
2021-05-26 1911 1711.024 57.146 3.455
2021-05-27 1772 1879.101 168.077 9.823
2021-05-28 1744 1907.674 28.573 1.521
2021-05-29 1748 1907.674 0 0
2021-05-30 1748 1907.674 0 0
2021-05-31 1754 1907.674 0 0
2021-06-01 1804 1853.889 -53.785 -2.819
2021-06-02 1813 1850.528 -3.361 -0.181
2021-06-03 1897 1746.32 -104.208 -5.631
2021-06-04 1848 1795.062 48.742 2.791
2021-06-05 1848 1795.062 0 0
2021-06-06 1848 1795.062 0 0
2021-06-07 1908 1739.597 -55.465 -3.09
2021-06-08 1916 1731.193 -8.404 -0.483
2021-06-09 1902 1748.001 16.808 0.971
2021-06-10 1977 1672.366 -75.635 -4.327
2021-06-11 1955 1685.812 13.446 0.804
2021-06-12 1956 1685.812 0 0
2021-06-13 1956 1685.812 0 0
2021-06-14 1887 1761.447 75.635 4.487
2021-06-16 1886 1742.958 -18.489 -1.05
2021-06-17 1895 1734.555 -8.403 -0.482
2021-06-18 1909 1711.024 -23.531 -1.357
2021-06-19 1909 1711.024 0 0
2021-06-20 1896 1711.024 0 0
2021-06-21 2018 1579.924 -131.1 -7.662
2021-06-22 2071 1539.585 -40.339 -2.553
2021-06-23 2059 1556.393 16.808 1.092
2021-06-24 2001 1630.347 73.954 4.752
2021-06-25 1966 1669.005 38.658 2.371
2021-06-26 1969 1669.005 0 0
2021-06-27 1969 1669.005 0 0
2021-06-28 1979 1663.962 -5.043 -0.302
2021-06-29 2045 1578.243 -85.719 -5.151
2021-06-30 2048 1574.881 -3.362 -0.213
