2019-11-07 1517 1639.04 0 0
2020-01-19 1717 1466.157 -172.883 -10.548
2020-02-07 1826 1329.073 -137.084 -9.35
2020-02-15 1803 1361.642 32.569 2.451
2020-02-16 1802 1361.642 0 0
2020-02-17 1808 1346.88 -14.762 -1.084
2020-02-18 1827 1325.558 -21.322 -1.583
2020-02-19 1836 1315.051 -10.507 -0.793
2020-02-20 1843 1300.425 -14.626 -1.112
2020-02-21 1870 1261.41 -39.015 -3
2020-02-22 1875 1250.247 -11.163 -0.885
2020-02-23 1872 1250.247 0 0
2020-02-24 1943 1186.064 -64.183 -5.134
2020-02-25 1913 1200.567 14.503 1.223
2020-02-26 1902 1204.173 3.606 0.3
2020-02-27 1900 1200.782 -3.391 -0.282
2020-02-28 1933 1159.092 -41.69 -3.472
2020-02-29 1921 1161.669 2.577 0.222
2020-03-01 1910 1175.156 13.487 1.161
2020-03-02 1880 1205.509 30.353 2.583
2020-03-03 1850 1234.589 29.08 2.412
2020-03-04 1855 1241.104 6.515 0.528
2020-03-05 1786 1330.613 89.509 7.212
2020-03-06 1798 1305.196 -25.417 -1.91
2020-03-07 1811 1293.1 -12.096 -0.927
2020-03-08 1806 1293.1 0 0
2020-03-09 1783 1278.453 -14.647 -1.133
2020-03-10 1818 1233.44 -45.013 -3.521
2020-03-11 1833 1205.94 -27.5 -2.23
2020-03-12 1868 1131.139 -74.801 -6.203
2020-03-13 1934 1060.687 -70.452 -6.228
2020-03-14 1946 1049.553 -11.134 -1.05
2020-03-15 1946 1049.553 0 0
2020-03-16 1917 1046.37 -3.183 -0.303
2020-03-17 1928 1035.905 -10.465 -1
2020-03-18  977.523 -58.382 -5.636
2020-03-28 1954 1012.306 34.783 3.558
2020-03-29 1954 1012.306 0 0
2020-03-30 1954 1012.306 0 0
2020-03-31 1922 1037.301 24.995 2.469
