2020-01-19 1200 2187.173 0 0
2020-02-07 1067 2403.534 216.361 9.002
2020-02-15 1075 2426.047 22.513 0.928
2020-02-16 1075 2426.047 0 0
2020-02-17 1074 2426.047 0 0
2020-02-18 1055 2450.654 24.607 1.004
2020-02-19 1056 2451.309 0.655 0.027
2020-02-20 1070 2413.874 -37.435 -1.551
2020-02-21 1117 2337.565 -76.309 -3.264
2020-02-22 1116 2337.565 0 0
2020-02-23 1115 2337.565 0 0
2020-02-24 1160 2236.78 -100.785 -4.506
2020-02-25 1174 2199.869 -36.911 -1.678
2020-02-26 1141 2227.356 27.487 1.234
2020-02-27 1222 2070.419 -156.937 -7.58
2020-02-28 1176 2120.55 50.131 2.364
2020-02-29 1178 2120.55 0 0
2020-03-01 1176 2120.55 0 0
2020-03-02 1089 2261.649 141.099 6.239
2020-03-03 1178 2153.272 -108.377 -5.033
2020-03-04 1136 2232.33 79.058 3.542
2020-03-05 1170 2176.309 -56.021 -2.574
2020-03-06 1191 2114.791 -61.518 -2.909
2020-03-07 1192 2114.791 0 0
2020-03-08 1190 2114.791 0 0
2020-03-09 1248 1971.466 -143.325 -7.27
2020-03-10 1554 1527.172 -444.294 -29.093
2020-03-11 1499 1563.521 36.349 2.325
2020-03-12 1583 1425.321 -138.2 -9.696
2020-03-13 1401 1612.844 187.523 11.627
2020-03-14 1402 1612.844 0 0
2020-03-15 1401 1612.844 0 0
2020-03-16 1566 1390.794 -222.05 -15.966
2020-03-17 1465 1496.555 105.761 7.067
2020-03-18 1486 1438.031 -58.524 -4.07
2020-03-19 1451 1459.942 21.911 1.501
2020-03-20 1506 1409.101 -50.841 -3.608
2020-03-21 1512 1409.101 0 0
2020-03-22 1512 1409.101 0 0
2020-03-23 1497 1396.106 -12.995 -0.931
2020-03-24 1490 1396.106 0 0
2020-03-25 1425 1513.344 117.238 7.747
2020-03-26 1463 1499.875 -13.469 -0.898
2020-03-27 1401 1587.045 87.17 5.493
2020-03-28 1444 1526.244 -60.801 -3.984
2020-03-29 1444 1526.244 0 0
2020-03-30 1444 1526.244 0 0
2020-03-31 1355 1626.124 99.88 6.142
2020-04-01 1383 1602.221 -23.903 -1.492
2020-04-02 1405 1549.104 -53.117 -3.429
2020-04-03 1393 1578.982 29.878 1.892
2020-04-04 1393 1565.418 -13.564 -0.866
2020-04-05 1393 1565.418 0 0
2020-04-06 1393 1565.418 0 0
2020-04-07 1360 1657.046 91.628 5.53
2020-04-08 1397 1672.602 15.556 0.93
2020-04-10 1409 1672.696 0.094 0.006
2020-04-11 1409 1672.696 0 0
2020-04-12 1409 1672.696 0 0
2020-04-13 1404 1676.206 3.51 0.209
2020-04-14 1355 1753.89 77.684 4.429
2020-04-15 1366 1736.627 -17.263 -0.994
2020-04-17 1325 1800.368 63.741 3.54
2020-04-18 1330 1800.368 0 0
2020-04-19 1330 1800.368 0 0
2020-04-20 1354 1766.79 -33.578 -1.901
2020-04-21 1386 1698.117 -68.673 -4.044
2020-04-23 1362 1732.264 34.147 1.971
2020-04-24 1335 1761.953 29.689 1.685
2020-04-25 1332 1761.953 0 0
2020-04-26 1332 1761.953 0 0
2020-04-27 1344 1757.21 -4.743 -0.27
2020-04-28 1385 1716.993 -40.217 -2.342
2020-04-29 1339 1789.27 72.277 4.039
2020-04-30 1343 1806.154 16.884 0.935
