2019-11-07 784 3130.588 0 0
2020-01-19 560 4173.638 1043.05 33.318
2020-02-07 591 4022.978 -150.66 -3.61
2020-02-15 580 4062.988 40.01 0.995
2020-02-16 579 4062.988 0 0
2020-02-17 589 4035.502 -27.486 -0.676
2020-02-18 580 4050.963 15.461 0.383
2020-02-19 569 4105.684 54.721 1.351
2020-02-20 568 4099.08 -6.604 -0.161
2020-02-21 583 4028.774 -70.306 -1.715
2020-02-22 575 4053.311 24.537 0.609
2020-02-23 574 4053.311 0 0
2020-02-24 604 3934.43 -118.881 -2.933
2020-02-25 607 3862.841 -71.589 -1.82
2020-02-26 594 3870.233 7.392 0.191
2020-02-27 674 3468.044 -402.189 -10.392
2020-02-28 692 3382.518 -85.526 -2.466
2020-02-29 700 3356.163 -26.355 -0.779
