2019-11-07 1906 1210.731 0 0
2020-01-19 1749 1427.202 216.471 17.879
2020-02-07 1719 1432.664 5.462 0.383
2020-02-15 1728 1432.598 -0.066 -0.005
2020-02-16 1728 1432.598 0 0
2020-02-17 1732 1432.598 0 0
2020-02-18 1732 1432.598 0 0
2020-02-19 1735 1431.946 -0.652 -0.046
2020-02-20 1742 1417.233 -14.713 -1.027
2020-02-21 1748 1402.819 -14.414 -1.017
2020-02-22 1745 1407.654 4.835 0.345
2020-02-23 1744 1407.654 0 0
2020-02-24 1731 1407.654 0 0
2020-02-25 1716 1420.883 13.229 0.94
2020-02-26 1708 1427.721 6.838 0.481
2020-02-27 1701 1422.039 -5.682 -0.398
2020-02-28 1673 1429.603 7.564 0.532
2020-02-29 1643 1457.767 28.164 1.97
2020-03-01 1649 1457.767 0 0
2020-03-02 1657 1457.767 0 0
2020-03-03 1666 1456.956 -0.811 -0.056
2020-03-04 1671 1461.968 5.012 0.344
2020-03-05 1662 1465.579 3.611 0.247
2020-03-06 1638 1474.098 8.519 0.581
2020-03-07 1623 1492.638 18.54 1.258
2020-03-08 1619 1492.638 0 0
2020-03-09 1593 1492.638 0 0
2020-03-10 1546 1533.395 40.757 2.731
2020-03-11 1545 1515.586 -17.809 -1.161
2020-03-12 1520 1499.757 -15.829 -1.044
2020-03-13 1514 1487.907 -11.85 -0.79
2020-03-14 1531 1467.357 -20.55 -1.381
2020-03-15 1531 1467.357 0 0
2020-03-16 1495 1467.357 0 0
2020-03-17 1472 1488.259 20.902 1.424
2020-03-18 1460 1464.283 -23.976 -1.611
2020-03-19 1457 1449.435 -14.848 -1.014
2020-03-20 1485 1428.693 -20.742 -1.431
2020-03-21 1506 1412.269 -16.424 -1.15
2020-03-22 1507 1412.269 0 0
2020-03-23 1481 1412.269 0 0
2020-03-24 1471 1412.078 -0.191 -0.014
2020-03-25 1514 1410.432 -1.646 -0.117
2020-03-26 1531 1411.065 0.633 0.045
2020-03-27 1529 1436.328 25.263 1.79
2020-03-28 1505 1453.388 17.06 1.188
2020-03-29 1505 1453.388 0 0
2020-03-30 1505 1453.388 0 0
2020-03-31 1511 1454.799 1.411 0.097
2020-04-01 1516 1456.551 1.752 0.12
2020-04-02 1480 1467.974 11.423 0.784
2020-04-03 1496 1456.282 -11.692 -0.796
2020-04-04 1488 1449.168 -7.114 -0.489
2020-04-05 1488 1449.168 0 0
2020-04-06 1488 1449.168 0 0
2020-04-07 1529 1440.869 -8.299 -0.573
2020-04-08 1611 1442.653 1.784 0.124
2020-04-09 1611 1445.97 3.317 0.23
2020-04-10 1617 1449.168 3.198 0.221
2020-04-11 1617 1449.168 0 0
2020-04-12 1617 1449.168 0 0
2020-04-13 1619 1449.168 0 0
2020-04-14 1615 1459.526 10.358 0.715
2020-04-15 1607 1466.536 7.01 0.48
2020-04-16 1598 1463.874 -2.662 -0.182
2020-04-17 1604 1461.832 -2.042 -0.139
2020-04-18 1607 1462.376 0.544 0.037
2020-04-19 1607 1462.376 0 0
2020-04-20 1608 1462.376 0 0
2020-04-21 1603 1460.882 -1.494 -0.102
2020-04-23 1605 1458.646 -2.236 -0.153
2020-04-24 1607 1461.153 2.507 0.172
2020-04-25 1605 1463.601 2.448 0.168
2020-04-26 1605 1463.601 0 0
2020-04-27 1609 1463.601 0 0
2020-04-28 1615 1466.878 3.277 0.224
2020-04-29 1620 1470.238 3.36 0.229
2020-04-30 1625 1475.135 4.897 0.333
