2026-02-28 3021 1133.673 0 0
2026-03-01 3043 1105.635 -28.038 -2.473
2026-03-02 3029 1106.69 1.055 0.095
2026-03-03 3067 1059.898 -46.792 -4.228
2026-03-04 2988 1128.099 68.201 6.435
2026-03-05 2926 1167.311 39.212 3.476
2026-03-06 2788 1267.787 100.476 8.607
2026-03-07 2786 1268.117 0.33 0.026
2026-03-08 2786 1268.117 0 0
2026-03-09 2811 1243.478 -24.639 -1.943
2026-03-10 2952 1268.67 25.192 2.026
2026-03-11 2926 1285.544 16.874 1.33
2026-03-12 2808 1357.037 71.493 5.561
2026-03-13 2849 1318.723 -38.314 -2.823
2026-03-14 2850 1313.45 -5.273 -0.4
2026-03-15 2850 1313.45 0 0
2026-03-16 2910 1280.967 -32.483 -2.473
2026-03-17 2975 1236.901 -44.066 -3.44
2026-03-18 2908 1281.974 45.073 3.644
2026-03-19 2886 1277.471 -4.503 -0.351
2026-03-20 2976 1218.922 -58.549 -4.583
2026-03-21 2964 1222.305 3.383 0.278
2026-03-22 2964 1222.305 0 0
2026-03-23 2938 1227.035 4.73 0.387
2026-03-24 2853 1290.324 63.289 5.158
2026-03-25 2778 1345.13 54.806 4.247
2026-03-27 2772 1337.779 -7.351 -0.546
2026-03-28 2775 1333.404 -4.375 -0.327
2026-03-29 2775 1333.404 0 0
2026-03-30 2772 1331.311 -2.093 -0.157
2026-03-31 2603 1462.699 131.388 9.869
2026-04-01 2552 1514.451 0 0
2026-04-02 2614 1460.008 0 0
2026-04-03 2685 1404.606 0 0
2026-04-04 2704 1394.399 0 0
2026-04-05 2704 1394.399 0 0
2026-04-06 2704 1394.399 0 0
2026-04-07 2692 1402.792 0 0
2026-04-08 2708 1396.497 0 0
2026-04-09 2703 1409.088 0 0
2026-04-10 2641 1475.168 0 0
2026-04-11 2641 1471.157 0 0
2026-04-12 2643 1472.793 0 0
2026-04-13 2614 1496.078 0 0
2026-04-14 2561 1549.528 0 0
2026-04-15 2481 1616.667 0 0
2026-04-16 2273 1827.676 0 0
2026-04-17 2279 1822.977 0 0
2026-04-18 2273 1837.955 0 0
2026-04-19 2278 1836.097 0 0
2026-04-20 2345 1770.409 0 0
