2020-04-08 1922 1167.209 0 0
2020-04-09 1951 1156.429 -10.78 -0.924
2020-04-10 1952 1157.073 0.644 0.056
2020-04-11 1952 1157.073 0 0
2020-04-12 1952 1157.073 0 0
2020-04-13 1945 1157.073 0 0
2020-04-14 1958 1157.339 0.266 0.023
2020-04-15 1952 1157.339 0 0
2020-04-16 1950 1154.878 -2.461 -0.213
2020-04-17 1957 1148.53 -6.348 -0.55
2020-04-18 1960 1155.879 7.349 0.64
2020-04-19 1960 1155.879 0 0
2020-04-20 1954 1155.879 0 0
2020-04-21 1951 1153.407 -2.472 -0.214
2020-04-23 1958 1151.188 -2.219 -0.192
2020-04-24 1952 1160.572 9.384 0.815
2020-04-25 1955 1154.614 -5.958 -0.513
2020-04-26 1955 1154.614 0 0
2020-04-27 1959 1154.614 0 0
2020-04-28 1967 1157.756 3.142 0.272
2020-04-29 1972 1158.668 0.912 0.079
2020-04-30 1971 1166.458 7.79 0.672
2020-05-01 1964 1175.524 9.066 0.777
2020-05-02 1961 1175.524 0 0
2020-05-03 1961 1175.524 0 0
2020-05-04 1953 1175.524 0 0
2020-05-05 1961 1165.851 -9.673 -0.823
2020-05-06 1965 1167.15 1.299 0.111
2020-05-07 1963 1165.167 -1.983 -0.17
2020-05-08 1971 1165.167 0 0
2020-05-09 1971 1168.406 3.239 0.278
2020-05-10 1971 1168.406 0 0
2020-05-11 1972 1168.406 0 0
2020-05-12 1972 1165.561 -2.845 -0.243
2020-05-13 1964 1168.986 3.425 0.294
2020-05-14 1961 1169.761 0.775 0.066
2020-05-15 1961 1168.174 -1.587 -0.136
2020-05-16 1961 1168.163 -0.011 -0.001
2020-05-17 1961 1168.163 0 0
2020-05-18 1960 1168.163 0 0
2020-05-19 1978 1162.807 -5.356 -0.458
2020-05-20 1979 1166.987 4.18 0.359
2020-05-21 1980 1164.553 -2.434 -0.209
2020-05-23 1969 1162.214 -2.339 -0.201
2020-05-24 1969 1162.214 0 0
2020-05-25 1971 1162.214 0 0
2020-05-26 1979 1162.214 0 0
2020-05-27 1977 1166.746 4.532 0.39
2020-05-28 1983 1165.917 -0.829 -0.071
2020-05-29 1985 1165.311 -0.606 -0.052
2020-05-30 1985 1167.422 2.111 0.181
2020-05-31 1985 1167.422 0 0
