2024-11-06 1919 1738.131 0 0
2024-11-07 2055 1603.448 -134.683 -7.749
2024-11-08 2189 1495.653 -107.795 -6.723
2024-11-09 2181 1495.632 -0.021 -0.001
2024-11-10 2181 1495.632 0 0
2024-11-11 2341 1348.031 -147.601 -9.869
2024-11-12 2318 1370.149 22.118 1.641
2024-11-13 2309 1373.996 3.847 0.281
2024-11-14 2282 1392.583 18.587 1.353
2024-11-15 2279 1392.294 -0.289 -0.021
2024-11-16 2276 1392.294 0 0
2024-11-17 2276 1392.294 0 0
2024-11-18 2160 1486.444 94.15 6.762
2024-11-19 2287 1384.166 -102.278 -6.881
2024-11-20 2287 1383.818 -0.348 -0.025
2024-11-21 2362 1299.257 -84.561 -6.111
2024-11-22 2371 1291.416 -7.841 -0.603
2024-11-23 2368 1291.971 0.555 0.043
2024-11-24 2368 1291.971 0 0
2024-11-25 2443 1239.455 -52.516 -4.065
2024-11-26 2482 1208.511 -30.944 -2.497
2024-11-27 2434 1246.725 38.214 3.162
2024-11-28 2410 1257.781 11.056 0.887
2024-11-29 2401 1272.895 15.114 1.202
2024-11-30 2402 1272.217 -0.678 -0.053
2024-12-01 2402 1272.217 0 0
