2021-04-09 2485 1172.631 0 0
2021-04-10 2487 1170.861 -1.77 -0.151
2021-04-11 2488 1170.861 0 0
2021-04-12 2495 1150.042 -20.819 -1.81
2021-04-13 2478 1166.399 16.357 1.402
2021-04-14 2474 1176.426 10.027 0.852
2021-04-15 2561 1119.432 -56.994 -5.091
2021-04-16 2489 1167.363 47.931 4.106
2021-04-17 2491 1169.099 1.736 0.148
2021-04-18 2491 1169.099 0 0
2021-04-19 2439 1216.199 47.1 3.873
2021-04-20 2459 1198.856 -17.343 -1.447
2021-04-21 2496 1168.757 -30.099 -2.575
2021-04-22 2533 1150.81 -17.947 -1.56
2021-04-23 2556 1139.92 -10.89 -0.955
2021-04-24 2556 1139.92 0 0
2021-04-25 2558 1139.042 -0.878 -0.077
2021-04-26 2571 1136.789 -2.253 -0.198
2021-04-27 2597 1120.552 -16.237 -1.449
2021-04-28 2561 1141.898 21.346 1.869
2021-04-29 2568 1134.624 -7.274 -0.641
2021-04-30 2532 1157.479 22.855 1.975
2021-05-01 2529 1156.531 -0.948 -0.082
