2021-12-08 1003 3291.785 0 0
2021-12-09 1006 3272.514 -19.271 -0.585
2022-02-23 1194 2687.217 -585.297 -17.885
2022-02-24 1203 2636.234 -50.983 -1.897
2022-02-25 1165 2743.989 107.755 4.087
2022-02-26 1295 2474.907 -269.082 -9.806
2022-02-27 1295 2474.907 0 0
2022-02-28 1284 2494.524 19.617 0.793
2022-03-01 1269 2507.807 13.283 0.532
2022-03-02 1315 2411.084 -96.723 -3.857
2022-03-03 1312 2407.999 -3.085 -0.128
2022-03-04 1352 2313.97 -94.029 -3.905
2022-03-05 1340 2313.75 -0.22 -0.01
2022-03-06 1341 2313.75 0 0
2022-03-07 1410 2155.142 -158.608 -6.855
2022-03-08 1393 2157.856 2.714 0.126
2022-03-09 1358 2236.774 78.918 3.657
2022-03-10 1330 2310.598 73.824 3.3
2022-03-11 1317 2320.323 9.725 0.421
2022-03-12 1312 2319.993 -0.33 -0.014
2022-03-13 1314 2319.993 0 0
2022-03-14 1382 2188.754 -131.239 -5.657
2022-03-15 1367 2177.046 -11.708 -0.535
2022-03-16 1301 2339.704 162.658 7.472
2022-03-17 1271 2443.714 104.01 4.445
2022-03-18 1312 2383.197 -60.517 -2.476
2022-03-19 1312 2377.243 -5.954 -0.25
2022-03-20 1312 2377.243 0 0
2022-03-21 1282 2417.788 40.545 1.706
2022-03-22 1306 2389.565 -28.223 -1.167
2022-03-23 1302 2399.194 9.629 0.403
2022-03-24 1302 2388.39 -10.804 -0.45
2022-03-26 1323 2340.529 -47.861 -2.004
2022-03-27 1323 2340.529 0 0
2022-03-28 1360 2276.231 -64.298 -2.747
2022-03-29 1370 2274.375 -1.856 -0.082
2022-03-30 1303 2410.377 136.002 5.98
