2021-09-09 770 4194.76 0 0
2021-09-10 775 4192.891 -1.869 -0.045
2021-09-11 776 4192.891 0 0
2021-09-12 776 4192.891 0 0
2021-09-13 790 4119.035 -73.856 -1.793
2021-09-14 791 4101.74 -17.295 -0.422
2021-09-15 786 4101.273 -0.467 -0.011
2021-09-16 762 4212.523 111.25 2.641
2021-09-17 766 4183.542 -28.981 -0.693
2021-09-18 763 4183.542 0 0
2021-09-19 761 4183.542 0 0
2021-09-20 788 4049.387 -134.155 -3.313
2021-09-21 763 4162.975 113.588 2.729
2021-09-22 763 4162.975 0 0
2021-09-23 739 4362.103 199.128 4.565
2021-09-24 732 4364.908 2.805 0.064
2021-09-25 730 4364.908 0 0
2021-09-26 730 4364.908 0 0
2021-09-27 734 4333.589 -31.319 -0.723
2021-09-28 789 4028.82 -304.769 -7.565
2021-09-29 805 3960.574 -68.246 -1.723
2021-09-30 773 4076.966 116.392 2.855
2021-10-01 769 4082.575 5.609 0.137
2021-10-02 770 4082.575 0 0
2021-10-03 770 4082.575 0 0
2021-10-05 808 3950.758 -131.817 -3.336
2021-10-06 797 3983.011 32.253 0.81
2021-10-07 777 4082.575 99.564 2.439
2021-10-08 780 4078.602 -3.973 -0.097
2021-10-09 773 4109.687 31.085 0.756
2021-10-10 773 4109.687 0 0
2021-10-11 775 4096.598 -13.089 -0.32
2021-10-12 755 4191.488 94.89 2.264
2021-10-13 729 4330.317 138.829 3.206
2021-10-14 724 4394.356 64.039 1.457
2021-10-15 722 4458.395 64.039 1.436
2021-10-16 722 4458.395 0 0
2021-10-17 721 4458.395 0 0
2021-10-18 694 4568.71 110.315 2.415
2021-10-19 696 4596.289 27.579 0.6
2021-10-20 711 4509.813 -86.476 -1.918
2021-10-21 701 4579.929 70.116 1.531
2021-10-22 759 4248.048 -331.881 -7.813
2021-10-23 761 4248.048 0 0
2021-10-25 748 4336.394 88.346 2.037
2021-10-26 732 4437.991 101.597 2.289
2021-10-27 768 4205.511 -232.48 -5.528
2021-10-28 746 4316.761 111.25 2.577
2021-10-29 756 4292.455 -24.306 -0.566
2021-10-30 754 4292.455 0 0
2021-10-31 754 4292.455 0 0
