2022-02-11 1493 2149.622 0 0
2022-02-12 1477 2149.554 -0.068 -0.003
2022-02-13 1479 2149.554 0 0
2022-02-14 1480 2142.507 -7.047 -0.328
2022-02-15 1491 2123.88 -18.627 -0.869
2022-02-16 1493 2134.688 10.808 0.509
2022-02-17 1500 2131.927 -2.761 -0.129
2022-02-18 1486 2154.863 22.936 1.076
2022-02-19 1480 2158.439 3.576 0.166
2022-02-20 1479 2158.439 0 0
2022-02-21 1474 2165.523 7.084 0.328
2022-02-22 1466 2160.801 -4.722 -0.218
2022-02-23 1472 2157.356 -3.445 -0.159
2022-02-24 1479 2128.036 -29.32 -1.359
2022-02-25 1479 2119.601 -8.435 -0.396
2022-02-26 1485 2122.488 2.887 0.136
2022-02-27 1487 2122.488 0 0
2022-02-28 1476 2117.756 -4.732 -0.223
2022-03-01 1476 2121.096 3.34 0.158
2022-03-02 1464 2120.592 -0.504 -0.024
2022-03-03 1414 2203.949 83.357 3.931
2022-03-04 1410 2203.662 -0.287 -0.013
2022-03-05 1404 2203.453 -0.209 -0.009
2022-03-06 1405 2203.453 0 0
2022-03-07 1404 2170.355 -33.098 -1.502
2022-03-08 1435 2085.543 -84.812 -3.908
2022-03-09 1472 2044.309 -41.234 -1.977
2022-03-10 1419 2140.604 96.295 4.71
2022-03-11 1418 2126.892 -13.712 -0.641
2022-03-12 1421 2116.037 -10.855 -0.51
2022-03-13 1422 2116.037 0 0
2022-03-14 1446 2053.339 -62.698 -2.963
2022-03-15 1500 1916.879 -136.46 -6.646
2022-03-16 1531 1917.197 0.318 0.017
2022-03-17 1543 1929.607 12.41 0.647
2022-03-18 1540 1949.193 19.586 1.015
2022-03-19 1543 1944.323 -4.87 -0.25
2022-03-20 1543 1944.323 0 0
2022-03-21 1546 1937.649 -6.674 -0.343
2022-03-22 1554 1936.764 -0.885 -0.046
2022-03-23 1545 1945.546 8.782 0.453
2022-03-24 1541 1954.569 9.023 0.464
2022-03-26 1537 1950.384 -4.185 -0.214
2022-03-27 1537 1950.384 0 0
2022-03-28 1559 1921.473 -28.911 -1.482
2022-03-29 1599 1875.816 -45.657 -2.376
2022-03-30 1609 1888.469 12.653 0.675
2022-04-01 1611 1880.776 -7.693 -0.407
2022-04-02 1603 1887.966 7.19 0.382
2022-04-03 1603 1887.966 0 0
2022-04-05 1671 1887.966 0 0
2022-04-06 1670 1885.74 -2.226 -0.118
2022-04-07 1672 1855.309 -30.431 -1.614
2022-04-08 1680 1839.939 -15.37 -0.828
2022-04-09 1679 1839.968 0.029 0.002
2022-04-10 1679 1839.968 0 0
2022-04-11 1689 1804.37 -35.598 -1.935
2022-04-12 1687 1818.116 13.746 0.762
2022-04-13 1688 1804.383 -13.733 -0.755
2022-04-14 1686 1810.39 6.007 0.333
2022-04-15 1684 1804.61 -5.78 -0.319
2022-04-16 1684 1804.61 0 0
2022-04-17 1684 1804.61 0 0
2022-04-18 1673 1829.056 24.446 1.355
2022-04-19 1664 1842.565 13.509 0.739
2022-04-20 1669 1831.317 -11.248 -0.61
2022-04-21 1694 1780.973 -50.344 -2.749
2022-04-22 1690 1773.477 -7.496 -0.421
2022-04-23 1690 1763.362 -10.115 -0.57
2022-04-24 1690 1763.362 0 0
2022-04-25 1716 1706.62 -56.742 -3.218
2022-04-26 1830 1583.573 -123.047 -7.21
2022-04-27 1807 1606.574 23.001 1.452
2022-04-28 1770 1641.228 34.654 2.157
2022-04-29 1698 1730.08 88.852 5.414
2022-04-30 1694 1736.699 6.619 0.383
2022-05-01 1694 1736.699 0 0
2022-05-02 1694 1736.699 0 0
2022-05-03 1691 1736.699 0 0
2022-05-04 1696 1736.699 0 0
2022-05-05 1674 1753.894 17.195 0.99
2022-05-06 1700 1703.821 -50.073 -2.855
2022-05-07 1710 1688.019 -15.802 -0.927
2022-05-08 1710 1688.019 0 0
2022-05-09 1682 1707.08 19.061 1.129
2022-05-10 1630 1768.588 61.508 3.603
2022-05-11 1656 1739.344 -29.244 -1.654
2022-05-12 1661 1733.972 -5.372 -0.309
2022-05-13 1671 1720.452 -13.52 -0.78
2022-05-14 1670 1722.126 1.674 0.097
2022-05-15 1671 1722.126 0 0
2022-05-16 1669 1722.126 0 0
2022-05-17 1682 1711.952 -10.174 -0.591
2022-05-18 1700 1700.165 -11.787 -0.689
2022-05-19 1682 1713.841 13.676 0.804
2022-05-20 1694 1709.181 -4.66 -0.272
2022-05-21 1680 1732.996 23.815 1.393
2022-05-22 1680 1732.996 0 0
2022-05-23 1680 1741.481 8.485 0.49
2022-05-24 1689 1708.467 -33.014 -1.896
2022-05-25 1638 1783.012 74.545 4.363
2022-05-26 1658 1763.221 -19.791 -1.11
2022-05-27 1691 1724.916 -38.305 -2.172
2022-05-28 1688 1732.397 7.481 0.434
2022-05-29 1688 1732.397 0 0
2022-05-30 1679 1759.828 27.431 1.583
2022-05-31 1669 1780.929 21.101 1.199
2022-06-01 1646 1812.097 31.168 1.75
2022-06-02 1659 1797.608 -14.489 -0.8
2022-06-03 1650 1802.779 5.171 0.288
2022-06-04 1652 1802.779 0 0
2022-06-05 1652 1802.779 0 0
2022-06-06 1634 1838.834 36.055 2
2022-06-07 1638 1829.761 -9.073 -0.493
2022-06-08 1645 1816.213 -13.548 -0.74
2022-06-11 1603 1834.465 -1.948 -0.106
2022-06-12 1603 1834.465 0 0
2022-06-13 1614 1804.843 -29.622 -1.615
2022-06-14 1598 1803.937 -0.906 -0.05
2022-06-15 1615 1793.212 -10.725 -0.595
2022-06-16 1587 1814.178 20.966 1.169
2022-06-17 1584 1827.528 13.35 0.736
2022-06-18 1583 1831.755 4.227 0.231
2022-06-19 1583 1831.755 0 0
2022-06-20 1608 1804.289 -27.466 -1.499
2022-06-21 1612 1802.176 -2.113 -0.117
2022-06-22 1642 1768.715 -33.461 -1.857
2022-06-24 1642 1793.804 25.089 1.418
2022-06-25 1644 1797.662 3.858 0.215
2022-06-26 1644 1797.662 0 0
2022-06-27 1630 1823.041 25.379 1.412
2022-06-28 1624 1841.638 18.597 1.02
2022-06-29 1615 1835.59 -6.048 -0.328
2022-06-30 1594 1856.158 20.568 1.121
2022-07-01 1601 1844.217 -11.941 -0.643
2022-07-02 1602 1842.428 -1.789 -0.097
2022-07-03 1602 1842.428 0 0
2022-07-04 1599 1852.993 10.565 0.573
2022-07-05 1565 1893.138 40.145 2.166
2022-07-06 1596 1831.7 -61.438 -3.245
2022-07-07 1597 1843.743 12.043 0.657
2022-07-08 1606 1834.42 -9.323 -0.506
2022-07-09 1604 1834.967 0.547 0.03
2022-07-10 1604 1834.967 0 0
2022-07-11 1609 1824.409 -10.558 -0.575
2022-07-12 1605 1804.732 -19.677 -1.079
2022-07-13 1584 1833.127 28.395 1.573
2022-07-14 1589 1828.03 -5.097 -0.278
2022-07-15 1598 1808.534 -19.496 -1.067
2022-07-16 1601 1803.376 -5.158 -0.285
2022-07-17 1601 1803.376 0 0
2022-07-18 1582 1849.402 46.026 2.552
2022-07-19 1590 1849.411 0.009 0
2022-07-20 1593 1864.465 15.054 0.814
2022-07-21 1610 1823.913 -40.552 -2.175
2022-07-22 1611 1823.147 -0.766 -0.042
2022-07-23 1611 1822.501 -0.646 -0.035
2022-07-24 1611 1822.501 0 0
2022-07-25 1639 1782.745 -39.756 -2.181
2022-07-26 1619 1801.577 18.832 1.056
2022-07-27 1598 1823.157 21.58 1.198
2022-07-28 1609 1818.966 -4.191 -0.23
2022-07-29 1607 1832.508 13.542 0.744
2022-07-30 1607 1834.576 2.068 0.113
2022-07-31 1607 1834.576 0 0
2022-08-01 1596 1857.692 23.116 1.26
2022-08-02 1629 1804.644 -53.048 -2.856
2022-08-03 1610 1830.889 26.245 1.454
2022-08-04 1606 1833.77 2.881 0.157
2022-08-05 1611 1839.921 6.151 0.335
2022-08-06 1609 1841.366 1.445 0.079
2022-08-07 1609 1841.366 0 0
2022-08-08 1623 1820.394 -20.972 -1.139
2022-08-09 1623 1819.903 -0.491 -0.027
2022-08-10 1616 1829.931 10.028 0.551
2022-08-11 1621 1847.866 17.935 0.98
2022-08-12 1617 1861.563 13.697 0.741
2022-08-13 1617 1862.669 1.106 0.059
2022-08-14 1616 1862.669 0 0
2022-08-15 1609 1866.873 4.204 0.226
2022-08-16 1614 1865.231 -1.642 -0.088
2022-08-17 1604 1872.024 6.793 0.364
2022-08-18 1616 1845.101 -26.923 -1.438
2022-08-19 1591 1878.14 33.039 1.791
2022-08-20 1589 1873.286 -4.854 -0.258
2022-08-21 1589 1873.286 0 0
2022-08-22 1595 1862.89 -10.396 -0.555
2022-08-23 1563 1902.579 39.689 2.131
2022-08-24 1578 1868.247 -34.332 -1.804
2022-08-25 1577 1878.655 10.408 0.557
2022-08-26 1532 1959.208 80.553 4.288
2022-08-27 1525 1955.811 -3.397 -0.173
2022-08-28 1521 1955.811 0 0
2022-08-29 1534 1931.053 -24.758 -1.266
2022-08-30 1574 1851.369 -79.684 -4.126
2022-08-31 1647 1742.121 -109.248 -5.901
2022-09-01 1665 1706.595 -35.526 -2.039
2022-09-03 1661 1702.418 -4.177 -0.245
2022-09-04 1661 1702.418 0 0
2022-09-05 1648 1720.878 18.46 1.084
2022-09-06 1645 1735.236 14.358 0.834
2022-09-07 1649 1718.031 -17.205 -0.992
2022-09-08 1667 1691.831 -26.2 -1.525
2022-09-09 1662 1705.852 14.021 0.829
2022-09-11 1660 1717.022 11.17 0.655
2022-09-12 1664 1717.022 0 0
2022-09-13 1677 1700.65 -16.372 -0.954
2022-09-14 1698 1668.815 -31.835 -1.872
2022-09-15 1722 1624.781 -44.034 -2.639
2022-09-16 1752 1578.54 -46.241 -2.846
2022-09-17 1758 1568.895 -9.645 -0.611
2022-09-18 1759 1568.895 0 0
2022-09-19 1741 1574.944 6.049 0.386
2022-09-20 1731 1594.002 19.058 1.21
2022-09-21 1712 1596.953 2.951 0.185
2022-09-22 1724 1583.903 -13.05 -0.817
2022-09-23 1717 1579.438 -4.465 -0.282
2022-09-24 1715 1572.82 -6.618 -0.419
2022-09-25 1716 1572.82 0 0
2022-09-26 1737 1527.029 -45.791 -2.911
2022-09-27 1753 1539.62 12.591 0.825
2022-09-28 1779 1510.921 -28.699 -1.864
2022-09-29 1667 1637.49 126.569 8.377
2022-09-30 1656 1646 8.51 0.52
2022-10-01 1639 1671.116 25.116 1.526
2022-10-02 1637 1671.116 0 0
2022-10-03 1644 1671.116 0 0
2022-10-04 1657 1671.116 0 0
2022-10-05 1661 1671.116 0 0
2022-10-06 1659 1671.116 0 0
2022-10-07 1658 1671.116 0 0
2022-10-08 1656 1671.116 0 0
2022-10-09 1656 1671.116 0 0
2022-10-10 1659 1651.15 -19.966 -1.195
2022-10-11 1662 1619.356 -31.794 -1.926
2022-10-12 1700 1581.543 -37.813 -2.335
2022-10-13 1706 1579.014 -2.529 -0.16
2022-10-14 1700 1594.21 15.196 0.962
2022-10-15 1704 1594.565 0.355 0.022
2022-10-16 1703 1594.565 0 0
2022-10-17 1712 1588.659 -5.906 -0.37
2022-10-18 1724 1585.925 -2.734 -0.172
2022-10-19 1748 1546.544 -39.381 -2.483
2022-10-20 1743 1548.368 1.824 0.118
2022-10-21 1779 1512.055 -36.313 -2.345
2022-10-22 1780 1509.594 -2.461 -0.163
2022-10-23 1779 1509.594 0 0
2022-10-24 1774 1503.736 -5.858 -0.388
2022-10-25 1813 1491.543 -12.193 -0.811
2022-10-26 1828 1489.639 -1.904 -0.128
2022-10-27 1798 1512.914 23.275 1.562
2022-10-28 1861 1460.434 -52.48 -3.469
2022-10-29 1864 1451.459 -8.975 -0.615
2022-10-30 1864 1451.459 0 0
2022-10-31 1844 1467.066 15.607 1.075
2022-11-01 1825 1495.601 28.535 1.945
2022-11-02 1802 1507.078 11.477 0.767
2022-11-03 1836 1489.268 -17.81 -1.182
2022-11-04 1823 1494.994 5.726 0.384
2022-11-05 1813 1505.628 10.634 0.711
2022-11-06 1813 1505.628 0 0
2022-11-07 1809 1513.419 7.791 0.517
2022-11-08 1813 1515.674 2.255 0.149
2022-11-09 1814 1508.842 -6.832 -0.451
2022-11-10 1814 1504.943 -3.899 -0.258
2022-11-11 1817 1525.638 20.695 1.375
2022-11-12 1805 1554.18 28.542 1.871
2022-11-13 1805 1554.18 0 0
2022-11-14 1791 1566.12 11.94 0.768
2022-11-15 1779 1590.963 24.843 1.586
2022-11-16 1763 1600.191 9.228 0.58
2022-11-17 1783 1581.706 -18.485 -1.155
2022-11-18 1759 1595.023 13.317 0.842
2022-11-19 1761 1594.822 -0.201 -0.013
2022-11-20 1761 1594.822 0 0
2022-11-21 1777 1570.989 -23.833 -1.494
2022-11-22 1773 1570.989 0 0
2022-11-23 1764 1575.864 4.875 0.31
2022-11-24 1784 1567.258 -8.606 -0.546
2022-11-25 1769 1573.195 5.937 0.379
2022-11-26 1769 1573.195 0 0
2022-11-27 1778 1571.526 -1.669 -0.106
2022-11-28 1753 1587.34 15.814 1.006
2022-11-29 1763 1586.806 -0.534 -0.034
2022-11-30 1759 1602.013 15.207 0.958
2022-12-02 1766 1615.927 13.914 0.869
2022-12-04 1758 1625.318 9.391 0.581
2022-12-05 1752 1631.352 6.034 0.371
2022-12-06 1740 1648.239 16.887 1.035
2022-12-07 1750 1624.19 -24.049 -1.459
2022-12-08 1757 1616.929 -7.261 -0.447
2022-12-09 1764 1601.846 -15.083 -0.933
2022-12-10 1772 1607.679 5.833 0.364
2022-12-11 1772 1607.679 0 0
2022-12-12 1763 1613.791 6.112 0.38
2022-12-13 1764 1609.344 -4.447 -0.276
2022-12-14 1760 1622.55 13.206 0.821
2022-12-15 1770 1611.525 -11.025 -0.679
2022-12-16 1766 1607.013 -4.512 -0.28
2022-12-17 1761 1606.344 -0.669 -0.042
2022-12-18 1761 1606.344 0 0
2022-12-19 1790 1571.821 -34.523 -2.149
2022-12-20 1794 1565.729 -6.092 -0.388
2022-12-21 1805 1559.882 -5.847 -0.373
2022-12-22 1815 1553.789 -6.093 -0.391
2022-12-23 1799 1560.034 6.245 0.402
2022-12-24 1802 1558.158 -1.876 -0.12
2022-12-25 1802 1558.158 0 0
2022-12-26 1801 1568.289 10.131 0.65
2022-12-27 1795 1574.368 6.079 0.388
2022-12-28 1736 1622.515 48.147 3.058
2022-12-29 1805 1547.363 -75.152 -4.632
2022-12-30 1811 1545.82 -1.543 -0.1
2022-12-31 1809 1549.867 4.047 0.262
2023-01-02 1809 1549.867 0 0
2023-01-03 1776 1590.599 40.732 2.628
2023-01-04 1778 1593.34 2.741 0.172
2023-01-05 1770 1600.212 6.872 0.431
2023-01-07 1779 1603.746 3.534 0.221
2023-01-08 1779 1603.746 0 0
2023-01-09 1790 1595.49 -8.256 -0.515
2023-01-10 1796 1601.518 6.028 0.378
2023-01-11 1810 1585.384 -16.134 -1.007
2023-01-14 1802 1618.234 32.85 2.072
2023-01-16 1777 1643.552 25.318 1.565
2023-01-17 1786 1637.222 -6.33 -0.385
2023-01-20 1784 1628.025 -9.197 -0.562
2023-01-21 1787 1627.785 -0.24 -0.015
2023-01-22 1787 1627.785 0 0
2023-01-23 1788 1627.785 0 0
2023-01-24 1790 1627.785 0 0
2023-01-25 1790 1627.785 0 0
2023-01-27 1793 1627.785 0 0
2023-01-29 1792 1627.785 0 0
2023-01-30 1777 1638.232 10.447 0.642
2023-01-31 1776 1648.25 10.018 0.612
