2025-04-02 620 5649.47 0 0
2025-04-03 608 5683.292 33.822 0.599
2025-04-04 604 5668.312 -14.98 -0.264
2025-04-05 601 5602.286 -66.026 -1.165
2025-04-06 601 5602.286 0 0
2025-04-07 638 5393.829 -208.457 -3.721
2025-04-08 604 5469.011 75.182 1.394
2025-04-09 653 5281.938 -187.073 -3.421
2025-04-10 615 5456.496 174.558 3.305
2025-04-11 615 5482.671 26.175 0.48
2025-04-12 604 5631.238 148.567 2.71
2025-04-13 604 5631.238 0 0
2025-04-14 602 5728.435 97.197 1.726
2025-04-15 591 5811.836 83.401 1.456
2025-04-16 572 5944.323 132.487 2.28
2025-04-17 564 5998.334 54.011 0.909
2025-04-18 569 5981.312 -17.022 -0.284
2025-04-19 569 5981.312 0 0
2025-04-20 569 5981.312 0 0
2025-04-21 567 5981.312 0 0
2025-04-22 559 6126.14 144.828 2.421
2025-04-23 563 6103.03 -23.11 -0.377
2025-04-24 575 6028.247 -74.783 -1.225
2025-04-25 583 5945.842 -82.405 -1.367
2025-04-26 583 5943.138 -2.704 -0.045
2025-04-27 583 5943.138 0 0
2025-04-28 585 5941.064 -2.074 -0.035
2025-04-29 592 5892.508 -48.556 -0.817
2025-04-30 581 5979.647 87.139 1.479
2025-05-01 582 5971.49 -8.157 -0.136
2025-05-02 582 6012.78 41.29 0.691
2025-05-03 580 6059.263 46.483 0.773
2025-05-04 580 6059.263 0 0
2025-05-05 580 6048.895 -10.368 -0.171
2025-05-06 584 5999.127 -49.768 -0.823
2025-05-07 593 5956.552 -42.575 -0.71
2025-05-08 572 6160.173 203.621 3.418
2025-05-09 571 6154.74 -5.433 -0.088
2025-05-10 571 6149.885 -4.855 -0.079
2025-05-11 571 6149.885 0 0
2025-05-12 577 6129.331 -20.554 -0.334
2025-05-13 597 5961.089 -168.242 -2.745
2025-05-14 588 6028.423 67.334 1.13
2025-05-15 575 6160.449 132.026 2.19
2025-05-16 579 6154.138 -6.311 -0.102
2025-05-17 582 6136.975 -17.163 -0.279
2025-05-18 582 6136.975 0 0
2025-05-19 578 6179.705 42.73 0.696
2025-05-20 567 6244.213 64.508 1.044
2025-05-21 564 6242.38 -1.833 -0.029
2025-05-22 560 6288.229 45.849 0.734
2025-05-23 561 6243.898 -44.331 -0.705
2025-05-24 561 6243.898 0 0
2025-05-25 560 6280.023 36.125 0.579
2025-05-26 555 6360.721 80.698 1.285
