2020-01-19 1679 1502.943 0 0
2020-02-07 1658 1509.377 6.434 0.426
2020-02-15 1682 1494.749 -14.628 -0.979
2020-02-16 1682 1494.749 0 0
2020-02-17 1639 1548.14 53.391 3.449
2020-02-18 1626 1561.74 13.6 0.871
2020-02-19 1507 1704.299 142.559 8.365
2020-02-20 1448 1782.913 78.614 4.409
2020-02-21 1452 1769.154 -13.759 -0.778
2020-02-22 1455 1763.273 -5.881 -0.334
2020-02-23 1455 1763.273 0 0
2020-02-24 1441 1774.012 10.739 0.605
2020-02-25 1405 1810.899 36.887 2.037
2020-02-26 1453 1735.078 -75.821 -4.37
2020-02-27 1446 1722.153 -12.925 -0.751
2020-02-28 1388 1788.747 66.594 3.723
2020-02-29 1381 1795.4 6.653 0.371
