2019-11-07 150 10700 0 0
2020-01-19 155 10700 0 0
2020-02-07 152 10700 0 0
2020-02-15 154 10700 0 0
2020-02-16 153 10700 0 0
2020-02-17 153 10700 0 0
2020-02-18 153 10700 0 0
2020-02-19 156 10700 0 0
2020-02-20 155 10700 0 0
2020-02-21 156 10700 0 0
2020-02-22 154 10700 0 0
2020-02-23 154 10700 0 0
2020-02-24 154 10700 0 0
2020-02-25 154 10700 0 0
2020-02-26 151 10700 0 0
2020-02-27 146 10700 0 0
2020-02-28 149 10700 0 0
2020-02-29 146 10700 0 0
2020-03-01 146 10700 0 0
2020-03-02 146 10700 0 0
2020-03-03 147 10700 0 0
2020-03-04 150 10700 0 0
2020-03-05 149 10700 0 0
2020-03-06 147 10700 0 0
2020-03-07 146 10700 0 0
2020-03-08 145 10700 0 0
2020-03-09 142 10700 0 0
2020-03-10 141 10700 0 0
2020-03-11 141 10700 0 0
2020-03-12 137 10700 0 0
2020-03-13 134 10700 0 0
2020-03-14 135 10700 0 0
2020-03-15 135 10700 0 0
2020-03-16 129 10700 0 0
2020-03-17 129 10700 0 0
2020-03-18 127 10700 0 0
2020-03-19 126 10700 0 0
2020-03-20 127 10700 0 0
2020-03-21 127 10700 0 0
2020-03-22 127 10700 0 0
2020-03-23 124 10700 0 0
2020-03-24 122 10700 0 0
2020-03-25 130 10700 0 0
2020-03-26 133 10700 0 0
2020-03-27 135 10700 0 0
2020-03-28 135 10700 0 0
2020-03-29 135 10700 0 0
2020-03-30 135 10700 0 0
2020-03-31 136 10700 0 0
2020-04-01 136 10700 0 0
2020-04-02 134 10700 0 0
2020-04-03 135 10700 0 0
2020-04-04 133 10700 0 0
2020-04-05 133 10700 0 0
2020-04-06 133 10700 0 0
2020-04-07 136 10700 0 0
2020-04-08 138 10700 0 0
2020-04-09 139 10700 0 0
2020-04-10 141 10700 0 0
2020-04-11 141 10700 0 0
2020-04-12 141 10700 0 0
2020-04-13 141 10700 0 0
2020-04-14 142 10700 0 0
2020-04-15 141 10700 0 0
2020-04-16 140 10700 0 0
2020-04-17 142 10700 0 0
2020-04-18 142 10700 0 0
2020-04-19 142 10700 0 0
2020-04-20 141 10700 0 0
2020-04-21 140 10700 0 0
2020-04-23 140 10700 0 0
2020-04-24 142 10700 0 0
2020-04-25 141 10700 0 0
2020-04-26 141 10700 0 0
2020-04-27 142 10700 0 0
2020-04-28 143 10700 0 0
2020-04-29 144 10700 0 0
2020-04-30 145 10700 0 0
