2020-01-19 1556 1662.005 0 0
2020-02-07 1602 1586.818 -75.187 -4.738
2020-02-15 1521 1678.337 91.519 5.453
2020-02-16 1522 1678.337 0 0
2020-02-17 1457 1761.144 82.807 4.702
2020-02-18 1458 1763.496 2.352 0.133
2020-02-19 1496 1721.647 -41.849 -2.431
2020-02-20 1401 1845.06 123.413 6.689
2020-02-21 1365 1900.237 55.177 2.904
2020-02-22 1376 1893.919 -6.318 -0.334
2020-02-23 1374 1893.919 0 0
2020-02-24 1321 1970.437 76.518 3.883
2020-02-25 1279 2009.152 38.715 1.927
2020-02-26 1386 1846.138 -163.014 -8.83
2020-02-27 1393 1796.838 -49.3 -2.744
2020-02-28 1482 1663.173 -133.665 -8.037
2020-02-29 1468 1669.359 6.186 0.371
2020-03-01 1469 1669.359 0 0
2020-03-02 1431 1738.422 69.063 3.973
2020-03-03 1416 1765.819 27.397 1.552
2020-03-04 1464 1705.876 -59.943 -3.514
2020-03-05 1433 1749.298 43.422 2.482
2020-03-06 1419 1762.269 12.971 0.736
2020-03-07 1416 1762.777 0.508 0.029
2020-03-08 1412 1762.777 0 0
2020-03-09 1454 1671.922 -90.855 -5.434
2020-03-10 1376 1768.517 96.595 5.462
2020-03-11 1393 1712.261 -56.256 -3.285
2020-03-12 1384 1660.562 -51.699 -3.113
2020-03-13 1407 1604.239 -56.323 -3.511
2020-03-14 1414 1602.518 -1.721 -0.107
2020-03-15 1413 1602.518 0 0
2020-03-16 1489 1476.184 -126.334 -8.558
2020-03-17 1528 1422.057 -54.127 -3.806
2020-03-18 1537 1390.258 -31.799 -2.287
2020-03-19 1484 1422.893 32.635 2.294
2020-03-20 1508 1406.608 -16.285 -1.158
2020-03-21 1508 1411.585 4.977 0.353
2020-03-22 1509 1411.585 0 0
2020-03-23 1578 1304.224 -107.361 -8.232
2020-03-24 1575 1294.587 -9.637 -0.744
2020-03-25 1587 1319.366 24.779 1.878
2020-03-26 1552 1383.047 63.681 4.604
2020-03-27 1590 1362.306 -20.741 -1.522
2020-03-28 1605 1343.755 -18.551 -1.381
2020-03-29 1605 1343.755 0 0
2020-03-30 1605 1343.755 0 0
2020-03-31 1639 1299.136 -44.619 -3.435
