2021-04-09 2294 1308.141 0 0
2021-04-10 2295 1306.166 -1.975 -0.151
2021-04-11 2296 1306.166 0 0
2021-04-12 2347 1256.81 -49.356 -3.779
2021-04-13 2344 1260.101 3.291 0.262
2021-04-14 2352 1274.366 14.265 1.132
2021-04-15 2357 1261.396 -12.97 -1.018
2021-04-16 2382 1245.352 -16.044 -1.272
2021-04-17 2384 1247.204 1.852 0.149
2021-04-18 2387 1247.204 0 0
2021-04-19 2322 1301.946 54.742 4.389
2021-04-20 2344 1292.775 -9.171 -0.704
2021-04-21 2322 1313.156 20.381 1.577
2021-04-22 2293 1336.194 23.038 1.754
2021-04-23 2178 1430.336 94.142 7.046
2021-04-24 2178 1430.336 0 0
2021-04-25 2177 1429.235 -1.101 -0.077
2021-04-26 2180 1430.746 1.511 0.106
2021-04-27 2200 1421.485 -9.261 -0.647
2021-04-28 2175 1450.291 28.806 2.026
2021-04-29 2200 1426.703 -23.588 -1.626
2021-04-30 2192 1431.695 4.992 0.35
2021-05-01 2190 1430.522 -1.173 -0.082
2021-05-02 2189 1430.522 0 0
2021-05-03 2189 1430.522 0 0
2021-05-04 2193 1430.522 0 0
2021-05-05 2189 1430.522 0 0
2021-05-06 2193 1419.608 -10.914 -0.763
2021-05-07 2310 1312.971 -106.637 -7.512
2021-05-08 2319 1316.082 3.111 0.237
2021-05-09 2319 1316.082 0 0
2021-05-10 2353 1285.705 -30.377 -2.308
2021-05-11 2350 1293.267 7.562 0.588
2021-05-12 2326 1307.676 14.409 1.114
2021-05-13 2341 1285.403 -22.273 -1.703
2021-05-14 2323 1309.359 23.956 1.864
2021-05-15 2325 1313.429 4.07 0.311
2021-05-16 2325 1313.429 0 0
2021-05-17 2323 1319.527 6.098 0.464
2021-05-18 2338 1306.499 -13.028 -0.987
2021-05-19 2286 1359.165 52.666 4.031
2021-05-20 2297 1348.066 -11.099 -0.817
2021-05-21 2353 1296.072 -51.994 -3.857
2021-05-22 2353 1296.455 0.383 0.03
2021-05-23 2353 1296.455 0 0
2021-05-24 2283 1362.931 66.476 5.128
2021-05-25 2240 1403.487 40.556 2.976
2021-05-26 2278 1376.593 -26.894 -1.916
2021-05-27 2219 1437.518 60.925 4.426
2021-05-28 2220 1434.454 -3.064 -0.213
2021-05-29 2216 1436.73 2.276 0.159
2021-05-30 2219 1436.73 0 0
2021-05-31 2203 1450.908 14.178 0.987
2021-06-01 2206 1448.75 -2.158 -0.149
2021-06-02 2237 1416.143 -32.607 -2.251
2021-06-03 2247 1403.174 -12.969 -0.916
2021-06-04 2141 1503.895 100.721 7.178
2021-06-05 2147 1500.164 -3.731 -0.248
2021-06-06 2147 1500.164 0 0
2021-06-07 2131 1512.409 12.245 0.816
2021-06-08 2173 1481.081 -31.328 -2.071
2021-06-09 2165 1492.197 11.116 0.751
2021-06-10 2105 1535.936 43.739 2.931
2021-06-11 2165 1489.156 -46.78 -3.046
2021-06-12 2162 1489.203 0.047 0.003
2021-06-13 2162 1489.203 0 0
2021-06-14 2163 1489.203 0 0
2021-06-16 2155 1474.131 -15.072 -1.012
2021-06-17 1975 1652.567 178.436 12.104
2021-06-18 1944 1675.04 22.473 1.36
2021-06-19 1944 1675.04 0 0
2021-06-20 1943 1671.764 -3.276 -0.196
2021-06-21 1914 1697.654 25.89 1.549
2021-06-22 1815 1817.371 119.717 7.052
2021-06-23 1802 1848.684 31.313 1.723
2021-06-24 1800 1843.631 -5.053 -0.273
2021-06-25 1770 1886.237 42.606 2.311
2021-06-26 1768 1891.673 5.436 0.288
2021-06-27 1768 1891.673 0 0
2021-06-28 1787 1867.053 -24.62 -1.301
2021-06-29 1760 1903.878 36.825 1.972
2021-06-30 1748 1915.432 11.554 0.607
