2022-01-16 1505 2197.825 0 0
2022-01-17 1530 2159.911 -37.914 -1.725
2022-01-18 1502 2201.272 41.361 1.915
2022-01-19 1532 2124.861 -76.411 -3.471
2022-01-20 1550 2077.623 -47.238 -2.223
2022-01-22 1508 2145.044 67.421 3.245
2022-01-23 1508 2145.044 0 0
2022-01-24 1429 2265.748 120.704 5.627
2022-01-25 1459 2189.156 -76.592 -3.38
2022-01-26 1453 2202.352 13.196 0.603
2022-01-27 1497 2097.79 -104.562 -4.748
2022-01-28 1529 2040.466 -57.324 -2.733
2022-01-29 1529 2040.114 -0.352 -0.017
2022-01-30 1528 2040.114 0 0
2022-01-31 1539 2040.114 0 0
