2021-05-19 952 3366.672 0 0
2021-05-20 952 3378.133 11.461 0.34
2021-05-21 950 3383.29 5.157 0.153
2021-05-22 952 3383.29 0 0
2021-05-23 952 3383.29 0 0
2021-05-24 945 3407.931 24.641 0.728
2021-05-25 960 3382.717 -25.214 -0.74
2021-05-26 951 3405.83 23.113 0.683
2021-05-27 944 3444.988 39.158 1.15
2021-05-28 935 3468.674 23.686 0.688
2021-05-29 937 3468.674 0 0
2021-05-30 937 3468.674 0 0
2021-05-31 939 3468.674 0 0
2021-06-01 923 3514.899 46.225 1.333
2021-06-02 946 3459.696 -55.203 -1.571
2021-06-03 943 3453.011 -6.685 -0.193
2021-06-04 967 3372.021 -80.99 -2.345
2021-06-05 968 3372.021 0 0
2021-06-06 968 3372.021 0 0
2021-06-07 968 3388.257 16.236 0.481
2021-06-08 967 3395.706 7.449 0.22
2021-06-09 956 3410.605 14.899 0.439
2021-06-10 954 3442.123 31.518 0.924
2021-06-11 928 3519.102 76.979 2.236
2021-06-12 929 3519.102 0 0
2021-06-13 929 3519.102 0 0
2021-06-14 934 3497.708 -21.394 -0.608
2021-06-16 902 3570.293 72.585 2.075
2021-06-17 944 3461.224 -109.069 -3.055
2021-06-18 979 3326.559 -134.665 -3.891
2021-06-19 979 3326.559 0 0
2021-06-20 980 3326.559 0 0
2021-06-21 930 3444.988 118.429 3.56
2021-06-22 930 3483 38.012 1.103
2021-06-23 919 3501.528 18.528 0.532
2021-06-24 907 3533.428 31.9 0.911
2021-06-25 912 3529.607 -3.821 -0.108
2021-06-26 914 3529.607 0 0
2021-06-27 914 3529.607 0 0
2021-06-28 987 3347.953 -181.654 -5.147
2021-06-29 988 3350.627 2.674 0.08
2021-06-30 988 3334.2 -16.427 -0.49
