2024-03-30 2371 1281.528 0 0
2024-03-31 2371 1281.528 0 0
2024-04-02 2322 1313.091 31.563 2.463
2024-04-03 2375 1281.113 -31.978 -2.435
2024-04-04 2402 1254.534 -26.579 -2.075
2024-04-05 2395 1262.84 8.306 0.662
2024-04-06 2393 1262.84 0 0
2024-04-07 2393 1262.84 0 0
2024-04-08 2321 1322.228 59.388 4.703
2024-04-09 2297 1344.239 22.011 1.665
2024-04-10 2301 1336.348 -7.891 -0.587
2024-04-11 2335 1304.785 -31.563 -2.362
2024-04-12 2405 1244.567 -60.218 -4.615
2024-04-13 2403 1244.567 0 0
2024-04-14 2404 1244.567 0 0
2024-04-15 2446 1211.758 -32.809 -2.636
2024-04-16 2445 1203.867 -7.891 -0.651
2024-04-17 2427 1217.157 13.29 1.104
2024-04-18 2403 1235.845 18.688 1.535
2024-04-19 2544 1119.561 -116.284 -9.409
2024-04-20 2544 1119.561 0 0
2024-04-21 2545 1119.561 0 0
2024-04-22 2638 1058.512 -61.049 -5.453
2024-04-23 2644 1054.359 -4.153 -0.392
2024-04-24 2696 1015.321 -39.038 -3.703
2024-04-25  998.709 -16.612 -1.636
2024-04-27 2638 1063.911 65.202 6.529
2024-04-28 2638 1063.911 0 0
2024-04-29 2553 1143.234 79.323 7.456
2024-04-30 2582 1115.408 -27.826 -2.434
