2020-01-19 911 2893.187 0 0
2020-02-07 942 2772.16 -121.027 -4.366
2020-02-15 943 2751.854 -20.306 -0.738
2020-02-16 943 2751.854 0 0
2020-02-17 944 2735.718 -16.136 -0.59
2020-02-18 943 2735.718 0 0
2020-02-19 948 2716.69 -19.028 -0.7
2020-02-20 953 2704.836 -11.854 -0.438
2020-02-21 951 2698.983 -5.853 -0.217
2020-02-22 951 2708.588 9.605 0.355
2020-02-23 952 2708.588 0 0
2020-02-24 944 2708.588 0 0
2020-02-25 962 2641.088 -67.5 -2.556
2020-02-26 972 2575.549 -65.539 -2.545
2020-02-27 974 2550.229 -25.32 -0.993
2020-02-28 969 2514.161 -36.068 -1.435
2020-02-29 968 2516.848 2.687 0.107
2020-03-01 972 2516.848 0 0
2020-03-02 981 2516.848 0 0
2020-03-03 942 2657.408 140.56 5.289
2020-03-04 950 2632.497 -24.911 -0.946
2020-03-05 921 2694.278 61.781 2.293
2020-03-06 844 2906.877 212.599 7.314
2020-03-07 826 2956.326 49.449 1.673
2020-03-08 827 2956.326 0 0
2020-03-09 799 2956.326 0 0
2020-03-10 818 2901.156 -55.17 -1.902
2020-03-11 807 2910.194 9.038 0.311
2020-03-12 801 2842.094 -68.1 -2.396
2020-03-13 866 2603.799 -238.295 -9.152
2020-03-14 837 2708.255 104.456 3.857
2020-03-15 837 2708.255 0 0
2020-03-16 818 2708.255 0 0
2020-03-17 842 2574.681 -133.574 -5.188
2020-03-18 794 2687.75 113.069 4.207
2020-03-19 794 2668.867 -18.883 -0.708
2020-03-20 810 2601.579 -67.288 -2.586
2020-03-21 825 2578.431 -23.148 -0.898
2020-03-22 825 2578.431 0 0
2020-03-23 812 2578.431 0 0
2020-03-24 823 2532.4 -46.031 -1.818
2020-03-25 832 2572.903 40.503 1.574
2020-03-26 854 2549.797 -23.106 -0.906
2020-03-27 813 2718.126 168.329 6.193
2020-03-28 799 2740.463 22.337 0.815
2020-03-29 799 2740.463 0 0
2020-03-30 799 2740.463 0 0
2020-03-31 790 2762.2 21.737 0.787
2020-04-01 795 2744.969 -17.231 -0.628
2020-04-02 806 2685.515 -59.454 -2.214
2020-04-03 836 2596.34 -89.175 -3.435
2020-04-04 836 2580.195 -16.145 -0.626
2020-04-05 836 2580.195 0 0
2020-04-06 836 2580.195 0 0
2020-04-07 849 2621.954 41.759 1.593
2020-04-08 851 2650.778 28.824 1.087
2020-04-10 841 2724.907 74.129 2.72
2020-04-11 841 2724.907 0 0
2020-04-12 841 2724.907 0 0
2020-04-13 840 2724.907 0 0
2020-04-14 852 2697.72 -27.187 -1.008
2020-04-15 821 2802.09 104.37 3.725
2020-04-17 826 2774.312 -27.778 -1.001
2020-04-18 824 2798.846 24.534 0.877
2020-04-19 824 2798.846 0 0
2020-04-20 824 2798.846 0 0
2020-04-21 824 2776.563 -22.283 -0.803
2020-04-23 837 2743.114 -33.449 -1.219
2020-04-24 837 2753.428 10.314 0.375
2020-04-25 836 2760.249 6.821 0.247
2020-04-26 836 2760.249 0 0
2020-04-27 839 2760.249 0 0
2020-04-28 831 2789.114 28.865 1.035
2020-04-29 838 2783.402 -5.712 -0.205
2020-04-30 844 2789.776 6.374 0.228
