2020-01-19 1362 1913.215 0 0
2020-02-07 1497 1701.037 -212.178 -12.473
2020-02-15 1350 1928.734 227.697 11.806
2020-02-16 1351 1928.734 0 0
2020-02-17 1351 1934.639 5.905 0.305
2020-02-18 1346 1939.067 4.428 0.228
2020-02-19 1372 1894.721 -44.346 -2.341
2020-02-20 1262 2077.467 182.746 8.797
2020-02-21 1322 1992.493 -84.974 -4.265
2020-02-22 1326 1985.869 -6.624 -0.334
2020-02-23 1326 1985.869 0 0
2020-02-24 1354 1914.141 -71.728 -3.747
2020-02-25 1363 1899.793 -14.348 -0.755
2020-02-26 1351 1905.566 5.773 0.303
2020-02-27 1334 1906.138 0.572 0.03
2020-02-28 1369 1828.521 -77.617 -4.245
2020-02-29 1356 1835.322 6.801 0.371
2020-03-01 1360 1835.322 0 0
2020-03-02 1352 1876.595 41.273 2.199
2020-03-03 1367 1853.442 -23.153 -1.249
2020-03-04 1388 1811.886 -41.556 -2.294
2020-03-05 1349 1884.484 72.598 3.852
2020-03-06 1319 1917.771 33.287 1.736
2020-03-07 1318 1918.324 0.553 0.029
2020-03-08 1319 1918.324 0 0
2020-03-09 1364 1798.81 -119.514 -6.644
2020-03-10 1343 1816.741 17.931 0.987
2020-03-11 1342 1789.53 -27.211 -1.521
2020-03-12 1355 1707.295 -82.235 -4.817
2020-03-13 1364 1681.729 -25.566 -1.52
2020-03-14 1370 1679.925 -1.804 -0.107
2020-03-15 1369 1679.925 0 0
2020-03-16 1416 1556.153 -123.772 -7.954
2020-03-17 1387 1581.499 25.346 1.603
2020-03-18 1363 1579.166 -2.333 -0.148
2020-03-19 1359 1577.351 -1.815 -0.115
2020-03-20 1372 1557.807 -19.544 -1.255
2020-03-21 1372 1563.318 5.511 0.353
2020-03-22 1372 1563.318 0 0
2020-03-23 1405 1496.972 -66.346 -4.432
2020-03-24 1404 1485.91 -11.062 -0.744
2020-03-25 1422 1518.667 32.757 2.157
2020-03-26 1378 1587.714 69.047 4.349
2020-03-27 1410 1577.986 -9.728 -0.616
2020-03-28 1391 1592.11 14.124 0.887
2020-03-29 1391 1592.11 0 0
2020-03-30 1391 1592.11 0 0
2020-03-31 1414 1563.199 -28.911 -1.849
