2024-03-30 2630 1088.771 0 0
2024-03-31 2630 1088.771 0 0
2024-04-02 2635 1086.756 -2.015 -0.185
2024-04-03 2635 1086.505 -0.251 -0.023
2024-04-04 2624 1089.53 3.025 0.278
2024-04-05 2634 1091.103 1.573 0.144
2024-04-06 2639 1085.203 -5.9 -0.541
2024-04-07 2639 1085.203 0 0
2024-04-08 2637 1085.203 0 0
2024-04-09 2638 1086.254 1.051 0.097
2024-04-10 2630 1085.753 -0.501 -0.046
2024-04-11 2634 1081.72 -4.033 -0.371
2024-04-12 2629 1079.55 -2.17 -0.201
2024-04-13 2624 1077.638 -1.912 -0.177
2024-04-14 2624 1077.638 0 0
2024-04-15 2625 1077.638 0 0
2024-04-16 2614 1076.954 -0.684 -0.063
2024-04-17 2614 1074.232 -2.722 -0.253
2024-04-18 2619 1075.25 1.018 0.095
2024-04-19 2607 1077.686 2.436 0.227
2024-04-20 2607 1078.911 1.225 0.114
2024-04-21 2607 1078.911 0 0
2024-04-22 2608 1078.911 0 0
2024-04-23 2608 1079.206 0.295 0.027
2024-04-24 2609 1082.017 2.811 0.26
2024-04-25 2607 1079.697 -2.32 -0.214
2024-04-26 2615 1080.14 0.443 0.041
2024-04-27 2614 1081.176 1.036 0.096
2024-04-28 2614 1081.176 0 0
2024-04-29 2625 1081.176 0 0
2024-04-30 2624 1082.861 1.685 0.156
