2025-04-02 1404 2611 0 0
2025-04-03 1388 2611 0 0
2025-04-04 1383 2611 0 0
2025-04-05 1377 2611 0 0
2025-04-06 1377 2611 0 0
2025-04-07 1360 2611 0 0
2025-04-08 1355 2611 0 0
2025-04-09 1365 2611 0 0
2025-04-10 1363 2611 0 0
2025-04-11 1368 2611 0 0
2025-04-12 1379 2611 0 0
2025-04-13 1379 2611 0 0
2025-04-14 1387 2611 0 0
2025-04-15 1390 2611 0 0
2025-04-16 1388 2611 0 0
2025-04-17 1391 2611 0 0
2025-04-18 1390 2611 0 0
2025-04-19 1390 2611 0 0
2025-04-20 1390 2611 0 0
2025-04-21 1395 2611 0 0
2025-04-22 1403 2611 0 0
2025-04-23 1414 2611 0 0
2025-04-24 1417 2611 0 0
2025-04-25 1420 2611 0 0
2025-04-26 1417 2611 0 0
2025-04-27 1417 2611 0 0
2025-04-28 1420 2611 0 0
2025-04-29 1419 2611 0 0
2025-04-30 1416 2611 0 0
2025-05-01 1417 2611 0 0
2025-05-02 1425 2611 0 0
