2020-01-19 342 6081.143 0 0
2022-02-21 2483 1081.571 -4999.572 -462.251
2022-02-22 2455 1093.759 12.188 1.114
2022-02-23 2457 1083.677 -10.082 -0.93
2022-02-24 2482 1068.214 -15.463 -1.448
2022-02-25 2495 1050.26 -17.954 -1.709
2022-02-26 2500 1062.78 12.52 1.178
2022-02-27 2501 1062.78 0 0
2022-02-28 2299 1236.48 173.7 14.048
2022-03-01 2327 1210.007 -26.473 -2.188
2022-03-02 2314 1213.072 3.065 0.253
2022-03-03 2334 1184.797 -28.275 -2.386
2022-03-04 2390 1128.668 -56.129 -4.973
2022-03-05 2402 1114.125 -14.543 -1.305
2022-03-06 2404 1114.125 0 0
2022-03-07 2353 1129.77 15.645 1.385
2022-03-08 2321 1131.457 1.687 0.149
2022-03-09 2330 1138.327 6.87 0.604
2022-03-10 2369 1110.429 -27.898 -2.512
2022-03-11 2331 1133.268 22.839 2.015
2022-03-12 2334 1127.925 -5.343 -0.474
2022-03-13 2329 1127.925 0 0
2022-03-14 2275 1149.922 21.997 1.913
2022-03-15 2256 1150.257 0.335 0.029
2022-03-16 2217 1210.425 60.168 4.971
2022-03-17 2207 1242.616 32.191 2.591
2022-03-18 2184 1280.802 38.186 2.981
2022-03-19 2190 1273.726 -7.076 -0.556
2022-03-20 2190 1273.726 0 0
2022-03-21 2176 1279.663 5.937 0.464
2022-03-22 2206 1258.431 -21.232 -1.687
2022-03-23 2235 1224.052 -34.379 -2.809
2022-03-24 2225 1234.767 10.715 0.868
2022-03-25 2398 1082.467 -152.3 -14.07
2022-03-26 2400 1080.208 -2.259 -0.209
2022-03-27 2400 1080.208 0 0
2022-03-28 2360 1110.11 29.902 2.694
2022-03-29 2253 1202.168 92.058 7.658
2022-03-30 2301 1182.514 -19.654 -1.662
