2019-11-07 449 4724.398 0 0
2020-01-19 468 4737.207 12.809 0.271
2020-02-07 467 4699.404 -37.803 -0.798
2020-02-15 473 4641.124 -58.28 -1.24
2020-02-16 473 4641.124 0 0
2020-02-17 472 4641.124 0 0
2020-02-18 472 4641.124 0 0
2020-02-19 473 4633.801 -7.323 -0.158
2020-02-20 475 4619.95 -13.851 -0.299
2020-02-21 471 4622.13 2.18 0.047
2020-02-22 467 4642.863 20.733 0.449
2020-02-23 467 4642.863 0 0
2020-02-24 462 4642.863 0 0
2020-02-25 457 4642.197 -0.666 -0.014
2020-02-26 454 4648.56 6.363 0.137
2020-02-27 313 6166.689 1518.129 32.658
2020-02-28 304 6228.069 61.38 0.995
2020-02-29 302 6223.436 -4.633 -0.074
2020-03-01 302 6223.436 0 0
2020-03-02 304 6223.436 0 0
2020-03-03 300 6299.436 76 1.221
2020-03-04 299 6326.646 27.21 0.432
2020-03-05 302 6307.199 -19.447 -0.307
2020-03-06 294 6338.414 31.215 0.495
2020-03-07 292 6406.921 68.507 1.081
2020-03-08 291 6406.921 0 0
2020-03-09 280 6406.921 0 0
2020-03-10 278 6467.321 60.4 0.943
2020-03-11 277 6418.498 -48.823 -0.755
2020-03-12 264 6381.612 -36.886 -0.575
2020-03-13 262 6265.949 -115.663 -1.812
2020-03-14 266 6254.123 -11.826 -0.189
2020-03-15 266 6254.123 0 0
2020-03-16 259 6254.123 0 0
2020-03-17 247 6286.461 32.338 0.517
2020-03-18 254 6189.825 -96.636 -1.537
2020-03-19 252 6107.646 -82.179 -1.328
2020-03-20 262 6035.374 -72.272 -1.183
2020-03-21 257 6034.047 -1.327 -0.022
2020-03-22 257 6034.047 0 0
2020-03-23 258 6034.047 0 0
2020-03-24 253 6062.118 28.071 0.465
2020-03-25 259 6093.709 31.591 0.521
2020-03-26 263 6111.265 17.556 0.288
2020-03-27 274 6228.563 117.298 1.919
2020-03-28 262 6254.779 26.216 0.421
2020-03-29 262 6254.779 0 0
2020-03-30 262 6254.779 0 0
2020-03-31 266 6238.402 -16.377 -0.262
2020-04-01 265 6212.237 -26.165 -0.419
2020-04-02 263 6186.895 -25.342 -0.408
2020-04-03 264 6151.026 -35.869 -0.58
2020-04-04 264 6111.27 -39.756 -0.646
2020-04-05 264 6111.27 0 0
2020-04-06 264 6111.27 0 0
2020-04-07 277 6105.287 -5.983 -0.098
2020-04-08 277 6157.949 52.662 0.863
2020-04-09 284 6154.462 -3.487 -0.057
2020-04-10 283 6194.373 39.911 0.648
2020-04-11 283 6194.373 0 0
2020-04-12 283 6194.373 0 0
2020-04-13 283 6194.373 0 0
2020-04-14 287 6175.495 -18.878 -0.305
2020-04-15 285 6216.84 41.345 0.67
2020-04-16 283 6180.556 -36.284 -0.584
2020-04-17 287 6149.949 -30.607 -0.495
2020-04-18 289 6174.043 24.094 0.392
2020-04-19 289 6174.043 0 0
2020-04-20 290 6174.043 0 0
2020-04-21 283 6170.101 -3.942 -0.064
2020-04-23 288 6136.753 -33.348 -0.54
2020-04-24 289 6139.014 2.261 0.037
2020-04-25 290 6128.777 -10.237 -0.167
2020-04-26 290 6128.777 0 0
2020-04-27 291 6128.777 0 0
2020-04-28 292 6147.039 18.262 0.298
2020-04-29 294 6144.394 -2.645 -0.043
2020-04-30 296 6154.111 9.717 0.158
2020-05-01 292 6211.465 57.354 0.932
2020-05-02 290 6237.043 25.578 0.412
2020-05-03 290 6237.043 0 0
2020-05-04 291 6237.043 0 0
2020-05-05 292 6183.086 -53.957 -0.865
2020-05-06 295 6144.966 -38.12 -0.617
2020-05-07 297 6119.911 -25.055 -0.408
2020-05-08 297 6106.838 -13.073 -0.214
2020-05-09 297 6163.876 57.038 0.934
2020-05-10 297 6163.876 0 0
2020-05-11 297 6163.876 0 0
2020-05-12 302 6137.026 -26.85 -0.436
2020-05-13 296 6162.811 25.785 0.42
2020-05-14 297 6140.329 -22.482 -0.365
2020-05-15 297 6124.317 -16.012 -0.261
2020-05-16 297 6126.177 1.86 0.03
2020-05-17 297 6126.177 0 0
2020-05-18 298 6126.177 0 0
2020-05-19 300 6149.851 23.674 0.386
2020-05-20 296 6199.281 49.43 0.804
2020-05-21 298 6222.588 23.307 0.376
2020-05-23 295 6165.034 -57.554 -0.925
2020-05-24 295 6165.034 0 0
2020-05-25 295 6165.034 0 0
2020-05-26 300 6165.034 0 0
2020-05-27 296 6220.991 55.957 0.908
2020-05-28 299 6209.592 -11.399 -0.183
2020-05-29 300 6259.384 49.792 0.802
2020-05-30 300 6297.228 37.844 0.605
2020-05-31 300 6297.228 0 0
2020-06-01 301 6297.228 0 0
2020-06-02 303 6307.331 10.103 0.16
2020-06-03 310 6335.632 28.301 0.449
2020-06-04 304 6354.763 19.131 0.302
2020-06-05 311 6420.638 65.875 1.037
2020-06-06 313 6407.224 -13.414 -0.209
2020-06-07 313 6407.224 0 0
2020-06-08 316 6407.224 0 0
2020-06-09 315 6401.289 -5.935 -0.093
2020-06-10 312 6429.981 28.692 0.448
2020-06-11 304 6428.574 -1.407 -0.022
2020-06-12 301 6442.039 13.465 0.209
2020-06-13 304 6366.908 -75.131 -1.166
2020-06-14 304 6366.908 0 0
2020-06-15 302 6366.908 0 0
2020-06-16 306 6381.593 14.685 0.231
2020-06-17 308 6361.957 -19.636 -0.308
2020-06-18 307 6361.957 0 0
2020-06-19 311 6347.866 -14.091 -0.221
2020-06-20 311 6327.002 -20.864 -0.329
2020-06-21 311 6327.002 0 0
2020-06-22 309 6327.002 0 0
2020-06-23 313 6364.774 37.772 0.597
2020-06-24 313 6364.774 0 0
2020-06-25 310 6379.89 15.116 0.237
2020-06-26 312 6345.565 -34.325 -0.538
2020-06-27 311 6336.763 -8.802 -0.139
2020-06-28 311 6336.763 0 0
2020-06-29 310 6336.763 0 0
2020-06-30 311 6358.845 22.082 0.348
2020-07-01 310 6354.168 -4.677 -0.074
2020-07-07 322 6354.168 0 0
2020-07-08 323 6391.912 37.744 0.594
2020-07-09 324 6416.737 24.825 0.388
2020-07-10 324 6399.17 -17.567 -0.274
2020-07-11 323 6416.37 17.2 0.269
2020-07-12 323 6416.37 0 0
2020-07-13 326 6416.37 0 0
2020-07-14 322 6441.747 25.377 0.396
2020-07-15 324 6455.437 13.69 0.213
2020-07-16 321 6455.437 0 0
2020-07-17 319 6474.93 19.493 0.302
2020-07-18 319 6474.93 0 0
2020-07-20 328 6466.212 -8.718 -0.135
2020-07-21 330 6466.212 0 0
2020-07-22 327 6511.467 45.255 0.7
2020-07-23 321 6565.451 53.984 0.829
2020-07-24 314 6568.004 2.553 0.039
2020-07-25 308 6584.557 16.553 0.252
2020-07-26 306 6584.557 0 0
2020-07-27 308 6584.557 0 0
2020-07-28 301 6669.146 84.589 1.285
2020-07-29 307 6645.678 -23.468 -0.352
2020-07-30 303 6669.926 24.248 0.365
2020-07-31 306 6669.926 0 0
2020-08-04 307 6669.926 0 0
2020-08-05 312 6657.975 -11.951 -0.179
2020-08-06 304 6727.158 69.183 1.039
2020-08-07 308 6706.842 -20.316 -0.302
2020-08-08 309 6676.956 -29.886 -0.446
2020-08-09 309 6676.956 0 0
2020-08-10 309 6676.956 0 0
2020-08-12 308 6676.956 0 0
2020-08-13 307 6686.736 9.78 0.146
2020-08-14 307 6703.956 17.22 0.258
2020-08-15 307 6700.434 -3.522 -0.053
2020-08-16 307 6700.434 0 0
2020-08-17 309 6700.434 0 0
2020-08-18 309 6722.149 21.715 0.324
2020-08-19 310 6754.221 32.072 0.477
2020-08-20 307 6742.54 -11.681 -0.173
2020-08-21 307 6709.899 -32.641 -0.484
2020-08-22 310 6674.43 -35.469 -0.529
2020-08-23 310 6674.43 0 0
2020-08-24 317 6674.43 0 0
2020-08-25 316 6695.025 20.595 0.309
2020-08-26 319 6701.529 6.504 0.097
2020-08-27 317 6700.185 -1.344 -0.02
2020-08-28 318 6686.037 -14.148 -0.211
2020-08-29 317 6748.036 61.999 0.927
2020-08-30 317 6748.036 0 0
2020-08-31 314 6748.036 0 0
2020-09-01 317 6781.72 33.684 0.499
2020-09-02 316 6786.347 4.627 0.068
2020-09-03 312 6718.265 -68.082 -1.003
2020-09-04 312 6716.314 -1.951 -0.029
2020-09-05 313 6692.235 -24.079 -0.359
2020-09-06 313 6692.235 0 0
2020-09-07 312 6692.235 0 0
2020-09-09 312 6683.587 -8.648 -0.129
2020-09-10 310 6691.882 8.295 0.124
2020-09-11 312 6719.7 27.818 0.416
2020-09-12 314 6696.675 -23.025 -0.343
2020-09-13 314 6696.675 0 0
2020-09-14 319 6696.675 0 0
2020-09-15 318 6721.083 24.408 0.364
2020-09-16 322 6709.31 -11.773 -0.175
2020-09-17 322 6703.302 -6.008 -0.09
2020-09-18 325 6689.709 -13.593 -0.203
2020-09-19 323 6717.849 28.14 0.421
2020-09-21 314 6717.849 0 0
2020-09-22 317 6650.007 -67.842 -1.01
2020-09-23 320 6626.033 -23.974 -0.361
2020-09-24 320 6608.996 -17.037 -0.257
2020-09-25 319 6589.656 -19.34 -0.293
2020-09-26 321 6576.759 -12.897 -0.196
2020-09-27 321 6576.759 0 0
2020-09-28 328 6576.759 0 0
2020-09-29 327 6595.483 18.724 0.285
2020-09-30 325 6641.018 45.535 0.69
2020-10-01 326 6643.138 2.12 0.032
2020-10-03 321 6639.185 -3.953 -0.06
2020-10-04 321 6639.185 0 0
2020-10-05 330 6639.185 0 0
2020-10-06 324 6682.77 43.585 0.656
2020-10-07 324 6682.77 0 0
2020-10-08 330 6662.328 -20.442 -0.306
2020-10-09 331 6655.74 -6.588 -0.099
2020-10-10 330 6693.268 37.528 0.564
2020-10-11 330 6693.268 0 0
2020-10-12 331 6693.268 0 0
2020-10-13 332 6693.976 0.708 0.011
2020-10-14 332 6654.52 -39.456 -0.589
2020-10-16 334 6628.815 -25.705 -0.386
2020-10-17 334 6628.815 0 0
2020-10-18 334 6628.815 0 0
2020-10-19 333 6641.676 12.861 0.194
2020-10-20 329 6677.469 35.793 0.539
2020-10-21 330 6700.29 22.821 0.342
2020-10-22 329 6731.088 30.798 0.46
2020-10-23 328 6704.849 -26.239 -0.39
2020-10-24 327 6706.919 2.07 0.031
2020-10-25 326 6706.919 0 0
2020-10-26 325 6706.919 0 0
2020-10-27 326 6697.172 -9.747 -0.145
2020-10-28 324 6706.904 9.732 0.145
2020-10-29 327 6657.517 -49.387 -0.736
2020-10-30 332 6603.52 -53.997 -0.811
2020-10-31 332 6600.886 -2.634 -0.04
2020-11-01 332 6600.886 0 0
2020-11-02 333 6600.886 0 0
2020-11-03 332 6593.17 -7.716 -0.117
2020-11-04 329 6647.743 54.573 0.828
2020-11-05 334 6634.366 -13.377 -0.201
2020-11-06 331 6699.602 65.236 0.983
2020-11-07 330 6723.026 23.424 0.35
2020-11-08 330 6723.026 0 0
2020-11-09 330 6723.026 0 0
2020-11-10 331 6700.678 -22.348 -0.332
2020-11-12 337 6667.221 -33.457 -0.499
2020-11-13 339 6691.958 24.737 0.371
2020-11-14 334 6698.591 6.633 0.099
2020-11-15 334 6698.591 0 0
2020-11-17 334 6707.962 9.371 0.14
2020-11-18 333 6730.467 22.505 0.335
2020-11-19 336 6729.024 -1.443 -0.021
2020-11-20 337 6706.183 -22.841 -0.339
2020-11-21 337 6719.695 13.512 0.201
2020-11-22 336 6719.695 0 0
2020-11-23 338 6719.695 0 0
2020-11-24 335 6703.567 -16.128 -0.24
2020-11-25 336 6735.893 32.326 0.482
2020-11-26 337 6752.103 16.21 0.241
2020-11-27 339 6752.103 0 0
2020-11-28 339 6776.969 24.866 0.368
2020-11-30 337 6776.969 0 0
2020-12-01 336 6782.529 5.56 0.082
2020-12-02 335 6818.472 35.943 0.53
2020-12-03 333 6842.639 24.167 0.354
2020-12-04 332 6891.675 49.036 0.717
2020-12-05 332 6881.359 -10.316 -0.15
2020-12-06 332 6881.359 0 0
2020-12-07 334 6881.359 0 0
2020-12-08 337 6871.48 -9.879 -0.144
2020-12-09 340 6863.041 -8.439 -0.123
2020-12-10 342 6847.738 -15.303 -0.223
2020-12-11 341 6868.298 20.56 0.3
2020-12-12 341 6855.577 -12.721 -0.185
2020-12-13 341 6855.577 0 0
2020-12-14 343 6855.577 0 0
2020-12-15 346 6868.663 13.086 0.191
2020-12-16 347 6868.663 0 0
2020-12-17 346 6908.11 39.447 0.574
2020-12-18 341 6943.23 35.12 0.508
2020-12-19 341 6934.534 -8.696 -0.125
2020-12-20 341 6934.534 0 0
2020-12-21 341 6934.534 0 0
2020-12-22 343 6916.737 -17.797 -0.257
2020-12-23 348 6893.788 -22.949 -0.332
2020-12-24 344 6911.896 18.108 0.263
2020-12-25 343 6910.156 -1.74 -0.025
2020-12-26 343 6910.156 0 0
2020-12-27 343 6910.156 0 0
2020-12-28 341 6910.156 0 0
2020-12-29 341 6925.067 14.911 0.216
2020-12-31 338 6974.176 49.109 0.709
2021-01-01 339 6937.94 -36.236 -0.52
2021-01-02 339 6937.94 0 0
2021-01-03 339 6937.94 0 0
2021-01-04 347 6937.94 0 0
2021-01-05 345 6957.065 19.125 0.276
2021-01-06 346 6960.685 3.62 0.052
2021-01-07 348 6961.163 0.478 0.007
2021-01-08 353 6950.965 -10.198 -0.146
2021-01-09 353 6952.073 1.108 0.016
2021-01-10 353 6952.073 0 0
2021-01-11 350 6952.073 0 0
2021-01-12 356 6892.339 -59.734 -0.859
2021-01-13 354 6900.101 7.762 0.113
2021-01-14 353 6900.689 0.588 0.009
2021-01-15 354 6889.773 -10.916 -0.158
2021-01-16 355 6863.182 -26.591 -0.386
2021-01-17 355 6863.182 0 0
2021-01-18 356 6863.182 0 0
2021-01-19 359 6863.182 0 0
2021-01-20 360 6882.843 19.661 0.286
2021-01-21 361 6872.215 -10.628 -0.154
2021-01-22 363 6899.066 26.851 0.391
2021-01-23 361 6908.804 9.738 0.141
2021-01-24 361 6908.804 0 0
2021-01-25 362 6908.804 0 0
2021-01-26 362 6885.369 -23.435 -0.339
2021-01-27 356 6907.887 22.518 0.327
2021-01-28 357 6867.853 -40.034 -0.58
2021-01-29 351 6885.623 17.77 0.259
2021-01-30 350 6899.579 13.956 0.203
2021-01-31 350 6899.579 0 0
2021-02-01 356 6899.579 0 0
2021-02-02 364 6862.217 -37.362 -0.542
2021-02-03 367 6832.281 -29.936 -0.436
2021-02-04 369 6824.559 -7.722 -0.113
2021-02-05 369 6807.747 -16.812 -0.246
2021-02-06 368 6835.703 27.956 0.411
2021-02-07 368 6835.703 0 0
2021-02-08 373 6835.703 0 0
2021-02-09 378 6847.313 11.61 0.17
2021-02-10 379 6875.231 27.918 0.408
2021-02-11 379 6893.898 18.667 0.272
2021-02-12 379 6893.964 0.066 0.001
2021-02-13 379 6888.187 -5.777 -0.084
2021-02-14 379 6888.187 0 0
2021-02-15 378 6888.187 0 0
2021-02-16 383 6888.187 0 0
2021-02-17 380 6891.387 3.2 0.046
2021-02-18 383 6842.617 -48.77 -0.708
2021-02-19 379 6868.132 25.515 0.373
2021-02-20 376 6898.793 30.661 0.446
2021-02-21 376 6898.793 0 0
2021-02-22 369 6898.793 0 0
2021-02-23 372 6905.964 7.171 0.104
2021-02-24 367 6918.959 12.995 0.188
2021-02-25 369 6899.067 -19.892 -0.287
2021-02-26 359 6954.678 55.611 0.806
2021-02-27 362 6903.895 -50.783 -0.73
2021-02-28 362 6903.895 0 0
2021-03-01 371 6903.895 0 0
2021-03-02 374 6856.869 -47.026 -0.681
2021-03-03 374 6862.546 5.677 0.083
2021-03-04 373 6870.059 7.513 0.109
2021-03-05 369 6853.12 -16.939 -0.247
2021-03-06 283 8527.862 1674.742 24.438
2021-03-07 275 8707.76 179.898 2.11
2021-03-08 267 8707.76 0 0
2021-03-09 268 8674.687 -33.073 -0.38
2021-03-11 274 8705.551 30.864 0.356
2021-03-12 273 8752.359 46.808 0.538
2021-03-13 274 8732.113 -20.246 -0.231
2021-03-14 274 8732.113 0 0
2021-03-15 271 8732.113 0 0
2021-03-16 271 8716.168 -15.945 -0.183
2021-03-18 273 8710.514 -5.654 -0.065
2021-03-19 273 8710.514 0 0
2021-03-20 268 8712.481 1.967 0.023
2021-03-21 268 8712.481 0 0
2021-03-22 268 8712.481 0 0
2021-03-23 268 8725.479 12.998 0.149
2021-03-24 266 8682.718 -42.761 -0.49
2021-03-25 267 8650.467 -32.251 -0.371
2021-03-26 274 8650.467 0 0
2021-03-27 275 8633.693 -16.774 -0.194
2021-03-28 275 8633.693 0 0
2021-03-29 272 8633.693 0 0
2021-03-30 274 8633.693 0 0
2021-03-31 275 8581.749 -51.944 -0.602
2021-04-01 277 8604.675 22.926 0.267
2021-04-02 277 8610.919 6.244 0.073
2021-04-03 277 8610.919 0 0
2021-04-04 277 8610.919 0 0
2021-04-05 277 8610.919 0 0
2021-04-06 277 8640.194 29.275 0.34
2021-04-07 276 8664.963 24.769 0.287
2021-04-08 279 8664.963 0 0
2021-04-09 282 8693.278 28.315 0.327
2021-04-10 282 8688.52 -4.758 -0.055
2021-04-11 282 8688.52 0 0
2021-04-12 278 8688.52 0 0
2021-04-13 278 8688.52 0 0
2021-04-14 279 8711.286 22.766 0.262
2021-04-15 280 8742.086 30.8 0.354
2021-04-16 277 8744.307 2.221 0.025
2021-04-17 277 8754.241 9.934 0.114
2021-04-18 277 8754.241 0 0
2021-04-19 282 8754.241 0 0
2021-04-20 282 8791.723 37.482 0.428
2021-04-21 281 8808.205 16.482 0.187
2021-04-22 282 8793.646 -14.559 -0.165
2021-04-23 283 8783.617 -10.029 -0.114
2021-04-24 283 8783.617 0 0
2021-04-25 282 8800.993 17.376 0.198
2021-04-26 283 8800.993 0 0
2021-04-27 284 8825.993 25 0.284
2021-04-28 284 8827.401 1.408 0.016
2021-04-29 285 8832.117 4.716 0.053
2021-04-30 284 8849.321 17.204 0.195
2021-05-01 287 8793.423 -55.898 -0.632
2021-05-02 287 8793.423 0 0
2021-05-03 287 8793.423 0 0
2021-05-04 282 8823.46 30.037 0.342
2021-05-05 284 8793.137 -30.323 -0.344
2021-05-06 283 8777.435 -15.702 -0.179
2021-05-07 282 8811.064 33.629 0.383
2021-05-08 283 8871.053 59.989 0.681
2021-05-09 283 8871.053 0 0
2021-05-10 283 8871.053 0 0
2021-05-11 280 8894.371 23.318 0.263
2021-05-12 276 8895.579 1.208 0.014
2021-05-13 278 8836.548 -59.031 -0.664
2021-05-14 280 8831.143 -5.405 -0.061
2021-05-15 281 8872.839 41.696 0.472
2021-05-16 281 8872.839 0 0
2021-05-17 285 8872.839 0 0
2021-05-18 283 8883.073 10.234 0.115
2021-05-19 277 8936.435 53.362 0.601
2021-05-20 278 8930.396 -6.039 -0.068
2021-05-21 279 8930.873 0.477 0.005
2021-05-22 279 8913.421 -17.452 -0.195
2021-05-23 279 8913.421 0 0
2021-05-24 281 8913.421 0 0
2021-05-25 286 8913.421 0 0
2021-05-26 286 8947.265 33.844 0.38
2021-05-27 289 8929.819 -17.446 -0.195
2021-05-28 288 8924.043 -5.776 -0.065
2021-05-29 286 8909.945 -14.098 -0.158
2021-05-30 286 8909.945 0 0
2021-05-31 286 8909.945 0 0
2021-06-01 290 8909.945 0 0
2021-06-02 290 8950.603 40.658 0.456
2021-06-03 291 8925.209 -25.394 -0.284
2021-06-04 294 8876.749 -48.46 -0.543
2021-06-05 292 8897.842 21.093 0.238
2021-06-06 292 8897.842 0 0
2021-06-07 291 8897.842 0 0
2021-06-08 291 8913.362 15.52 0.174
2021-06-09 289 8912.012 -1.35 -0.015
2021-06-10 292 8908.916 -3.096 -0.035
2021-06-11 291 8901.169 -7.747 -0.087
2021-06-12 292 8860.803 -40.366 -0.453
2021-06-13 292 8860.803 0 0
2021-06-14 290 8860.803 0 0
2021-06-16 287 8868.04 7.237 0.082
2021-06-17 284 8863.917 -4.123 -0.046
2021-06-18 288 8738.857 -125.06 -1.411
2021-06-19 288 8738.857 0 0
2021-06-20 288 8671.987 -66.87 -0.765
2021-06-21 289 8671.987 0 0
2021-06-22 287 8715.304 43.317 0.5
2021-06-23 290 8708.408 -6.896 -0.079
2021-06-24 290 8743.803 35.395 0.406
2021-06-25 292 8725.081 -18.722 -0.214
2021-06-26 292 8741.959 16.878 0.193
2021-06-27 292 8741.959 0 0
2021-06-28 295 8741.959 0 0
2021-06-29 297 8724.233 -17.726 -0.203
2021-06-30 296 8706.472 -17.761 -0.204
2021-07-01 297 8675.048 -31.424 -0.361
2021-07-02 296 8678.654 3.606 0.042
2021-07-03 297 8662.789 -15.865 -0.183
2021-07-04 297 8662.789 0 0
2021-07-05 295 8662.789 0 0
2021-07-06 296 8662.789 0 0
2021-07-07 297 8656.115 -6.674 -0.077
2021-07-08 297 8633.801 -22.314 -0.258
2021-07-09 295 8667.629 33.828 0.392
2021-07-10 295 8679.426 11.797 0.136
2021-07-11 295 8679.426 0 0
2021-07-12 299 8679.426 0 0
2021-07-13 296 8685.142 5.716 0.066
2021-07-14 298 8653.718 -31.424 -0.362
2021-07-15 301 8651.381 -2.337 -0.027
2021-07-16 298 8651.397 0.016 0
2021-07-17 298 8639.368 -12.029 -0.139
2021-07-18 298 8639.368 0 0
2021-07-19 297 8639.368 0 0
2021-07-20 294 8627.646 -11.722 -0.136
2021-07-21 299 8594.502 -33.144 -0.384
2021-07-22 300 8616.071 21.569 0.251
2021-07-23 300 8625.935 9.864 0.114
2021-07-24 300 8604.899 -21.036 -0.244
2021-07-25 300 8604.899 0 0
2021-07-26 297 8604.899 0 0
2021-07-27 294 8640.908 36.009 0.418
2021-07-28 294 8656.452 15.544 0.18
2021-07-29 298 8638.721 -17.731 -0.205
2021-07-30 293 8701.096 62.375 0.722
2021-07-31 298 8678.016 -23.08 -0.265
2021-08-01 298 8678.016 0 0
2021-08-02 302 8678.016 0 0
2021-08-03 297 8692.729 14.713 0.17
2021-08-04 298 8678.785 -13.944 -0.16
2021-08-05 299 8672.586 -6.199 -0.071
2021-08-06 299 8669.372 -3.214 -0.037
2021-08-07 301 8613.419 -55.953 -0.645
2021-08-08 301 8613.419 0 0
2021-08-09 303 8613.419 0 0
2021-08-10 300 8602.014 -11.405 -0.132
2021-08-11 302 8585.48 -16.534 -0.192
2021-08-13 303 8591.691 6.211 0.072
2021-08-14 301 8634.153 42.462 0.494
2021-08-15 301 8634.153 0 0
2021-08-16 297 8634.153 0 0
2021-08-17 296 8634.153 0 0
2021-08-18 303 8576.472 -57.681 -0.668
2021-08-19 296 8574.579 -1.893 -0.022
2021-08-20 296 8548.145 -26.434 -0.308
2021-08-21 300 8543.078 -5.067 -0.059
2021-08-22 300 8543.078 0 0
2021-08-23 303 8543.078 0 0
2021-08-24 303 8589.821 46.743 0.547
2021-08-25 302 8604.195 14.374 0.167
2021-08-26 306 8598.642 -5.553 -0.065
2021-08-27 303 8599.644 1.002 0.012
2021-08-28 301 8622.172 22.528 0.262
2021-08-29 301 8622.172 0 0
2021-08-30 300 8622.172 0 0
2021-08-31 301 8632.446 10.274 0.119
2021-09-01 302 8635.436 2.99 0.035
2021-09-02 302 8669.789 34.353 0.398
2021-09-03 302 8682.284 12.495 0.144
2021-09-04 301 8693.534 11.25 0.13
2021-09-05 301 8693.534 0 0
2021-09-06 303 8693.534 0 0
2021-09-07 302 8693.534 0 0
2021-09-08 299 8664.428 -29.106 -0.335
2021-09-09 298 8639.262 -25.166 -0.29
2021-09-10 300 8650.701 11.439 0.132
2021-09-11 298 8662.648 11.947 0.138
2021-09-12 299 8662.648 0 0
2021-09-13 299 8662.648 0 0
2021-09-14 301 8646.14 -16.508 -0.191
2021-09-15 297 8653.657 7.517 0.087
2021-09-16 298 8650.579 -3.078 -0.036
2021-09-17 298 8610.53 -40.049 -0.463
2021-09-18 299 8591.636 -18.894 -0.219
2021-09-19 298 8591.636 0 0
2021-09-20 296 8591.636 0 0
2021-09-21 294 8578.432 -13.204 -0.154
2021-09-22 295 8578.432 0 0
2021-09-23 301 8582.13 3.698 0.043
2021-09-24 303 8599.678 17.548 0.204
2021-09-25 303 8571.725 -27.953 -0.325
2021-09-26 303 8571.725 0 0
2021-09-27 302 8571.725 0 0
2021-09-28 302 8565.345 -6.38 -0.074
2021-09-29 296 8535.513 -29.832 -0.348
2021-09-30 299 8489.956 -45.557 -0.534
2021-10-01 300 8477.378 -12.578 -0.148
2021-10-02 301 8485.04 7.662 0.09
2021-10-03 301 8485.04 0 0
2021-10-04 299 8485.04 0 0
2021-10-05 304 8507.095 22.055 0.26
2021-10-06 300 8488.616 -18.479 -0.217
2021-10-07 302 8449.438 -39.178 -0.462
2021-10-08 303 8464.546 15.108 0.179
2021-10-09 301 8474.077 9.531 0.113
2021-10-10 301 8474.077 0 0
2021-10-11 304 8474.077 0 0
2021-10-12 303 8473.221 -0.856 -0.01
2021-10-13 308 8455.524 -17.697 -0.209
2021-10-14 307 8474.281 18.757 0.222
2021-10-15 307 8487.915 13.634 0.161
2021-10-16 307 8504.835 16.92 0.199
2021-10-17 307 8504.835 0 0
2021-10-18 308 8504.835 0 0
2021-10-19 309 8498.436 -6.399 -0.075
2021-10-20 311 8532.299 33.863 0.398
2021-10-21 307 8535.143 2.844 0.033
2021-10-22 306 8534.826 -0.317 -0.004
2021-10-23 309 8531.672 -3.154 -0.037
2021-10-25 308 8531.672 0 0
2021-10-26 310 8511.492 -20.18 -0.237
2021-10-27 310 8500.374 -11.118 -0.131
2021-10-28 307 8495.831 -4.543 -0.053
2021-10-29 309 8554.899 59.068 0.695
2021-10-30 310 8480.163 -74.736 -0.874
2021-10-31 310 8480.163 0 0
2021-11-01 315 8480.163 0 0
2021-11-02 312 8489.71 9.547 0.113
2021-11-03 314 8477.488 -12.222 -0.144
2021-11-04 314 8477.488 0 0
2021-11-05 314 8448.997 -28.491 -0.336
2021-11-06 314 8454.184 5.187 0.061
2021-11-07 314 8454.184 0 0
2021-11-08 314 8454.184 0 0
2021-11-09 311 8481.137 26.953 0.319
2021-11-10 312 8481.137 0 0
2021-11-11 314 8429.797 -51.34 -0.605
2021-11-12 315 8393.235 -36.562 -0.434
2021-11-13 315 8376.338 -16.897 -0.201
2021-11-14 315 8376.338 0 0
2021-11-15 317 8376.338 0 0
2021-11-16 318 8363.514 -12.824 -0.153
2021-11-17 325 8318.051 -45.463 -0.544
2021-11-18 319 8294.183 -23.868 -0.287
2021-11-19 320 8320.606 26.423 0.319
2021-11-20 320 8299.442 -21.164 -0.254
2021-11-21 320 8299.442 0 0
2021-11-22 316 8299.442 0 0
2021-11-23 320 8248.577 -50.865 -0.613
2021-11-24 320 8257.77 9.193 0.111
2021-11-25 322 8211.449 -46.321 -0.561
2021-11-26 317 8211.449 0 0
2021-11-27 313 8288.616 77.167 0.94
2021-11-28 313 8288.616 0 0
2021-11-29 313 8288.616 0 0
2021-11-30 315 8254.735 -33.881 -0.409
2021-12-01 316 8241.679 -13.056 -0.158
2021-12-02 310 8299.392 57.713 0.7
2021-12-03 309 8287.877 -11.515 -0.139
2021-12-04 311 8257.138 -30.739 -0.371
2021-12-05 311 8257.138 0 0
2021-12-06 306 8257.138 0 0
2021-12-07 313 8252.062 -5.076 -0.061
2021-12-08 319 8237.491 -14.571 -0.177
2021-12-09 315 8291.564 54.073 0.656
2021-12-10 318 8260.449 -31.115 -0.375
2021-12-11 316 8274.283 13.834 0.167
2021-12-12 316 8274.283 0 0
2021-12-13 315 8274.283 0 0
2021-12-14 317 8255.226 -19.057 -0.23
2021-12-15 313 8254.187 -1.039 -0.013
2021-12-16 315 8238.595 -15.592 -0.189
2021-12-17 313 8283.114 44.519 0.54
2021-12-18 314 8257.09 -26.024 -0.314
2021-12-19 315 8257.09 0 0
2021-12-20 311 8257.09 0 0
2021-12-21 312 8263.552 6.462 0.078
2021-12-22 314 8247.085 -16.467 -0.199
2021-12-23 310 8295.105 48.02 0.582
2021-12-24 310 8295.105 0 0
2021-12-25 310 8290.232 -4.873 -0.059
2021-12-26 310 8290.232 0 0
2021-12-27 311 8290.232 0 0
2021-12-28 311 8297.42 7.188 0.087
2021-12-29 312 8283.94 -13.48 -0.162
2021-12-30 311 8322.217 38.277 0.462
2021-12-31 312 8310.984 -11.233 -0.135
2022-01-02 310 8339.519 28.535 0.343
2022-01-03 316 8339.519 0 0
2022-01-04 316 8339.519 0 0
2022-01-05 311 8299.997 -39.522 -0.474
2022-01-06 308 8317.605 17.608 0.212
2022-01-07 306 8287.527 -30.078 -0.362
2022-01-08 305 8325.846 38.319 0.462
2022-01-09 305 8325.846 0 0
2022-01-10 307 8325.846 0 0
2022-01-11 311 8305.251 -20.595 -0.247
2022-01-12 311 8319.979 14.728 0.177
2022-01-13 303 8378.81 58.831 0.707
2022-01-14 301 8407.462 28.652 0.342
2022-01-15 302 8385.861 -21.601 -0.257
2022-01-16 302 8385.861 0 0
2022-01-17 302 8385.861 0 0
2022-01-18 305 8385.861 0 0
2022-01-19 303 8318.911 -66.95 -0.798
2022-01-20 301 8323.553 4.642 0.056
2022-01-22 282 8513.179 189.626 2.278
2022-01-23 282 8513.179 0 0
2022-01-24 274 8513.179 0 0
2022-01-25 270 8482.784 -30.395 -0.357
2022-01-26 275 8458.792 -23.992 -0.283
2022-01-27 271 8467.494 8.702 0.103
2022-01-28 272 8367.237 -100.257 -1.184
2022-01-29 271 8379.235 11.998 0.143
2022-01-30 271 8379.235 0 0
2022-01-31 274 8379.235 0 0
2022-02-01 275 8414.379 35.144 0.419
2022-02-02 279 8446.229 31.85 0.379
2022-02-03 274 8482.736 36.507 0.432
2022-02-04 270 8567.757 85.021 1.002
2022-02-05 268 8580.553 12.796 0.149
2022-02-06 268 8580.553 0 0
2022-02-07 270 8580.553 0 0
2022-02-08 272 8582.438 1.885 0.022
2022-02-09 276 8565.288 -17.15 -0.2
2022-02-10 276 8571.831 6.543 0.076
2022-02-11 264 8605.275 33.444 0.39
2022-02-12 265 8559.156 -46.119 -0.536
2022-02-13 267 8559.156 0 0
2022-02-14 265 8559.156 0 0
2022-02-15 272 8485.924 -73.232 -0.856
2022-02-16 269 8520.723 34.799 0.41
2022-02-17 267 8530.298 9.575 0.112
2022-02-18 269 8536.486 6.188 0.073
2022-02-19 269 8516.289 -20.197 -0.237
2022-02-20 269 8516.289 0 0
2022-02-21 268 8516.289 0 0
2022-02-22 262 8516.289 0 0
2022-02-23 262 8510.995 -5.294 -0.062
2022-02-24 260 8501.5 -9.495 -0.112
2022-02-25 274 8339.855 -161.645 -1.901
2022-02-26 272 8438.16 98.305 1.179
2022-02-27 272 8438.16 0 0
2022-02-28 272 8438.16 0 0
2022-03-01 266 8432.215 -5.945 -0.07
2022-03-02 267 8365.882 -66.333 -0.787
2022-03-03 270 8310.963 -54.919 -0.656
2022-03-04 269 8307.529 -3.434 -0.041
2022-03-05 274 8201.06 -106.469 -1.282
2022-03-06 274 8201.06 0 0
2022-03-07 269 8201.06 0 0
2022-03-08 263 8165.142 -35.918 -0.438
2022-03-09 266 8163.168 -1.974 -0.024
2022-03-10 262 8287.088 123.92 1.518
2022-03-11 263 8269.194 -17.894 -0.216
2022-03-12 265 8231.736 -37.458 -0.453
2022-03-13 265 8231.736 0 0
2022-03-14 261 8231.736 0 0
2022-03-15 257 8238.769 7.033 0.085
2022-03-16 266 8234.819 -3.95 -0.048
2022-03-17 273 8249.133 14.314 0.174
2022-03-18 268 8331.19 82.057 0.995
2022-03-19 269 8290.902 -40.288 -0.484
2022-03-20 269 8290.902 0 0
2022-03-21 268 8290.902 0 0
2022-03-22 268 8293.589 2.687 0.032
2022-03-23 269 8275.45 -18.139 -0.219
2022-03-24 269 8260.749 -14.701 -0.178
2022-03-26 273 8248.212 -12.537 -0.152
2022-03-27 273 8248.212 0 0
2022-03-28 276 8248.212 0 0
2022-03-29 281 8233.483 -14.729 -0.179
2022-03-30 277 8331.817 98.334 1.194
2022-04-01 270 8377.401 45.584 0.547
2022-04-02 278 8283.529 -93.872 -1.121
2022-04-03 278 8283.529 0 0
2022-04-05 289 8256.089 -27.44 -0.331
2022-04-06 284 8214.583 -41.506 -0.503
2022-04-07 283 8199.796 -14.787 -0.18
2022-04-08 283 8193.745 -6.051 -0.074
2022-04-09 286 8165.205 -28.54 -0.348
2022-04-10 286 8165.205 0 0
2022-04-11 283 8165.205 0 0
2022-04-12 283 8182.119 16.914 0.207
2022-04-13 283 8165.162 -16.957 -0.207
2022-04-14 284 8146.683 -18.479 -0.226
2022-04-15 287 8094.925 -51.758 -0.635
2022-04-16 287 8094.925 0 0
2022-04-17 287 8094.925 0 0
2022-04-18 289 8094.925 0 0
2022-04-19 286 8107.298 12.373 0.153
2022-04-20 286 8100.951 -6.347 -0.078
2022-04-21 282 8157.749 56.798 0.701
2022-04-22 280 8141.392 -16.357 -0.201
2022-04-23 280 8087.109 -54.283 -0.667
2022-04-24 280 8087.109 0 0
2022-04-25 276 8087.109 0 0
2022-04-26 273 8036.34 -50.769 -0.628
2022-04-27 275 7990.266 -46.074 -0.573
2022-04-28 280 7891.172 -99.094 -1.24
2022-04-29 280 7887.509 -3.663 -0.046
2022-04-30 281 7918.155 30.646 0.389
2022-05-01 281 7918.155 0 0
2022-05-02 279 7918.155 0 0
2022-05-03 279 7897.808 -20.347 -0.257
2022-05-04 280 7897.808 0 0
2022-05-05 280 7913.985 16.177 0.205
2022-05-06 274 7898.39 -15.595 -0.197
2022-05-07 272 7935.328 36.938 0.468
2022-05-08 272 7935.328 0 0
2022-05-09 263 7935.328 0 0
2022-05-10 262 7896.696 -38.632 -0.487
2022-05-11 267 7906.312 9.616 0.122
2022-05-12 262 7910.08 3.768 0.048
2022-05-13 268 7808.812 -101.268 -1.28
2022-05-14 269 7794.762 -14.05 -0.18
2022-05-15 269 7794.762 0 0
2022-05-16 271 7794.762 0 0
2022-05-17 277 7802.249 7.487 0.096
2022-05-18 265 7903.229 100.98 1.294
2022-05-19 263 7884.916 -18.313 -0.232
2022-05-20 265 7940.469 55.553 0.705
2022-05-21 266 7919.908 -20.561 -0.259
2022-05-22 266 7919.908 0 0
2022-05-23 265 7919.908 0 0
2022-05-24 251 8001.713 81.805 1.033
2022-05-25 251 8041.617 39.904 0.499
2022-05-26 261 8009.553 -32.064 -0.399
2022-05-27 267 8037.012 27.459 0.343
2022-05-28 268 8035.053 -1.959 -0.024
2022-05-29 268 8035.053 0 0
2022-05-30 269 8035.053 0 0
2022-05-31 269 8035.053 0 0
2022-06-01 269 8035.001 -0.052 -0.001
2022-06-02 270 8000.321 -34.68 -0.432
2022-06-03 269 8036.884 36.563 0.457
2022-06-04 269 8040.308 3.424 0.043
2022-06-05 269 8040.308 0 0
2022-06-06 269 8040.308 0 0
2022-06-07 268 8040.132 -0.176 -0.002
2022-06-08 268 8030.636 -9.496 -0.118
2022-06-11 262 7898.324 -90.981 -1.139
2022-06-12 262 7898.324 0 0
2022-06-13 257 7898.324 0 0
2022-06-14 262 7812.942 -85.382 -1.081
2022-06-15 264 7800.753 -12.189 -0.156
2022-06-16 260 7804.499 3.746 0.048
2022-06-17 261 7871.422 66.923 0.857
2022-06-18 260 7841.169 -30.253 -0.384
2022-06-19 260 7841.169 0 0
2022-06-20 262 7841.169 0 0
2022-06-21 263 7841.169 0 0
2022-06-22 257 7920.815 79.646 1.016
2022-06-24 262 7894.526 -26.289 -0.332
2022-06-25 266 7904.73 10.204 0.129
2022-06-26 266 7904.73 0 0
2022-06-27 267 7904.73 0 0
2022-06-28 266 7943.456 38.726 0.49
2022-06-29 267 7882.11 -61.346 -0.772
2022-06-30 265 7853.336 -28.774 -0.365
2022-07-01 267 7840.102 -13.234 -0.169
2022-07-02 269 7787.66 -52.442 -0.669
2022-07-03 269 7787.66 0 0
2022-07-04 270 7787.66 0 0
2022-07-05 268 7787.66 0 0
2022-07-06 268 7677.503 -110.157 -1.415
2022-07-07 277 7642.58 -34.923 -0.455
2022-07-08 280 7627.819 -14.761 -0.193
2022-07-09 280 7630.431 2.612 0.034
2022-07-10 280 7630.431 0 0
2022-07-11 278 7630.431 0 0
2022-07-12 278 7563.426 -67.005 -0.878
2022-07-13 279 7538.929 -24.497 -0.324
2022-07-14 273 7582.38 43.451 0.576
2022-07-15 278 7496.509 -85.871 -1.133
2022-07-16 277 7556.847 60.338 0.805
2022-07-17 277 7556.847 0 0
2022-07-18 277 7556.847 0 0
2022-07-19 276 7644.127 87.28 1.155
2022-07-20 277 7680.734 36.607 0.479
2022-07-21 284 7655.65 -25.084 -0.327
2022-07-22 285 7639.745 -15.905 -0.208
2022-07-23 283 7669.126 29.381 0.385
2022-07-24 283 7669.126 0 0
2022-07-25 278 7669.126 0 0
2022-07-26 279 7669.126 0 0
2022-07-27 286 7600.07 -69.056 -0.9
2022-07-28 286 7600.07 0 0
2022-07-29 291 7619.163 19.093 0.251
2022-07-30 288 7647.838 28.675 0.376
2022-07-31 288 7647.838 0 0
2022-08-01 289 7647.838 0 0
2022-08-02 286 7706.013 58.175 0.761
2022-08-03 288 7652.25 -53.763 -0.698
2022-08-04 291 7601.737 -50.513 -0.66
2022-08-05 287 7659.9 58.163 0.765
2022-08-06 291 7626.965 -32.935 -0.43
2022-08-07 291 7626.965 0 0
2022-08-08 292 7626.965 0 0
2022-08-09 287 7665.831 38.866 0.51
2022-08-10 290 7668.618 2.787 0.036
2022-08-11 288 7769.248 100.63 1.312
2022-08-12 291 7762.255 -6.993 -0.09
2022-08-13 295 7687.307 -74.948 -0.966
2022-08-14 295 7687.307 0 0
2022-08-15 297 7687.307 0 0
2022-08-16 297 7652.075 -35.232 -0.458
2022-08-17 297 7641.396 -10.679 -0.14
2022-08-18 296 7627.08 -14.316 -0.187
2022-08-19 294 7601.329 -25.751 -0.338
2022-08-20 296 7534.32 -67.009 -0.882
2022-08-21 296 7534.32 0 0
2022-08-22 294 7534.32 0 0
2022-08-23 298 7479.777 -54.543 -0.724
2022-08-24 300 7495.455 15.678 0.21
2022-08-25 301 7499.325 3.87 0.052
2022-08-26 301 7491.301 -8.024 -0.107
2022-08-27 296 7514.993 23.692 0.316
2022-08-28 297 7514.993 0 0
2022-08-29 291 7514.993 0 0
2022-08-30 295 7488.216 -26.777 -0.356
2022-08-31 294 7490.458 2.242 0.03
2022-09-01 283 7538.798 48.34 0.645
2022-09-03 284 7518.024 -20.774 -0.276
2022-09-04 286 7518.024 0 0
2022-09-05 290 7518.024 0 0
2022-09-06 292 7518.024 0 0
2022-09-07 299 7428.522 -89.502 -1.19
2022-09-08 298 7458.206 29.684 0.4
2022-09-09 301 7464.689 6.483 0.087
2022-09-11 299 7529.022 64.333 0.862
2022-09-12 300 7529.022 0 0
2022-09-13 293 7595.732 66.71 0.886
2022-09-14 293 7508.417 -87.315 -1.15
2022-09-15 294 7496.216 -12.201 -0.162
2022-09-16 289 7492.616 -3.6 -0.048
2022-09-17 290 7514.841 22.225 0.297
2022-09-18 290 7514.841 0 0
2022-09-19 288 7514.841 0 0
2022-09-20 291 7501.41 -13.431 -0.179
2022-09-21 287 7489.387 -12.023 -0.16
2022-09-22 288 7403.967 -85.42 -1.141
2022-09-23 286 7357.143 -46.824 -0.632
2022-09-24 284 7267.461 -89.682 -1.219
2022-09-25 284 7267.461 0 0
2022-09-26 281 7267.461 0 0
2022-09-27 286 7223.313 -44.148 -0.607
2022-09-28 287 7202.475 -20.838 -0.288
2022-09-29 285 7202.475 0 0
2022-09-30 278 7315.187 112.712 1.565
2022-10-01 276 7341.212 26.025 0.356
2022-10-02 276 7341.212 0 0
2022-10-03 277 7341.212 0 0
2022-10-04 287 7358.511 17.299 0.236
2022-10-05 285 7460.852 102.341 1.391
2022-10-06 288 7382.796 -78.056 -1.046
2022-10-07 283 7370.324 -12.472 -0.169
2022-10-08 282 7329.165 -41.159 -0.558
2022-10-09 281 7329.165 0 0
2022-10-10 282 7329.165 0 0
2022-10-11 282 7267.134 -62.031 -0.846
2022-10-12 283 7272.982 5.848 0.08
2022-10-13 284 7265.843 -7.139 -0.098
2022-10-14 281 7282.965 17.122 0.236
2022-10-15 282 7311.223 28.258 0.388
2022-10-16 280 7311.223 0 0
2022-10-17 284 7311.223 0 0
2022-10-18 282 7361.377 50.154 0.686
2022-10-19 279 7381.6 20.223 0.275
2022-10-20 278 7336.337 -45.263 -0.613
2022-10-21 280 7377.429 41.092 0.56
2022-10-22 281 7338.058 -39.371 -0.534
2022-10-23 280 7338.058 0 0
2022-10-24 278 7338.058 0 0
2022-10-25 275 7405.868 67.81 0.924
2022-10-26 277 7463 57.132 0.771
2022-10-27 267 7532.773 69.773 0.935
2022-10-28 270 7493.278 -39.495 -0.524
2022-10-29 274 7455.305 -37.973 -0.507
2022-10-30 274 7455.305 0 0
2022-10-31 271 7455.305 0 0
2022-11-01 276 7405.143 -50.162 -0.673
2022-11-02 274 7397.564 -7.579 -0.102
2022-11-03 271 7396.668 -0.896 -0.012
2022-11-04 279 7307.256 -89.412 -1.209
2022-11-05 277 7409.663 102.407 1.401
2022-11-06 277 7409.663 0 0
2022-11-07 277 7409.663 0 0
2022-11-08 274 7492.225 82.562 1.114
2022-11-09 267 7543.327 51.102 0.682
2022-11-10 269 7543.327 0 0
2022-11-11 269 7628.362 85.035 1.127
2022-11-12 269 7735.147 106.785 1.4
2022-11-13 269 7735.147 0 0
2022-11-14 266 7735.147 0 0
2022-11-15 270 7738.125 2.978 0.038
2022-11-16 269 7767.88 29.755 0.385
2022-11-17 263 7795.95 28.07 0.361
2022-11-18 263 7738.572 -57.378 -0.736
2022-11-19 262 7766.195 27.623 0.357
2022-11-20 262 7766.195 0 0
2022-11-21 260 7766.195 0 0
2022-11-22 260 7766.195 0 0
2022-11-23 265 7710.146 -56.049 -0.722
2022-11-24 263 7780.474 70.328 0.912
2022-11-25 262 7780.474 0 0
2022-11-26 262 7780.474 0 0
2022-11-27 261 7804.456 23.982 0.308
2022-11-28 261 7804.456 0 0
2022-11-29 263 7796.031 -8.425 -0.108
2022-11-30 266 7765.706 -30.325 -0.389
2022-12-02 265 7866.33 100.624 1.296
2022-12-04 266 7855.19 -11.14 -0.142
2022-12-05 266 7855.19 0 0
2022-12-06 262 7894.075 38.885 0.495
2022-12-07 261 7875.398 -18.677 -0.237
2022-12-08 262 7875.183 -0.215 -0.003
2022-12-09 261 7905.921 30.738 0.39
2022-12-10 263 7905.034 -0.887 -0.011
2022-12-11 263 7905.034 0 0
2022-12-12 258 7905.034 0 0
2022-12-13 263 7890.212 -14.822 -0.188
2022-12-14 258 7977.231 87.019 1.103
2022-12-15 252 7983.821 6.59 0.083
2022-12-16 250 7979.59 -4.231 -0.053
2022-12-17 252 7954.007 -25.583 -0.321
2022-12-18 252 7954.007 0 0
2022-12-19 249 7954.007 0 0
2022-12-20 248 7954.007 0 0
2022-12-21 249 7969.607 15.6 0.196
2022-12-22 249 7969.607 0 0
2022-12-23 249 7940.842 -28.765 -0.361
2022-12-24 248 7951.602 10.76 0.136
2022-12-25 248 7951.602 0 0
2022-12-26 248 7951.602 0 0
2022-12-27 249 7951.602 0 0
2022-12-28 248 7975.77 24.168 0.304
2022-12-29 249 7954.111 -21.659 -0.272
2022-12-30 248 7989.31 35.199 0.443
2022-12-31 248 7992.619 3.309 0.041
2023-01-02 249 7992.619 0 0
2023-01-03 250 7992.619 0 0
2023-01-04 255 7907.703 -84.916 -1.062
2023-01-05 259 7942.53 34.827 0.44
2023-01-07 264 7941.689 -0.841 -0.011
2023-01-08 264 7941.689 0 0
2023-01-09 264 7941.689 0 0
2023-01-10 257 8045.673 103.984 1.309
2023-01-11 263 8034.701 -10.972 -0.136
2023-01-14 255 8107.38 72.679 0.905
2023-01-16 252 8107.38 0 0
2023-01-17 255 8107.38 0 0
2023-01-20 256 8082.214 -25.166 -0.31
2023-01-21 255 8112.574 30.36 0.376
2023-01-22 255 8112.574 0 0
2023-01-23 259 8112.574 0 0
2023-01-24 257 8137.537 24.963 0.308
2023-01-25 257 8137.537 0 0
2023-01-27 258 8130.912 -6.625 -0.081
2023-01-29 259 8120.487 -10.425 -0.128
2023-01-30 258 8120.487 0 0
2023-01-31 257 8142.012 21.525 0.265
2023-02-01 258 8132.646 -9.366 -0.115
2023-02-02 254 8175.604 42.958 0.528
2023-02-03 259 8190.306 14.702 0.18
2023-02-04 259 8190.306 0 0
2023-02-05 262 8119.037 -71.269 -0.87
2023-02-06 262 8119.037 0 0
2023-02-07 264 8026.864 -92.173 -1.135
2023-02-08 263 8001.156 -25.708 -0.32
2023-02-09 264 8025.953 24.797 0.31
2023-02-10 264 8054.887 28.934 0.361
2023-02-11 264 7985.745 -69.142 -0.858
2023-02-12 264 7985.745 0 0
2023-02-13 266 7985.745 0 0
2023-02-14 272 8015.036 29.291 0.367
2023-02-15 271 8012.73 -2.306 -0.029
2023-02-16 268 7978.566 -34.164 -0.426
2023-02-17 267 7979.524 0.958 0.012
2023-02-18 267 7979.524 0 0
2023-02-19 267 7979.524 0 0
2023-02-20 268 7975.861 -3.663 -0.046
2023-02-21 263 7975.861 0 0
2023-02-22 260 7995.363 19.502 0.245
2023-02-23 264 7953.835 -41.528 -0.519
2023-02-24 260 7930.526 -23.309 -0.293
2023-02-25 264 7888.899 -41.627 -0.525
2023-02-27 265 7888.899 0 0
2023-03-02 366 6655.733 -1233.166 -15.632
2023-03-03 375 6617.867 -37.866 -0.569
2023-03-04 377 6610.329 -7.538 -0.114
2023-03-06 375 6610.329 0 0
2023-03-07 363 6659.173 48.844 0.739
2023-03-08 370 6600.64 -58.533 -0.879
2023-03-09 369 6580.685 -19.955 -0.302
2023-03-10 368 6592.446 11.761 0.179
2023-03-11 362 6666.101 73.655 1.117
2023-03-12 363 6666.101 0 0
2023-03-13 359 6666.101 0 0
2023-03-16 363 6572.094 -94.007 -1.41
2023-03-18 359 6641.026 68.932 1.049
2023-03-19 359 6641.026 0 0
2023-03-20 360 6641.026 0 0
2023-03-21 355 6689.112 48.086 0.724
2023-03-22 354 6689.112 0 0
2023-03-23 353 6715.784 26.672 0.399
2023-03-25 356 6706.524 -9.26 -0.138
2023-03-27 357 6706.524 0 0
2023-03-30 353 6751.59 45.066 0.672
2023-04-01 354 6773.156 21.566 0.319
2023-04-02 354 6773.156 0 0
2023-04-03 354 6773.156 0 0
2023-04-06 367 6802.403 29.247 0.432
2023-04-07 365 6807.672 5.269 0.077
2023-04-08 363 6807.672 0 0
2023-04-09 363 6807.672 0 0
2023-04-10 366 6807.672 0 0
2023-04-11 370 6756.079 -51.593 -0.758
2023-04-12 367 6756.079 0 0
2023-04-13 364 6840.83 84.751 1.254
2023-04-14 363 6883.57 42.74 0.625
2023-04-15 365 6858.939 -24.631 -0.358
2023-04-16 365 6858.939 0 0
2023-04-17 364 6858.939 0 0
2023-04-18 368 6802.307 -56.632 -0.826
2023-04-19 366 6831.417 29.11 0.428
2023-04-20 364 6828.986 -2.431 -0.036
2023-04-21 363 6840.015 11.029 0.162
2023-04-22 363 6837.077 -2.938 -0.043
2023-04-23 363 6837.077 0 0
2023-04-24 364 6837.077 0 0
2023-04-25 361 6870.446 33.369 0.488
2023-04-26 366 6837.31 -33.136 -0.482
2023-04-27 362 6877.777 40.467 0.592
2023-04-28 361 6858.55 -19.227 -0.28
2023-04-29 360 6879.129 20.579 0.3
2023-05-01 357 6879.129 0 0
2023-05-02 364 6842.071 -37.058 -0.539
2023-05-03 360 6839.416 -2.655 -0.039
2023-05-04 354 6887.172 47.756 0.698
2023-05-06 356 6863.217 -23.955 -0.348
2023-05-07 356 6863.217 0 0
2023-05-08 357 6863.217 0 0
2023-05-09 356 6870.12 6.903 0.101
2023-05-10 356 6838.025 -32.095 -0.467
2023-05-11 359 6845.631 7.606 0.111
2023-05-12 362 6809.226 -36.405 -0.532
2023-05-13 365 6776.874 -32.352 -0.475
2023-05-14 365 6776.874 0 0
2023-05-15 368 6776.874 0 0
2023-05-16 370 6778.773 1.899 0.028
2023-05-17 367 6779.709 0.936 0.014
2023-05-19 373 6719.564 -60.145 -0.887
2023-05-20 372 6730.199 10.635 0.158
2023-05-21 372 6730.199 0 0
2023-05-22 372 6730.199 0 0
2023-05-23 368 6737.58 7.381 0.11
2023-05-24 363 6725.247 -12.333 -0.183
2023-05-25 362 6713.187 -12.06 -0.179
2023-05-26 368 6691.326 -21.861 -0.326
2023-05-27 367 6678.268 -13.058 -0.195
2023-05-28 367 6678.268 0 0
2023-05-29 366 6678.268 0 0
2023-05-30 365 6678.268 0 0
2023-05-31 362 6694.45 16.182 0.242
