2020-04-08 1658 1398.852 0 0
2020-04-10 1703 1365.533 -33.319 -2.44
2020-04-11 1703 1365.533 0 0
2020-04-12 1703 1365.533 0 0
2020-04-13 1675 1391.866 26.333 1.892
2020-04-14 1664 1409.063 17.197 1.22
2020-04-15 1666 1402.345 -6.718 -0.479
2020-04-17 1675 1388.104 -14.241 -1.026
2020-04-18 1681 1388.104 0 0
2020-04-19 1681 1388.104 0 0
2020-04-20 1742 1343.769 -44.335 -3.299
2020-04-21 1687 1369.295 25.526 1.864
2020-04-23 1733 1337.857 -31.438 -2.35
2020-04-24 1809 1273.369 -64.488 -5.064
2020-04-25 1806 1273.369 0 0
2020-04-26 1806 1273.369 0 0
2020-04-27 1688 1381.118 107.749 7.802
2020-04-28 1682 1392.941 11.823 0.849
2020-04-29 1616 1484.836 91.895 6.189
2020-04-30 1637 1456.085 -28.751 -1.975
2020-05-01 1769 1340.813 -115.272 -8.597
2020-05-02 1769 1340.813 0 0
2020-05-03 1769 1340.813 0 0
2020-05-04 1769 1332.483 -8.33 -0.625
2020-05-05 1687 1399.658 67.175 4.799
2020-05-06 1704 1388.91 -10.748 -0.774
2020-05-07 1661 1429.215 40.305 2.82
2020-05-08 1630 1472.476 43.261 2.938
2020-05-09 1637 1472.476 0 0
2020-05-10 1637 1472.476 0 0
2020-05-11 1653 1454.473 -18.003 -1.238
2020-05-12 1640 1455.548 1.075 0.074
2020-05-13 1637 1461.459 5.911 0.404
2020-05-14 1649 1444.8 -16.659 -1.153
2020-05-15 1643 1450.98 6.18 0.426
2020-05-16 1645 1450.98 0 0
2020-05-17 1645 1450.98 0 0
2020-05-18 1621 1478.119 27.139 1.836
2020-05-19 1609 1503.108 24.989 1.662
2020-05-20 1657 1467.102 -36.006 -2.454
2020-05-21 1655 1468.714 1.612 0.11
2020-05-22 1689 1432.171 -36.543 -2.552
2020-05-23 1684 1432.171 0 0
2020-05-24 1684 1432.171 0 0
2020-05-25 1686 1432.171 0 0
2020-05-26 1575 1540.188 108.017 7.013
2020-05-27 1623 1504.183 -36.005 -2.394
2020-05-28 1646 1492.36 -11.823 -0.792
2020-05-29 1619 1517.08 24.72 1.629
2020-05-30 1621 1517.08 0 0
2020-05-31 1621 1517.08 0 0
