2020-01-19 49 21635 0 0
2020-02-07 48 21635 0 0
2020-02-15 49 21635 0 0
2020-02-16 49 21635 0 0
2020-02-17 49 21635 0 0
2020-02-18 50 21635 0 0
2020-02-19 50 21635 0 0
2020-02-20 49 21635 0 0
2020-02-21 48 21635 0 0
2020-02-22 47 21635 0 0
2020-02-23 47 21635 0 0
2020-02-24 47 21635 0 0
2020-02-25 47 21635 0 0
2020-02-26 49 21635 0 0
2020-02-27 49 21635 0 0
2020-02-28 48 21635 0 0
2020-02-29 48 21635 0 0
2020-03-01 48 21635 0 0
2020-03-02 48 21635 0 0
2020-03-03 48 21635 0 0
2020-03-04 48 21635 0 0
2020-03-05 48 21635 0 0
2020-03-06 50 21635 0 0
2020-03-07 49 21635 0 0
2020-03-08 49 21635 0 0
2020-03-09 46 21635 0 0
2020-03-10 45 21635 0 0
2020-03-11 46 21635 0 0
2020-03-12 44 21635 0 0
2020-03-13 40 21635 0 0
2020-03-14 41 21635 0 0
2020-03-15 41 21635 0 0
2020-03-16 41 21635 0 0
2020-03-17 37 21635 0 0
2020-03-18 37 21635 0 0
2020-03-19 34 21635 0 0
2020-03-20 37 21635 0 0
2020-03-21 37 21635 0 0
2020-03-22 37 21635 0 0
2020-03-23 34 21635 0 0
2020-03-24 34 21635 0 0
2020-03-25 35 21635 0 0
2020-03-26 39 21635 0 0
2020-03-27 39 21635 0 0
2020-03-28 40 21635 0 0
2020-03-29 40 21635 0 0
2020-03-30 40 21635 0 0
2020-03-31 39 21635 0 0
