2022-02-12 2225 1301.623 0 0
2022-02-13 2228 1301.623 0 0
2022-02-14 2267 1267.487 -34.136 -2.623
2022-02-15 2228 1304.469 36.982 2.918
2022-02-16 2220 1312.888 8.419 0.645
2022-02-17 2193 1330.167 17.279 1.316
2022-02-18 2204 1314.762 -15.405 -1.158
2022-02-19 2196 1322.775 8.013 0.609
2022-02-20 2198 1322.775 0 0
2022-02-21 2210 1311.219 -11.556 -0.874
2022-02-22 2192 1319.488 8.269 0.631
2022-02-23 2218 1293.871 -25.617 -1.941
2022-02-24 2280 1235.54 -58.331 -4.508
2022-02-25 2275 1242.179 6.639 0.537
2022-02-26 2284 1248.201 6.022 0.485
2022-02-27 2290 1248.201 0 0
2022-02-28 2317 1220.443 -27.758 -2.224
2022-03-01 2316 1219.472 -0.971 -0.08
2022-03-02 2353 1179.991 -39.481 -3.238
2022-03-03 2368 1150.002 -29.989 -2.541
2022-03-04 2440 1087.562 -62.44 -5.43
2022-03-05 2435 1083.974 -3.588 -0.33
2022-03-06 2437 1083.974 0 0
2022-03-07 2462 1033.783 -50.191 -4.63
2022-03-08 2434 1033.503 -0.28 -0.027
2022-03-09 2404 1074.458 40.955 3.963
2022-03-10 2375 1100.89 26.432 2.46
2022-03-11 2330 1133.508 32.618 2.963
2022-03-12 2333 1129.198 -4.31 -0.38
2022-03-13 2328 1129.198 0 0
2022-03-14 2274 1150.656 21.458 1.9
2022-03-15 2250 1155.361 4.705 0.409
2022-03-16 2250 1183.786 28.425 2.46
2022-03-17 2270 1192.494 8.708 0.736
2022-03-18 2264 1199.632 7.138 0.599
2022-03-19 2264 1199.632 0 0
2022-03-20 2264 1199.632 0 0
2022-03-21 2263 1194.727 -4.905 -0.409
2022-03-22 2265 1196.973 2.246 0.188
2022-03-23 2268 1192.536 -4.437 -0.371
2022-03-24 2278 1186.665 -5.871 -0.492
2022-03-26 2280 1176.57 -10.095 -0.851
2022-03-27 2280 1176.57 0 0
2022-03-28 2272 1185.157 8.587 0.73
2022-03-29 2267 1196.305 11.148 0.941
2022-03-30 2259 1218.108 21.803 1.823
2022-04-01 2246 1225.35 7.242 0.595
2022-04-02 2238 1234.38 9.03 0.737
2022-04-03 2238 1234.38 0 0
2022-04-05 2365 1251.641 17.261 1.398
2022-04-06 2323 1279.06 27.419 2.191
2022-04-07 2339 1251.452 -27.608 -2.158
2022-04-08 2304 1279.292 27.84 2.225
2022-04-09 2300 1280.008 0.716 0.056
2022-04-10 2301 1280.008 0 0
2022-04-11 2294 1274.229 -5.779 -0.451
2022-04-12 2291 1272.761 -1.468 -0.115
2022-04-13 2303 1269.723 -3.038 -0.239
2022-04-14 2310 1268.952 -0.771 -0.061
2022-04-15 2294 1268.952 0 0
2022-04-16 2294 1268.952 0 0
2022-04-17 2294 1268.952 0 0
2022-04-18 2267 1280.178 11.226 0.885
2022-04-19 2310 1247.943 -32.235 -2.518
2022-04-20 2279 1267.026 19.083 1.529
2022-04-21 2236 1284.633 17.607 1.39
2022-04-22 2259 1259.83 -24.803 -1.931
2022-04-23 2265 1254.406 -5.424 -0.431
2022-04-24 2265 1254.406 0 0
2022-04-25 2230 1262.671 8.265 0.659
2022-04-26 2124 1322.985 60.314 4.777
2022-04-27 2115 1333.755 10.77 0.814
2022-04-28 2131 1323.267 -10.488 -0.786
2022-04-29 2201 1273.896 -49.371 -3.731
2022-04-30 2204 1274.678 0.782 0.061
