2020-01-19 1498 1739.798 0 0
2020-02-07 1490 1711.114 -28.684 -1.676
2020-02-15 1548 1649.92 -61.194 -3.709
2020-02-16 1549 1649.92 0 0
2020-02-17 1596 1602.857 -47.063 -2.936
2020-02-18 1615 1576.592 -26.265 -1.666
2020-02-19 1617 1578.564 1.972 0.125
2020-02-20 1625 1564.992 -13.572 -0.867
2020-02-21 1620 1572.972 7.98 0.507
2020-02-22 1611 1579.971 6.999 0.443
2020-02-23 1611 1579.971 0 0
2020-02-24 1634 1533.171 -46.8 -3.052
2020-02-25 1639 1511.112 -22.059 -1.46
2020-02-26 1634 1506.644 -4.468 -0.297
2020-02-27 1641 1490.801 -15.843 -1.063
2020-02-28 1637 1476.745 -14.056 -0.952
2020-02-29 1627 1476.42 -0.325 -0.022
