2024-03-30 2391 1264.055 0 0
2024-03-31 2392 1264.055 0 0
2024-04-02 2312 1325.786 61.731 4.884
2024-04-03 2351 1297.209 -28.577 -2.155
2024-04-04 2353 1297.173 -0.036 -0.003
2024-04-05 2353 1297.173 0 0
2024-04-06 2351 1297.173 0 0
2024-04-07 2351 1297.173 0 0
2024-04-08 2391 1263.491 -33.682 -2.597
2024-04-09 2354 1300.209 36.718 2.906
2024-04-10 2441 1231.446 -68.763 -5.289
2024-04-11 2429 1236.016 4.57 0.371
2024-04-12 2450 1214.114 -21.902 -1.772
2024-04-13 2447 1214.014 -0.1 -0.008
2024-04-14 2447 1214.014 0 0
2024-04-15 2470 1191.86 -22.154 -1.825
2024-04-16 2535 1129.216 -62.644 -5.256
2024-04-17 2541 1122.874 -6.342 -0.562
2024-04-18 2539 1126.628 3.754 0.334
2024-04-19 2584 1092.386 -34.242 -3.039
2024-04-20 2586 1092.13 -0.256 -0.023
2024-04-21 2586 1092.13 0 0
2024-04-22 2545 1123.131 31.001 2.839
2024-04-23 2576 1104.088 -19.043 -1.696
2024-04-24 2605 1089.013 -15.075 -1.365
2024-04-25 2597 1092.658 3.645 0.335
2024-04-26 2576 1115.028 22.37 2.047
2024-04-27 2574 1115.167 0.139 0.012
2024-04-28 2574 1115.167 0 0
2024-04-29 2499 1181.546 66.379 5.952
2024-04-30 2501 1178.399 -3.147 -0.266
2024-05-01 2500 1179.229 0.83 0.07
2024-05-02 2499 1179.229 0 0
2024-05-03 2506 1179.229 0 0
2024-05-04 2507 1179.229 0 0
2024-05-05 2506 1179.229 0 0
2024-05-06 2519 1172.144 -7.085 -0.601
2024-05-07 2487 1199.316 27.172 2.318
2024-05-08 2529 1155.624 -43.692 -3.643
2024-05-09 2483 1199.51 43.886 3.798
2024-05-10 2529 1163.596 -35.914 -2.994
2024-05-11 2528 1163.79 0.194 0.017
2024-05-12 2528 1163.79 0 0
2024-05-13 2573 1129.169 -34.621 -2.975
2024-05-14 2565 1136.457 7.288 0.645
2024-05-15 2567 1135.084 -1.373 -0.121
2024-05-16 2600 1112.996 -22.088 -1.946
2024-05-17 2652 1090.511 -22.485 -2.02
2024-05-18 2649 1089.726 -0.785 -0.072
2024-05-19 2649 1089.726 0 0
2024-05-20 2650 1087.507 -2.219 -0.204
2024-05-21 2659 1079.683 -7.824 -0.719
2024-05-22 2575 1136.08 56.397 5.223
2024-05-23 2585 1125.516 -10.564 -0.93
2024-05-24 2619 1093.297 -32.219 -2.863
2024-05-25 2619 1093.267 -0.03 -0.003
2024-05-26 2619 1093.267 0 0
2024-05-27 2650 1068.48 -24.787 -2.267
2024-05-28 2646 1069.365 0.885 0.083
2024-05-29 2617 1090.295 20.93 1.957
2024-05-30 2610 1089.994 -0.301 -0.028
2024-05-31 2615 1089.696 -0.298 -0.027
2024-06-01 2617 1089.846 0.15 0.014
2024-06-02 2617 1089.846 0 0
2024-06-03 2622 1083.206 -6.64 -0.609
2024-06-04 2616 1089.53 6.324 0.584
2024-06-05 2625 1081.774 -7.756 -0.712
2024-06-06 2639 1070.899 -10.875 -1.005
2024-06-07 2692 1034.484 -36.415 -3.4
2024-06-09 2692 1035.127 0.643 0.062
2024-06-10 2693 1035.127 0 0
2024-06-11 2663 1049.295 14.168 1.369
2024-06-12 2700 1026.87 -22.425 -2.137
2024-06-13 2689 1034.014 7.144 0.696
2024-06-14 2670 1043.984 9.97 0.964
2024-06-15 2670 1043.466 -0.518 -0.05
2024-06-16 2670 1043.466 0 0
2024-06-17 2710 1013.413 -30.053 -2.88
2024-06-18 2713 1011.603 -1.81 -0.179
2024-06-19 2725 1006.272 -5.331 -0.527
2024-06-20  978.872 -27.4 -2.723
2024-10-09  910.141 -68.731 -7.021
2024-10-25 2595 1140.928 230.787 25.357
2024-10-26 2596 1139.631 -1.297 -0.114
2024-10-27 2594 1139.631 0 0
2024-10-28 2442 1253.549 113.918 9.996
2024-10-29 2510 1201.588 -51.961 -4.145
2024-10-30 2490 1216.397 14.809 1.232
2024-10-31 2388 1294.269 77.872 6.402
2024-11-01 2519 1193.334 -100.935 -7.799
2024-11-02 2518 1191.76 -1.574 -0.132
2024-11-03 2518 1191.76 0 0
2024-11-04 2561 1170.157 -21.603 -1.813
2024-11-05 2565 1174.674 4.517 0.386
2024-11-06 2659 1105.969 -68.705 -5.849
2024-11-07 2666 1100.364 -5.605 -0.507
2024-11-08 2631 1124.129 23.765 2.16
2024-11-09 2630 1123.267 -0.862 -0.077
2024-11-10 2630 1123.267 0 0
2024-11-11 2614 1139.377 16.11 1.434
2024-11-12 2634 1119.04 -20.337 -1.785
2024-11-13 2618 1125.369 6.329 0.566
2024-11-14 2617 1122.971 -2.398 -0.213
2024-11-15 2576 1142.981 20.01 1.782
2024-11-16 2575 1144.578 1.597 0.14
2024-11-17 2575 1144.578 0 0
2024-11-18 2540 1172.959 28.381 2.48
2024-11-19 2455 1230.512 57.553 4.907
2024-11-20 2516 1199.471 -31.041 -2.523
2024-11-21 2487 1211.438 11.967 0.998
2024-11-22 2598 1116.045 -95.393 -7.874
2024-11-23 2598 1115.29 -0.755 -0.068
2024-11-24 2598 1115.29 0 0
2024-11-25 2630 1093.161 -22.129 -1.984
2024-11-26 2589 1126.641 33.48 3.063
2024-11-27 2590 1131.011 4.37 0.388
2024-11-28 2637 1094.921 -36.09 -3.191
2024-11-29 2598 1128.1 33.179 3.03
2024-11-30 2594 1130.502 2.402 0.213
2024-12-01 2594 1130.502 0 0
2024-12-02 2572 1155.772 25.27 2.235
2024-12-03 2563 1157.702 1.93 0.167
2024-12-04 2626 1105.114 -52.588 -4.542
2024-12-05 2653 1089.657 -15.457 -1.399
2024-12-06 2690 1066.936 -22.721 -2.085
2024-12-07 2689 1067.332 0.396 0.037
2024-12-08 2689 1067.332 0 0
2024-12-09 2686 1067.774 0.442 0.041
2024-12-10 2703 1060.813 -6.961 -0.652
2024-12-11 2701 1064.765 3.952 0.373
2024-12-12 2712 1058.234 -6.531 -0.613
2024-12-13 2745 1027.833 -30.401 -2.873
2024-12-14 2748 1025.546 -2.287 -0.223
2024-12-15 2747 1025.546 0 0
2024-12-16  986.779 -38.767 -3.78
