2021-04-09 1748 1844.484 0 0
2021-04-10 1748 1841.7 -2.784 -0.151
2021-04-11 1748 1841.7 0 0
2021-04-12 1803 1765.279 -76.421 -4.149
2021-04-13 1789 1786.639 21.36 1.21
2021-04-14 1757 1827.957 41.318 2.313
2021-04-15 1731 1857.914 29.957 1.639
2021-04-16 1766 1834.341 -23.573 -1.269
2021-04-17 1766 1837.069 2.728 0.149
2021-04-18 1766 1837.069 0 0
2021-04-19 1752 1843.751 6.682 0.364
2021-04-20 1690 1916.784 73.033 3.961
2021-04-21 1679 1935.375 18.591 0.97
2021-04-22 1733 1860.721 -74.654 -3.857
2021-04-23 1704 1917.252 56.531 3.038
2021-04-24 1704 1917.252 0 0
2021-04-25 1704 1915.776 -1.476 -0.077
2021-04-26 1720 1904.749 -11.027 -0.576
2021-04-27 1682 1950.659 45.91 2.41
2021-04-28 1749 1871.971 -78.688 -4.034
2021-04-29 1761 1861.333 -10.638 -0.568
2021-04-30 1737 1886.399 25.066 1.347
2021-05-01 1731 1884.854 -1.545 -0.082
2021-05-02 1730 1884.854 0 0
2021-05-03 1727 1884.854 0 0
2021-05-04 1726 1884.854 0 0
2021-05-05 1722 1884.854 0 0
2021-05-06 1756 1845.887 -38.967 -2.067
2021-05-07 1837 1758.587 -87.3 -4.729
2021-05-08 1846 1762.752 4.165 0.237
2021-05-09 1846 1762.752 0 0
2021-05-10 1878 1713.586 -49.166 -2.789
2021-05-11 1874 1725.45 11.864 0.692
2021-05-12 1849 1741.98 16.53 0.958
2021-05-13 1844 1727.721 -14.259 -0.819
2021-05-14 1782 1803.961 76.24 4.413
2021-05-15 1781 1809.568 5.607 0.311
2021-05-16 1781 1809.568 0 0
2021-05-17 1780 1828.438 18.87 1.043
2021-05-18 1774 1848.655 20.217 1.106
2021-05-19 1786 1831.797 -16.858 -0.912
2021-05-20 1800 1823.575 -8.222 -0.449
2021-05-21 1788 1832.878 9.303 0.51
2021-05-22 1788 1833.419 0.541 0.03
2021-05-23 1788 1833.419 0 0
2021-05-24 1815 1806.806 -26.613 -1.452
2021-05-25 1808 1822.29 15.484 0.857
2021-05-26 1754 1884.819 62.529 3.431
2021-05-27 1762 1887.855 3.036 0.161
2021-05-28 1763 1890.195 2.34 0.124
2021-05-29 1761 1893.194 2.999 0.159
2021-05-30 1761 1893.194 0 0
2021-05-31 1796 1853.58 -39.614 -2.092
