2021-04-09 2623 1088.774 0 0
2021-04-10 2623 1087.131 -1.643 -0.151
2021-04-11 2624 1087.131 0 0
2021-04-12 2680 1022.843 -64.288 -5.914
2021-04-13 2691 1006.468 -16.375 -1.601
2021-04-14  971.604 -34.864 -3.464
2021-05-01 2712 1007.767 36.163 3.722
2021-05-02 2711 1007.767 0 0
2021-05-03 2708 1007.767 0 0
2021-05-04 2708 1007.767 0 0
2021-05-05 2706 1007.767 0 0
2021-05-06 2635 1079.07 71.303 7.075
2021-05-07 2659 1050.372 -28.698 -2.66
2021-05-08 2662 1052.861 2.489 0.237
2021-05-09 2662 1052.861 0 0
2021-05-10 2609 1094.741 41.88 3.978
2021-05-11 2677 1037.86 -56.881 -5.196
2021-05-12 2678 1029.631 -8.229 -0.793
2021-05-13  992.621 -37.01 -3.594
2021-05-18 2642 1069.875 77.254 7.783
2021-05-19 2640 1073.978 4.103 0.384
2021-05-20 2646 1066.766 -7.212 -0.672
2021-05-21 2681 1029.411 -37.355 -3.502
2021-05-22 2682 1029.715 0.304 0.03
2021-05-23 2683 1029.715 0 0
2021-05-24  980.872 -48.843 -4.743
2021-05-25 2684 1024.769 43.897 4.475
2021-05-26 2663 1043.956 19.187 1.872
2021-05-27 2661 1054.265 10.309 0.987
2021-05-28 2628 1081.541 27.276 2.587
2021-05-29 2627 1083.257 1.716 0.159
2021-05-30 2627 1083.257 0 0
2021-05-31 2702 1018.267 -64.99 -5.999
