2022-09-27 953 2980.26 0 0
2022-09-28 946 2980.26 0 0
2022-09-29 945 2980.26 0 0
2022-09-30 939 2980.26 0 0
2022-10-01 940 2980.26 0 0
2022-10-02 938 2980.26 0 0
2022-10-03 945 2980.26 0 0
2022-10-04 952 2980.26 0 0
2022-10-05 957 2980.26 0 0
2022-10-06 951 2980.26 0 0
2022-10-07 942 2980.26 0 0
2022-10-08 941 2980.26 0 0
2022-10-09 941 2980.26 0 0
2022-10-10 941 2980.26 0 0
2022-10-11 933 2980.26 0 0
2022-10-12 941 2980.26 0 0
2022-10-13 942 2980.26 0 0
2022-10-14 941 2980.26 0 0
2022-10-15 943 2980.26 0 0
2022-10-16 942 2980.26 0 0
2022-10-17 942 2980.26 0 0
2022-10-18 947 2980.26 0 0
2022-10-19 942 2980.26 0 0
2022-10-20 937 2980.26 0 0
2022-10-21 938 2980.26 0 0
2022-10-22 937 2980.26 0 0
2022-10-23 935 2980.26 0 0
2022-10-24 921 2980.26 0 0
2022-10-25 931 2980.26 0 0
2022-10-26 940 2980.26 0 0
2022-10-27 942 2980.26 0 0
2022-10-28 947 2980.26 0 0
2022-10-29 946 2980.26 0 0
2022-10-30 946 2980.26 0 0
2022-10-31 942 2980.26 0 0
2022-11-01 942 2980.26 0 0
2022-11-02 936 2980.26 0 0
2022-11-03 937 2980.26 0 0
2022-11-04 942 2980.26 0 0
2022-11-05 945 2980.26 0 0
2022-11-06 945 2980.26 0 0
2022-11-07 947 2980.26 0 0
2022-11-08 952 2980.26 0 0
2022-11-09 944 2980.26 0 0
2022-11-10 943 2980.26 0 0
2022-11-11 958 2980.26 0 0
2022-11-12 970 2980.26 0 0
2022-11-13 970 2980.26 0 0
2022-11-14 977 2980.26 0 0
2022-11-15 981 2980.26 0 0
2022-11-16 976 2980.26 0 0
2022-11-17 968 2980.26 0 0
2022-11-18 965 2980.26 0 0
2022-11-19 968 2980.26 0 0
2022-11-20 968 2980.26 0 0
2022-11-21 964 2980.26 0 0
2022-11-22 963 2980.26 0 0
2022-11-23 960 2980.26 0 0
2022-11-24 966 2980.26 0 0
2022-11-25 964 2980.26 0 0
2022-11-26 964 2980.26 0 0
2022-11-27 965 2980.26 0 0
2022-11-28 966 2980.26 0 0
2022-11-29 965 2980.26 0 0
2022-11-30 975 2980.26 0 0
