2019-11-07 1284 1938.053 0 0
2020-01-19 1311 1997.436 59.383 3.064
2020-02-07 1261 2060.127 62.691 3.139
2020-02-15 1272 2050.814 -9.313 -0.452
2020-02-16 1273 2050.814 0 0
2020-02-17 1279 2050.814 0 0
2020-02-18 1273 2056.492 5.678 0.277
2020-02-19 1271 2059.218 2.726 0.133
2020-02-20 1265 2074.436 15.218 0.739
2020-02-21 1263 2062.625 -11.811 -0.569
2020-02-22 1268 2062.625 0 0
2020-02-23 1267 2062.625 0 0
2020-02-24 1263 2033.551 -29.074 -1.41
2020-02-25 1301 1991.985 -41.566 -2.044
2020-02-26 1322 1954.961 -37.024 -1.859
2020-02-27 1314 1944.74 -10.221 -0.523
2020-02-28 1304 1920.436 -24.304 -1.25
2020-02-29 1299 1925.241 4.805 0.25
2020-03-01 1303 1925.241 0 0
2020-03-02 1324 1916.752 -8.489 -0.441
2020-03-03 1347 1885.865 -30.887 -1.611
2020-03-04 1351 1891.76 5.895 0.313
2020-03-05 1385 1829.043 -62.717 -3.315
2020-03-06 1384 1809.473 -19.57 -1.07
2020-03-07 1384 1809.473 0 0
2020-03-08 1380 1809.473 0 0
2020-03-09 1399 1733.552 -75.921 -4.196
2020-03-10 1384 1760.195 26.643 1.537
2020-03-11 1398 1705.494 -54.701 -3.108
2020-03-12 1402 1631.696 -73.798 -4.327
2020-03-13 1382 1646.786 15.09 0.925
2020-03-14 1386 1646.786 0 0
2020-03-15 1385 1646.786 0 0
2020-03-16 1395 1584.304 -62.482 -3.794
2020-03-17 1393 1575.109 -9.195 -0.58
2020-03-18 1406 1527.953 -47.156 -2.994
2020-03-19 1360 1575.58 47.627 3.117
2020-03-20 1332 1605.524 29.944 1.901
2020-03-21 1339 1605.524 0 0
2020-03-22 1339 1605.524 0 0
2020-03-23 1317 1617.077 11.553 0.72
2020-03-24 1311 1617.077 0 0
2020-03-25 1320 1644.664 27.587 1.706
2020-03-26 1324 1671.071 26.407 1.606
2020-03-27 1322 1697.242 26.171 1.566
2020-03-28 1337 1673.429 -23.813 -1.403
2020-03-29 1337 1673.429 0 0
2020-03-30 1337 1673.429 0 0
2020-03-31 1334 1658.81 -14.619 -0.874
2020-04-01 1356 1640.891 -17.919 -1.08
2020-04-02 1346 1623.679 -17.212 -1.049
2020-04-03 1355 1619.671 -4.008 -0.247
2020-04-04 1350 1615.191 -4.48 -0.277
2020-04-05 1350 1615.191 0 0
2020-04-06 1350 1615.191 0 0
2020-04-07 1359 1660.932 45.741 2.832
2020-04-08 1398 1672.485 11.553 0.696
2020-04-09 1383 1697.714 25.229 1.508
2020-04-10 1391 1697.714 0 0
2020-04-11 1391 1697.714 0 0
2020-04-12 1391 1697.714 0 0
2020-04-13 1397 1685.217 -12.497 -0.736
2020-04-14 1410 1686.868 1.651 0.098
2020-04-15 1412 1682.152 -4.716 -0.28
2020-04-16 1415 1670.363 -11.789 -0.701
2020-04-17 1416 1674.372 4.009 0.24
2020-04-18 1422 1674.372 0 0
2020-04-19 1422 1674.372 0 0
2020-04-20 1428 1662.347 -12.025 -0.718
2020-04-21 1416 1657.396 -4.951 -0.298
2020-04-23 1418 1662.583 5.187 0.313
2020-04-24 1412 1672.25 9.667 0.581
2020-04-25 1405 1672.25 0 0
2020-04-26 1405 1672.25 0 0
2020-04-27 1408 1686.161 13.911 0.832
2020-04-28 1421 1682.388 -3.773 -0.224
2020-04-29 1415 1701.015 18.627 1.107
2020-04-30 1422 1697.714 -3.301 -0.194
