2026-03-10 2744 1399.238 0 0
2026-03-11 2759 1399.276 0.038 0.003
2026-03-12 2750 1399.238 -0.038 -0.003
2026-03-13 2734 1399.428 0.19 0.014
2026-03-14 2725 1399.238 -0.19 -0.014
2026-03-15 2726 1399.238 0 0
2026-03-16 2733 1399.238 0 0
2026-03-17 2725 1399.2 -0.038 -0.003
2026-03-18 2726 1399.2 0 0
2026-03-19 2716 1399.2 0 0
2026-03-20 2700 1399.124 -0.076 -0.005
2026-03-21 2699 1399.2 0.076 0.005
2026-03-22 2699 1399.2 0 0
2026-03-23 2673 1399.2 0 0
2026-03-24 2678 1399.2 0 0
2026-03-25 2697 1399.2 0 0
2026-03-27 2688 1399.2 0 0
2026-03-28 2686 1399.314 0.114 0.008
2026-03-29 2686 1399.314 0 0
2026-03-30 2678 1399.314 0 0
2026-03-31 2669 1399.2 -0.114 -0.008
2026-04-01 2699 1399.162 0 0
2026-04-02 2689 1399.162 0 0
2026-04-03 2694 1399.314 0 0
2026-04-04 2695 1399.2 0 0
2026-04-05 2695 1399.2 0 0
2026-04-06 2696 1399.2 0 0
2026-04-07 2699 1399.2 0 0
