2022-01-19 1583 2042.999 0 0
2022-01-20 1637 1959.111 -83.888 -4.106
2022-01-22 1675 1872.041 -87.07 -4.444
2022-01-23 1675 1872.041 0 0
2022-01-24 1789 1736.671 -135.37 -7.231
2022-01-25 1825 1673.16 -63.511 -3.657
2022-01-26 1832 1668.488 -4.672 -0.279
2022-01-27 1875 1607.514 -60.974 -3.654
2022-01-28 1832 1657.575 50.061 3.114
2022-01-29 1832 1658.443 0.868 0.052
2022-01-30 1832 1658.443 0 0
2022-01-31 1798 1701.827 43.384 2.616
2022-02-01 1756 1766.324 64.497 3.79
2022-02-02 1736 1793.825 27.501 1.557
2022-02-03 1708 1820.565 26.74 1.491
2022-02-04 1722 1806.886 -13.679 -0.751
2022-02-05 1721 1810.605 3.719 0.206
2022-02-06 1721 1810.605 0 0
2022-02-07 1767 1753.97 -56.635 -3.128
2022-02-08 1846 1666.431 -87.539 -4.991
2022-02-09 1805 1723.063 56.632 3.398
2022-02-10 1811 1709.213 -13.85 -0.804
2022-02-11 1838 1676.192 -33.021 -1.932
2022-02-12 1844 1666.686 -9.506 -0.567
2022-02-13 1845 1666.686 0 0
2022-02-14 1899 1594.793 -71.893 -4.314
2022-02-15 1789 1714.92 120.127 7.532
2022-02-16 1796 1717.206 2.286 0.133
2022-02-17 1772 1738.663 21.457 1.25
2022-02-18 1766 1737.041 -1.622 -0.093
2022-02-19 1760 1747.628 10.587 0.609
2022-02-20 1759 1747.628 0 0
2022-02-21 1755 1746.334 -1.294 -0.074
2022-02-22 1788 1689.139 -57.195 -3.275
2022-02-23 1792 1692.965 3.826 0.227
2022-02-24 1875 1593.155 -99.81 -5.896
2022-02-25 1760 1706.778 113.623 7.132
2022-02-26 1771 1715.053 8.275 0.485
2022-02-27 1773 1715.053 0 0
2022-02-28 1802 1679.896 -35.157 -2.05
2022-03-01 1798 1678.559 -1.337 -0.08
2022-03-02 1831 1637.789 -40.77 -2.429
2022-03-03 1857 1589.523 -48.266 -2.947
2022-03-04 1889 1546.857 -42.666 -2.684
2022-03-05 1882 1541.753 -5.104 -0.33
2022-03-06 1886 1541.753 0 0
2022-03-07 1910 1503.957 -37.796 -2.451
2022-03-08 1927 1476.555 -27.402 -1.822
2022-03-09 1916 1485.77 9.215 0.624
2022-03-10 1847 1566.806 81.036 5.454
2022-03-11 1783 1608.249 41.443 2.645
2022-03-12 1782 1602.135 -6.114 -0.38
2022-03-13 1780 1602.135 0 0
2022-03-14 1779 1592.55 -9.585 -0.598
2022-03-15 1711 1640.206 47.656 2.992
2022-03-16 1710 1673.008 32.802 2
2022-03-17 1646 1781.053 108.045 6.458
2022-03-18 1652 1791.714 10.661 0.599
2022-03-19 1652 1791.714 0 0
2022-03-20 1652 1791.714 0 0
2022-03-21 1668 1766.104 -25.61 -1.429
2022-03-22 1688 1745.686 -20.418 -1.156
2022-03-23 1649 1796.218 50.532 2.895
2022-03-24 1683 1757.312 -38.906 -2.166
2022-03-26 1696 1725.318 -31.994 -1.821
2022-03-27 1696 1725.318 0 0
2022-03-28 1703 1718.093 -7.225 -0.419
2022-03-29 1708 1728.24 10.147 0.591
2022-03-30 1694 1763.342 35.102 2.031
2022-04-01 1688 1775.124 11.782 0.668
2022-04-02 1715 1723.524 -51.6 -2.907
2022-04-03 1715 1723.524 0 0
2022-04-05 1766 1778.651 55.127 3.199
2022-04-06 1762 1761.101 -17.55 -0.987
2022-04-07 1784 1704.923 -56.178 -3.19
2022-04-08 1779 1714.041 9.118 0.535
2022-04-09 1782 1715.001 0.96 0.056
2022-04-10 1782 1715.001 0 0
2022-04-11 1788 1696.423 -18.578 -1.083
2022-04-12 1838 1651.635 -44.788 -2.64
2022-04-13 1864 1622.191 -29.444 -1.783
2022-04-14 1868 1621.205 -0.986 -0.061
2022-04-15 1867 1621.205 0 0
2022-04-16 1867 1621.205 0 0
2022-04-17 1870 1621.205 0 0
2022-04-18 1859 1626.784 5.579 0.344
2022-04-19 1830 1651.326 24.542 1.509
2022-04-20 1760 1717.432 66.106 4.003
2022-04-21 1738 1731.589 14.157 0.824
2022-04-22 1709 1751.031 19.442 1.123
2022-04-23 1708 1743.493 -7.538 -0.43
2022-04-24 1708 1743.493 0 0
2022-04-25 1704 1732.505 -10.988 -0.63
2022-04-26 1676 1745.856 13.351 0.771
2022-04-27 1712 1703.878 -41.978 -2.404
2022-04-28 1721 1693.393 -10.485 -0.615
2022-04-29 1760 1655.268 -38.125 -2.251
2022-04-30 1760 1656.283 1.015 0.061
