2023-04-06 2545 1059.444 0 0
2023-04-07 2542 1059.94 0.496 0.047
2023-04-08 2541 1059.94 0 0
2023-04-09 2540 1059.94 0 0
2023-04-10 2584 1029.592 -30.348 -2.948
2023-04-11 2624 1008.382 -21.21 -2.103
2023-04-12 2581 1036.437 28.055 2.707
2023-04-13 2574 1047.068 10.631 1.015
2023-04-14 2533 1080.76 33.692 3.117
2023-04-15 2525 1083.028 2.268 0.209
2023-04-16 2525 1083.028 0 0
2023-04-17 2496 1105.349 22.321 2.019
2023-04-18 2531 1080.67 -24.679 -2.284
2023-04-19 2533 1075.182 -5.488 -0.51
2023-04-20 2526 1074.99 -0.192 -0.018
2023-04-21 2519 1077.715 2.725 0.253
2023-04-22 2518 1077.202 -0.513 -0.048
2023-04-23 2518 1077.202 0 0
2023-04-24 2528 1072.417 -4.785 -0.446
2023-04-25 2522 1072.559 0.142 0.013
2023-04-26 2523 1068.95 -3.609 -0.338
2023-04-27 2553 1046.97 -21.98 -2.099
2023-04-28 2543 1058.895 11.925 1.126
2023-04-29 2539 1061.257 2.362 0.223
2023-04-30 2539 1061.257 0 0
2023-05-01 2537 1061.257 0 0
2023-05-02 2493 1093.823 32.566 2.977
2023-05-03 2458 1116.026 22.203 1.989
2023-05-04 2454 1118.108 2.082 0.186
2023-05-05 2452 1122.213 4.105 0.366
2023-05-06 2451 1122.89 0.677 0.06
2023-05-07 2451 1122.89 0 0
2023-05-08 2415 1145.433 22.543 1.968
2023-05-09 2346 1199.293 53.86 4.491
2023-05-10 2354 1185.052 -14.241 -1.202
2023-05-11 2293 1237.188 52.136 4.214
2023-05-12 2292 1229.229 -7.959 -0.647
2023-05-13 2295 1226.484 -2.745 -0.224
2023-05-14 2295 1226.484 0 0
2023-05-15 2245 1268.834 42.35 3.338
2023-05-16 2260 1246.119 -22.715 -1.823
2023-05-17 2269 1240.767 -5.352 -0.431
2023-05-18 2271 1239.404 -1.363 -0.11
2023-05-19 2299 1219.596 -19.808 -1.624
2023-05-20 2296 1214.828 -4.768 -0.392
2023-05-21 2296 1214.828 0 0
2023-05-22 2305 1207.569 -7.259 -0.601
2023-05-23 2220 1274.395 66.826 5.244
2023-05-24 2213 1276.902 2.507 0.196
2023-05-25 2154 1312.885 35.983 2.741
2023-05-26 2170 1307.977 -4.908 -0.375
2023-05-27 2169 1307.731 -0.246 -0.019
2023-05-28 2169 1307.731 0 0
2023-05-29 2168 1303.455 -4.276 -0.328
2023-05-30 2188 1285.606 -17.849 -1.388
2023-05-31 2210 1267.53 -18.076 -1.426
