2020-01-19 1387 1878.24 0 0
2020-02-07 1250 2080.26 202.02 9.711
2020-02-15 1190 2206.295 126.035 5.713
2020-02-16 1191 2206.295 0 0
2020-02-17 1192 2206.295 0 0
2020-02-18 1155 2267.72 61.425 2.709
2020-02-19 1122 2329.6 61.88 2.656
2020-02-20 1084 2388.75 59.15 2.476
2020-02-21 1102 2359.175 -29.575 -1.254
2020-02-22 1100 2359.175 0 0
2020-02-23 1099 2359.175 0 0
2020-02-24 1188 2193.1 -166.075 -7.573
2020-02-25 1211 2124.85 -68.25 -3.212
2020-02-26 1219 2112.11 -12.74 -0.603
2020-02-27 1232 2050.685 -61.425 -2.995
2020-02-28 1214 2050.23 -0.455 -0.022
2020-02-29 1217 2050.23 0 0
2020-03-01 1218 2050.23 0 0
2020-03-02 1156 2185.82 135.59 6.203
2020-03-03 1133 2227.225 41.405 1.859
2020-03-04 1039 2389.66 162.435 6.797
2020-03-05 1042 2391.48 1.82 0.076
2020-03-06 1091 2290.925 -100.555 -4.389
2020-03-07 1090 2290.925 0 0
2020-03-08 1086 2290.925 0 0
2020-03-09 1175 2088.905 -202.02 -9.671
2020-03-10 1033 2306.395 217.49 9.43
2020-03-11 1098 2184.91 -121.485 -5.56
2020-03-12 1232 1894.165 -290.745 -15.35
2020-03-13 1148 2025.205 131.04 6.47
2020-03-14 1150 2025.205 0 0
2020-03-15 1150 2025.205 0 0
2020-03-16 1205 1869.14 -156.065 -8.35
2020-03-17 1104 2013.83 144.69 7.185
2020-03-18 1153 1909.18 -104.65 -5.481
2020-03-19 1208 1806.35 -102.83 -5.693
2020-03-20 1262 1729 -77.35 -4.474
2020-03-21 1268 1729 0 0
2020-03-22 1268 1729 0 0
2020-03-23 1236 1749.475 20.475 1.17
2020-03-24 1229 1749.475 0 0
2020-03-25 1130 1949.22 199.745 10.247
2020-03-26 1118 2003.82 54.6 2.725
2020-03-27 1091 2081.17 77.35 3.717
2020-03-28 1127 1998.815 -82.355 -4.12
2020-03-29 1127 1998.815 0 0
2020-03-30 1127 1998.815 0 0
2020-03-31 1105 2022.93 24.115 1.192
