2019-11-07 846 2904.064 0 0
2020-01-19 799 3207.515 303.451 10.449
2020-02-07 754 3322.302 114.787 3.579
2020-02-15 783 3221.055 -101.247 -3.047
2020-02-16 783 3221.055 0 0
2020-02-17 803 3165.384 -55.671 -1.728
2020-02-18 811 3134.224 -31.16 -0.984
2020-02-19 807 3151.407 17.183 0.548
2020-02-20 828 3078.303 -73.104 -2.32
2020-02-21 825 3077.399 -0.904 -0.029
2020-02-22 822 3088.006 10.607 0.345
2020-02-23 822 3088.006 0 0
2020-02-24 811 3088.006 0 0
2020-02-25 821 3022.307 -65.699 -2.128
2020-02-26 807 3051.031 28.724 0.95
2020-02-27 836 2942.732 -108.299 -3.55
2020-02-28 863 2828.676 -114.056 -3.876
2020-02-29 849 2884.403 55.727 1.97
2020-03-01 851 2884.403 0 0
2020-03-02 841 2926.686 42.283 1.466
2020-03-03 847 2922.799 -3.887 -0.133
2020-03-04 844 2943.78 20.981 0.718
2020-03-05 794 3085.993 142.213 4.831
2020-03-06 777 3109.688 23.695 0.768
2020-03-07 764 3148.801 39.113 1.258
2020-03-08 765 3148.801 0 0
2020-03-09 757 3113.748 -35.053 -1.113
2020-03-10 720 3207.554 93.806 3.013
2020-03-11 762 3078.596 -128.958 -4.02
2020-03-12 765 2953.66 -124.936 -4.058
2020-03-13 781 2870.616 -83.044 -2.812
2020-03-14 792 2830.97 -39.646 -1.381
2020-03-15 792 2830.97 0 0
2020-03-16 800 2753.226 -77.744 -2.746
2020-03-17 688 3069.871 316.645 11.501
2020-03-18 702 2974.514 -95.357 -3.106
2020-03-19 654 3125.433 150.919 5.074
2020-03-20 668 3080.707 -44.726 -1.431
2020-03-21 678 3045.291 -35.416 -1.15
2020-03-22 678 3045.291 0 0
2020-03-23 763 2728.115 -317.176 -10.415
2020-03-24 759 2727.748 -0.367 -0.013
2020-03-25 791 2713.734 -14.014 -0.514
2020-03-26 804 2697.178 -16.556 -0.61
2020-03-27 766 2893.524 196.346 7.28
2020-03-28 674 3188.048 294.524 10.179
2020-03-29 674 3188.048 0 0
2020-03-30 674 3188.048 0 0
2020-03-31 677 3167.592 -20.456 -0.642
