2020-01-19 1642 1553.485 0 0
2020-02-07 1759 1392.655 -160.83 -11.548
2020-02-15 1804 1358.235 -34.42 -2.534
2020-02-16 1804 1358.235 0 0
2020-02-17 1739 1419.572 61.337 4.321
2020-02-18 1709 1463.078 43.506 2.974
2020-02-19 1694 1488.478 25.4 1.706
2020-02-20 1663 1527.144 38.666 2.532
2020-02-21 1675 1506.83 -20.314 -1.348
2020-02-22 1679 1501.82 -5.01 -0.334
2020-02-23 1679 1501.82 0 0
2020-02-24 1541 1644.69 142.87 8.687
2020-02-25 1490 1694.349 49.659 2.931
2020-02-26 1593 1564.797 -129.552 -8.279
2020-02-27 1580 1553.311 -11.486 -0.739
2020-02-28 1691 1415.126 -138.185 -9.765
2020-02-29 1680 1420.39 5.264 0.371
