2025-12-04 1273 3151.673 0 0
2025-12-05 1280 3152.723 1.05 0.033
2025-12-06 1282 3140.033 -12.69 -0.403
2025-12-07 1283 3140.033 0 0
2025-12-08 1107 3613.277 473.244 15.071
2025-12-09 1113 3605.809 -7.468 -0.207
2025-12-10 1113 3609.917 4.108 0.114
2025-12-11 1107 3621.336 11.419 0.316
2025-12-12 1072 3710.845 89.509 2.472
2025-12-13 1088 3695.608 -15.237 -0.411
2025-12-14 1088 3695.608 0 0
2025-12-15 1087 3694.053 -1.555 -0.042
2025-12-16 1097 3668.761 -25.292 -0.685
2025-12-17 1097 3671.688 2.927 0.08
2025-12-18 1097 3686.541 14.853 0.405
2025-12-19 1102 3696.501 9.96 0.27
2025-12-20 1120 3656.524 -39.977 -1.081
2025-12-21 1120 3656.524 0 0
2025-12-22 1124 3670.38 13.856 0.379
2025-12-23 1101 3703.854 33.474 0.912
2025-12-24 1101 3700.58 -3.274 -0.088
2025-12-25 1120 3676.949 -23.631 -0.639
2025-12-26 1086 3737.634 60.685 1.65
2025-12-27 1090 3724.648 -12.986 -0.347
2025-12-28 1090 3724.648 0 0
2025-12-29 1107 3696.75 -27.898 -0.749
2025-12-30 1090 3711.35 14.6 0.395
2025-12-31 1095 3703.28 -8.07 -0.217
2026-01-01 1105 3694.73 -8.55 -0.231
2026-01-02 1107 3694.73 0 0
2026-01-03 1107 3698.061 3.331 0.09
2026-01-05 1119 3690.32 -7.741 -0.209
2026-01-06 1106 3724.383 34.063 0.923
2026-01-07 1102 3727.479 3.096 0.083
2026-01-08 1110 3703.611 -23.868 -0.64
2026-01-09 1097 3724.693 21.082 0.569
2026-01-10 1104 3703.644 -21.049 -0.565
2026-01-11 1104 3703.644 0 0
2026-01-12 1112 3703.644 0 0
2026-01-13 1101 3718.872 15.228 0.411
2026-01-14 1137 3651.333 -67.539 -1.816
2026-01-15 1114 3700.009 48.676 1.333
2026-01-16 1134 3647.013 -52.996 -1.432
2026-01-17 1132 3656.87 9.857 0.27
2026-01-18 1131 3656.87 0 0
2026-01-19 1143 3623.125 -33.745 -0.923
2026-01-20 1144 3600.117 -23.008 -0.635
2026-01-21 1157 3578.061 -22.056 -0.613
2026-01-22 1145 3623.066 45.005 1.258
2026-01-23 1150 3606.697 -16.369 -0.452
2026-01-24 1150 3612.816 6.119 0.17
2026-01-25 1150 3612.816 0 0
2026-01-26 1176 3539.216 -73.6 -2.037
2026-01-27 1148 3634.096 94.88 2.681
2026-01-28 1161 3595.891 -38.205 -1.051
2026-01-29 1139 3650.14 54.249 1.509
2026-01-30 1108 3705.164 55.024 1.507
2026-01-31 1127 3674.952 -30.212 -0.815
2026-02-01 1125 3674.952 0 0
2026-02-02 1125 3668.665 -6.287 -0.171
2026-02-03 1128 3662.63 -6.035 -0.165
2026-02-04 1123 3698.958 36.328 0.992
2026-02-05 1122 3687.11 -11.848 -0.32
2026-02-06 1111 3700.797 13.687 0.371
2026-02-07 1115 3700.172 -0.625 -0.017
2026-02-08 1115 3700.172 0 0
2026-02-09 1124 3700.172 0 0
2026-02-10 1111 3733.463 33.291 0.9
2026-02-11 1104 3768.76 35.297 0.945
2026-02-12 1071 3879.078 110.318 2.927
2026-02-13 1084 3867.501 -11.577 -0.298
2026-02-14 1087 3857.189 -10.312 -0.267
2026-02-15 1087 3857.189 0 0
2026-02-16 969 4279.916 422.727 10.959
2026-02-17 955 4343.246 63.33 1.48
2026-02-18 951 4359.195 15.949 0.367
2026-02-19 985 4236.741 -122.454 -2.809
2026-02-20 1030 4076.64 -160.101 -3.779
2026-02-21 1035 4080.285 3.645 0.089
2026-02-22 1035 4080.285 0 0
2026-02-23 1040 4080.285 0 0
2026-02-24 1043 4090.672 10.387 0.255
2026-02-25 1062 4014.845 -75.827 -1.854
2026-02-26 1076 4002.764 -12.081 -0.301
2026-02-27 1061 4049.725 46.961 1.173
2026-02-28 1063 4047.757 -1.968 -0.049
2026-03-01 1063 4047.757 0 0
2026-03-02 1088 3974.772 -72.985 -1.803
