2026-02-26 2551 1489.875 0 0
2026-02-27 2550 1495.675 5.8 0.389
2026-02-28 2550 1495.675 0 0
2026-03-01 2549 1495.675 0 0
2026-03-02 2400 1639.512 143.837 9.617
2026-03-03 2520 1500.265 -139.247 -8.493
2026-03-04 2571 1434.239 -66.026 -4.401
2026-03-05 2525 1495.009 60.77 4.237
2026-03-06 2549 1466.433 -28.576 -1.911
2026-03-07 2548 1467.566 1.133 0.077
2026-03-08 2548 1467.566 0 0
2026-03-09 2700 1325.928 -141.638 -9.651
2026-03-10 2688 1440.535 114.607 8.644
2026-03-11 2512 1585.887 145.352 10.09
2026-03-12 2492 1593.366 7.479 0.472
2026-03-13 2445 1620.601 27.235 1.709
2026-03-14 2443 1615.509 -5.092 -0.314
2026-03-15 2443 1615.509 0 0
2026-03-16 2555 1532.331 -83.178 -5.149
2026-03-17 2539 1549.468 17.137 1.118
2026-03-18 2415 1648.009 98.541 6.36
2026-03-19 2372 1690.942 42.933 2.605
2026-03-20 2378 1673.243 -17.699 -1.047
2026-03-21 2377 1670.708 -2.535 -0.152
2026-03-22 2377 1670.708 0 0
2026-03-23 2425 1603.207 -67.501 -4.04
2026-03-24 2497 1553.396 -49.811 -3.107
2026-03-25 2342 1710.032 156.636 10.083
2026-03-27 2348 1699.66 -10.372 -0.607
2026-03-28 2325 1708.961 9.301 0.547
2026-03-29 2325 1708.961 0 0
2026-03-30 2309 1719.389 10.428 0.61
2026-03-31 2497 1544.884 -174.505 -10.149
2026-04-01 2347 1699.404 0 0
2026-04-02 2364 1678.601 0 0
2026-04-03 2423 1622.432 0 0
2026-04-04 2420 1620.226 0 0
2026-04-05 2420 1620.226 0 0
2026-04-06 2420 1620.226 0 0
2026-04-07 2376 1672.197 0 0
2026-04-08 2223 1817.715 0 0
2026-04-09 2114 1942.445 0 0
2026-04-10 2194 1879.617 0 0
2026-04-11 2179 1894.797 0 0
2026-04-12 2180 1895.454 0 0
2026-04-13 2074 2000.245 0 0
2026-04-14 2102 1984.527 0 0
2026-04-15 1960 2135.254 0 0
2026-04-16 1936 2171.539 0 0
2026-04-17 1756 2390.796 0 0
2026-04-18 1752 2404.034 0 0
2026-04-19 1753 2399.923 0 0
2026-04-20 1913 2220.886 0 0
2026-04-21 1938 2189.291 0 0
2026-04-22 1908 2222.095 0 0
2026-04-23 2008 2086.474 0 0
2026-04-24 2028 2051.598 0 0
2026-04-25 2030 2049.224 0 0
2026-04-26 2024 2053.88 0 0
2026-04-27 2061 2016.898 0 0
2026-04-28 1871 2228.225 0 0
2026-04-29 1900 2201.317 0 0
2026-04-30 1843 2267.681 0 0
