2020-01-19 836 3099.28 0 0
2020-02-07 794 3186.648 87.368 2.742
2020-02-15 826 3115.254 -71.394 -2.292
2020-02-16 826 3115.254 0 0
2020-02-17 820 3126.058 10.804 0.346
2020-02-18 823 3112.365 -13.693 -0.44
2020-02-19 826 3100.442 -11.923 -0.385
2020-02-20 853 3011.481 -88.961 -2.954
2020-02-21 881 2934.347 -77.134 -2.629
2020-02-22 887 2913.481 -20.866 -0.716
2020-02-23 887 2913.481 0 0
2020-02-24 903 2848.506 -64.975 -2.281
2020-02-25 900 2803.942 -44.564 -1.589
2020-02-26 899 2792.748 -11.194 -0.401
2020-02-27 920 2699.381 -93.367 -3.459
2020-02-28 938 2626.687 -72.694 -2.768
2020-02-29 953 2580.989 -45.698 -1.771
