2024-04-05  997.143 0 0
2024-04-09  992.499 -4.644 -0.466
2024-05-16 2742 1014.191 21.692 2.186
2024-05-17 2757 1004.834 -9.357 -0.923
2024-05-18 2762 1004.478 -0.356 -0.035
2024-05-19 2762 1004.478 0 0
2024-05-20 2747 1011.788 7.31 0.728
2024-05-21 2744 1012.438 0.65 0.064
2024-05-22 2752 1002.582 -9.856 -0.973
2024-05-25 2735 1009.531 6.949 0.693
2024-05-26 2735 1009.531 0 0
2024-05-27 2737 1010.581 1.05 0.104
2024-05-28  998.774 -11.807 -1.168
2024-05-29  972.385 -26.389 -2.642
2024-06-13  977.226 4.841 0.498
2024-07-12 2675 1039.881 62.655 6.412
2024-07-13 2686 1034.673 -5.208 -0.501
2024-07-14 2686 1034.673 0 0
2024-07-15 2691 1027.5 -7.173 -0.693
2024-07-16 2707 1020.027 -7.473 -0.727
2024-07-17 2704 1017.841 -2.186 -0.214
2024-07-18  977.46 -40.381 -3.967
2024-08-01  998.836 21.376 2.187
2024-08-02  933.688 -65.148 -6.522
2024-08-20 2686 1025.187 91.499 9.8
2024-08-21 2669 1040.439 15.252 1.488
2024-08-22 2640 1056.876 16.437 1.58
2024-08-23 2639 1060.216 3.34 0.316
2024-08-24 2634 1064.896 4.68 0.441
2024-08-25 2634 1064.896 0 0
2024-08-26 2628 1075.041 10.145 0.953
2024-08-27 2632 1066.899 -8.142 -0.757
2024-08-28 2636 1063.52 -3.379 -0.317
2024-08-29 2647 1058.124 -5.396 -0.507
2024-08-30 2661 1053.953 -4.171 -0.394
2024-08-31 2658 1054.622 0.669 0.063
2024-09-01 2660 1054.622 0 0
2024-09-02 2663 1046.979 -7.643 -0.725
2024-09-03 2705 1013.95 -33.029 -3.155
2024-09-04  978.53 -35.42 -3.493
2024-09-13 2643 1059.522 80.992 8.277
2024-09-14 2634 1071.289 11.767 1.111
2024-09-15 2634 1071.289 0 0
2024-09-16 2615 1089.101 17.812 1.663
2024-09-17 2598 1104.591 15.49 1.422
2024-09-18 2616 1087.129 -17.462 -1.581
2024-09-19 2593 1111.162 24.033 2.211
2024-09-20 2587 1121.815 10.653 0.959
2024-09-21 2588 1119.572 -2.243 -0.2
2024-09-22 2589 1119.572 0 0
2024-09-23 2587 1122.86 3.288 0.294
2024-09-24 2657 1072.645 -50.215 -4.472
2024-09-25 2669 1062.35 -10.295 -0.96
2024-09-26 2677 1074.288 11.938 1.124
2024-09-27 2681 1083.216 8.928 0.831
2024-09-28 2677 1086.882 3.666 0.338
2024-09-29 2678 1086.882 0 0
2024-09-30 2703 1084.663 -2.219 -0.204
2024-10-01 2727 1070.703 -13.96 -1.287
2024-10-02 2772 1029.802 -40.901 -3.82
2024-10-03 2770 1024.682 -5.12 -0.497
2024-10-04 2761 1038.994 14.312 1.397
2024-10-05 2765 1034.333 -4.661 -0.449
2024-10-06 2765 1034.333 0 0
2024-10-07 2774 1020.311 -14.022 -1.356
2024-10-08 2777 1014.838 -5.473 -0.536
2024-10-09 2774 1017.3 2.462 0.243
2024-10-10  985.177 -32.123 -3.158
2024-10-12 2782 1006.119 20.942 2.126
2024-10-13 2782 1006.119 0 0
2024-10-14 2772 1008.274 2.155 0.214
2024-10-15  999.664 -8.61 -0.854
2024-10-16 2774 1001.566 1.902 0.19
2025-01-24 2709 1027.51 25.944 2.59
2025-01-25 2705 1038.826 11.316 1.101
2025-01-26 2705 1038.826 0 0
2025-01-27 2719 1029.085 -9.741 -0.938
2025-01-28 2735 1012.565 -16.52 -1.605
2025-01-29 2745 1004.717 -7.848 -0.775
2025-01-30 2724 1024.41 19.693 1.96
2025-01-31 2708 1037.158 12.748 1.244
2025-02-01 2713 1031.663 -5.495 -0.53
2025-02-02 2713 1031.663 0 0
2025-02-03 2723 1025.091 -6.572 -0.637
2025-02-04 2731 1018.925 -6.166 -0.602
2025-02-05 2710 1038.759 19.834 1.947
2025-02-06 2682 1059.494 20.735 1.996
2025-02-07 2713 1040.191 -19.303 -1.822
2025-02-08 2712 1038.868 -1.323 -0.127
2025-02-09 2712 1038.868 0 0
2025-02-10 2705 1047.057 8.189 0.788
2025-02-11 2684 1052.036 4.979 0.476
2025-02-12 2705 1037.666 -14.37 -1.366
2025-02-13 2695 1048.343 10.677 1.029
2025-02-14 2673 1072.036 23.693 2.26
2025-02-15 2665 1080.816 8.78 0.819
2025-02-16 2665 1080.816 0 0
2025-02-17 2678 1075.067 -5.749 -0.532
2025-02-18 2671 1075.589 0.522 0.049
2025-02-19 2704 1048.831 -26.758 -2.488
2025-02-20 2728 1033.809 -15.022 -1.432
2025-02-21 2730 1031.981 -1.828 -0.177
2025-02-22 2729 1031.981 0 0
2025-02-23 2729 1031.981 0 0
2025-02-24 2753 1017.958 -14.023 -1.359
2025-02-25  997.865 -20.093 -1.974
2025-02-26 2750 1013.387 15.522 1.556
2025-02-27  990.494 -22.893 -2.259
