2024-08-23 1210 2791 0 0
2024-08-24 1216 2792.914 1.914 0.069
2024-08-25 1215 2792.914 0 0
2024-08-26 1212 2792.914 0 0
2024-08-27 1201 2810.435 17.521 0.627
2024-08-28 1200 2811.499 1.064 0.038
2024-08-29 1202 2814.235 2.736 0.097
2024-08-30 1197 2832.8 18.565 0.66
2024-08-31 1201 2825.264 -7.536 -0.266
2024-09-01 1202 2825.264 0 0
2024-09-02 1201 2825.264 0 0
2024-09-03 1191 2825.62 0.356 0.013
2024-09-04 1208 2796.154 -29.466 -1.043
2024-09-05 1203 2804.583 8.429 0.301
2024-09-06 1197 2814.83 10.247 0.365
2024-09-07 1197 2819.51 4.68 0.166
2024-09-08 1197 2819.51 0 0
2024-09-09 993 3436.285 616.775 21.875
2024-09-10 1006 3406.812 -29.473 -0.858
2024-09-11 984 3458.437 51.625 1.515
2024-09-12 984 3451.746 -6.691 -0.193
2024-09-13 995 3433.343 -18.403 -0.533
2024-09-14 989 3459.443 26.1 0.76
2024-09-15 989 3459.443 0 0
2024-09-16 990 3459.443 0 0
2024-09-17 988 3476.05 16.607 0.48
2024-09-18 969 3527.509 51.459 1.48
2024-09-19 948 3636.242 108.733 3.082
2024-09-20 934 3666.157 29.915 0.823
2024-09-21 931 3670.517 4.36 0.119
2024-09-22 931 3670.517 0 0
2024-09-23 920 3719.279 48.762 1.328
2024-09-24 854 3994.2 274.921 7.392
2024-09-25 845 4088.45 94.25 2.36
2024-09-26 846 4110.28 21.83 0.534
2024-09-27 862 4046.557 -63.723 -1.55
2024-09-28 861 4066.177 19.62 0.485
2024-09-29 861 4066.177 0 0
2024-09-30 842 4183.657 117.48 2.889
2024-10-01 837 4217.022 33.365 0.798
2024-10-02 835 4205.553 -11.469 -0.272
2024-10-03 836 4212.91 7.357 0.175
2024-10-04 838 4182.245 -30.665 -0.728
2024-10-05 838 4183.732 1.487 0.036
2024-10-06 838 4183.732 0 0
2024-10-07 833 4246.873 63.141 1.509
