2020-01-19 759 3368.566 0 0
2020-02-07 903 2875.916 -492.65 -17.13
2020-02-15 886 2940.092 64.176 2.183
2020-02-16 886 2940.092 0 0
2020-02-17 864 2998.855 58.763 1.96
2020-02-18 853 3012.42 13.565 0.45
2020-02-19 853 3010.816 -1.604 -0.053
2020-02-20 826 3083.234 72.418 2.349
2020-02-21 841 3041.278 -41.956 -1.38
2020-02-22 843 3033.191 -8.087 -0.267
2020-02-23 843 3033.191 0 0
2020-02-24 848 2983.793 -49.398 -1.656
2020-02-25 855 2943.181 -40.612 -1.38
2020-02-26 825 2993.918 50.737 1.695
2020-02-27 835 2954.117 -39.801 -1.347
2020-02-28 865 2824.042 -130.075 -4.606
2020-02-29 867 2832.12 8.078 0.285
2020-03-01 868 2832.12 0 0
2020-03-02 839 2930.125 98.005 3.345
2020-03-03 848 2921.404 -8.721 -0.299
2020-03-04 841 2953.198 31.794 1.077
2020-03-05 809 3037.981 84.783 2.791
2020-03-06 822 2971.139 -66.842 -2.25
2020-03-07 820 2971.983 0.844 0.028
2020-03-08 821 2971.983 0 0
2020-03-09 831 2869.057 -102.926 -3.587
2020-03-10 817 2904.04 34.983 1.205
2020-03-11 819 2863.712 -40.328 -1.408
2020-03-12 813 2810.455 -53.257 -1.895
2020-03-13 811 2758.592 -51.863 -1.88
2020-03-14 821 2757.207 -1.385 -0.05
2020-03-15 821 2757.207 0 0
2020-03-16 830 2664.226 -92.981 -3.49
2020-03-17 818 2659.421 -4.805 -0.181
2020-03-18 824 2588.221 -71.2 -2.751
2020-03-19 827 2550.57 -37.651 -1.476
2020-03-20 831 2564.983 14.413 0.562
2020-03-21 827 2572.605 7.622 0.296
2020-03-22 827 2572.605 0 0
2020-03-23 843 2494.063 -78.542 -3.149
2020-03-24 840 2479.164 -14.899 -0.601
2020-03-25 853 2530.407 51.243 2.025
2020-03-26 840 2585.486 55.079 2.13
2020-03-27 871 2571.027 -14.459 -0.562
2020-03-28 868 2559.64 -11.387 -0.445
2020-03-29 868 2559.64 0 0
2020-03-30 868 2559.64 0 0
2020-03-31 872 2522.139 -37.501 -1.487
