2024-06-18 2589 1108.04 0 0
2024-06-19 2582 1109.122 1.082 0.098
2024-06-20 2564 1116.839 7.717 0.696
2024-06-21 2564 1117.523 0.684 0.061
2024-06-22 2560 1119.061 1.538 0.138
2024-06-23 2560 1119.061 0 0
2024-06-24 2546 1120.169 1.108 0.099
2024-06-25 2547 1123.064 2.895 0.258
2024-06-26 2544 1130.042 6.978 0.621
2024-06-27 2546 1125.028 -5.014 -0.444
2024-06-28 2543 1127.078 2.05 0.182
2024-06-29 2543 1128.041 0.963 0.085
2024-06-30 2544 1128.041 0 0
2024-07-01 2521 1152.09 24.049 2.132
2024-07-02 2501 1161.245 9.155 0.795
2024-07-03 2485 1170.958 9.713 0.836
2024-07-04 2485 1174.282 3.324 0.284
2024-07-05 2500 1164.759 -9.523 -0.811
2024-07-06 2501 1165.283 0.524 0.045
2024-07-07 2501 1165.283 0 0
2024-07-08 2474 1179.642 14.359 1.232
2024-07-09 2507 1160.535 -19.107 -1.62
2024-07-10 2517 1146.929 -13.606 -1.172
2024-07-11 2539 1139.308 -7.621 -0.664
2024-07-12 2549 1133.83 -5.478 -0.481
2024-07-13 2550 1134.278 0.448 0.04
2024-07-14 2549 1134.278 0 0
2024-07-15 2542 1137.556 3.278 0.289
2024-07-16 2545 1132.646 -4.91 -0.432
2024-07-17 2543 1132.849 0.203 0.018
2024-07-18 2547 1130.946 -1.903 -0.168
2024-07-19 2571 1109.258 -21.688 -1.918
2024-07-20 2569 1109.208 -0.05 -0.005
2024-07-21 2569 1109.208 0 0
2024-07-22 2576 1106.466 -2.742 -0.247
2024-07-23 2549 1119.295 12.829 1.159
2024-07-24 2530 1126.895 7.6 0.679
2024-07-25 2525 1131.477 4.582 0.407
2024-07-26 2536 1129.094 -2.383 -0.211
2024-07-27 2537 1128.825 -0.269 -0.024
2024-07-28 2537 1128.825 0 0
2024-07-29 2503 1156.886 28.061 2.486
2024-07-30 2504 1151.765 -5.121 -0.443
2024-07-31 2515 1158.044 6.279 0.545
2024-08-01 2501 1160.607 2.563 0.221
2024-08-02 2491 1167.324 6.717 0.579
2024-08-03 2494 1167.011 -0.313 -0.027
2024-08-04 2494 1167.011 0 0
2024-08-05 2504 1132.464 -34.547 -2.96
2024-08-06 2536 1122.927 -9.537 -0.842
2024-08-07 2509 1140.011 17.084 1.521
2024-08-08 2524 1133.621 -6.39 -0.561
2024-08-09 2526 1129.288 -4.333 -0.382
2024-08-10 2534 1129.406 0.118 0.01
2024-08-11 2534 1129.406 0 0
2024-08-12 2537 1128.481 -0.925 -0.082
2024-08-13 2568 1105.846 -22.635 -2.006
2024-08-14 2579 1098.4 -7.446 -0.673
2024-08-15 2587 1098.693 0.293 0.027
2024-08-16 2575 1109.535 10.842 0.987
2024-08-17 2576 1109.519 -0.016 -0.001
2024-08-18 2576 1109.519 0 0
2024-08-19 2578 1106.61 -2.909 -0.262
2024-08-20 2581 1110.977 4.367 0.395
2024-08-21 2576 1115.804 4.827 0.434
2024-08-22 2563 1125.036 9.232 0.827
2024-08-23 2584 1107.035 -18.001 -1.6
2024-08-24 2585 1107.662 0.627 0.057
2024-08-25 2586 1107.662 0 0
2024-08-26 2590 1101.885 -5.777 -0.522
2024-08-27 2610 1092.677 -9.208 -0.836
2024-08-28 2608 1089.411 -3.266 -0.299
2024-08-29 2609 1087.677 -1.734 -0.159
2024-08-30 2604 1092.859 5.182 0.476
2024-08-31 2603 1092.859 0 0
2024-09-01 2605 1092.859 0 0
2024-09-02 2604 1090.3 -2.559 -0.234
2024-09-03 2613 1084.698 -5.602 -0.514
2024-09-04 2601 1089.916 5.218 0.481
2024-09-05 2614 1088.328 -1.588 -0.146
2024-09-06 2624 1074.83 -13.498 -1.24
2024-09-07 2626 1075.31 0.48 0.045
2024-09-08 2626 1075.31 0 0
2024-09-09 2626 1068.434 -6.876 -0.639
2024-09-10 2568 1123.264 54.83 5.132
2024-09-11 2585 1105.108 -18.156 -1.616
2024-09-12 2585 1111.636 6.528 0.591
2024-09-13 2583 1113.568 1.932 0.174
2024-09-14 2584 1114.595 1.027 0.092
2024-09-15 2584 1114.595 0 0
2024-09-16 2585 1117.594 2.999 0.269
2024-09-17 2592 1114.596 -2.998 -0.268
2024-09-18 2588 1115.133 0.537 0.048
2024-09-19 2606 1101.616 -13.517 -1.212
2024-09-20 2586 1124.793 23.177 2.104
2024-09-21 2586 1126.365 1.572 0.14
2024-09-22 2586 1126.365 0 0
2024-09-23 2593 1116.093 -10.272 -0.912
2024-09-24 2602 1117.406 1.313 0.118
2024-09-25 2607 1110.23 -7.176 -0.642
2024-09-26 2628 1108.167 -2.063 -0.186
2024-09-27 2678 1086.229 -21.938 -1.98
2024-09-28 2678 1085.563 -0.666 -0.061
2024-09-29 2679 1085.563 0 0
2024-09-30 2697 1094.095 8.532 0.786
2024-10-01 2701 1091.875 -2.22 -0.203
2024-10-02 2697 1091.647 -0.228 -0.021
2024-10-03 2696 1088.027 -3.62 -0.332
2024-10-04 2703 1080.177 -7.85 -0.721
2024-10-05 2698 1080.147 -0.03 -0.003
2024-10-06 2698 1080.147 0 0
2024-10-07 2732 1052.607 -27.54 -2.55
2024-10-08 2727 1059.025 6.418 0.61
2024-10-09 2741 1046.046 -12.979 -1.226
2024-10-10 2736 1048.721 2.675 0.256
2024-10-11 2737 1038.842 -9.879 -0.942
2024-10-12 2738 1037.683 -1.159 -0.112
2024-10-13 2738 1037.683 0 0
2024-10-14 2738 1039.223 1.54 0.148
2024-10-15 2731 1039.978 0.755 0.073
2024-10-16 2735 1029.501 -10.477 -1.007
2024-10-17 2741 1021.81 -7.691 -0.747
2024-10-18 2733 1032.562 10.752 1.052
2024-10-19 2742 1032.547 -0.015 -0.001
2024-10-20 2742 1032.547 0 0
2024-10-21 2750 1024.449 -8.098 -0.784
2024-10-22  980.292 -44.157 -4.31
2024-10-25  987.422 7.13 0.727
2024-10-29 2773 1007.123 19.701 1.995
2024-10-30  997.178 -9.945 -0.987
2024-11-05 2726 1047.009 49.831 4.997
2024-11-06 2718 1056.985 9.976 0.953
2024-11-07 2745 1042.881 -14.104 -1.334
2024-11-08 2744 1037.177 -5.704 -0.547
2024-11-09 2745 1037.162 -0.015 -0.001
2024-11-10 2745 1037.162 0 0
2024-11-11 2762 1027.822 -9.34 -0.901
2024-11-12 2780 1001.011 -26.811 -2.609
2024-11-13  984.541 -16.47 -1.645
2024-11-27 2747 1009.343 24.802 2.519
2024-11-28 2763 1000.62 -8.723 -0.864
2024-11-29 2759 1005.177 4.557 0.455
2024-11-30 2765 1004.642 -0.535 -0.053
2024-12-01 2765 1004.642 0 0
2024-12-02 2766 1001.62 -3.022 -0.301
2024-12-04 2751 1011.474 9.854 0.984
2024-12-05 2746 1019.029 7.555 0.747
2024-12-06 2762 1007.219 -11.81 -1.159
2024-12-07 2765 1007.643 0.424 0.042
2024-12-08 2765 1007.643 0 0
2024-12-09 2764 1006.114 -1.529 -0.152
2024-12-10 2756 1015.116 9.002 0.895
2024-12-11 2773 1002.161 -12.955 -1.276
2024-12-12  989.087 -13.074 -1.305
2026-01-03 3131 1013.897 24.81 2.508
2026-01-05 3145 1002.37 -11.527 -1.137
2026-01-06 3159 1000.908 -1.462 -0.146
2026-01-07  998.956 -1.952 -0.195
2026-01-08  969.895 -29.061 -2.909
2026-02-13 3046 1102.332 132.437 13.655
2026-02-14 3030 1114.722 12.39 1.124
2026-02-15 3029 1114.722 0 0
2026-02-16 3046 1100.883 -13.839 -1.241
2026-02-17 3067 1086.719 -14.164 -1.287
2026-02-18 3064 1089.268 2.549 0.235
2026-02-19 3045 1104.523 15.255 1.4
2026-02-20 2971 1155.773 51.25 4.64
2026-02-21 2980 1151.803 -3.97 -0.343
2026-02-22 2980 1151.803 0 0
2026-02-23 3005 1133.871 -17.932 -1.557
2026-02-24 3015 1128.366 -5.505 -0.486
2026-02-25 3004 1140.913 12.547 1.112
2026-02-26 2997 1147.569 6.656 0.583
2026-02-27 3008 1141.529 -6.04 -0.526
2026-02-28 3013 1140.753 -0.776 -0.068
2026-03-01 3006 1140.753 0 0
2026-03-02 3033 1104.354 -36.399 -3.191
2026-03-03 3025 1098.286 -6.068 -0.549
2026-03-04 3057 1060.671 -37.615 -3.425
2026-03-05 3043 1074.295 13.624 1.284
2026-03-06 3060 1064.781 -9.514 -0.886
2026-03-07 3060 1062.997 -1.784 -0.168
2026-03-08 3058 1062.997 0 0
2026-03-09 3087 1035.816 -27.181 -2.557
2026-03-10 3219 1104.507 68.691 6.632
2026-03-11 3241 1088.593 -15.914 -1.441
2026-03-12 3243 1083.871 -4.722 -0.434
2026-03-13 3314 1031.339 -52.532 -4.847
2026-03-14 3317 1028.341 -2.998 -0.291
2026-03-15 3317 1028.341 0 0
2026-03-16 3261 1066.36 38.019 3.697
2026-03-17 3240 1083.05 16.69 1.565
2026-03-18 3232 1087.614 4.564 0.421
2026-03-19 3283 1047.164 -40.45 -3.719
2026-03-20 3238 1064.379 17.215 1.644
2026-03-21 3258 1052.071 -12.308 -1.156
2026-03-22 3257 1052.071 0 0
2026-03-23 3300 1008.921 -43.15 -4.101
2026-03-24 3319 1000.461 -8.46 -0.839
2026-03-25 3316 1010.384 9.923 0.992
2026-03-27  980.072 -30.312 -3
2026-04-07 3314 1013.518 33.446 3.413
2026-04-08 3252 1071.13 57.612 5.684
2026-04-09 3273 1065.814 -5.316 -0.496
2026-04-10 3245 1085.095 19.281 1.809
2026-04-11 3251 1084.334 -0.761 -0.07
2026-04-12 3251 1084.334 0 0
2026-04-13 3246 1088.723 4.389 0.405
2026-04-14 3270 1081.058 -7.665 -0.704
2026-04-15 3276 1085.258 4.2 0.389
2026-04-16 3268 1093.118 7.86 0.724
2026-04-17 3232 1114.075 20.957 1.917
2026-04-18 3227 1117.432 3.357 0.301
2026-04-19 3227 1117.432 0 0
2026-04-20 3271 1094.934 -22.498 -2.013
2026-04-21 3297 1077.029 -17.905 -1.635
2026-04-22 3247 1105.969 28.94 2.687
2026-04-23 3218 1114.35 8.381 0.758
2026-04-24 3249 1092.259 -22.091 -1.982
2026-04-25 3248 1090.637 -1.622 -0.148
2026-04-26 3248 1090.637 0 0
2026-04-27 3232 1101.354 10.717 0.983
2026-04-28 3277 1073.935 -27.419 -2.49
2026-04-29 3272 1076.91 2.975 0.277
2026-04-30 3212 1106.563 29.653 2.754
2026-05-01 3219 1105.865 -0.698 -0.063
2026-05-02 3224 1105.865 0 0
2026-05-04 3241 1097.249 -8.616 -0.779
2026-05-05 3240 1097.717 0 0
2026-05-06 3247 1095.711 0 0
2026-05-07 3240 1103.843 0 0
2026-05-08 3159 1160.976 0 0
