2019-11-07 1042 2391.07 0 0
2020-01-19 1051 2472.369 81.299 3.4
2020-02-07 1055 2438.657 -33.712 -1.364
2020-02-15 1082 2414.438 -24.219 -0.993
2020-02-16 1082 2414.438 0 0
2020-02-17 1075 2422.863 8.425 0.349
2020-02-18 1069 2422.863 0 0
2020-02-19 1077 2412.419 -10.444 -0.431
2020-02-20 1072 2408.007 -4.412 -0.183
2020-02-21 1065 2409.505 1.498 0.062
2020-02-22 1064 2416.023 6.518 0.271
2020-02-23 1063 2416.023 0 0
2020-02-24 1058 2416.023 0 0
2020-02-25 1083 2345.805 -70.218 -2.906
2020-02-26 1087 2317.676 -28.129 -1.199
2020-02-27 1076 2313.746 -3.93 -0.17
2020-02-28 1057 2309.178 -4.568 -0.197
2020-02-29 1092 2249.781 -59.397 -2.572
2020-03-01 1093 2249.781 0 0
2020-03-02 1100 2249.781 0 0
2020-03-03 1086 2285.262 35.481 1.577
2020-03-04 1076 2331.32 46.058 2.015
2020-03-05 1079 2336.513 5.193 0.223
2020-03-06 1079 2319.02 -17.493 -0.749
2020-03-07 1100 2276.055 -42.965 -1.853
2020-03-08 1096 2276.055 0 0
2020-03-09 1067 2276.055 0 0
2020-03-10 1111 2181.518 -94.537 -4.154
2020-03-11 1140 2117.736 -63.782 -2.924
2020-03-12 1115 2095.998 -21.738 -1.026
2020-03-13 1243 1859.18 -236.818 -11.299
2020-03-14 1226 1892.758 33.578 1.806
2020-03-15 1226 1892.758 0 0
2020-03-16 1190 1892.758 0 0
2020-03-17 1242 1794.023 -98.735 -5.216
2020-03-18 1226 1795.491 1.468 0.082
2020-03-19 1274 1694.712 -100.779 -5.613
2020-03-20 1281 1704.872 10.16 0.6
2020-03-21 1244 1766.138 61.266 3.594
2020-03-22 1244 1766.138 0 0
2020-03-23 1226 1766.138 0 0
2020-03-24 1242 1729.05 -37.088 -2.1
2020-03-25 1229 1803.098 74.048 4.283
2020-03-26 1201 1866.729 63.631 3.529
2020-03-27 1187 1934.935 68.206 3.654
2020-03-28 1197 1885.556 -49.379 -2.552
2020-03-29 1197 1885.556 0 0
2020-03-30 1197 1885.556 0 0
2020-03-31 1201 1882.11 -3.446 -0.183
