2019-11-07 1236 2031.614 0 0
2020-01-19 1268 2062.533 30.919 1.522
2020-02-07 1269 2053.42 -9.113 -0.442
2020-02-15 1303 1995.643 -57.777 -2.814
2020-02-16 1304 1995.643 0 0
2020-02-17 1300 2009.938 14.295 0.716
2020-02-18 1295 2009.938 0 0
2020-02-19 1303 2004.861 -5.077 -0.253
2020-02-20 1304 2006.381 1.52 0.076
2020-02-21 1299 2008.066 1.685 0.084
2020-02-22 1296 2016.725 8.659 0.431
2020-02-23 1295 2016.725 0 0
2020-02-24 1279 2016.725 0 0
2020-02-25 1287 1996.157 -20.568 -1.02
2020-02-26 1288 1991.224 -4.933 -0.247
2020-02-27 1274 1990.326 -0.898 -0.045
2020-02-28 1257 1997.181 6.855 0.344
2020-02-29 1100 2239.066 241.885 12.111
2020-03-01 1100 2239.066 0 0
2020-03-02 1111 2239.066 0 0
2020-03-03 1087 2284.896 45.83 2.047
2020-03-04 1051 2354.371 69.475 3.041
2020-03-05 1055 2362.395 8.024 0.341
2020-03-06 1040 2372.122 9.727 0.412
2020-03-07 1032 2376.201 4.079 0.172
2020-03-08 1030 2376.201 0 0
2020-03-09 1001 2376.201 0 0
2020-03-10 999 2362.676 -13.525 -0.569
2020-03-11 1006 2335.01 -27.666 -1.171
2020-03-12 969 2312.907 -22.103 -0.947
2020-03-13 1002 2213.301 -99.606 -4.307
2020-03-14 1014 2210.155 -3.146 -0.142
2020-03-15 1014 2210.155 0 0
2020-03-16 980 2210.155 0 0
2020-03-17 957 2226.584 16.429 0.743
2020-03-18 951 2211.444 -15.14 -0.68
2020-03-19 961 2178.788 -32.656 -1.477
2020-03-20 973 2179.046 0.258 0.012
2020-03-21 982 2163.56 -15.486 -0.711
2020-03-22 982 2163.56 0 0
2020-03-23 973 2163.56 0 0
2020-03-24 977 2138.96 -24.6 -1.137
2020-03-25 1000 2159.527 20.567 0.962
2020-03-26 998 2188.624 29.097 1.347
2020-03-27 978 2255.376 66.752 3.05
2020-03-28 972 2254.562 -0.814 -0.036
2020-03-29 972 2254.562 0 0
2020-03-30 972 2254.562 0 0
2020-03-31 967 2261.218 6.656 0.295
2020-04-01 973 2245.845 -15.373 -0.68
2020-04-02 972 2233.124 -12.721 -0.566
2020-04-03 977 2224.868 -8.256 -0.37
2020-04-04 980 2214.722 -10.146 -0.456
2020-04-05 980 2214.722 0 0
2020-04-06 980 2214.722 0 0
2020-04-07 996 2225.436 10.714 0.484
2020-04-08 1008 2252.362 26.926 1.21
2020-04-09 1020 2248.316 -4.046 -0.18
2020-04-10 1016 2258.953 10.637 0.473
2020-04-11 1016 2258.953 0 0
2020-04-12 1016 2258.953 0 0
2020-04-13 1017 2258.953 0 0
2020-04-14 1031 2249.451 -9.502 -0.421
2020-04-15 1016 2281.177 31.726 1.41
2020-04-16 1017 2261.99 -19.187 -0.841
2020-04-17 1021 2256.355 -5.635 -0.249
2020-04-18 1022 2278.731 22.376 0.992
2020-04-19 1022 2278.731 0 0
2020-04-20 1024 2278.731 0 0
2020-04-21 1006 2292.052 13.321 0.585
2020-04-23 1020 2259.424 -32.628 -1.424
2020-04-24 1023 2249.246 -10.178 -0.45
2020-04-25 1019 2256.328 7.082 0.315
2020-04-26 1020 2256.328 0 0
2020-04-27 1024 2256.328 0 0
2020-04-28 1032 2249.36 -6.968 -0.309
2020-04-29 1046 2245.211 -4.149 -0.184
2020-04-30 1045 2246.287 1.076 0.048
2020-05-01 1036 2266.999 20.712 0.922
2020-05-02 1035 2281.023 14.024 0.619
2020-05-03 1035 2281.023 0 0
2020-05-04 1029 2281.023 0 0
2020-05-05 1044 2241.562 -39.461 -1.73
2020-05-06 1057 2232.082 -9.48 -0.423
2020-05-07 1059 2225.761 -6.321 -0.283
2020-05-08 1064 2228.532 2.771 0.124
2020-05-09 1047 2264.038 35.506 1.593
2020-05-10 1047 2264.038 0 0
2020-05-11 1046 2264.038 0 0
2020-05-12 1053 2254.175 -9.863 -0.436
2020-05-13 1038 2270.922 16.747 0.743
2020-05-14 1033 2253.951 -16.971 -0.747
2020-05-15 1038 2230.41 -23.541 -1.044
2020-05-16 1037 2234.676 4.266 0.191
2020-05-17 1037 2234.676 0 0
2020-05-18 1056 2234.676 0 0
2020-05-19 1053 2257.157 22.481 1.006
2020-05-20 1046 2274.941 17.784 0.788
2020-05-21 1043 2286.529 11.588 0.509
2020-05-23 1057 2246.689 -39.84 -1.742
2020-05-24 1057 2246.689 0 0
2020-05-25 1059 2246.689 0 0
2020-05-26 1075 2246.689 0 0
2020-05-27 1067 2271.085 24.396 1.086
2020-05-28 1075 2260.714 -10.371 -0.457
2020-05-29 1067 2291.321 30.607 1.354
2020-05-30 1058 2313.374 22.053 0.962
2020-05-31 1058 2313.374 0 0
2020-06-01 1064 2313.374 0 0
2020-06-02 1073 2320.245 6.871 0.297
2020-06-03 1080 2324.601 4.356 0.188
2020-06-04 1082 2337.998 13.397 0.576
2020-06-05 1073 2362.52 24.522 1.049
2020-06-06 1084 2354.505 -8.015 -0.339
2020-06-07 1084 2354.505 0 0
2020-06-08 1080 2354.505 0 0
2020-06-09 1080 2363.433 8.928 0.379
2020-06-10 1070 2390.773 27.34 1.157
2020-06-11 1064 2390.149 -0.624 -0.026
2020-06-12 1058 2384.647 -5.502 -0.23
2020-06-13 1073 2341.875 -42.772 -1.794
2020-06-14 1073 2341.875 0 0
2020-06-15 1071 2341.875 0 0
2020-06-16 1071 2350.338 8.463 0.361
2020-06-17 1073 2354.666 4.328 0.184
2020-06-18 1072 2354.666 0 0
2020-06-19 1071 2365.09 10.424 0.443
2020-06-20 1071 2364.486 -0.604 -0.026
2020-06-21 1071 2364.486 0 0
2020-06-22 1074 2364.486 0 0
2020-06-23 1074 2371.62 7.134 0.302
2020-06-24 1074 2371.62 0 0
2020-06-25 1073 2365.335 -6.285 -0.265
2020-06-26 1075 2353.582 -11.753 -0.497
2020-06-27 1075 2349.44 -4.142 -0.176
2020-06-28 1075 2349.44 0 0
2020-06-29 1073 2349.44 0 0
2020-06-30 1072 2356.202 6.762 0.288
2020-07-01 1079 2352.716 -3.486 -0.148
2020-07-07 1099 2352.716 0 0
2020-07-08 1098 2372.736 20.02 0.851
2020-07-09 1094 2389.005 16.269 0.686
2020-07-10 1102 2375.738 -13.267 -0.555
2020-07-11 1097 2392.654 16.916 0.712
2020-07-12 1097 2392.654 0 0
2020-07-13 1099 2392.654 0 0
2020-07-14 1086 2405.709 13.055 0.546
2020-07-15 1094 2406.6 0.891 0.037
2020-07-16 1087 2406.6 0 0
2020-07-17 1088 2421.702 15.102 0.628
2020-07-18 1088 2421.702 0 0
2020-07-20 1087 2423.134 1.432 0.059
2020-07-21 1087 2423.134 0 0
2020-07-22 1087 2440.114 16.98 0.701
2020-07-23 1073 2462.461 22.347 0.916
2020-07-24 1056 2463.032 0.571 0.023
2020-07-25 1055 2469.045 6.013 0.244
2020-07-26 1051 2469.045 0 0
2020-07-27 1048 2469.045 0 0
2020-07-28 1034 2501.612 32.567 1.319
2020-07-29 1049 2491.343 -10.269 -0.41
2020-07-30 1045 2501.023 9.68 0.389
2020-07-31 1047 2501.023 0 0
2020-08-04 1053 2501.023 0 0
2020-08-05 1065 2496.907 -4.116 -0.165
2020-08-06 1055 2523.906 26.999 1.081
2020-08-07 1053 2515.536 -8.37 -0.332
2020-08-08 1055 2503.971 -11.565 -0.46
2020-08-09 1055 2503.971 0 0
2020-08-10 1055 2503.971 0 0
2020-08-12 1055 2503.971 0 0
2020-08-13 1058 2507.519 3.548 0.142
2020-08-14 1059 2514.345 6.826 0.272
2020-08-15 1060 2512.561 -1.784 -0.071
2020-08-16 1060 2512.561 0 0
2020-08-17 1062 2512.561 0 0
2020-08-18 1060 2520.91 8.349 0.332
2020-08-19 1053 2532.029 11.119 0.441
2020-08-20 1051 2527.81 -4.219 -0.167
2020-08-21 1054 2515.239 -12.571 -0.497
2020-08-22 1061 2502.202 -13.037 -0.518
2020-08-23 1061 2502.202 0 0
2020-08-24 1066 2502.202 0 0
2020-08-25 1066 2509.296 7.094 0.284
2020-08-26 1065 2511.373 2.077 0.083
2020-08-27 1075 2510.186 -1.187 -0.047
2020-08-28 1079 2504.267 -5.919 -0.236
2020-08-29 1073 2527.209 22.942 0.916
2020-08-30 1073 2527.209 0 0
2020-08-31 1069 2527.209 0 0
2020-09-01 1073 2540.204 12.995 0.514
2020-09-02 1081 2541.116 0.912 0.036
2020-09-03 1082 2514.941 -26.175 -1.03
2020-09-04 1077 2514.345 -0.596 -0.024
2020-09-05 1084 2506.039 -8.306 -0.33
2020-09-06 1084 2506.039 0 0
2020-09-07 1082 2506.039 0 0
2020-09-09 1067 2504.857 -1.182 -0.047
2020-09-10 1067 2508.407 3.55 0.142
2020-09-11 1064 2521.509 13.102 0.522
2020-09-12 1070 2513.155 -8.354 -0.331
2020-09-13 1070 2513.155 0 0
2020-09-14 1078 2513.155 0 0
2020-09-15 1085 2521.808 8.653 0.344
2020-09-16 1090 2517.325 -4.483 -0.178
2020-09-17 1091 2512.561 -4.764 -0.189
2020-09-18 1089 2508.111 -4.45 -0.177
2020-09-19 1089 2519.116 11.005 0.439
2020-09-21 1071 2519.116 0 0
2020-09-22 1085 2494.268 -24.848 -0.986
2020-09-23 1083 2486.385 -7.883 -0.316
2020-09-24 1076 2479.709 -6.676 -0.269
2020-09-25 1081 2472.493 -7.216 -0.291
2020-09-26 1083 2467.897 -4.596 -0.186
2020-09-27 1083 2467.897 0 0
2020-09-28 1089 2467.897 0 0
2020-09-29 1085 2473.645 5.748 0.233
2020-09-30 1083 2491.927 18.282 0.739
2020-10-01 1088 2490.759 -1.168 -0.047
2020-10-03 1090 2488.424 -2.335 -0.094
2020-10-04 1090 2488.424 0 0
2020-10-05 1091 2488.424 0 0
2020-10-06 1085 2504.857 16.433 0.66
2020-10-07 1085 2504.857 0 0
2020-10-08 1102 2498.376 -6.481 -0.259
2020-10-09 1109 2495.441 -2.935 -0.117
2020-10-10 1102 2509.592 14.151 0.567
2020-10-11 1103 2509.592 0 0
2020-10-12 1107 2509.592 0 0
2020-10-13 1110 2509 -0.592 -0.024
2020-10-14 1108 2494.561 -14.439 -0.575
2020-10-16 1111 2485.222 -9.339 -0.374
2020-10-17 1111 2485.222 0 0
2020-10-18 1111 2485.222 0 0
2020-10-19 1108 2489.591 4.369 0.176
2020-10-20 1102 2502.791 13.2 0.53
2020-10-21 1093 2512.858 10.067 0.402
2020-10-22 1097 2522.407 9.549 0.38
2020-10-23 1098 2512.264 -10.143 -0.402
2020-10-24 1096 2514.048 1.784 0.071
2020-10-25 1095 2514.048 0 0
2020-10-26 1093 2514.048 0 0
2020-10-27 1093 2510.186 -3.862 -0.154
2020-10-28 1083 2513.453 3.267 0.13
2020-10-29 1092 2496.027 -17.426 -0.693
2020-10-30 1096 2476.24 -19.787 -0.793
2020-10-31 1098 2474.221 -2.019 -0.082
