2020-01-19 2120 1078.225 0 0
2021-06-29  0 -1078.225 -100
2022-03-02 2546 1011.494 0 0
2022-03-03 2515 1025.122 13.628 1.347
2022-03-04 2525 1013.423 -11.699 -1.141
2022-03-05 2459 1064.084 50.661 4.999
2022-03-06 2462 1064.084 0 0
2022-03-07 2436 1064.084 0 0
2022-03-08 2407 1065.261 1.177 0.111
2022-03-09 2426 1046.927 -18.334 -1.721
2022-03-10 2455 1030.544 -16.383 -1.565
2022-03-11 2403 1067.017 36.473 3.539
2022-03-12 2425 1039.358 -27.659 -2.592
2022-03-13 2421 1039.358 0 0
2022-03-14 2406 1039.358 0 0
2022-05-26 2518 1014.057 -25.301 -2.434
2022-05-27 2491 1046.255 32.198 3.175
2022-05-28 2433 1086.679 40.424 3.864
2022-05-29 2432 1086.679 0 0
2022-05-30 2450 1086.679 0 0
2022-05-31 2452 1086.679 0 0
2022-06-01 2483 1066.636 -20.043 -1.844
2022-06-02 2429 1103.601 36.965 3.466
2022-06-03 2447 1091.378 -12.223 -1.108
2022-06-04 2402 1115.241 23.863 2.187
2022-06-05 2402 1115.241 0 0
2022-06-06 2411 1115.241 0 0
2022-06-07 2409 1116.018 0.777 0.07
2022-06-08 2342 1164.841 48.823 4.375
2022-06-11 2412 1093.074 -23.505 -2.105
2022-06-12 2412 1093.074 0 0
2022-06-13 2395 1093.074 0 0
2022-06-14 2501 1004.439 -88.635 -8.109
2022-06-15 2499 1006.51 2.071 0.206
2022-08-25 2507 1003.456 -3.054 -0.303
2022-08-26 2493 1013.145 9.689 0.966
2022-08-27 2513 1004.237 -8.908 -0.879
2022-08-28 2512 1004.237 0 0
2022-08-29 2494 1004.237 0 0
2022-08-30 2452 1030.385 26.148 2.604
2022-09-15 2451 1017.629 -12.756 -1.238
2022-10-07 2400 1020.193 2.564 0.252
2022-10-08 2403 1016.399 -3.794 -0.372
2022-10-09 2403 1016.399 0 0
2022-10-10 2386 1016.399 0 0
2022-10-14 2356 1031.855 15.456 1.521
2022-10-20 2372 1028.14 -3.715 -0.36
2022-10-21 2373 1030.221 2.081 0.202
2022-10-22 2330 1066.951 36.73 3.565
2022-10-23 2329 1066.951 0 0
2022-10-24 2317 1066.951 0 0
2022-10-25 2315 1073.087 6.136 0.575
2022-10-26 2336 1070.639 -2.448 -0.228
2022-10-27 2308 1096.909 26.27 2.454
2022-10-28 2301 1092.678 -4.231 -0.386
2022-10-29 2312 1083.546 -9.132 -0.836
2022-10-30 2312 1083.546 0 0
2022-10-31 2309 1083.546 0 0
2022-11-01 2302 1097.498 13.952 1.288
2022-11-02 2301 1106.815 9.317 0.849
2022-11-03 2331 1068.258 -38.557 -3.484
2022-11-04 2282 1111.755 43.497 4.072
2022-11-05 2274 1129.61 17.855 1.606
2022-11-06 2274 1129.61 0 0
2022-11-07 2273 1129.61 0 0
2022-11-08 2226 1168.328 38.718 3.428
2022-11-09 2223 1164.814 -3.514 -0.301
2022-11-10 2223 1164.814 0 0
2022-11-11 2339 1098.613 -66.201 -5.683
2022-11-12 2296 1154.095 55.482 5.05
2022-11-13 2296 1154.095 0 0
2022-11-14 2297 1154.095 0 0
2022-11-15 2327 1139.948 -14.147 -1.226
2022-11-16 2279 1167.623 27.675 2.428
2022-11-17 2344 1113.882 -53.741 -4.603
2022-11-18 2324 1121.466 7.584 0.681
2022-11-19 2363 1093.169 -28.297 -2.523
2022-11-20 2363 1093.169 0 0
2022-11-21 2358 1093.169 0 0
2022-11-22 2357 1093.169 0 0
2022-11-23 2322 1115.348 22.179 2.029
2022-11-24 2356 1092.697 -22.651 -2.031
2022-11-25 2354 1092.697 0 0
2022-11-26 2354 1092.697 0 0
2022-11-27 2362 1089.969 -2.728 -0.25
2022-11-28 2356 1089.969 0 0
2022-11-29 2419 1040.664 -49.305 -4.524
2022-11-30 2412 1058.65 17.986 1.728
2022-12-02 2449 1048.129 -10.521 -0.994
2022-12-04 2462 1039.601 -8.528 -0.814
2022-12-05 2458 1039.601 0 0
2023-01-21 2532 1006.389 -33.212 -3.195
2023-01-22 2532 1006.389 0 0
2023-01-23 2535 1006.389 0 0
2023-01-24 2530 1013.034 6.645 0.66
2023-01-25 2527 1013.034 0 0
2023-01-27 2507 1028.468 15.434 1.524
2023-01-29 2533 1014.034 -14.434 -1.403
2023-01-30 2521 1014.034 0 0
2023-09-02 2549 1018.907 4.873 0.481
2023-09-03 2549 1018.907 0 0
2023-09-04 2554 1018.907 0 0
2023-09-05 2553 1018.907 0 0
2023-09-06 2548 1018.907 0 0
2023-09-07 2540 1018.907 0 0
2023-09-08 2538 1018.907 0 0
2023-09-09 2534 1018.907 0 0
2023-09-10 2533 1018.907 0 0
2023-09-12 2530 1018.907 0 0
2023-09-14 2531 1018.907 0 0
2023-09-15 2530 1018.907 0 0
2023-09-17 2530 1018.907 0 0
2023-09-18 2525 1018.907 0 0
2023-09-19 2522 1018.907 0 0
2023-09-20 2520 1018.907 0 0
2023-09-21 2511 1018.907 0 0
2023-09-22 2510 1018.907 0 0
2023-09-23 2513 1018.907 0 0
2023-09-24 2513 1018.907 0 0
2023-09-25 2513 1018.907 0 0
2023-09-26 2501 1018.907 0 0
2023-09-27 2507 1018.907 0 0
2023-09-28 2509 1018.907 0 0
2023-09-29 2512 1018.907 0 0
2023-10-01 2517 1018.907 0 0
2023-10-02 2516 1018.907 0 0
2023-10-03 2506 1018.907 0 0
2023-10-04 2503 1018.907 0 0
2023-10-05 2497 1018.907 0 0
2023-10-06 2503 1018.907 0 0
2023-10-07 2505 1018.907 0 0
2023-10-08 2501 1018.907 0 0
2023-10-09 2501 1018.907 0 0
2023-10-10 2499 1018.907 0 0
2023-10-11 2509 1018.907 0 0
2023-10-12 2512 1018.907 0 0
2023-10-14 2483 1033.786 14.879 1.46
2023-10-15 2483 1033.786 0 0
2023-10-16 2477 1033.786 0 0
2023-10-17 2468 1043.052 9.266 0.896
2023-10-18 2438 1051.754 8.702 0.834
2023-10-19 2413 1063.9 12.146 1.155
2023-10-21 2449 1033.13 -30.77 -2.892
2023-11-03 2497 1008.785 -24.345 -2.356
2024-04-03 2618 1096.724 87.939 8.717
2024-04-04 2590 1112.628 15.904 1.45
2024-04-05 2599 1111.135 -1.493 -0.134
2024-04-06 2570 1132.184 21.049 1.894
2024-04-07 2570 1132.184 0 0
2024-04-08 2566 1132.184 0 0
2024-04-09 2568 1126.587 -5.597 -0.494
2024-04-10 2559 1132.791 6.204 0.551
2024-04-11 2549 1141.973 9.182 0.811
2024-04-12 2545 1139.194 -2.779 -0.243
2024-04-13 2561 1120.877 -18.317 -1.608
2024-04-14 2561 1120.877 0 0
2024-04-15 2559 1120.877 0 0
2024-04-16 2577 1101.856 -19.021 -1.697
2024-04-17 2590 1091.346 -10.51 -0.954
2024-04-18 2617 1078.389 -12.957 -1.187
2024-04-19 2612 1072.765 -5.624 -0.522
2024-04-20 2595 1088.518 15.753 1.468
2024-04-21 2595 1088.518 0 0
2024-04-22 2597 1088.518 0 0
2024-04-23 2592 1097.292 8.774 0.806
2024-04-24 2579 1107.942 10.65 0.971
2024-04-25 2571 1107.978 0.036 0.003
2024-04-26 2575 1116.894 8.916 0.805
2024-04-27 2575 1114.993 -1.901 -0.17
2024-04-28 2575 1114.993 0 0
2024-04-29 2585 1114.993 0 0
2024-04-30 2574 1121.916 6.923 0.621
2024-05-01 2632 1071.656 -50.26 -4.48
2024-05-02 2669 1046.092 -25.564 -2.385
2024-05-03 2673 1046.516 0.424 0.041
2024-05-04 2677 1048.706 2.19 0.209
2024-05-05 2677 1048.706 0 0
2024-05-06 2681 1048.706 0 0
2024-05-07 2665 1065.912 17.206 1.641
2024-05-08 2670 1065.632 -0.28 -0.026
2024-05-09 2677 1059.343 -6.289 -0.59
2024-05-10 2663 1066.559 7.216 0.681
2024-05-11 2690 1046.859 -19.7 -1.847
2024-05-12 2690 1046.859 0 0
2024-05-13 2698 1046.859 0 0
2024-05-14 2706 1040.99 -5.869 -0.561
2024-05-15 2701 1041.079 0.089 0.009
2024-05-16 2714 1037.329 -3.75 -0.36
2024-05-17 2732 1026.205 -11.124 -1.072
2024-05-18 2707 1049.224 23.019 2.243
2024-05-19 2707 1049.224 0 0
2024-05-20 2702 1049.224 0 0
2024-05-21 2696 1050.95 1.726 0.165
2024-05-22 2704 1040.294 -10.656 -1.014
2024-05-23 2733 1011.412 -28.882 -2.776
2024-05-29 2716 1021.878 10.466 1.035
2024-06-01 2717 1010.228 -11.65 -1.14
2024-06-02 2717 1010.228 0 0
2024-06-03 2716 1010.228 0 0
2024-07-16 2699 1022.538 12.31 1.219
2024-07-17 2700 1021.395 -1.143 -0.112
2024-07-18 2690 1025.516 4.121 0.403
2024-07-19 2688 1024.963 -0.553 -0.054
2026-03-11 3362 1004.204 -20.759 -2.025
2026-03-12 3314 1035.538 31.334 3.12
2026-03-13 3266 1062.833 27.295 2.636
2026-03-14 3221 1088.475 25.642 2.413
2026-03-15 3221 1088.475 0 0
2026-03-16 3227 1088.475 0 0
2026-03-17 3238 1084.428 -4.047 -0.372
2026-03-18 3239 1084.428 0 0
2026-03-19 3169 1120.932 36.504 3.366
2026-03-20 3108 1148.917 27.985 2.497
2026-03-21 3071 1162.488 13.571 1.181
2026-03-22 3071 1162.488 0 0
2026-03-23 3046 1162.488 0 0
2026-03-24 3075 1157.82 -4.668 -0.402
2026-03-25 3026 1193.065 35.245 3.044
2026-03-27 3016 1193.065 0 0
2026-03-28 2908 1254.488 61.423 5.148
2026-03-29 2908 1254.488 0 0
2026-03-30 2901 1254.488 0 0
2026-03-31 2933 1234.43 -20.058 -1.599
2026-04-01 2994 1212.334 -22.096 -1.79
2026-04-02 3097 1156.005 -56.329 -4.646
2026-04-03 3035 1183.469 27.464 2.376
2026-04-04 3035 1183.469 0 0
2026-04-05 3035 1183.469 0 0
2026-04-06 3037 1183.469 0 0
2026-04-07 3024 1193.88 10.411 0.88
2026-04-08 3048 1193.88 0 0
2026-04-09 3175 1124.536 -69.344 -5.808
2026-04-10 3208 1105.994 -18.542 -1.649
2026-04-11 3214 1103.235 -2.759 -0.249
2026-04-12 3214 1103.235 0 0
2026-04-13 3221 1103.235 0 0
2026-04-14 3223 1107.671 4.436 0.402
2026-04-15 3312 1054.2 -53.471 -4.827
2026-04-16 3317 1055.235 1.035 0.098
2026-04-17 3287 1082.804 27.569 2.613
2026-04-18 3367 1021.808 -60.996 -5.633
2026-04-19 3367 1021.808 0 0
2026-04-20 3365 1021.808 0 0
2026-04-21 3352 1031.307 9.499 0.93
2026-04-22 3301 1073.537 42.23 4.095
2026-04-23 3224 1110.634 37.097 3.456
2026-04-24 3189 1127.893 17.259 1.554
2026-04-25 3225 1105.786 -22.107 -1.96
2026-04-26 3225 1105.786 0 0
2026-04-27 3225 1105.786 0 0
2026-04-28 3210 1109.773 3.987 0.361
2026-04-29 3160 1142.068 32.295 2.91
2026-04-30 3086 1186.616 44.548 3.901
2026-05-01 3109 1171.473 -15.143 -1.276
2026-05-02 3148 1150.136 -21.337 -1.821
2026-05-04 3144 1150.136 0 0
2026-05-05 3144 1150.136 0 0
2026-05-06 3096 1180.628 0 0
2026-05-07 3108 1180.628 0 0
2026-05-08 3296 1073.428 0 0
2026-05-09 3357 1031.611 0 0
2026-05-10 3380 1016.229 0 0
2026-05-11 3379 1016.229 0 0
2026-05-12 3372 1016.229 0 0
2026-05-13 3327 1049.156 0 0
2026-05-14 3295 1071.353 0 0
2026-05-15 3299 1072.519 0 0
2026-05-16 3267 1087.487 0 0
2026-05-17 3189 1126.172 0 0
2026-05-18 3185 1126.172 0 0
2026-05-19 3191 1126.172 0 0
2026-05-20 3150 1147.012 0 0
2026-05-21 3140 1160.366 0 0
2026-05-22 3186 1125.124 0 0
2026-05-23 3191 1125.124 0 0
2026-05-24 3248 1097.014 0 0
2026-05-25 3251 1097.014 0 0
2026-05-26 3250 1097.014 0 0
2026-05-27 3256 1097.014 0 0
2026-05-28 3320 1047.653 0 0
2026-05-29 3358 1024.475 0 0
2026-05-30 3342 1028.898 0 0
2026-05-31 3370 1014.343 0 0
2026-06-01 3369 1014.343 0 0
2026-06-02 3360 1014.343 0 0
