2020-10-11 839 3200 0 0
2020-10-12 841 3200 0 0
2020-10-13 840 3200 0 0
2020-10-14 836 3200 0 0
2020-10-16 832 3200 0 0
2020-10-17 832 3200 0 0
2020-10-18 832 3200 0 0
2020-10-19 833 3200 0 0
2020-10-20 841 3200 0 0
2020-10-21 838 3200 0 0
2020-10-22 839 3200 0 0
2020-10-23 838 3200 0 0
2020-10-24 838 3200 0 0
2020-10-25 837 3200 0 0
2020-10-26 829 3200 0 0
2020-10-27 837 3200 0 0
2020-10-28 829 3200 0 0
2020-10-29 823 3200 0 0
2020-10-30 814 3200 0 0
2020-10-31 815 3200 0 0
2020-11-01 815 3200 0 0
2020-11-02 817 3200 0 0
2020-11-03 826 3200 0 0
2020-11-04 837 3200 0 0
2020-11-05 841 3200 0 0
2020-11-06 852 3200 0 0
2020-11-07 853 3200 0 0
2020-11-08 853 3200 0 0
2020-11-09 858 3200 0 0
2020-11-10 866 3200 0 0
2020-11-11 866 3200 0 0
2020-11-12 858 3200 0 0
2020-11-13 861 3200 0 0
2020-11-14 858 3200 0 0
2020-11-15 858 3200 0 0
2020-11-17 864 3200 0 0
2020-11-18 861 3200 0 0
2020-11-19 866 3200 0 0
2020-11-20 865 3200 0 0
2020-11-21 866 3200 0 0
2020-11-22 865 3200 0 0
2020-11-23 871 3200 0 0
2020-11-24 867 3200 0 0
2020-11-25 864 3200 0 0
2020-11-26 867 3200 0 0
2020-11-27 873 3200 0 0
2020-11-28 874 3200 0 0
2020-11-29 874 3200 0 0
2020-11-30 868 3200 0 0
2020-12-01 872 3200 0 0
2020-12-02 873 3200 0 0
2020-12-03 878 3200 0 0
2020-12-04 881 3200 0 0
2020-12-05 882 3200 0 0
2020-12-06 882 3200 0 0
2020-12-07 884 3200 0 0
2020-12-08 881 3200 0 0
2020-12-09 888 3200 0 0
2020-12-10 887 3200 0 0
2020-12-11 886 3200 0 0
2020-12-12 885 3200 0 0
2020-12-13 885 3200 0 0
2020-12-14 886 3200 0 0
2020-12-15 890 3200 0 0
2020-12-16 895 3200 0 0
2020-12-17 901 3200 0 0
2020-12-18 903 3200 0 0
2020-12-19 902 3200 0 0
2020-12-20 902 3200 0 0
2020-12-21 903 3200 0 0
2020-12-22 902 3200 0 0
2020-12-23 903 3200 0 0
2020-12-24 905 3200 0 0
2020-12-25 908 3200 0 0
2020-12-26 908 3200 0 0
2020-12-27 908 3200 0 0
2020-12-28 905 3200 0 0
2020-12-29 905 3200 0 0
2020-12-31 914 3200 0 0
