2021-06-30  999.762 0 0
2025-08-27  992.945 -6.817 -0.682
2025-08-30 3104 1007.634 14.689 1.479
2025-08-31 3104 1007.634 0 0
2025-09-01 3108 1003.545 -4.089 -0.406
2025-09-02 3067 1022.113 18.568 1.85
2025-09-03 3019 1054.571 32.458 3.176
2025-09-04 3030 1044.71 -9.861 -0.935
2025-09-05 2991 1081.544 36.834 3.526
2025-09-06 2993 1081.907 0.363 0.034
2025-09-07 2993 1081.907 0 0
2025-09-08 2984 1095.271 13.364 1.235
2025-09-09 2959 1100.424 5.153 0.47
2025-09-10 2902 1145.749 45.325 4.119
2025-09-11 2918 1147.512 1.763 0.154
2025-09-12 2943 1124.046 -23.466 -2.045
2025-09-13 2944 1124.219 0.173 0.015
2025-09-14 2944 1124.219 0 0
2025-09-15 2908 1152.776 28.557 2.54
2025-09-16 2932 1140 -12.776 -1.108
2025-09-17 2907 1162.562 22.562 1.979
2025-09-18 2909 1166.515 3.953 0.34
2025-09-19 2906 1159.819 -6.696 -0.574
2025-09-20 2907 1158.971 -0.848 -0.073
2025-09-21 2907 1158.971 0 0
2025-09-22 2920 1157.309 -1.662 -0.143
2025-09-23 2937 1136.612 -20.697 -1.788
2025-09-24 2916 1157.465 20.853 1.835
2025-09-25 2902 1162.52 5.055 0.437
2025-09-26 2906 1151.422 -11.098 -0.955
2025-09-27 2913 1149.937 -1.485 -0.129
2025-09-28 2913 1149.937 0 0
2025-09-29 2895 1163.639 13.702 1.192
2025-09-30 2904 1159.792 -3.847 -0.331
2025-10-01 2906 1160.037 0.245 0.021
2025-10-02 2911 1160.037 0 0
2025-10-03 2913 1160.037 0 0
2025-10-04 2914 1160.037 0 0
2025-10-05 2915 1160.037 0 0
2025-10-06 2914 1160.037 0 0
2025-10-07 2914 1160.037 0 0
2025-10-08 2913 1160.037 0 0
2025-10-09 2956 1130.8 -29.237 -2.52
2025-10-10 2954 1116.017 -14.783 -1.307
2025-10-11 2952 1116.346 0.329 0.029
2025-10-12 2951 1116.346 0 0
2025-10-13 2958 1115.682 -0.664 -0.059
2025-10-14 2971 1099.83 -15.852 -1.421
2025-10-15 2973 1098.644 -1.186 -0.108
2025-10-16 2977 1096.935 -1.709 -0.156
2025-10-17 2980 1085.526 -11.409 -1.04
2025-10-18 2977 1085.297 -0.229 -0.021
2025-10-19 2978 1085.297 0 0
2025-10-20 2979 1085.408 0.111 0.01
2025-10-21 2970 1103.019 17.611 1.623
2025-10-22 2965 1102.903 -0.116 -0.011
2025-10-23 2972 1100.051 -2.852 -0.259
2025-10-24 2970 1106.209 6.158 0.56
2025-10-25 2970 1106.038 -0.171 -0.015
2025-10-26 2970 1106.038 0 0
2025-10-27 3009 1081.026 -25.012 -2.261
2025-10-28 3012 1075.639 -5.387 -0.498
2025-10-29 3006 1082.357 6.718 0.625
2025-10-30 3039 1055.601 -26.756 -2.472
2025-10-31 3048 1049.43 -6.171 -0.585
2025-11-01 3046 1049.046 -0.384 -0.037
2025-11-02 3046 1049.046 0 0
2025-11-03 3030 1062.788 13.742 1.31
2025-11-04 3040 1047.617 -15.171 -1.427
2025-11-05 3034 1052.517 4.9 0.468
2025-11-06 3015 1065.765 13.248 1.259
2025-11-07 3033 1058.819 -6.946 -0.652
2025-11-08 3031 1058.804 -0.015 -0.001
2025-11-09 3031 1058.804 0 0
2025-11-10 3048 1052.273 -6.531 -0.617
2025-11-11 3039 1054.312 2.039 0.194
2025-11-12 3029 1061.367 7.055 0.669
2025-11-13 3025 1067.301 5.934 0.559
2025-11-14 3030 1060.062 -7.239 -0.678
2025-11-15 3031 1059.42 -0.642 -0.061
2025-11-16 3031 1059.42 0 0
2025-11-17 3031 1058.421 -0.999 -0.094
2025-11-18 3012 1065.679 7.258 0.686
2025-11-19 3025 1059.547 -6.132 -0.575
2025-11-20 3020 1055.787 -3.76 -0.355
2025-11-21 3008 1058.655 2.868 0.272
2025-11-22 3007 1059.608 0.953 0.09
2025-11-23 3007 1059.608 0 0
2025-11-24 2995 1069.808 10.2 0.963
2025-11-25 2954 1111.44 41.632 3.892
2025-11-26 2953 1117.353 5.913 0.532
2025-11-27 2957 1116.414 -0.939 -0.084
2025-11-28 2948 1121.313 4.899 0.439
2025-11-29 2946 1121.471 0.158 0.014
2025-11-30 2946 1121.471 0 0
2025-12-01 2949 1123.587 2.116 0.189
2025-12-02 2962 1113.231 -10.356 -0.922
2025-12-03 2975 1100.793 -12.438 -1.117
2025-12-04 2969 1105.843 5.05 0.459
2025-12-05 2961 1109.723 3.88 0.351
2025-12-06 2962 1109.456 -0.267 -0.024
2025-12-07 2963 1109.456 0 0
2025-12-08 2967 1118.375 8.919 0.804
2025-12-09 2962 1117.389 -0.986 -0.088
2025-12-10 2954 1129.828 12.439 1.113
2025-12-11 2949 1132.669 2.841 0.251
2025-12-12 2960 1127.52 -5.149 -0.455
2025-12-13 2960 1127.952 0.432 0.038
2025-12-14 2959 1127.952 0 0
2025-12-15 2949 1132.198 4.246 0.376
2025-12-16 2956 1117.586 -14.612 -1.291
2025-12-17 2922 1144.474 26.888 2.406
2025-12-18 2920 1153.209 8.735 0.763
2025-12-19 2899 1171.664 18.455 1.6
2025-12-20 2900 1171.764 0.1 0.009
2025-12-21 2904 1171.764 0 0
2025-12-22 2908 1171.652 -0.112 -0.01
2025-12-23 2881 1193.674 22.022 1.88
2025-12-24 2895 1187.834 -5.84 -0.489
2025-12-25 2896 1186.259 -1.575 -0.133
2025-12-26 2897 1186.821 0.562 0.047
2025-12-27 2898 1188.159 1.338 0.113
2025-12-28 2898 1188.159 0 0
2025-12-29 2917 1175.111 -13.048 -1.098
2025-12-30 2929 1163.954 -11.157 -0.949
2025-12-31 2933 1160.096 -3.858 -0.331
