2020-01-19 1128 2322.845 0 0
2020-02-07 1103 2342.041 19.196 0.82
2020-02-15 1100 2371.041 29 1.223
2020-02-16 1101 2371.041 0 0
2020-02-17 1106 2361.182 -9.859 -0.418
2020-02-18 1102 2361.182 0 0
2020-02-19 1113 2340.764 -20.418 -0.872
2020-02-20 1105 2354.392 13.628 0.579
2020-02-21 1092 2364.664 10.272 0.434
2020-02-22 1109 2346.994 -17.67 -0.753
2020-02-23 1108 2346.994 0 0
2020-02-24 1091 2346.994 0 0
2020-02-25 1126 2268.703 -78.291 -3.451
2020-02-26 1163 2203.15 -65.553 -2.975
2020-02-27 1154 2195.299 -7.851 -0.358
2020-02-28 1211 2057.496 -137.803 -6.698
2020-02-29 1230 2038.85 -18.646 -0.915
2020-03-01 1231 2038.85 0 0
2020-03-02 1238 2038.85 0 0
2020-03-03 1207 2095.465 56.615 2.702
2020-03-04 1248 2046.163 -49.302 -2.409
2020-03-05 1206 2110.48 64.317 3.048
2020-03-06 1253 2019.892 -90.588 -4.485
2020-03-07 1273 1981.99 -37.902 -1.912
2020-03-08 1276 1981.99 0 0
2020-03-09 1199 2052.5 70.51 3.435
2020-03-10 1292 1895.039 -157.461 -8.309
2020-03-11 1221 1987.168 92.129 4.636
2020-03-12 1237 1889.278 -97.89 -5.181
2020-03-13 1344 1703.647 -185.631 -10.896
2020-03-14 1259 1835.932 132.285 7.205
2020-03-15 1260 1835.932 0 0
2020-03-16 1227 1835.932 0 0
2020-03-17 1339 1652.687 -183.245 -11.088
2020-03-18 1253 1748.397 95.71 5.474
2020-03-19 1347 1590 -158.397 -9.962
2020-03-20 1333 1604.097 14.097 0.879
2020-03-21 1391 1534.562 -69.535 -4.531
2020-03-22 1391 1534.562 0 0
2020-03-23 1369 1534.562 0 0
2020-03-24 1381 1507.18 -27.382 -1.817
2020-03-25 1306 1658.414 151.234 9.119
2020-03-26 1312 1695.145 36.731 2.167
2020-03-27 1266 1784.441 89.296 5.004
2020-03-28 1305 1705.246 -79.195 -4.644
2020-03-29 1305 1705.246 0 0
2020-03-30 1305 1705.246 0 0
2020-03-31 1274 1745.677 40.431 2.316
2020-04-01 1282 1747.812 2.135 0.122
2020-04-02 1330 1655.45 -92.362 -5.579
2020-04-03 1323 1669.753 14.303 0.857
2020-04-04 1324 1661.922 -7.831 -0.471
2020-04-05 1324 1661.922 0 0
2020-04-06 1324 1661.922 0 0
2020-04-07 1289 1762.614 100.692 5.713
2020-04-08 1326 1776.223 13.609 0.766
2020-04-10 1284 1854.715 78.492 4.232
2020-04-11 1284 1854.715 0 0
2020-04-12 1284 1854.715 0 0
2020-04-13 1281 1854.715 0 0
2020-04-14 1321 1805.361 -49.354 -2.734
2020-04-15 1299 1841.351 35.99 1.955
2020-04-17 1340 1780.105 -61.246 -3.441
2020-04-18 1301 1845.126 65.021 3.524
2020-04-19 1302 1845.126 0 0
2020-04-20 1303 1845.126 0 0
2020-04-21 1308 1812.114 -33.012 -1.822
2020-04-23 1307 1816.944 4.83 0.266
2020-04-24 1295 1824.059 7.115 0.39
2020-04-25 1279 1843.018 18.959 1.029
2020-04-26 1279 1843.018 0 0
2020-04-27 1282 1843.018 0 0
2020-04-28 1274 1886.154 43.136 2.287
2020-04-29 1271 1907.937 21.783 1.142
2020-04-30 1234 1975.124 67.187 3.402
