2022-09-27 465 5256 0 0
2022-09-28 470 5256 0 0
2022-09-29 470 5256 0 0
2022-09-30 464 5256 0 0
2022-10-01 465 5256 0 0
2022-10-02 465 5256 0 0
2022-10-03 469 5256 0 0
2022-10-04 478 5256 0 0
2022-10-05 484 5256 0 0
2022-10-06 478 5256 0 0
2022-10-07 472 5256 0 0
2022-10-08 470 5256 0 0
2022-10-09 470 5256 0 0
2022-10-10 464 5256 0 0
2022-10-11 459 5256 0 0
2022-10-12 460 5256 0 0
2022-10-13 461 5256 0 0
2022-10-14 461 5256 0 0
2022-10-15 462 5256 0 0
2022-10-16 461 5256 0 0
2022-10-17 464 5256 0 0
2022-10-18 467 5256 0 0
2022-10-19 468 5256 0 0
2022-10-20 465 5256 0 0
2022-10-21 466 5256 0 0
2022-10-22 463 5256 0 0
2022-10-23 462 5256 0 0
2022-10-24 456 5256 0 0
2022-10-25 459 5256 0 0
2022-10-26 468 5256 0 0
2022-10-27 465 5256 0 0
2022-10-28 468 5256 0 0
2022-10-29 469 5256 0 0
2022-10-30 469 5256 0 0
2022-10-31 463 5256 0 0
