2024-02-09 2465 1050.049 0 0
2024-02-10 2464 1049.987 -0.062 -0.006
2024-02-11 2465 1049.987 0 0
2024-02-12 2469 1049.987 0 0
2024-02-13 2470 1050.11 0.123 0.012
2024-02-14 2471 1050.352 0.242 0.023
2024-02-15 2475 1050.349 -0.003 0
2024-02-16 2482 1050.17 -0.179 -0.017
2024-02-17 2484 1050.046 -0.124 -0.012
2024-02-18 2486 1050.046 0 0
2024-02-19 2490 1050.103 0.057 0.005
2024-02-20 2486 1050.164 0.061 0.006
2024-02-21 2477 1050.841 0.677 0.064
2024-02-22 2480 1050.647 -0.194 -0.018
2024-02-23 2483 1050.556 -0.091 -0.009
2024-02-24 2484 1050.556 0 0
2024-02-25 2481 1050.556 0 0
2024-02-26 2486 1050.387 -0.169 -0.016
2024-02-27 2489 1050.4 0.013 0.001
2024-02-28 2482 1050.028 -0.372 -0.035
2024-02-29 2490 1050.205 0.177 0.017
2024-03-01 2491 1049.968 -0.237 -0.023
2024-03-02 2490 1049.957 -0.011 -0.001
2024-03-03 2492 1049.957 0 0
2024-03-04 2489 1049.83 -0.127 -0.012
2024-03-05 2484 1050.231 0.401 0.038
2024-03-06 2491 1050.175 -0.056 -0.005
2024-03-07 2484 1050.125 -0.05 -0.005
2024-03-08 2480 1050.597 0.472 0.045
2024-03-09 2483 1050.614 0.017 0.002
2024-03-10 2482 1050.614 0 0
2024-03-11 2478 1050.751 0.137 0.013
2024-03-12 2481 1050.963 0.212 0.02
2024-03-13 2477 1050.735 -0.228 -0.022
2024-03-14 2473 1050.746 0.011 0.001
2024-03-15 2474 1050.784 0.038 0.004
2024-03-16 2470 1050.829 0.045 0.004
2024-03-17 2470 1050.829 0 0
2024-03-18 2473 1050.82 -0.009 -0.001
2024-03-19 2472 1050.909 0.089 0.008
2024-03-20 2475 1050.505 -0.404 -0.038
2024-03-21 2474 1050.963 0.458 0.044
2024-03-22 2469 1050.448 -0.515 -0.049
2024-03-23 2465 1050.437 -0.011 -0.001
2024-03-24 2465 1050.437 0 0
2024-03-25 2463 1050.085 -0.352 -0.034
2024-03-26 2462 1049.979 -0.106 -0.01
2024-03-27 2460 1049.514 -0.465 -0.044
2024-03-28 2461 1049.478 -0.036 -0.003
2024-03-29 2461 1049.326 -0.152 -0.014
2024-03-30 2681 1049.326 0 0
2024-03-31 2681 1049.326 0 0
2024-04-01 2470 1049.326 0 0
2024-04-02 2680 1051.114 1.788 0.17
2024-04-03 2681 1050.237 -0.877 -0.083
2024-04-04 2688 1050.22 -0.017 -0.002
2024-04-05 2684 1050.092 -0.128 -0.012
2024-04-06 2682 1050.109 0.017 0.002
2024-04-07 2682 1050.109 0 0
2024-04-08 2681 1050.82 0.711 0.068
2024-04-09 2686 1049.903 -0.917 -0.087
2024-04-10 2685 1050.219 0.316 0.03
2024-04-11 2679 1049.958 -0.261 -0.025
2024-04-12 2671 1049.479 -0.479 -0.046
2024-04-13 2663 1049.435 -0.044 -0.004
2024-04-14 2663 1049.435 0 0
2024-04-15 2659 1049.343 -0.092 -0.009
2024-04-16 2655 1049.469 0.126 0.012
2024-04-17 2639 1049.023 -0.446 -0.042
2024-04-18 2648 1049.375 0.352 0.034
2024-04-19 2642 1049.118 -0.257 -0.024
2024-04-20 2646 1049.012 -0.106 -0.01
2024-04-21 2646 1049.012 0 0
2024-04-22 2650 1049.437 0.425 0.041
2024-04-23 2650 1049.356 -0.081 -0.008
2024-04-24 2656 1049.103 -0.253 -0.024
2024-04-25 2658 1049.571 0.468 0.045
2024-04-26 2662 1050.141 0.57 0.054
2024-04-27 2662 1050.147 0.006 0.001
2024-04-28 2662 1050.147 0 0
2024-04-29 2668 1050.444 0.297 0.028
2024-04-30 2664 1050.571 0.127 0.012
2024-05-01 2662 1050.885 0.314 0.03
2024-05-02 2662 1050.872 -0.013 -0.001
2024-05-03 2665 1051.378 0.506 0.048
2024-05-04 2669 1051.688 0.31 0.029
2024-05-05 2669 1051.688 0 0
2024-05-06 2673 1051.622 -0.066 -0.006
2024-05-07 2687 1051.955 0.333 0.032
2024-05-08 2690 1052.434 0.479 0.046
2024-05-09 2685 1053.466 1.032 0.098
2024-05-10 2684 1054.303 0.837 0.079
2024-05-11 2680 1054.433 0.13 0.012
2024-05-12 2680 1054.433 0 0
2024-05-13 2681 1054.401 -0.032 -0.003
2024-05-14 2683 1054.555 0.154 0.015
2024-05-15 2684 1054.595 0.04 0.004
2024-05-16 2694 1054.395 -0.2 -0.019
2024-05-17 2700 1054.989 0.594 0.056
2024-05-18 2696 1055.046 0.057 0.005
2024-05-19 2696 1055.046 0 0
2024-05-20 2695 1054.76 -0.286 -0.027
2024-05-21 2689 1054.533 -0.227 -0.022
2024-05-22 2690 1055.1 0.567 0.054
2024-05-23 2678 1054.484 -0.616 -0.058
2024-05-24 2669 1054.898 0.414 0.039
2024-05-25 2670 1054.637 -0.261 -0.025
2024-05-26 2670 1054.637 0 0
2024-05-27 2676 1053.884 -0.753 -0.071
2024-05-28 2671 1053.521 -0.363 -0.034
2024-05-29 2672 1053.703 0.182 0.017
2024-05-30 2667 1052.742 -0.961 -0.091
2024-05-31 2667 1052.34 -0.402 -0.038
2024-06-01 2666 1051.979 -0.361 -0.034
2024-06-02 2666 1051.979 0 0
2024-06-03 2663 1052.04 0.061 0.006
2024-06-04 2662 1052.24 0.2 0.019
2024-06-05 2658 1052.372 0.132 0.013
2024-06-06 2660 1052.435 0.063 0.006
2024-06-07 2663 1052.357 -0.078 -0.007
2024-06-09 2665 1052.267 -0.09 -0.009
2024-06-10 2663 1052.267 0 0
2024-06-11 2656 1051.59 -0.677 -0.064
2024-06-12 2659 1051.175 -0.415 -0.039
2024-06-13 2660 1051.397 0.222 0.021
2024-06-14 2655 1051.653 0.256 0.024
2024-06-15 2654 1051.54 -0.113 -0.011
2024-06-16 2654 1051.54 0 0
2024-06-17 2656 1050.712 -0.828 -0.079
2024-06-18 2658 1050.944 0.232 0.022
2024-06-19 2656 1051.217 0.273 0.026
2024-06-20 2654 1051.229 0.012 0.001
2024-06-21 2656 1051.404 0.175 0.017
2024-06-22 2653 1051.325 -0.079 -0.008
2024-06-23 2653 1051.325 0 0
2024-06-24 2644 1051.262 -0.063 -0.006
2024-06-25 2648 1051.274 0.012 0.001
2024-06-26 2648 1051.189 -0.085 -0.008
2024-06-27 2640 1051.12 -0.069 -0.007
2024-06-28 2640 1051.207 0.087 0.008
2024-06-29 2640 1051.281 0.074 0.007
2024-06-30 2641 1051.281 0 0
