2022-01-16 1575 2068.453 0 0
2022-01-17 1546 2129.184 60.731 2.852
2022-01-18 1558 2110.263 -18.921 -0.897
2022-01-19 1634 1975.136 -135.127 -6.841
2022-01-20 1636 1962.15 -12.986 -0.662
2022-01-22 1605 1990.235 28.085 1.411
2022-01-23 1605 1990.235 0 0
2022-01-24 1529 2087.949 97.714 4.68
2022-01-25 1538 2048.363 -39.586 -1.933
2022-01-26 1535 2041.286 -7.077 -0.347
2022-01-27 1536 2031.716 -9.57 -0.471
2022-01-28 1523 2046.627 14.911 0.729
2022-01-29 1524 2046.273 -0.354 -0.017
2022-01-30 1523 2046.273 0 0
2022-01-31 1533 2046.273 0 0
2022-02-01 1542 2046.273 0 0
2022-02-02 1545 2046.273 0 0
2022-02-03 1535 2046.273 0 0
2022-02-04 1541 2046.273 0 0
2022-02-05 1540 2046.273 0 0
2022-02-06 1540 2046.273 0 0
2022-02-07 1579 2003.574 -42.699 -2.131
2022-02-08 1596 1980.736 -22.838 -1.153
2022-02-09 1612 1978.673 -2.063 -0.104
2022-02-10 1574 2024.493 45.82 2.263
2022-02-11 1617 1960.637 -63.856 -3.257
2022-02-12 1606 1960.575 -0.062 -0.003
2022-02-13 1608 1960.575 0 0
2022-02-14 1626 1906.986 -53.589 -2.81
2022-02-15 1592 1972.472 65.486 3.32
2022-02-16 1599 1972.634 0.162 0.008
2022-02-17 1586 1997.171 24.537 1.229
2022-02-18 1622 1932.218 -64.953 -3.362
2022-02-19 1617 1935.424 3.206 0.166
2022-02-20 1616 1935.424 0 0
2022-02-21 1654 1868.844 -66.58 -3.563
2022-02-22 1697 1795.001 -73.843 -4.114
2022-02-23 1635 1883.693 88.692 4.708
2022-02-24 1640 1854.818 -28.875 -1.557
2022-02-25 1644 1856.673 1.855 0.1
2022-02-26 1653 1859.202 2.529 0.136
2022-02-27 1653 1859.202 0 0
2022-02-28 1621 1887.403 28.201 1.494
