2020-02-07 808 3124.478 0 0
2020-02-15 904 2889.718 -234.76 -8.124
2020-02-16 904 2889.718 0 0
2020-02-17 899 2893.603 3.885 0.134
2020-02-18 901 2891.661 -1.942 -0.067
2020-02-19 898 2887.34 -4.321 -0.15
2020-02-20 907 2867.641 -19.699 -0.687
2020-02-21 909 2847.519 -20.122 -0.707
2020-02-22 903 2860.189 12.67 0.443
2020-02-23 904 2860.189 0 0
2020-02-24 923 2778.559 -81.63 -2.938
2020-02-25 923 2752.544 -26.015 -0.945
2020-02-26 902 2785.771 33.227 1.193
2020-02-27 915 2710.176 -75.595 -2.789
2020-02-28 909 2720.572 10.396 0.382
2020-02-29 902 2719.975 -0.597 -0.022
