2020-04-08 728 3100 0 0
2020-04-09 738 3100 0 0
2020-04-10 736 3100 0 0
2020-04-11 736 3100 0 0
2020-04-12 736 3100 0 0
2020-04-13 733 3100 0 0
2020-04-14 734 3100 0 0
2020-04-15 733 3100 0 0
2020-04-16 731 3100 0 0
2020-04-17 737 3100 0 0
2020-04-18 743 3100 0 0
2020-04-19 743 3100 0 0
2020-04-20 742 3100 0 0
2020-04-21 731 3100 0 0
2020-04-23 738 3100 0 0
2020-04-24 742 3100 0 0
2020-04-25 741 3100 0 0
2020-04-26 741 3100 0 0
2020-04-27 746 3100 0 0
2020-04-28 750 3100 0 0
2020-04-29 752 3100 0 0
2020-04-30 763 3100 0 0
2020-05-01 754 3100 0 0
2020-05-02 750 3100 0 0
2020-05-03 750 3100 0 0
2020-05-04 747 3100 0 0
2020-05-05 750 3100 0 0
2020-05-06 754 3100 0 0
2020-05-07 750 3100 0 0
2020-05-08 750 3100 0 0
2020-05-09 757 3100 0 0
2020-05-10 757 3100 0 0
2020-05-11 757 3100 0 0
2020-05-12 750 3100 0 0
2020-05-13 750 3100 0 0
2020-05-14 745 3100 0 0
2020-05-15 746 3100 0 0
2020-05-16 748 3100 0 0
2020-05-17 748 3100 0 0
2020-05-18 749 3100 0 0
2020-05-19 754 3100 0 0
2020-05-20 752 3100 0 0
2020-05-21 760 3100 0 0
2020-05-23 756 3100 0 0
2020-05-24 756 3100 0 0
2020-05-25 757 3100 0 0
2020-05-26 766 3100 0 0
2020-05-27 771 3100 0 0
2020-05-28 778 3100 0 0
2020-05-29 779 3100 0 0
2020-05-30 778 3100 0 0
2020-05-31 778 3100 0 0
2020-06-01 782 3100 0 0
2020-06-02 784 3100 0 0
2020-06-03 790 3100 0 0
2020-06-04 792 3100 0 0
2020-06-05 802 3100 0 0
2020-06-06 805 3100 0 0
2020-06-07 805 3100 0 0
2020-06-08 809 3100 0 0
2020-06-09 812 3100 0 0
2020-06-10 814 3100 0 0
2020-06-11 799 3100 0 0
2020-06-12 800 3100 0 0
2020-06-13 798 3100 0 0
2020-06-14 798 3100 0 0
2020-06-15 795 3100 0 0
2020-06-16 803 3100 0 0
2020-06-17 803 3100 0 0
2020-06-18 802 3100 0 0
2020-06-19 802 3100 0 0
2020-06-20 802 3100 0 0
2020-06-21 802 3100 0 0
2020-06-22 803 3100 0 0
2020-06-23 808 3100 0 0
2020-06-24 808 3100 0 0
2020-06-25 804 3100 0 0
2020-06-26 801 3100 0 0
2020-06-27 797 3100 0 0
2020-06-28 797 3100 0 0
2020-06-29 798 3100 0 0
2020-06-30 804 3100 0 0
2020-07-01 806 3100 0 0
2020-07-07 814 3100 0 0
2020-07-08 818 3100 0 0
2020-07-09 818 3100 0 0
2020-07-10 815 3100 0 0
2020-07-11 817 3100 0 0
2020-07-12 817 3100 0 0
2020-07-13 819 3100 0 0
2020-07-14 819 3100 0 0
2020-07-15 825 3100 0 0
2020-07-16 818 3100 0 0
2020-07-17 829 3100 0 0
2020-07-18 829 3100 0 0
2020-07-20 831 3100 0 0
2020-07-21 833 3100 0 0
2020-07-22 839 3100 0 0
2020-07-23 840 3100 0 0
2020-07-24 831 3100 0 0
2020-07-25 825 3100 0 0
2020-07-26 821 3100 0 0
2020-07-27 822 3100 0 0
2020-07-28 831 3100 0 0
2020-07-29 833 3100 0 0
2020-07-30 838 3100 0 0
2020-07-31 842 3100 0 0
2020-08-04 844 3100 0 0
2020-08-05 844 3100 0 0
2020-08-06 847 3100 0 0
2020-08-07 849 3100 0 0
2020-08-08 849 3100 0 0
2020-08-09 849 3100 0 0
2020-08-10 845 3100 0 0
2020-08-12 844 3100 0 0
2020-08-13 838 3100 0 0
2020-08-14 840 3100 0 0
2020-08-15 840 3100 0 0
2020-08-16 840 3100 0 0
2020-08-17 845 3100 0 0
2020-08-18 846 3100 0 0
2020-08-19 848 3100 0 0
2020-08-20 845 3100 0 0
2020-08-21 843 3100 0 0
2020-08-22 843 3100 0 0
2020-08-23 843 3100 0 0
2020-08-24 849 3100 0 0
2020-08-25 849 3100 0 0
2020-08-26 853 3100 0 0
2020-08-27 856 3100 0 0
2020-08-28 860 3100 0 0
2020-08-29 863 3100 0 0
2020-08-30 863 3100 0 0
2020-08-31 859 3100 0 0
2020-09-01 866 3100 0 0
2020-09-02 874 3100 0 0
2020-09-03 867 3100 0 0
2020-09-04 859 3100 0 0
2020-09-05 858 3100 0 0
2020-09-06 858 3100 0 0
2020-09-07 857 3100 0 0
2020-09-09 854 3100 0 0
2020-09-10 853 3100 0 0
2020-09-11 849 3100 0 0
2020-09-12 852 3100 0 0
2020-09-13 853 3100 0 0
2020-09-14 855 3100 0 0
2020-09-15 858 3100 0 0
2020-09-16 859 3100 0 0
2020-09-17 860 3100 0 0
2020-09-18 864 3100 0 0
2020-09-19 864 3100 0 0
2020-09-21 857 3100 0 0
2020-09-22 854 3100 0 0
2020-09-23 852 3100 0 0
2020-09-24 842 3100 0 0
2020-09-25 841 3100 0 0
2020-09-26 841 3100 0 0
2020-09-27 841 3100 0 0
2020-09-28 842 3100 0 0
2020-09-29 846 3100 0 0
2020-09-30 851 3100 0 0
2020-10-01 854 3100 0 0
2020-10-03 851 3100 0 0
2020-10-04 851 3100 0 0
2020-10-05 859 3100 0 0
2020-10-06 860 3100 0 0
2020-10-07 860 3100 0 0
2020-10-08 860 3100 0 0
2020-10-09 867 3100 0 0
2020-10-10 869 3100 0 0
2020-10-11 870 3100 0 0
2020-10-12 875 3100 0 0
2020-10-13 875 3100 0 0
2020-10-14 870 3100 0 0
2020-10-16 868 3100 0 0
2020-10-17 868 3100 0 0
2020-10-18 868 3100 0 0
2020-10-19 871 3100 0 0
2020-10-20 873 3100 0 0
2020-10-21 869 3100 0 0
2020-10-22 867 3100 0 0
2020-10-23 868 3100 0 0
2020-10-24 868 3100 0 0
2020-10-25 867 3100 0 0
2020-10-26 867 3100 0 0
2020-10-27 863 3100 0 0
2020-10-28 859 3100 0 0
2020-10-29 858 3100 0 0
2020-10-30 851 3100 0 0
2020-10-31 851 3100 0 0
2020-11-01 851 3100 0 0
2020-11-02 857 3100 0 0
2020-11-03 858 3100 0 0
2020-11-04 870 3100 0 0
2020-11-05 879 3100 0 0
2020-11-06 884 3100 0 0
2020-11-07 884 3100 0 0
2020-11-08 884 3100 0 0
2020-11-09 893 3100 0 0
2020-11-10 898 3100 0 0
2020-11-12 893 3100 0 0
2020-11-13 893 3100 0 0
2020-11-14 890 3100 0 0
2020-11-15 890 3100 0 0
2020-11-17 896 3100 0 0
2020-11-18 900 3100 0 0
2020-11-19 894 3100 0 0
2020-11-20 899 3100 0 0
2020-11-21 901 3100 0 0
2020-11-22 900 3100 0 0
2020-11-23 904 3100 0 0
2020-11-24 902 3100 0 0
2020-11-25 897 3100 0 0
2020-11-26 899 3100 0 0
2020-11-27 902 3100 0 0
2020-11-28 902 3100 0 0
2020-11-30 899 3100 0 0
2020-12-01 906 3100 0 0
2020-12-02 907 3100 0 0
2020-12-03 908 3100 0 0
2020-12-04 909 3100 0 0
2020-12-05 911 3100 0 0
2020-12-06 911 3100 0 0
2020-12-07 914 3100 0 0
2020-12-08 913 3100 0 0
2020-12-09 920 3100 0 0
2020-12-10 917 3100 0 0
2020-12-11 916 3100 0 0
2020-12-12 917 3100 0 0
2020-12-13 917 3100 0 0
2020-12-14 919 3100 0 0
2020-12-15 919 3100 0 0
2020-12-16 923 3100 0 0
2020-12-17 928 3100 0 0
2020-12-18 928 3100 0 0
2020-12-19 928 3100 0 0
2020-12-20 928 3100 0 0
2020-12-21 931 3100 0 0
2020-12-22 925 3100 0 0
2020-12-23 934 3100 0 0
2020-12-24 930 3100 0 0
2020-12-25 933 3100 0 0
2020-12-26 933 3100 0 0
2020-12-27 933 3100 0 0
2020-12-28 931 3100 0 0
2020-12-29 928 3100 0 0
2020-12-31 934 3100 0 0
2021-01-01 934 3100 0 0
2021-01-02 934 3100 0 0
2021-01-03 934 3100 0 0
2021-01-04 937 3100 0 0
2021-01-05 943 3100 0 0
2021-01-06 946 3100 0 0
2021-01-07 953 3100 0 0
2021-01-08 956 3100 0 0
2021-01-09 955 3100 0 0
2021-01-10 955 3100 0 0
2021-01-11 954 3100 0 0
2021-01-12 957 3100 0 0
2021-01-13 956 3100 0 0
2021-01-14 958 3100 0 0
2021-01-15 955 3100 0 0
2021-01-16 953 3100 0 0
2021-01-17 953 3100 0 0
2021-01-18 956 3100 0 0
2021-01-19 959 3100 0 0
2021-01-20 963 3100 0 0
2021-01-21 967 3100 0 0
2021-01-22 965 3100 0 0
2021-01-23 964 3100 0 0
2021-01-24 964 3100 0 0
2021-01-25 962 3100 0 0
2021-01-26 957 3100 0 0
2021-01-27 955 3100 0 0
2021-01-28 949 3100 0 0
2021-01-29 940 3100 0 0
2021-01-30 939 3100 0 0
2021-01-31 939 3100 0 0
2021-02-01 952 3100 0 0
2021-02-02 956 3100 0 0
2021-02-03 958 3100 0 0
2021-02-04 956 3100 0 0
2021-02-05 955 3100 0 0
2021-02-06 957 3100 0 0
2021-02-07 957 3100 0 0
2021-02-08 963 3100 0 0
2021-02-09 972 3100 0 0
2021-02-10 974 3100 0 0
2021-02-11 978 3100 0 0
2021-02-12 978 3100 0 0
2021-02-13 978 3100 0 0
2021-02-14 977 3100 0 0
2021-02-15 982 3100 0 0
2021-02-16 989 3100 0 0
2021-02-17 979 3100 0 0
2021-02-18 977 3100 0 0
2021-02-19 982 3100 0 0
2021-02-20 983 3100 0 0
2021-02-21 981 3100 0 0
2021-02-22 292 8115 5015 161.774
2021-02-23 294 8115 0 0
2021-02-24 291 8115 0 0
2021-02-25 290 8115 0 0
2021-02-26 284 8115 0 0
2021-02-27 281 8115 0 0
2021-02-28 281 8115 0 0
2021-03-01 288 8115 0 0
2021-03-02 289 8115 0 0
2021-03-03 290 8115 0 0
2021-03-04 290 8115 0 0
2021-03-05 292 8115 0 0
2021-03-06 297 8115 0 0
2021-03-07 302 8115 0 0
2021-03-08 295 8115 0 0
2021-03-09 304 7861 -254 -3.13
2021-03-11 307 7861 0 0
2021-03-12 310 7861 0 0
2021-03-13 309 7861 0 0
2021-03-14 310 7861 0 0
2021-03-15 310 7861 0 0
2021-03-16 314 7861 0 0
2021-03-18 312 7861 0 0
2021-03-19 312 7861 0 0
2021-03-20 310 7861 0 0
2021-03-21 310 7861 0 0
2021-03-22 311 7861 0 0
2021-03-23 310 7861 0 0
2021-03-24 303 7861 0 0
2021-03-25 304 7861 0 0
2021-03-26 308 7861 0 0
2021-03-27 308 7861 0 0
2021-03-28 308 7861 0 0
2021-03-29 309 7861 0 0
2021-03-30 311 7861 0 0
2021-03-31 309 7861 0 0
2021-04-01 313 7861 0 0
2021-04-02 313 7861 0 0
2021-04-03 313 7861 0 0
2021-04-04 313 7861 0 0
2021-04-05 313 7861 0 0
2021-04-06 317 7861 0 0
2021-04-07 315 7861 0 0
2021-04-08 316 7861 0 0
2021-04-09 321 7861 0 0
2021-04-10 320 7861 0 0
2021-04-11 320 7861 0 0
2021-04-12 318 7861 0 0
2021-04-13 319 7861 0 0
2021-04-14 326 7861 0 0
2021-04-15 323 7861 0 0
2021-04-16 322 7861 0 0
2021-04-17 323 7861 0 0
2021-04-18 323 7861 0 0
2021-04-19 325 7861 0 0
2021-04-20 324 7861 0 0
2021-04-21 327 7861 0 0
2021-04-22 327 7861 0 0
2021-04-23 331 7861 0 0
2021-04-24 331 7861 0 0
2021-04-25 333 7861 0 0
2021-04-26 336 7861 0 0
2021-04-27 334 7861 0 0
2021-04-28 335 7861 0 0
2021-04-29 339 7861 0 0
2021-04-30 336 7861 0 0
2021-05-01 332 7861 0 0
2021-05-02 332 7861 0 0
2021-05-03 334 7861 0 0
2021-05-04 335 7861 0 0
2021-05-05 334 7861 0 0
2021-05-06 334 7861 0 0
2021-05-07 334 7861 0 0
2021-05-08 337 7861 0 0
2021-05-09 337 7861 0 0
2021-05-10 339 7861 0 0
2021-05-11 342 7861 0 0
2021-05-12 335 7861 0 0
2021-05-13 328 7861 0 0
2021-05-14 332 7861 0 0
2021-05-15 336 7861 0 0
2021-05-16 336 7861 0 0
2021-05-17 337 7861 0 0
2021-05-18 344 7861 0 0
2021-05-19 340 7861 0 0
2021-05-20 343 7861 0 0
2021-05-21 343 7861 0 0
2021-05-22 344 7861 0 0
2021-05-23 344 7861 0 0
2021-05-24 349 7861 0 0
2021-05-25 346 7861 0 0
2021-05-26 347 7861 0 0
2021-05-27 347 7861 0 0
2021-05-28 344 7861 0 0
2021-05-29 348 7861 0 0
2021-05-30 348 7861 0 0
2021-05-31 349 7861 0 0
2021-06-01 350 7861 0 0
2021-06-02 350 7861 0 0
2021-06-03 349 7861 0 0
2021-06-04 354 7861 0 0
2021-06-05 353 7861 0 0
2021-06-06 353 7861 0 0
2021-06-07 352 7861 0 0
2021-06-08 352 7861 0 0
2021-06-09 352 7861 0 0
2021-06-10 354 7861 0 0
2021-06-11 353 7861 0 0
2021-06-12 353 7861 0 0
2021-06-13 353 7861 0 0
2021-06-14 353 7861 0 0
2021-06-16 352 7861 0 0
2021-06-17 346 7861 0 0
2021-06-18 339 7861 0 0
2021-06-19 339 7861 0 0
2021-06-20 339 7861 0 0
2021-06-21 340 7861 0 0
2021-06-22 343 7861 0 0
2021-06-23 342 7861 0 0
2021-06-24 345 7861 0 0
2021-06-25 346 7861 0 0
2021-06-26 348 7861 0 0
2021-06-27 348 7861 0 0
2021-06-28 349 7861 0 0
2021-06-29 348 7861 0 0
2021-06-30 349 7861 0 0
2021-07-01 344 7861 0 0
2021-07-02 345 7861 0 0
2021-07-03 345 7861 0 0
2021-07-04 345 7861 0 0
2021-07-05 343 7861 0 0
2021-07-06 341 7861 0 0
2021-07-07 340 7861 0 0
2021-07-08 336 7861 0 0
2021-07-09 334 7861 0 0
2021-07-10 337 7861 0 0
2021-07-11 337 7861 0 0
2021-07-12 342 7861 0 0
2021-07-13 340 7861 0 0
2021-07-14 344 7861 0 0
2021-07-15 345 7861 0 0
2021-07-16 343 7861 0 0
2021-07-17 339 7861 0 0
2021-07-18 339 7861 0 0
2021-07-19 336 7861 0 0
2021-07-20 338 7861 0 0
2021-07-21 341 7861 0 0
2021-07-22 344 7861 0 0
2021-07-23 344 7861 0 0
2021-07-24 345 7861 0 0
2021-07-25 345 7861 0 0
2021-07-26 339 7861 0 0
2021-07-27 333 7861 0 0
2021-07-28 333 7861 0 0
2021-07-29 335 7861 0 0
2021-07-30 338 7861 0 0
2021-07-31 337 7861 0 0
2021-08-01 337 7861 0 0
2021-08-02 339 7861 0 0
2021-08-03 342 7861 0 0
2021-08-04 340 7861 0 0
2021-08-05 341 7861 0 0
2021-08-06 339 7861 0 0
2021-08-07 338 7861 0 0
2021-08-08 338 7861 0 0
2021-08-09 342 7861 0 0
2021-08-10 346 7861 0 0
2021-08-11 349 7861 0 0
2021-08-13 344 7861 0 0
2021-08-14 345 7861 0 0
2021-08-15 345 7861 0 0
2021-08-16 346 7861 0 0
2021-08-17 341 7861 0 0
2021-08-18 343 7861 0 0
2021-08-19 340 7861 0 0
2021-08-20 336 7861 0 0
2021-08-21 336 7861 0 0
2021-08-22 336 7861 0 0
2021-08-23 337 7861 0 0
2021-08-24 342 7861 0 0
2021-08-25 349 7861 0 0
2021-08-26 349 7861 0 0
2021-08-27 342 7861 0 0
2021-08-28 347 7861 0 0
2021-08-29 347 7861 0 0
2021-08-30 352 7861 0 0
2021-08-31 349 7861 0 0
2021-09-01 356 7861 0 0
2021-09-02 361 7861 0 0
2021-09-03 362 7861 0 0
2021-09-04 359 7861 0 0
2021-09-05 359 7861 0 0
2021-09-06 359 7861 0 0
2021-09-07 360 7861 0 0
2021-09-08 354 7861 0 0
2021-09-09 354 7861 0 0
2021-09-10 349 7861 0 0
2021-09-11 350 7861 0 0
2021-09-12 350 7861 0 0
2021-09-13 350 7861 0 0
2021-09-14 352 7861 0 0
2021-09-15 348 7861 0 0
2021-09-16 343 7861 0 0
2021-09-17 350 7861 0 0
2021-09-18 350 7861 0 0
2021-09-19 349 7861 0 0
2021-09-20 347 7861 0 0
2021-09-21 343 7861 0 0
2021-09-22 343 7861 0 0
2021-09-23 344 7861 0 0
2021-09-24 343 7861 0 0
2021-09-25 341 7861 0 0
2021-09-26 341 7861 0 0
2021-09-27 341 7861 0 0
2021-09-28 336 7861 0 0
2021-09-29 333 7861 0 0
2021-09-30 341 7861 0 0
2021-10-01 336 7861 0 0
2021-10-02 338 7861 0 0
2021-10-03 338 7861 0 0
2021-10-04 335 7861 0 0
2021-10-05 336 7861 0 0
2021-10-06 338 7861 0 0
2021-10-07 346 7861 0 0
2021-10-08 337 7861 0 0
2021-10-09 336 7861 0 0
2021-10-10 336 7861 0 0
2021-10-11 334 7861 0 0
2021-10-12 334 7861 0 0
2021-10-13 340 7861 0 0
2021-10-14 342 7861 0 0
2021-10-15 348 7861 0 0
2021-10-16 344 7861 0 0
2021-10-17 343 7861 0 0
2021-10-18 345 7861 0 0
2021-10-19 346 7861 0 0
2021-10-20 348 7861 0 0
2021-10-21 349 7861 0 0
2021-10-22 349 7861 0 0
2021-10-23 349 7861 0 0
2021-10-25 352 7861 0 0
2021-10-26 352 7861 0 0
2021-10-27 350 7861 0 0
2021-10-28 352 7861 0 0
2021-10-29 351 7861 0 0
2021-10-30 351 7861 0 0
2021-10-31 351 7861 0 0
2021-11-01 356 7861 0 0
2021-11-02 354 7861 0 0
2021-11-03 356 7861 0 0
2021-11-04 355 7861 0 0
2021-11-05 352 7861 0 0
2021-11-06 352 7861 0 0
2021-11-07 352 7861 0 0
2021-11-08 354 7861 0 0
2021-11-09 353 7861 0 0
2021-11-10 352 7861 0 0
2021-11-11 351 7861 0 0
2021-11-12 350 7861 0 0
2021-11-13 350 7861 0 0
2021-11-14 350 7861 0 0
2021-11-15 348 7861 0 0
2021-11-16 354 7861 0 0
2021-11-17 356 7861 0 0
2021-11-18 354 7861 0 0
2021-11-19 351 7861 0 0
2021-11-20 351 7861 0 0
2021-11-21 351 7861 0 0
2021-11-22 347 7861 0 0
2021-11-23 348 7861 0 0
2021-11-24 352 7861 0 0
2021-11-25 355 7861 0 0
2021-11-26 349 7861 0 0
2021-11-27 347 7861 0 0
2021-11-28 347 7861 0 0
2021-11-29 347 7861 0 0
2021-11-30 343 7861 0 0
2021-12-01 339 7861 0 0
2021-12-02 336 7861 0 0
2021-12-03 340 7861 0 0
2021-12-04 339 7861 0 0
2021-12-05 339 7861 0 0
2021-12-06 342 7861 0 0
2021-12-07 345 7861 0 0
2021-12-08 345 7861 0 0
2021-12-09 349 7861 0 0
2021-12-10 352 7861 0 0
2021-12-11 352 7861 0 0
2021-12-12 352 7861 0 0
2021-12-13 346 7861 0 0
2021-12-14 343 7861 0 0
2021-12-15 340 7861 0 0
2021-12-16 343 7861 0 0
2021-12-17 345 7861 0 0
2021-12-18 344 7861 0 0
2021-12-19 345 7861 0 0
2021-12-20 339 7861 0 0
2021-12-21 345 7861 0 0
2021-12-22 348 7861 0 0
2021-12-23 350 7861 0 0
2021-12-24 350 7861 0 0
2021-12-25 350 7861 0 0
2021-12-26 350 7861 0 0
2021-12-27 351 7861 0 0
2021-12-28 351 7861 0 0
2021-12-29 348 7861 0 0
2021-12-30 351 7861 0 0
2021-12-31 352 7861 0 0
2022-01-02 353 7861 0 0
2022-01-03 349 7861 0 0
2022-01-04 350 7861 0 0
2022-01-05 345 7861 0 0
2022-01-06 345 7861 0 0
2022-01-07 341 7861 0 0
2022-01-08 341 7861 0 0
2022-01-09 341 7861 0 0
2022-01-10 341 7861 0 0
2022-01-11 337 7861 0 0
2022-01-12 339 7861 0 0
2022-01-13 337 7861 0 0
2022-01-14 332 7861 0 0
2022-01-15 331 7861 0 0
2022-01-16 331 7861 0 0
2022-01-17 331 7861 0 0
2022-01-18 330 7861 0 0
2022-01-19 325 7861 0 0
2022-01-20 326 7861 0 0
2022-01-22 321 7861 0 0
2022-01-23 321 7861 0 0
2022-01-24 321 7861 0 0
2022-01-25 316 7861 0 0
2022-01-26 315 7861 0 0
2022-01-27 310 7861 0 0
2022-01-28 310 7861 0 0
2022-01-29 310 7861 0 0
2022-01-30 310 7861 0 0
2022-01-31 316 7861 0 0
2022-02-01 321 7861 0 0
2022-02-02 322 7861 0 0
2022-02-03 321 7861 0 0
2022-02-04 323 7861 0 0
2022-02-05 323 7861 0 0
2022-02-06 323 7861 0 0
2022-02-07 321 7861 0 0
2022-02-08 322 7861 0 0
2022-02-09 325 7861 0 0
2022-02-10 325 7861 0 0
2022-02-11 323 7861 0 0
2022-02-12 320 7861 0 0
2022-02-13 322 7861 0 0
2022-02-14 319 7861 0 0
2022-02-15 320 7861 0 0
2022-02-16 321 7861 0 0
2022-02-17 326 7861 0 0
2022-02-18 324 7861 0 0
2022-02-19 325 7861 0 0
2022-02-20 325 7861 0 0
2022-02-21 322 7861 0 0
2022-02-22 321 7861 0 0
2022-02-23 317 7861 0 0
2022-02-24 317 7861 0 0
2022-02-25 313 7861 0 0
2022-02-26 295 8146.229 285.229 3.628
2022-02-27 296 8146.229 0 0
2022-02-28 299 8146.229 0 0
2022-03-01 293 8146.229 0 0
2022-03-02 290 8146.229 0 0
2022-03-03 284 8146.229 0 0
2022-03-04 283 8146.229 0 0
2022-03-05 280 8146.229 0 0
2022-03-06 280 8146.229 0 0
2022-03-07 275 8146.229 0 0
2022-03-08 268 8146.229 0 0
2022-03-09 271 8146.229 0 0
2022-03-10 274 8146.229 0 0
2022-03-11 270 8146.229 0 0
2022-03-12 272 8146.229 0 0
2022-03-13 272 8146.229 0 0
2022-03-14 271 8146.229 0 0
2022-03-15 266 8146.229 0 0
2022-03-16 276 8146.229 0 0
2022-03-17 281 8146.229 0 0
2022-03-18 282 8146.229 0 0
2022-03-19 282 8146.229 0 0
2022-03-20 282 8146.229 0 0
2022-03-21 279 8146.229 0 0
2022-03-22 285 8146.229 0 0
2022-03-23 283 8146.229 0 0
2022-03-24 278 8146.229 0 0
2022-03-26 281 8146.229 0 0
2022-03-27 281 8146.229 0 0
2022-03-28 285 8146.229 0 0
2022-03-29 291 8146.229 0 0
2022-03-30 292 8146.229 0 0
2022-04-01 289 8146.229 0 0
2022-04-02 292 8146.229 0 0
2022-04-03 292 8146.229 0 0
2022-04-05 297 8146.229 0 0
2022-04-06 293 8146.229 0 0
2022-04-07 291 8146.229 0 0
2022-04-08 289 8146.229 0 0
2022-04-09 291 8146.229 0 0
2022-04-10 291 8146.229 0 0
2022-04-11 288 8146.229 0 0
2022-04-12 287 8146.229 0 0
2022-04-13 287 8146.229 0 0
2022-04-14 288 8146.229 0 0
2022-04-15 282 8146.229 0 0
2022-04-16 282 8146.229 0 0
2022-04-17 282 8146.229 0 0
2022-04-18 280 8146.229 0 0
2022-04-19 282 8146.229 0 0
2022-04-20 281 8146.229 0 0
2022-04-21 286 8146.229 0 0
2022-04-22 278 8146.229 0 0
2022-04-23 274 8146.229 0 0
2022-04-24 274 8146.229 0 0
2022-04-25 271 8146.229 0 0
2022-04-26 263 8146.229 0 0
2022-04-27 267 8146.229 0 0
2022-04-28 268 8146.229 0 0
2022-04-29 267 8146.229 0 0
2022-04-30 268 8146.229 0 0
2022-05-01 268 8146.229 0 0
2022-05-02 267 8146.229 0 0
2022-05-03 267 8146.229 0 0
2022-05-04 266 8146.229 0 0
2022-05-05 264 8146.229 0 0
2022-05-06 257 8146.229 0 0
2022-05-07 258 8146.229 0 0
2022-05-08 258 8146.229 0 0
2022-05-09 252 8146.229 0 0
2022-05-10 247 8146.229 0 0
2022-05-11 248 8146.229 0 0
2022-05-12 244 8146.229 0 0
2022-05-13 250 8146.229 0 0
2022-05-14 250 8146.229 0 0
2022-05-15 250 8146.229 0 0
2022-05-16 248 8146.229 0 0
2022-05-17 250 8146.229 0 0
2022-05-18 248 8146.229 0 0
2022-05-19 245 8146.229 0 0
2022-05-20 246 8146.229 0 0
2022-05-21 246 8146.229 0 0
2022-05-22 246 8146.229 0 0
2022-05-23 247 8146.229 0 0
2022-05-24 246 8146.229 0 0
2022-05-25 244 8146.229 0 0
2022-05-26 249 8146.229 0 0
2022-05-27 257 8146.229 0 0
2022-05-28 263 8146.229 0 0
2022-05-29 263 8146.229 0 0
2022-05-30 265 8146.229 0 0
2022-05-31 266 8146.229 0 0
2022-06-01 264 8146.229 0 0
2022-06-02 260 8146.229 0 0
2022-06-03 258 8146.229 0 0
2022-06-04 259 8146.229 0 0
2022-06-05 259 8146.229 0 0
2022-06-06 261 8146.229 0 0
2022-06-07 260 8146.229 0 0
2022-06-08 263 8146.229 0 0
2022-06-11 249 8146.229 0 0
2022-06-12 249 8146.229 0 0
2022-06-13 245 8146.229 0 0
2022-06-14 243 8146.229 0 0
2022-06-15 244 8146.229 0 0
2022-06-16 240 8146.229 0 0
2022-06-17 241 8146.229 0 0
2022-06-18 241 8146.229 0 0
2022-06-19 241 8146.229 0 0
2022-06-20 241 8146.229 0 0
2022-06-21 243 8146.229 0 0
2022-06-22 243 8146.229 0 0
2022-06-24 251 8146.229 0 0
2022-06-25 251 8146.229 0 0
2022-06-26 251 8146.229 0 0
2022-06-27 249 8146.229 0 0
2022-06-28 248 8146.229 0 0
2022-06-29 246 8146.229 0 0
2022-06-30 246 8146.229 0 0
2022-07-01 246 8146.229 0 0
2022-07-02 246 8146.229 0 0
2022-07-03 246 8146.229 0 0
2022-07-04 245 8146.229 0 0
2022-07-05 243 8146.229 0 0
2022-07-06 241 8146.229 0 0
2022-07-07 243 8146.229 0 0
2022-07-08 243 8146.229 0 0
2022-07-09 243 8146.229 0 0
2022-07-10 243 8146.229 0 0
2022-07-11 244 8146.229 0 0
2022-07-12 242 8146.229 0 0
2022-07-13 242 8146.229 0 0
2022-07-14 243 8146.229 0 0
2022-07-15 241 8146.229 0 0
2022-07-16 243 8146.229 0 0
2022-07-17 243 8146.229 0 0
2022-07-18 241 8146.229 0 0
2022-07-19 249 8146.229 0 0
2022-07-20 252 8146.229 0 0
2022-07-21 248 8146.229 0 0
2022-07-22 249 8146.229 0 0
2022-07-23 249 8146.229 0 0
2022-07-24 249 8146.229 0 0
2022-07-25 249 8146.229 0 0
2022-07-26 249 8146.229 0 0
2022-07-27 249 8146.229 0 0
2022-07-28 250 8146.229 0 0
2022-07-29 254 8146.229 0 0
2022-07-30 255 8146.229 0 0
2022-07-31 255 8146.229 0 0
2022-08-01 256 8146.229 0 0
2022-08-02 255 8146.229 0 0
2022-08-03 256 8146.229 0 0
2022-08-04 254 8146.229 0 0
2022-08-05 255 8146.229 0 0
2022-08-06 256 8146.229 0 0
2022-08-07 256 8146.229 0 0
2022-08-08 258 8146.229 0 0
2022-08-09 259 8146.229 0 0
2022-08-10 264 8146.229 0 0
2022-08-11 264 8146.229 0 0
2022-08-12 264 8146.229 0 0
2022-08-13 261 8146.229 0 0
2022-08-14 261 8146.229 0 0
2022-08-15 265 8146.229 0 0
2022-08-16 264 8146.229 0 0
2022-08-17 259 8146.229 0 0
2022-08-18 266 8146.229 0 0
2022-08-19 262 8146.229 0 0
2022-08-20 260 8146.229 0 0
2022-08-21 260 8146.229 0 0
2022-08-22 259 8146.229 0 0
2022-08-23 258 8146.229 0 0
2022-08-24 257 8146.229 0 0
2022-08-25 258 8146.229 0 0
2022-08-26 259 8146.229 0 0
2022-08-27 259 8146.229 0 0
2022-08-28 259 8146.229 0 0
2022-08-29 257 8146.229 0 0
2022-08-30 256 8146.229 0 0
2022-08-31 253 8146.229 0 0
2022-09-01 256 8146.229 0 0
2022-09-03 253 8146.229 0 0
2022-09-04 253 8146.229 0 0
2022-09-05 251 8146.229 0 0
2022-09-06 252 8146.229 0 0
2022-09-07 249 8146.229 0 0
2022-09-08 253 8146.229 0 0
2022-09-09 254 8146.229 0 0
2022-09-11 257 8146.229 0 0
2022-09-12 257 8146.229 0 0
2022-09-13 253 8146.229 0 0
2022-09-14 250 8146.229 0 0
2022-09-15 250 8146.229 0 0
2022-09-16 242 8146.229 0 0
2022-09-17 241 8146.229 0 0
2022-09-18 241 8146.229 0 0
2022-09-19 243 8146.229 0 0
2022-09-20 242 8146.229 0 0
2022-09-21 237 8146.229 0 0
2022-09-22 235 8146.229 0 0
2022-09-23 230 8146.229 0 0
2022-09-24 229 8146.229 0 0
2022-09-25 229 8146.229 0 0
2022-09-26 226 8146.229 0 0
2022-09-27 230 8146.229 0 0
2022-09-28 229 8146.229 0 0
2022-09-29 229 8146.229 0 0
2022-09-30 225 8146.229 0 0
2022-10-01 229 8146.229 0 0
2022-10-02 229 8146.229 0 0
2022-10-03 229 8146.229 0 0
2022-10-04 232 8146.229 0 0
2022-10-05 232 8146.229 0 0
2022-10-06 231 8146.229 0 0
2022-10-07 230 8146.229 0 0
2022-10-08 229 8146.229 0 0
2022-10-09 229 8146.229 0 0
2022-10-10 225 8146.229 0 0
2022-10-11 222 8146.229 0 0
2022-10-12 224 8146.229 0 0
2022-10-13 226 8146.229 0 0
2022-10-14 226 8146.229 0 0
2022-10-15 225 8146.229 0 0
2022-10-16 224 8146.229 0 0
2022-10-17 227 8146.229 0 0
2022-10-18 228 8146.229 0 0
2022-10-19 226 8146.229 0 0
2022-10-20 227 8146.229 0 0
2022-10-21 226 8146.229 0 0
2022-10-22 221 8146.229 0 0
2022-10-23 220 8146.229 0 0
2022-10-24 217 8146.229 0 0
2022-10-25 221 8146.229 0 0
2022-10-26 226 8146.229 0 0
2022-10-27 228 8146.229 0 0
2022-10-28 227 8146.229 0 0
2022-10-29 224 8146.229 0 0
2022-10-30 224 8146.229 0 0
2022-10-31 222 8146.229 0 0
2022-11-01 224 8146.229 0 0
2022-11-02 221 8146.229 0 0
2022-11-03 221 8146.229 0 0
2022-11-04 223 8146.229 0 0
2022-11-05 227 8146.229 0 0
2022-11-06 227 8146.229 0 0
2022-11-07 227 8146.229 0 0
2022-11-08 229 8146.229 0 0
2022-11-09 228 8146.229 0 0
2022-11-10 228 8146.229 0 0
2022-11-11 233 8146.229 0 0
2022-11-12 236 8146.229 0 0
2022-11-13 236 8146.229 0 0
2022-11-14 235 8146.229 0 0
2022-11-15 239 8146.229 0 0
2022-11-16 240 8146.229 0 0
2022-11-17 235 8146.229 0 0
2022-11-18 232 8146.229 0 0
2022-11-19 232 8146.229 0 0
2022-11-20 232 8146.229 0 0
2022-11-21 232 8146.229 0 0
2022-11-22 232 8146.229 0 0
2022-11-23 235 8146.229 0 0
2022-11-24 235 8146.229 0 0
2022-11-25 234 8146.229 0 0
2022-11-26 234 8146.229 0 0
2022-11-27 234 8146.229 0 0
2022-11-28 234 8146.229 0 0
2022-11-29 237 8146.229 0 0
2022-11-30 239 8146.229 0 0
2022-12-02 242 8146.229 0 0
2022-12-04 242 8146.229 0 0
2022-12-05 243 8146.229 0 0
2022-12-06 242 8146.229 0 0
2022-12-07 240 8146.229 0 0
2022-12-08 240 8146.229 0 0
2022-12-09 241 8146.229 0 0
2022-12-10 242 8146.229 0 0
2022-12-11 242 8146.229 0 0
2022-12-12 241 8146.229 0 0
2022-12-13 241 8146.229 0 0
2022-12-14 243 8146.229 0 0
2022-12-15 241 8146.229 0 0
2022-12-16 241 8146.229 0 0
2022-12-17 241 8146.229 0 0
2022-12-18 241 8146.229 0 0
2022-12-19 240 8146.229 0 0
2022-12-20 240 8146.229 0 0
2022-12-21 239 8146.229 0 0
2022-12-22 240 8146.229 0 0
2022-12-23 239 8146.229 0 0
2022-12-24 240 8146.229 0 0
2022-12-25 240 8146.229 0 0
2022-12-26 240 8146.229 0 0
2022-12-27 240 8146.229 0 0
2022-12-28 239 8146.229 0 0
2022-12-29 238 8146.229 0 0
2022-12-30 238 8146.229 0 0
2022-12-31 237 8146.229 0 0
2023-01-02 237 8146.229 0 0
2023-01-03 241 8146.229 0 0
2023-01-04 244 8146.229 0 0
2023-01-05 243 8146.229 0 0
2023-01-07 245 8146.229 0 0
2023-01-08 245 8146.229 0 0
2023-01-09 250 8146.229 0 0
2023-01-10 251 8146.229 0 0
2023-01-11 251 8146.229 0 0
2023-01-14 252 8146.229 0 0
2023-01-16 249 8146.229 0 0
2023-01-17 250 8146.229 0 0
2023-01-20 249 8146.229 0 0
2023-01-21 250 8146.229 0 0
2023-01-22 250 8146.229 0 0
2023-01-23 253 8146.229 0 0
2023-01-24 254 8146.229 0 0
2023-01-25 254 8146.229 0 0
2023-01-27 254 8146.229 0 0
2023-01-29 254 8146.229 0 0
2023-01-30 252 8146.229 0 0
2023-01-31 255 8146.229 0 0
2023-02-01 256 8146.229 0 0
2023-02-02 261 8146.229 0 0
2023-02-03 265 8146.229 0 0
2023-02-04 265 8146.229 0 0
2023-02-05 259 8146.229 0 0
2023-02-06 259 8146.229 0 0
2023-02-07 257 8146.229 0 0
2023-02-08 258 8146.229 0 0
2023-02-09 257 8146.229 0 0
2023-02-10 257 8146.229 0 0
2023-02-11 257 8146.229 0 0
2023-02-12 257 8146.229 0 0
2023-02-13 261 8146.229 0 0
2023-02-14 260 8146.229 0 0
2023-02-15 260 8146.229 0 0
2023-02-16 260 8146.229 0 0
2023-02-17 256 8146.229 0 0
2023-02-18 256 8146.229 0 0
2023-02-19 256 8146.229 0 0
2023-02-20 256 8146.229 0 0
2023-02-21 278 7868.229 -278 -3.413
2023-02-22 276 7868.229 0 0
2023-02-23 277 7868.229 0 0
2023-02-24 272 7868.229 0 0
2023-02-25 272 7868.229 0 0
2023-02-27 272 7868.229 0 0
2023-03-02 270 7868.229 0 0
2023-03-03 271 7868.229 0 0
2023-03-04 272 7868.229 0 0
2023-03-06 270 7868.229 0 0
2023-03-07 318 7138.229 -730 -9.278
2023-03-08 320 7138.229 0 0
2023-03-09 317 7138.229 0 0
2023-03-10 317 7138.229 0 0
2023-03-11 314 7138.229 0 0
2023-03-12 314 7138.229 0 0
2023-03-13 315 7138.229 0 0
2023-04-06 350 6914.214 -224.015 -3.138
2023-04-07 349 6914.214 0 0
2023-04-08 347 6914.214 0 0
2023-04-09 347 6914.214 0 0
2023-04-10 355 6905.253 -8.961 -0.13
2023-04-11 353 6909.92 4.667 0.068
2023-04-12 354 6918.695 8.775 0.127
2023-04-13 352 6929.897 11.202 0.162
2023-04-14 357 6928.03 -1.867 -0.027
2023-04-15 357 6928.03 0 0
2023-04-16 357 6928.03 0 0
2023-04-17 358 6925.603 -2.427 -0.035
2023-04-18 356 6913.094 -12.509 -0.181
2023-04-19 351 6946.7 33.606 0.486
2023-04-20 350 6947.447 0.747 0.011
2023-04-21 345 6972.838 25.391 0.365
2023-04-22 345 6972.838 0 0
2023-04-23 345 6972.838 0 0
2023-04-24 342 6984.04 11.202 0.161
2023-04-25 340 7009.431 25.391 0.364
2023-04-26 337 7021.38 11.949 0.17
2023-04-27 334 7041.544 20.164 0.287
2023-04-28 337 7043.784 2.24 0.032
2023-04-29 338 7043.784 0 0
2023-05-01 338 7044.157 0.373 0.005
2023-05-02 333 7036.316 -7.841 -0.111
2023-05-03 332 7043.784 7.468 0.106
2023-05-04 334 7058.72 14.936 0.212
2023-05-06 339 7036.689 -22.031 -0.312
2023-05-07 339 7036.689 0 0
2023-05-08 340 7044.157 7.468 0.106
2023-05-09 333 7056.853 12.696 0.18
2023-05-10 333 7066.561 9.708 0.138
2023-05-11 335 7077.39 10.829 0.153
2023-05-12 330 7058.556 -18.834 -0.266
2023-05-13 329 7058.556 0 0
2023-05-14 329 7058.556 0 0
2023-05-15 334 7045.651 -12.905 -0.183
2023-05-16 330 7062.827 17.176 0.244
2023-05-17 327 7056.106 -6.721 -0.095
2023-05-19 332 7036.316 -19.79 -0.28
2023-05-20 332 7036.316 0 0
2023-05-21 332 7036.316 0 0
2023-05-22 337 7032.955 -3.361 -0.048
2023-05-23 331 7032.955 0 0
2023-05-24 331 6991.508 -41.447 -0.589
2023-05-25 329 7017.833 26.325 0.377
2023-05-26 328 7014.659 -3.174 -0.045
2023-05-27 330 7014.659 0 0
2023-05-28 330 7014.659 0 0
2023-05-29 327 7014.659 0 0
2023-05-30 328 7009.058 -5.601 -0.08
2023-05-31 325 7019.886 10.828 0.154
2023-06-01 327 7018.766 -1.12 -0.016
2023-06-02 327 7032.209 13.443 0.192
2023-06-03 329 7032.209 0 0
2023-06-04 329 7032.209 0 0
2023-06-05 329 7025.114 -7.095 -0.101
2023-06-06 328 7030.715 5.601 0.08
2023-06-07 329 7030.715 0 0
2023-06-08 329 7030.342 -0.373 -0.005
2023-06-09 332 7028.475 -1.867 -0.027
2023-06-10 332 7028.475 0 0
2023-06-11 333 7028.475 0 0
2023-06-12 336 7030.715 2.24 0.032
2023-06-13 338 7030.715 0 0
2023-06-14 340 7030.715 0 0
2023-06-16 352 7018.393 -12.322 -0.175
2023-06-17 352 7018.393 0 0
2023-06-18 352 7018.393 0 0
2023-06-19 348 7018.393 0 0
2023-06-20 346 7034.449 16.056 0.229
2023-06-21 341 7020.633 -13.816 -0.196
2023-06-22 341 7018.766 -1.867 -0.027
2023-06-23 339 7018.766 0 0
2023-06-24 337 7018.766 0 0
2023-06-25 337 7018.766 0 0
2023-06-26 335 7005.324 -13.442 -0.192
2023-06-27 341 7001.216 -4.108 -0.059
2023-06-28 344 7005.697 4.481 0.064
2023-06-29 341 6995.615 -10.082 -0.144
2023-06-30 345 6996.362 0.747 0.011
2023-07-01 348 6996.362 0 0
2023-07-02 348 6996.362 0 0
2023-07-03 349 6997.856 1.494 0.021
2023-07-04 347 6997.856 0 0
2023-07-06 346 6979.373 -18.483 -0.264
2023-07-07 343 6979.563 0.19 0.003
2023-07-08 346 6979.563 0 0
2023-07-09 346 6979.563 0 0
2023-07-10 349 6974.612 -4.951 -0.071
2023-07-11 348 6981.613 7.001 0.1
2023-07-12 352 6984.787 3.174 0.045
2023-07-13 359 6989.174 4.387 0.063
2023-07-14 367 6977.438 -11.736 -0.168
2023-07-15 367 6977.438 0 0
2023-07-16 367 6977.438 0 0
2023-07-17 368 6975.325 -2.113 -0.03
2023-07-18 364 6981.057 5.732 0.082
2023-07-19 369 6982.546 1.489 0.021
2023-07-20 368 6972.838 -9.708 -0.139
2023-07-21 360 6981.053 8.215 0.118
2023-07-22 359 6981.053 0 0
2023-07-23 359 6981.053 0 0
2023-07-24 361 6978.439 -2.614 -0.037
2023-07-25 367 6975.65 -2.789 -0.04
2023-07-26 369 6979.701 4.051 0.058
2023-07-27 367 6989.268 9.567 0.137
2023-07-28 367 7002.71 13.442 0.192
2023-07-29 367 7002.71 0 0
2023-07-30 367 7002.71 0 0
2023-07-31 365 7023.994 21.284 0.304
2023-08-01 365 6996.549 -27.445 -0.391
2023-08-02 362 6996.549 0 0
2023-08-04 363 6990.014 -6.535 -0.093
2023-08-05 364 6990.014 0 0
2023-08-06 364 6990.014 0 0
2023-08-07 359 7036.316 46.302 0.662
2023-08-08 361 7028.661 -7.655 -0.109
2023-08-09 360 7001.59 -27.071 -0.385
2023-08-10 361 7012.045 10.455 0.149
2023-08-11 358 7010.738 -1.307 -0.019
2023-08-12 358 7010.738 0 0
2023-08-13 358 7010.738 0 0
2023-08-14 354 7010.738 0 0
2023-08-15 351 7005.324 -5.414 -0.077
2023-08-16 352 6995.242 -10.082 -0.144
2023-08-17 350 6994.869 -0.373 -0.005
2023-08-18 353 6988.894 -5.975 -0.085
2023-08-19 353 6988.894 0 0
2023-08-20 353 6988.894 0 0
2023-08-21 351 6965.747 -23.147 -0.331
2023-08-22 354 6974.705 8.958 0.129
2023-08-23 351 6966.49 -8.215 -0.118
2023-08-24 353 6969.477 2.987 0.043
2023-08-26 352 6977.879 8.402 0.121
2023-08-27 352 6977.879 0 0
2023-08-28 355 6951.928 -25.951 -0.372
2023-08-29 359 6946.327 -5.601 -0.081
2023-08-30 364 6937.738 -8.589 -0.124
2023-08-31 365 6908.613 -29.125 -0.42
2023-09-01 368 6920.562 11.949 0.173
2023-09-02 367 6920.562 0 0
2023-09-03 367 6920.562 0 0
2023-09-04 369 6920.562 0 0
2023-09-05 368 6909.364 -11.198 -0.162
2023-09-06 364 6909.364 0 0
2023-09-07 361 6927.657 18.293 0.265
2023-09-08 366 6926.906 -0.751 -0.011
2023-09-09 365 6926.906 0 0
2023-09-10 368 6926.906 0 0
2023-09-12 369 6918.695 -8.211 -0.119
2023-09-14 375 6900.025 -1.867 -0.027
2023-09-15 374 6882.849 -17.176 -0.249
2023-09-17 373 6882.849 0 0
2023-09-18 375 6865 -17.849 -0.259
2023-09-19 374 6853.35 -11.65 -0.17
2023-09-20 373 6853.35 0 0
2023-09-21 365 6844.762 -8.588 -0.125
2023-09-22 367 6852.23 7.468 0.109
2023-09-23 367 6852.23 0 0
2023-09-24 367 6852.23 0 0
2023-09-25 367 6856.711 4.481 0.065
2023-09-26 367 6857.457 0.746 0.011
2023-09-27 369 6860.445 2.988 0.044
2023-09-28 366 6862.312 1.867 0.027
2023-09-29 369 6865.299 2.987 0.044
2023-10-01 369 6865.299 0 0
2023-10-02 368 6864.552 -0.747 -0.011
2023-10-03 364 6861.191 -3.361 -0.049
2023-10-04 361 6866.419 5.228 0.076
2023-10-05 360 6869.22 2.801 0.041
2023-10-06 364 6864.552 -4.668 -0.068
2023-10-07 364 6864.552 0 0
2023-10-08 364 6864.552 0 0
2023-10-09 367 6869.78 5.228 0.076
2023-10-10 368 6869.966 0.186 0.003
2023-10-11 374 6857.084 -12.882 -0.188
2023-10-12 374 6872.016 14.932 0.218
2023-10-13 362 6870.153 -1.863 -0.027
2023-10-14 361 6870.153 0 0
2023-10-15 361 6870.153 0 0
2023-10-16 361 6867.539 -2.614 -0.038
2023-10-17 363 6866.419 -1.12 -0.016
2023-10-18 360 6864.552 -1.867 -0.027
2023-10-19 356 6853.727 -10.825 -0.158
2023-10-21 353 6849.616 -4.111 -0.06
2023-10-26 343 6852.23 2.614 0.038
2023-10-27 345 6845.509 -4.107 -0.06
2023-10-28 346 6845.509 0 0
2023-10-29 346 6845.509 0 0
2023-10-30 348 6845.135 -0.374 -0.005
2023-10-31 348 6842.895 -2.24 -0.033
2023-11-01 348 6849.616 6.721 0.098
2023-11-02 348 6849.243 -0.373 -0.005
2023-11-03 356 6846.633 -2.61 -0.038
2023-11-04 359 6846.633 0 0
2023-11-05 359 6846.633 0 0
2023-11-06 361 6860.818 14.185 0.207
2023-11-07 360 6870.153 9.335 0.136
2023-11-08 361 6867.913 -2.24 -0.033
2023-11-09 359 6872.02 4.107 0.06
2023-11-10 357 6868.659 -3.361 -0.049
2023-11-11 358 6868.659 0 0
2023-11-13 359 6868.286 -0.373 -0.005
2023-11-15 363 6869.78 1.494 0.022
2023-11-16 367 6858.951 -10.829 -0.158
2023-11-17 363 6868.286 9.335 0.136
2023-11-18 364 6868.286 0 0
2023-11-20 366 6868.286 0 0
2023-11-21 370 6864.552 -3.734 -0.054
2023-11-22 371 6868.286 3.734 0.054
2023-11-24 372 6856.337 -11.949 -0.174
2023-11-25 374 6856.337 0 0
2023-11-26 374 6856.337 0 0
2023-11-27 374 6846.629 -9.708 -0.142
2023-11-28 373 6850.736 4.107 0.06
2023-11-29 375 6850.736 0 0
2023-11-30 378 6844.388 -6.348 -0.093
2023-12-01 372 6844.388 0 0
2023-12-03 374 6840.076 -4.312 -0.063
2023-12-04 372 6841.775 1.699 0.025
2023-12-05 372 6851.195 9.42 0.138
2023-12-06 371 6840.18 -11.015 -0.161
2023-12-07 374 6838.787 -1.393 -0.02
2023-12-08 375 6838.451 -0.336 -0.005
2023-12-09 373 6838.451 0 0
2023-12-10 373 6838.451 0 0
2023-12-12 375 6838.414 -0.037 -0.001
2023-12-13 377 6842.133 3.719 0.054
2023-12-14 382 6839.534 -2.599 -0.038
2023-12-15 394 6843.922 4.388 0.064
2023-12-16 389 6843.922 0 0
2023-12-17 389 6843.922 0 0
2023-12-18 388 6842.148 -1.774 -0.026
2023-12-19 391 6841.401 -0.747 -0.011
2023-12-20 392 6842.148 0.747 0.011
2023-12-21 393 6839.161 -2.987 -0.044
2023-12-22 396 6840.427 1.266 0.019
2023-12-23 398 6840.427 0 0
2023-12-25 398 6840.427 0 0
2023-12-28 398 6842.152 1.725 0.025
2023-12-29 400 6842.521 0.369 0.005
2023-12-30 400 6842.521 0 0
2023-12-31 400 6842.521 0 0
2024-01-01 401 6842.521 0 0
2024-01-02 396 6842.521 0 0
2024-01-03 385 6843.268 0.747 0.011
2024-01-04 383 6842.335 -0.933 -0.014
2024-01-05 381 6842.521 0.186 0.003
2024-01-06 389 6842.521 0 0
2024-01-07 389 6842.521 0 0
2024-01-08 392 6843.268 0.747 0.011
2024-01-09 387 6842.148 -1.12 -0.016
2024-01-10 386 6842.185 0.037 0.001
2024-01-11 386 6843.642 1.457 0.021
2024-01-12 382 6844.388 0.746 0.011
2024-01-13 384 6844.388 0 0
2024-01-14 384 6844.388 0 0
