2020-01-19 1894 1271.034 0 0
2020-02-07 1868 1269.302 -1.732 -0.136
2020-02-15 1871 1267.504 -1.798 -0.142
2020-02-16 1871 1267.504 0 0
2020-02-17 1878 1259.448 -8.056 -0.64
2020-02-18 1874 1259.448 0 0
2020-02-19 1883 1248.334 -11.114 -0.89
2020-02-20 1897 1240.453 -7.881 -0.635
2020-02-21 1878 1247.552 7.099 0.569
2020-02-22 1882 1247.147 -0.405 -0.032
2020-02-23 1879 1247.147 0 0
2020-02-24 1870 1247.147 0 0
2020-02-25 1885 1221.037 -26.11 -2.138
2020-02-26 1932 1180.905 -40.132 -3.398
2020-02-27 1944 1163.222 -17.683 -1.52
2020-02-28 1971 1121.913 -41.309 -3.682
2020-02-29 2031 1065.979 -55.934 -5.247
2020-03-01 2029 1065.979 0 0
2020-03-02 2034 1065.979 0 0
2020-03-03 2011 1091.352 25.373 2.325
2020-03-04 2040 1071.731 -19.621 -1.831
2020-03-05 2013 1096.268 24.537 2.238
2020-03-06 2041 1064.995 -31.273 -2.936
2020-03-07 2061 1048.638 -16.357 -1.56
2020-03-08 2034 1073.6 24.962 2.325
2020-03-09 2001 1073.6 0 0
2020-03-10 2060 1016.538 -57.062 -5.613
2020-03-11 2012 1041.993 25.455 2.443
2020-04-10 2110 1028.23 -13.763 -1.339
2020-04-11 2110 1028.23 0 0
2020-04-12 2110 1028.23 0 0
2020-04-13 2106 1028.23 0 0
2020-04-15 2126 1018.227 -10.003 -0.982
2020-04-18 2137 1016.873 -1.354 -0.133
2020-04-19 2137 1016.873 0 0
2020-04-20 2141 1016.873 0 0
2020-04-21 2142 1005.131 -11.742 -1.168
2020-04-25 2141 1002.044 -3.087 -0.308
2020-04-26 2141 1002.044 0 0
2020-04-27 2140 1002.044 0 0
2020-04-28 2131 1020.117 18.073 1.772
2020-04-29 2136 1025.466 5.349 0.522
2020-04-30 2106 1050.185 24.719 2.354
2020-05-01 2149 1022.938 -27.247 -2.664
2020-05-28 2135 1036.702 13.764 1.328
2020-05-29 2147 1030.558 -6.144 -0.596
2020-05-30 2149 1032.515 1.957 0.19
2020-05-31 2149 1032.515 0 0
2020-06-01 2160 1032.515 0 0
2020-06-02 2179 1027.74 -4.775 -0.465
2020-06-03 2162 1046.836 19.096 1.824
2020-06-04 2135 1065.539 18.703 1.755
2020-06-05 2138 1072.679 7.14 0.666
2020-06-06 2105 1100.549 27.87 2.532
2020-06-07 2105 1100.549 0 0
2020-06-08 2105 1100.549 0 0
2020-06-09 2090 1117.187 16.638 1.489
2020-06-10 2102 1102.897 -14.29 -1.296
2020-06-11 2133 1072.4 -30.497 -2.844
2020-06-12 2195 1019.246 -53.154 -5.215
2020-06-13 2172 1033.567 14.321 1.386
2020-06-14 2172 1033.567 0 0
2020-06-15 2169 1033.567 0 0
2020-06-16 2177 1036.209 2.642 0.255
2020-06-17 2144 1058.985 22.776 2.151
2020-06-18 2148 1058.985 0 0
2020-06-19 2151 1054.793 -4.192 -0.397
2020-06-20 2154 1051.874 -2.919 -0.278
2020-06-21 2154 1051.874 0 0
2020-06-22 2153 1051.874 0 0
2020-06-23 2162 1048.894 -2.98 -0.284
2020-06-24 2162 1048.894 0 0
2020-06-25 2187 1031.026 -17.868 -1.733
2020-06-26 2165 1041.609 10.583 1.016
2020-06-27 2198 1020.856 -20.753 -2.033
2020-06-28 2198 1020.856 0 0
2020-06-29 2196 1020.856 0 0
2020-06-30 2185 1031.137 10.281 0.997
2020-07-01 2174 1040.651 9.514 0.914
2020-07-07 2178 1040.651 0 0
2020-07-08 2210 1029.159 -11.492 -1.117
2020-07-09 2216 1022.275 -6.884 -0.673
2020-07-10 2230 1003.501 -18.774 -1.871
2020-07-11 2203 1033.599 30.098 2.912
2020-07-12 2203 1033.599 0 0
2020-07-13 2207 1033.599 0 0
2020-07-14 2194 1041.066 7.467 0.717
2020-07-15 2167 1060.626 19.56 1.844
2020-07-16 2166 1060.626 0 0
2020-07-17 2145 1078.65 18.024 1.671
2020-07-18 2145 1078.65 0 0
2020-07-20 2139 1084.443 5.793 0.534
2020-07-21 2138 1084.443 0 0
2020-07-22 2152 1080.09 -4.353 -0.403
2020-07-23 2153 1080.09 0 0
2020-07-24 2145 1080.09 0 0
2020-07-25 2143 1080.09 0 0
2021-03-06 2246 1146.4 66.31 5.784
2021-03-07 2246 1146.4 0 0
2021-03-08 2240 1146.4 0 0
2021-03-09 2228 1146.4 0 0
2021-03-11 2228 1146.4 0 0
2021-03-12 2235 1146.4 0 0
2021-03-13 2233 1146.4 0 0
2021-03-14 2234 1146.4 0 0
2021-03-15 2231 1146.4 0 0
2021-03-16 2232 1146.4 0 0
2021-03-18 2227 1146.4 0 0
2021-03-19 2227 1146.4 0 0
2021-03-20 2229 1146.4 0 0
2021-03-21 2229 1146.4 0 0
2021-03-22 2231 1146.4 0 0
2021-03-23 2225 1146.4 0 0
2021-03-24 2222 1146.4 0 0
2021-03-26 2228 1146.4 0 0
2021-03-27 2226 1146.4 0 0
2021-03-28 2226 1146.4 0 0
2021-03-29 2228 1146.4 0 0
2021-03-30 2225 1146.4 0 0
2021-03-31 2224 1146.4 0 0
2021-04-01 2227 1146.4 0 0
2021-04-02 2226 1146.4 0 0
2021-04-03 2226 1146.4 0 0
2021-04-04 2227 1146.4 0 0
2021-04-05 2227 1146.4 0 0
2021-04-06 2228 1146.4 0 0
2021-04-07 2231 1146.4 0 0
2021-04-08 2228 1146.4 0 0
2021-04-09 2518 1146.4 0 0
2021-04-10 2514 1146.4 0 0
2021-04-11 2515 1146.4 0 0
2021-04-12 2502 1146.4 0 0
2021-04-13 2500 1146.4 0 0
2021-04-14 2510 1146.4 0 0
2021-04-15 2510 1146.4 0 0
2021-04-16 2515 1146.4 0 0
2021-04-17 2514 1146.4 0 0
2021-04-18 2514 1146.4 0 0
2021-04-19 2524 1146.4 0 0
2021-04-20 2520 1146.4 0 0
2021-04-21 2530 1146.4 0 0
2021-04-22 2538 1146.4 0 0
2021-04-23 2541 1146.4 0 0
2021-04-24 2541 1146.4 0 0
2021-04-25 2543 1146.4 0 0
2021-04-26 2552 1146.4 0 0
2021-04-27 2552 1146.4 0 0
2021-04-28 2549 1146.4 0 0
2021-04-29 2539 1146.4 0 0
2021-04-30 2549 1146.4 0 0
2021-05-01 2559 1136.939 -9.461 -0.832
2021-05-02 2558 1136.939 0 0
2021-05-03 2559 1136.939 0 0
2021-05-04 2541 1147.044 10.105 0.881
2021-05-05 2540 1146.602 -0.442 -0.039
2021-05-06 2526 1151.323 4.721 0.41
2021-05-07 2526 1144.255 -7.068 -0.618
2021-05-08 2508 1170.052 25.797 2.205
2021-05-09 2508 1170.052 0 0
2021-05-10 2495 1170.052 0 0
2021-05-11 2503 1162.76 -7.292 -0.627
2021-05-12 2505 1158.897 -3.863 -0.333
2021-05-13 2503 1150.217 -8.68 -0.755
2021-05-14 2501 1164.097 13.88 1.192
2021-05-15 2489 1175.861 11.764 1
2021-05-16 2489 1175.861 0 0
2021-05-17 2492 1175.861 0 0
2021-05-18 2496 1175.861 0 0
2021-05-19 2512 1169.769 -6.092 -0.521
2021-05-20 2535 1154.483 -15.286 -1.324
2021-05-21 2537 1152.312 -2.171 -0.188
2021-05-22 2518 1163.994 11.682 1.004
2021-05-24 2524 1163.994 0 0
2021-05-25 2523 1163.994 0 0
2021-05-26 2521 1161.798 -2.196 -0.189
2021-05-27 2513 1173.319 11.521 0.982
2021-05-28 2512 1175.909 2.59 0.22
2021-05-29 2515 1175.198 -0.711 -0.061
2021-05-30 2515 1175.198 0 0
2021-05-31 2519 1175.198 0 0
2021-06-01 2521 1175.198 0 0
2021-06-02 2499 1192.049 16.851 1.414
2021-06-03 2481 1203.814 11.765 0.977
2021-06-04 2474 1207.758 3.944 0.327
2021-06-05 2483 1201.672 -6.086 -0.506
2021-06-06 2483 1201.672 0 0
2021-06-07 2484 1201.672 0 0
2021-06-08 2480 1208.999 7.327 0.606
2021-06-09 2473 1211.767 2.768 0.228
2021-06-10 2472 1215.134 3.367 0.277
2021-06-11 2494 1198.81 -16.324 -1.362
2021-06-12 2509 1184.378 -14.432 -1.219
2021-06-13 2509 1184.378 0 0
2021-06-14 2514 1184.378 0 0
2021-06-16 2527 1162.586 -21.792 -1.874
2021-06-17 2539 1158.267 -4.319 -0.373
2021-06-18 2552 1136.517 -21.75 -1.914
2021-06-19 2552 1136.517 0 0
2021-06-20 2572 1113.461 -23.056 -2.071
2021-06-21 2572 1113.461 0 0
2021-06-22 2558 1129.966 16.505 1.461
2021-06-23 2561 1128.163 -1.803 -0.16
2021-06-24 2557 1130.508 2.345 0.207
2021-06-25 2556 1137.299 6.791 0.597
2021-06-26 2565 1132.824 -4.475 -0.395
2021-06-27 2565 1132.824 0 0
2021-06-28 2560 1132.824 0 0
2021-06-29 2564 1131.748 -1.076 -0.095
2021-06-30 2564 1127.633 -4.115 -0.365
2021-07-01 2564 1128.284 0.651 0.058
2021-07-02 2561 1129.375 1.091 0.097
2021-07-03 2567 1123.341 -6.034 -0.537
2021-07-04 2567 1123.341 0 0
2021-07-05 2566 1123.341 0 0
2021-07-06 2566 1123.341 0 0
2021-07-07 2576 1111.113 -12.228 -1.101
2021-07-08 2577 1109.78 -1.333 -0.12
2021-07-09 2591 1101.508 -8.272 -0.751
2021-07-10 2578 1112.852 11.344 1.019
2021-07-11 2578 1112.852 0 0
2021-07-12 2578 1112.852 0 0
2021-07-13 2581 1111.318 -1.534 -0.138
2021-07-14 2594 1098.148 -13.17 -1.199
2021-07-15 2603 1086.149 -11.999 -1.105
2021-07-16 2597 1086.19 0.041 0.004
2021-07-17 2604 1074.152 -12.038 -1.121
2021-07-18 2604 1074.152 0 0
2021-07-19 2598 1074.152 0 0
2021-07-20 2608 1065.966 -8.186 -0.768
2021-07-21 2599 1085.873 19.907 1.833
2021-07-22 2591 1093.632 7.759 0.709
2021-07-23 2599 1081.587 -12.045 -1.114
2021-07-24 2597 1084.429 2.842 0.262
2021-07-25 2597 1084.429 0 0
2021-07-26 2580 1084.429 0 0
2021-07-27 2567 1087.83 3.401 0.313
2021-07-28 2572 1085.172 -2.658 -0.245
2021-07-29 2558 1107.79 22.618 2.042
2021-07-30 2557 1110.184 2.394 0.216
2021-07-31 2568 1102.406 -7.778 -0.706
2021-08-01 2568 1102.406 0 0
2021-08-02 2569 1102.406 0 0
2021-08-03 2581 1098.61 -3.796 -0.346
2021-08-04 2572 1100.893 2.283 0.207
2021-08-05 2586 1089.197 -11.696 -1.074
2021-08-06 2578 1091.934 2.737 0.251
2021-08-07 2562 1102.494 10.56 0.958
2021-08-08 2562 1102.494 0 0
2021-08-09 2567 1102.494 0 0
2021-08-10 2585 1085.773 -16.721 -1.54
2021-08-11 2575 1094.672 8.899 0.813
2021-08-13 2570 1098.219 3.547 0.323
2021-08-14 2565 1100.591 2.372 0.216
2021-08-15 2565 1100.591 0 0
2021-08-16 2560 1100.591 0 0
2021-08-17 2553 1100.591 0 0
2021-08-18 2566 1090.544 -10.047 -0.921
2021-08-19 2570 1084.447 -6.097 -0.562
2021-08-20 2580 1064.626 -19.821 -1.862
2021-08-21 2584 1058.622 -6.004 -0.567
2021-08-22 2584 1058.622 0 0
2021-08-23 2583 1058.622 0 0
2021-08-24 2585 1072.407 13.785 1.285
2021-08-25 2582 1080.984 8.577 0.793
2021-08-26 2569 1088.768 7.784 0.715
2021-08-27 2571 1082.08 -6.688 -0.618
2021-08-28 2559 1099.074 16.994 1.546
2021-08-29 2559 1099.074 0 0
2021-08-30 2557 1099.074 0 0
2021-08-31 2568 1091.532 -7.542 -0.691
2021-09-01 2563 1092.006 0.474 0.043
2021-09-02 2567 1091.062 -0.944 -0.087
2021-09-03 2565 1098.504 7.442 0.677
2021-09-04 2569 1097.084 -1.42 -0.129
2021-09-05 2119 1478 380.916 25.772
2021-09-06 2122 1478 0 0
2021-09-07 2126 1478 0 0
2021-09-08 2132 1465.681 -12.319 -0.84
2021-09-09 2125 1463.229 -2.452 -0.168
2021-09-10 2143 1451.281 -11.948 -0.823
2021-09-11 2148 1449.711 -1.57 -0.108
2021-09-12 2148 1449.711 0 0
2021-09-13 2145 1449.711 0 0
2021-09-14 2122 1466.695 16.984 1.158
2021-09-15 2141 1453.111 -13.584 -0.935
2021-09-16 2097 1484.212 31.101 2.095
2021-09-17 2095 1486.86 2.648 0.178
2021-09-18 2101 1480.333 -6.527 -0.441
2021-09-19 2099 1480.333 0 0
2021-09-20 2090 1480.333 0 0
2021-09-21 2126 1440.335 -39.998 -2.777
2021-09-22 2123 1440.335 0 0
2021-09-23 2148 1430.39 -9.945 -0.695
2021-09-24 2117 1455.343 24.953 1.715
2021-09-25 2121 1448.849 -6.494 -0.448
2021-09-26 2121 1448.849 0 0
2021-09-27 2123 1448.849 0 0
2021-09-28 2086 1470.09 21.241 1.445
2021-09-29 2093 1455.83 -14.26 -0.98
2021-09-30 2093 1453.205 -2.625 -0.181
