2021-04-09 2619 1092.446 0 0
2021-04-10 2619 1090.797 -1.649 -0.151
2021-04-11 2620 1090.797 0 0
2021-04-12 2667 1034.392 -56.405 -5.171
2021-04-13 2638 1058.896 24.504 2.369
2021-04-14 2541 1125.854 66.958 6.323
2021-04-15 2551 1124.279 -1.575 -0.14
2021-04-16 2577 1109.579 -14.7 -1.308
2021-04-17 2578 1111.229 1.65 0.149
2021-04-18 2578 1111.229 0 0
2021-04-19 2519 1149.815 38.586 3.472
2021-04-20 2507 1157.417 7.602 0.661
2021-04-21 2385 1253.619 96.202 8.312
2021-04-22 2424 1229.886 -23.733 -1.893
2021-04-23 2381 1265.214 35.328 2.872
2021-04-24 2381 1265.214 0 0
2021-04-25 2380 1264.24 -0.974 -0.077
2021-04-26 2300 1345.026 80.786 6.39
2021-04-27 2286 1361.227 16.201 1.205
2021-04-28 2220 1410.207 48.98 3.598
2021-04-29 2298 1342.238 -67.969 -4.82
2021-04-30 2285 1356.864 14.626 1.09
2021-05-01 2282 1355.753 -1.111 -0.082
2021-05-02 2281 1355.753 0 0
2021-05-03 2279 1355.753 0 0
2021-05-04 2282 1355.753 0 0
2021-05-05 2277 1355.753 0 0
2021-05-06 2238 1384.805 29.052 2.143
2021-05-07 2122 1481.207 96.402 6.961
2021-05-08 2129 1484.716 3.509 0.237
2021-05-09 2129 1484.716 0 0
2021-05-10 2149 1464.996 -19.72 -1.328
2021-05-11 2226 1393.041 -71.955 -4.912
2021-05-12 2137 1474.65 81.609 5.858
2021-05-13 2191 1418.92 -55.73 -3.779
2021-05-14 2242 1387.513 -31.407 -2.213
2021-05-15 2237 1391.825 4.312 0.311
2021-05-16 2237 1391.825 0 0
2021-05-17 2270 1365.434 -26.391 -1.896
2021-05-18 2201 1429.364 63.93 4.682
2021-05-19 2245 1393.542 -35.822 -2.506
2021-05-20 2327 1315.705 -77.837 -5.586
2021-05-21 2321 1320.846 5.141 0.391
2021-05-22 2319 1321.236 0.39 0.03
2021-05-23 2319 1321.236 0 0
2021-05-24 2311 1338.204 16.968 1.284
2021-05-25 2290 1357.528 19.324 1.444
2021-05-26 2240 1405.328 47.8 3.521
2021-05-27 2223 1429.661 24.333 1.731
2021-05-28 2288 1364.212 -65.449 -4.578
2021-05-29 2289 1366.377 2.165 0.159
2021-05-30 2289 1366.377 0 0
2021-05-31 2276 1384.479 18.102 1.325
