2020-01-19 1040 2503.491 0 0
2020-02-07 1051 2444.485 -59.006 -2.414
2020-02-15 1087 2400.342 -44.143 -1.839
2020-02-16 1087 2400.342 0 0
2020-02-17 1085 2404.43 4.088 0.17
2020-02-18 1077 2406.516 2.086 0.087
2020-02-19 1099 2362.599 -43.917 -1.859
2020-02-20 1095 2370.001 7.402 0.312
2020-02-21 1085 2374.64 4.639 0.195
2020-02-22 1070 2407.358 32.718 1.359
2020-02-23 1069 2407.358 0 0
2020-02-24 1062 2404.361 -2.997 -0.125
2020-02-25 1132 2259.164 -145.197 -6.427
2020-02-26 1402 1800.341 -458.823 -25.485
2020-02-27 1413 1776.347 -23.994 -1.351
2020-02-28 1431 1729.459 -46.888 -2.711
2020-02-29 1469 1668.283 -61.176 -3.667
