2020-04-08 1267 1872.518 0 0
2020-04-10 1266 1893.64 21.122 1.115
2020-04-11 1266 1893.64 0 0
2020-04-12 1267 1893.64 0 0
2020-04-13 1245 1910.262 16.622 0.87
2020-04-14 1224 1956.23 45.968 2.35
2020-04-15 1252 1916.239 -39.991 -2.087
2020-04-17 1225 1935.757 19.518 1.008
2020-04-18 1237 1934.991 -0.766 -0.04
2020-04-19 1237 1934.991 0 0
2020-04-20 1161 2049.5 114.509 5.587
2020-04-21 1154 2042.103 -7.397 -0.362
2020-04-23 1145 2057.623 15.52 0.754
2020-04-24 1184 1995.308 -62.315 -3.123
2020-04-25 1181 1994.153 -1.155 -0.058
2020-04-26 1182 1994.153 0 0
2020-04-27 1067 2191.394 197.241 9.001
2020-04-28 1024 2275.166 83.772 3.682
2020-04-29 1070 2220.409 -54.757 -2.466
2020-04-30 1099 2174.345 -46.064 -2.119
2020-05-01 1095 2181.344 6.999 0.321
2020-05-02 1091 2181.344 0 0
2020-05-03 1091 2181.344 0 0
2020-05-04 1086 2181.344 0 0
2020-05-05 1084 2181.344 0 0
2020-05-06 1024 2289.488 108.144 4.724
2020-05-07 1004 2333.458 43.97 1.884
2020-05-08 1013 2324.335 -9.123 -0.392
2020-05-09 1013 2328.275 3.94 0.169
2020-05-10 1013 2328.275 0 0
2020-05-11 995 2374.887 46.612 1.963
2020-05-12 979 2416.554 41.667 1.724
2020-05-13 934 2528.27 111.716 4.419
2020-05-14 926 2514.823 -13.447 -0.535
2020-05-15 953 2459.861 -54.962 -2.234
2020-05-16 953 2457.886 -1.975 -0.08
2020-05-17 953 2457.886 0 0
2020-05-18 937 2501.007 43.121 1.724
2020-05-19 953 2489.092 -11.915 -0.479
2020-05-20 981 2424.579 -64.513 -2.661
2020-05-21 991 2409.651 -14.928 -0.62
2020-05-22 1010 2349.015 -60.636 -2.581
2020-05-23 1014 2335.627 -13.388 -0.573
2020-05-24 1014 2335.627 0 0
2020-05-25 984 2401.091 65.464 2.726
2020-05-26 967 2461.676 60.585 2.461
2020-05-27 1058 2284.31 -177.366 -7.765
2020-05-28 1069 2273.214 -11.096 -0.488
2020-05-29 1028 2376.616 103.402 4.351
2020-05-30 1027 2381.14 4.524 0.19
2020-05-31 1027 2381.14 0 0
