2019-11-07 1552 1602.654 0 0
2020-01-19 1623 1580.107 -22.547 -1.407
2020-02-07 1595 1592.503 12.396 0.785
2020-02-15 1558 1635.605 43.102 2.707
2020-02-16 1559 1635.605 0 0
2020-02-17 1569 1626.138 -9.467 -0.579
2020-02-18 1566 1626.585 0.447 0.027
2020-02-19 1566 1639.517 12.932 0.795
2020-02-20 1557 1650.941 11.424 0.697
2020-02-21 1551 1652.637 1.696 0.103
2020-02-22 1555 1647.563 -5.074 -0.307
2020-02-23 1551 1647.563 0 0
2020-02-24 1559 1621.66 -25.903 -1.572
2020-02-25 1594 1566.921 -54.739 -3.375
2020-02-26 1625 1523.894 -43.027 -2.746
2020-02-27 1646 1480.915 -42.979 -2.82
2020-02-28 1642 1468.344 -12.571 -0.849
2020-02-29 1646 1455.764 -12.58 -0.857
2020-03-01 1652 1455.764 0 0
2020-03-02 1649 1465.552 9.788 0.672
2020-03-03 1667 1455.896 -9.656 -0.659
2020-03-04 1682 1450.753 -5.143 -0.353
2020-03-05 1675 1446.144 -4.609 -0.318
2020-03-06 1683 1428.89 -17.254 -1.193
2020-03-07 1681 1424.816 -4.074 -0.285
2020-03-08 1674 1424.816 0 0
2020-03-09 1691 1383.53 -41.286 -2.898
2020-03-10 1690 1372.675 -10.855 -0.785
2020-03-11 1669 1375.454 2.779 0.202
2020-03-12 1722 1277.467 -97.987 -7.124
2020-03-13 1710 1262.06 -15.407 -1.206
2020-03-14 1679 1301.25 39.19 3.105
2020-03-15 1678 1301.25 0 0
2020-03-16 1742 1206.701 -94.549 -7.266
2020-03-17 1818 1122.688 -84.013 -6.962
2020-03-18 1803 1115.858 -6.83 -0.608
2020-03-19 1790 1114.794 -1.064 -0.095
2020-03-20 1842 1078.553 -36.241 -3.251
2020-03-21 1848 1074.356 -4.197 -0.389
2020-03-22 1848 1074.356 0 0
2020-03-23 1835 1064.609 -9.747 -0.907
2020-03-24 1831 1062.71 -1.899 -0.178
2020-03-25 1774 1145.371 82.661 7.778
2020-03-26 1699 1226.809 81.438 7.11
2020-03-27 1712 1243.473 16.664 1.358
2020-03-28 1743 1200.97 -42.503 -3.418
2020-03-29 1743 1200.97 0 0
2020-03-30 1743 1200.97 0 0
2020-03-31 1702 1232.48 31.51 2.624
2020-04-01 1727 1215.915 -16.565 -1.344
2020-04-02 1766 1163.075 -52.84 -4.346
2020-04-03 1797 1146.749 -16.326 -1.404
2020-04-04 1819 1116.769 -29.98 -2.614
2020-04-05 1819 1116.769 0 0
2020-04-06 1819 1116.769 0 0
2020-04-07 1715 1244.057 127.288 11.398
2020-04-08 1769 1299.724 55.667 4.475
2020-04-09 1738 1331.76 32.036 2.465
2020-04-10 1738 1333.633 1.873 0.141
2020-04-11 1738 1333.633 0 0
2020-04-12 1738 1333.633 0 0
2020-04-13 1757 1313.32 -20.313 -1.523
2020-04-14 1790 1285.809 -27.511 -2.095
2020-04-15 1806 1278.238 -7.571 -0.589
2020-04-16 1807 1269.805 -8.433 -0.66
2020-04-17 1771 1314.746 44.941 3.539
2020-04-18 1753 1330.432 15.686 1.193
2020-04-19 1753 1330.432 0 0
2020-04-20 1794 1301.894 -28.538 -2.145
2020-04-21 1814 1266.459 -35.435 -2.722
2020-04-23 1819 1268.719 2.26 0.178
2020-04-24 1762 1313.413 44.694 3.523
2020-04-25 1752 1321.14 7.727 0.588
2020-04-26 1752 1321.14 0 0
2020-04-27 1739 1342.197 21.057 1.594
2020-04-28 1696 1379.153 36.956 2.753
2020-04-29 1668 1416.674 37.521 2.721
2020-04-30 1680 1418.509 1.835 0.13
