2024-06-30 2684 1019.473 0 0
2024-07-01 2683 1019.145 -0.328 -0.032
2024-07-02 2693 1009.572 -9.573 -0.939
2024-07-03 2668 1025.771 16.199 1.605
2024-07-04 2583 1094.208 68.437 6.672
2024-07-05 2595 1085.391 -8.817 -0.806
2024-07-06 2600 1085.88 0.489 0.045
2024-07-07 2601 1085.88 0 0
2024-07-08 2632 1058.882 -26.998 -2.486
2024-07-09 2526 1143.613 84.731 8.002
2024-07-10 2544 1127.488 -16.125 -1.41
2024-07-11 2579 1111.966 -15.522 -1.377
2024-07-12 2588 1104.314 -7.652 -0.688
2024-07-13 2587 1104.75 0.436 0.039
2024-07-14 2587 1104.75 0 0
2024-07-15 2569 1119.433 14.683 1.329
2024-07-16 2574 1117.271 -2.162 -0.193
2024-07-17 2563 1117.472 0.201 0.018
2024-07-18 2559 1123.008 5.536 0.495
2024-07-19 2626 1070.621 -52.387 -4.665
2024-07-20 2622 1070.572 -0.049 -0.005
2024-07-21 2622 1070.572 0 0
2024-07-22 2635 1064.595 -5.977 -0.558
2024-07-23 2641 1051.371 -13.224 -1.242
2024-07-24 2593 1078.787 27.416 2.608
2024-07-25 2561 1103.793 25.006 2.318
2024-07-26 2544 1120.987 17.194 1.558
2024-07-27 2545 1120.719 -0.268 -0.024
2024-07-28 2544 1120.719 0 0
2024-07-29 2570 1100.572 -20.147 -1.798
2024-07-30 2500 1156.353 55.781 5.068
2024-07-31 2494 1177.617 21.264 1.839
2024-08-01 2500 1161.72 -15.897 -1.35
2024-08-02 2483 1173.873 12.153 1.046
2024-08-03 2483 1173.559 -0.314 -0.027
2024-08-04 2483 1173.559 0 0
2024-08-05 2545 1106.126 -67.433 -5.746
2024-08-06 2577 1092.853 -13.273 -1.2
2024-08-07 2563 1104.669 11.816 1.081
2024-08-08 2582 1097.053 -7.616 -0.689
2024-08-09 2570 1096.924 -0.129 -0.012
2024-08-10 2579 1097.039 0.115 0.01
2024-08-11 2579 1097.039 0 0
2024-08-12 2597 1085.601 -11.438 -1.043
2024-08-13 2627 1068.441 -17.16 -1.581
2024-08-14 2664 1035.466 -32.975 -3.086
2024-08-15 2671 1035.742 0.276 0.027
2024-08-16 2662 1038.35 2.608 0.252
2024-08-17 2662 1038.335 -0.015 -0.001
2024-08-18 2662 1038.335 0 0
2024-08-19 2660 1041.921 3.586 0.345
2024-08-20 2629 1070.729 28.808 2.765
2024-08-21 2627 1076.29 5.561 0.519
2024-08-22 2638 1057.702 -18.588 -1.727
2024-08-23 2641 1059.717 2.015 0.191
2024-08-24 2644 1060.316 0.599 0.057
2024-08-25 2644 1060.316 0 0
2024-08-26 2677 1038.641 -21.675 -2.044
2024-08-27 2662 1048.37 9.729 0.937
2024-08-28 2675 1035.281 -13.089 -1.249
2024-08-29 2664 1041.486 6.205 0.599
2024-08-30 2657 1055.092 13.606 1.306
2024-08-31 2657 1055.092 0 0
