2026-03-25  2100 0 0
2026-03-27 1932 2100 0 0
2026-03-28 1929 2100 0 0
2026-03-29 1930 2100 0 0
2026-03-30 1926 2100 0 0
2026-03-31 1926 2100 0 0
2026-04-01 1943 2100 0 0
2026-04-02 1941 2100 0 0
2026-04-03 1941 2100 0 0
2026-04-04 1941 2100 0 0
2026-04-05 1941 2100 0 0
2026-04-06 1940 2100 0 0
2026-04-07 1938 2100 0 0
2026-04-08 1960 2100 0 0
2026-04-09 1969 2100 0 0
2026-04-10 1970 2100 0 0
2026-04-11 1973 2100 0 0
2026-04-12 1973 2100 0 0
2026-04-13 1970 2100 0 0
2026-04-14 1983 2100 0 0
2026-04-15 1996 2100 0 0
2026-04-16 1997 2100 0 0
2026-04-17 2001 2100 0 0
2026-04-18 2010 2100 0 0
2026-04-19 2010 2100 0 0
2026-04-20 2002 2100 0 0
2026-04-21 2006 2100 0 0
2026-04-22 2002 2100 0 0
2026-04-23 1990 2100 0 0
2026-04-24 1992 2100 0 0
2026-04-25 1992 2100 0 0
2026-04-26 1992 2100 0 0
2026-04-27 1985 2100 0 0
2026-04-28 1983 2100 0 0
2026-04-29 1984 2100 0 0
2026-04-30 1979 2100 0 0
2026-05-01 1987 2100 0 0
2026-05-02 1990 2100 0 0
2026-05-04 1997 2100 0 0
2026-05-05 2000 2100.0 0 0
2026-05-06 1997 2100.0 0 0
2026-05-07 2008 2100.0 0 0
2026-05-08 2014 2100.0 0 0
2026-05-09 2016 2100.0 0 0
2026-05-10 2013 2100.0 0 0
