2019-11-07 465 4686.43 0 0
2020-01-19 363 5750.446 1064.016 22.704
2020-02-07 362 5703.013 -47.433 -0.825
2020-02-15 345 5962.418 259.405 4.549
2020-02-16 345 5962.418 0 0
2020-02-17 321 6190.521 228.103 3.826
2020-02-18 326 6151.236 -39.285 -0.635
2020-02-19 329 6158.59 7.354 0.12
2020-02-20 305 6626.211 467.621 7.593
2020-02-21 300 6687.766 61.555 0.929
2020-02-22 301 6665.532 -22.234 -0.332
2020-02-23 301 6665.532 0 0
2020-02-24 288 6747.217 81.685 1.225
2020-02-25 277 6758.485 11.268 0.167
2020-02-26 307 6341.382 -417.103 -6.172
2020-02-27 309 6233.69 -107.692 -1.698
2020-02-28 294 6365.517 131.827 2.115
2020-02-29 292 6389.194 23.677 0.372
