2020-01-19 698 3560.127 0 0
2020-02-07 692 3521.118 -39.009 -1.108
2020-02-15 701 3506.078 -15.04 -0.429
2020-02-16 701 3506.078 0 0
2020-02-17 704 3506.078 0 0
2020-02-18 705 3499.968 -6.11 -0.175
2020-02-19 710 3488.218 -11.75 -0.337
2020-02-20 714 3469.889 -18.329 -0.528
2020-02-21 708 3465.659 -4.23 -0.122
2020-02-22 706 3465.659 0 0
2020-02-23 706 3465.659 0 0
2020-02-24 704 3448.739 -16.92 -0.491
2020-02-25 716 3397.587 -51.152 -1.506
2020-02-26 697 3422.966 25.379 0.741
2020-02-27 703 3378.317 -44.649 -1.322
2020-02-28 699 3359.048 -19.269 -0.574
2020-02-29 698 3359.048 0 0
2020-03-01 698 3359.048 0 0
2020-03-02 676 3456.335 97.287 2.815
2020-03-03 703 3395.237 -61.098 -1.8
2020-03-04 707 3383.487 -11.75 -0.347
2020-03-05 711 3366.567 -16.92 -0.503
2020-03-06 728 3260.82 -105.747 -3.243
2020-03-07 728 3260.82 0 0
2020-03-08 729 3260.82 0 0
2020-03-09 758 3113.243 -147.577 -4.74
2020-03-10 751 3125.463 12.22 0.391
2020-03-11 763 3071.884 -53.579 -1.744
2020-03-12 756 2997.155 -74.729 -2.493
2020-03-13 694 3132.042 134.887 4.307
2020-03-14 701 3132.042 0 0
2020-03-15 701 3132.042 0 0
2020-03-16 754 2896.577 -235.465 -8.129
2020-03-17 749 2882.948 -13.629 -0.473
2020-03-18 757 2824.199 -58.749 -2.08
2020-03-19 695 2960.496 136.297 4.604
2020-03-20 707 2932.767 -27.729 -0.945
2020-03-21 712 2932.767 0 0
2020-03-22 712 2932.767 0 0
2020-03-23 715 2877.308 -55.459 -1.927
2020-03-24 708 2877.308 0 0
2020-03-25 716 2962.846 85.538 2.887
2020-03-26 691 3076.114 113.268 3.682
2020-03-27 687 3136.742 60.628 1.933
2020-03-28 698 3090.213 -46.529 -1.506
2020-03-29 698 3090.213 0 0
2020-03-30 698 3090.213 0 0
2020-03-31 703 3079.638 -10.575 -0.343
2020-04-01 713 3038.984 -40.654 -1.338
2020-04-02 727 2947.806 -91.178 -3.093
2020-04-03 721 2970.366 22.56 0.76
2020-04-04 720 2956.266 -14.1 -0.477
2020-04-05 720 2956.266 0 0
2020-04-06 720 2956.266 0 0
2020-04-07 716 3065.774 109.508 3.572
2020-04-08 727 3101.023 35.249 1.137
2020-04-10 719 3152.252 51.229 1.625
2020-04-11 719 3152.252 0 0
2020-04-12 719 3152.252 0 0
2020-04-13 736 3093.503 -58.749 -1.899
2020-04-14 719 3149.902 56.399 1.791
2020-04-15 737 3087.393 -62.509 -2.025
2020-04-17 736 3100.083 12.69 0.409
2020-04-18 742 3100.083 0 0
2020-04-19 742 3100.083 0 0
2020-04-20 754 3049.324 -50.759 -1.665
2020-04-21 756 3008.435 -40.889 -1.359
2020-04-23 750 3064.834 56.399 1.84
2020-04-24 749 3082.693 17.859 0.579
2020-04-25 748 3082.693 0 0
2020-04-26 748 3082.693 0 0
2020-04-27 723 3170.112 87.419 2.758
2020-04-28 723 3187.501 17.389 0.546
2020-04-29 715 3241.55 54.049 1.667
2020-04-30 750 3123.113 -118.437 -3.792
2020-05-01 765 3063.894 -59.219 -1.933
2020-05-02 764 3063.894 0 0
2020-05-03 764 3063.894 0 0
2020-05-04 761 3054.494 -9.4 -0.308
2020-05-05 746 3111.363 56.869 1.828
2020-05-06 753 3105.253 -6.11 -0.197
2020-05-07 733 3144.732 39.479 1.255
2020-05-08 729 3175.281 30.549 0.962
2020-05-09 733 3175.281 0 0
2020-05-10 733 3175.281 0 0
2020-05-11 734 3176.691 1.41 0.044
2020-05-12 732 3165.882 -10.809 -0.341
2020-05-13 739 3125.933 -39.949 -1.278
2020-05-14 731 3136.742 10.809 0.345
2020-05-15 736 3124.993 -11.749 -0.376
2020-05-16 738 3124.993 0 0
2020-05-17 738 3124.993 0 0
2020-05-18 721 3198.311 73.318 2.292
2020-05-19 727 3194.551 -3.76 -0.118
2020-05-20 719 3240.14 45.589 1.407
2020-05-21 712 3266.93 26.79 0.82
2020-05-22 705 3281.969 15.039 0.458
2020-05-23 704 3281.969 0 0
2020-05-24 704 3281.969 0 0
2020-05-25 707 3281.969 0 0
2020-05-26 695 3330.378 48.409 1.454
2020-05-27 695 3341.658 11.28 0.338
2020-05-28 698 3336.018 -5.64 -0.169
2020-05-29 701 3321.448 -14.57 -0.439
2020-05-30 703 3321.448 0 0
2020-05-31 703 3321.448 0 0
2020-06-01 704 3343.068 21.62 0.647
2020-06-02 703 3379.727 36.659 1.085
2020-06-03 694 3434.716 54.989 1.601
2020-06-04 695 3419.676 -15.04 -0.44
2020-06-05 706 3415.446 -4.23 -0.124
2020-06-06 714 3415.446 0 0
2020-06-07 714 3415.446 0 0
2020-06-08 703 3463.855 48.409 1.398
2020-06-09 711 3429.076 -34.779 -1.014
2020-06-10 712 3429.546 0.47 0.014
2020-06-11 723 3339.308 -90.238 -2.702
2020-06-12 701 3402.287 62.979 1.851
2020-06-13 697 3402.287 0 0
2020-06-14 697 3402.287 0 0
2020-06-15 679 3466.675 64.388 1.857
2020-06-16 687 3457.745 -8.93 -0.258
2020-06-17 690 3469.025 11.28 0.325
2020-06-18 693 3475.605 6.58 0.189
2020-06-19 704 3424.376 -51.229 -1.496
2020-06-20 703 3424.376 0 0
2020-06-21 703 3424.376 0 0
2020-06-22 717 3388.187 -36.189 -1.068
2020-06-23 710 3412.156 23.969 0.702
2020-06-24 710 3412.156 0 0
2020-06-25 720 3347.302 -64.854 -1.938
2020-06-26 751 3257.064 -90.238 -2.771
2020-06-27 744 3257.064 0 0
2020-06-28 744 3257.064 0 0
2020-06-29 734 3295.603 38.539 1.169
2020-06-30 726 3324.272 28.669 0.862
2020-07-01 737 3315.812 -8.46 -0.255
2020-07-07 761 3285.263 -30.549 -0.93
2020-07-08 752 3352.472 67.209 2.005
2020-07-09 754 3336.962 -15.51 -0.465
2020-07-10 753 3340.75 3.788 0.113
2020-07-11 755 3340.75 0 0
2020-07-12 755 3340.75 0 0
2020-07-13 760 3302.68 -38.07 -1.153
2020-07-14 753 3352.5 49.82 1.486
2020-07-15 750 3381.64 29.14 0.862
2020-07-16 746 3381.64 0 0
2020-07-17 753 3379.76 -1.88 -0.056
2020-07-18 753 3379.76 0 0
2020-07-20 756 3378.35 -1.41 -0.042
2020-07-21 757 3378.35 0 0
2020-07-22 755 3394.8 16.45 0.485
2020-07-23 757 3376.94 -17.86 -0.529
2020-07-24 753 3362.37 -14.57 -0.433
2020-07-25 747 3362.37 0 0
2020-07-26 743 3362.37 0 0
2020-07-27 740 3383.05 20.68 0.611
2020-07-28 746 3370.83 -12.22 -0.363
2020-07-29 741 3404.67 33.84 0.994
2020-07-30 746 3389.63 -15.04 -0.444
2020-07-31 748 3389.63 0 0
2020-08-04 767 3345.45 -44.18 -1.321
2020-08-05 769 3339.81 -5.64 -0.169
2020-08-06 776 3314.9 -24.91 -0.751
2020-08-07 778 3304.56 -10.34 -0.313
2020-08-08 776 3304.56 0 0
2020-08-09 776 3304.56 0 0
2020-08-10 777 3291.87 -12.69 -0.385
2020-08-12 780 3295.63 3.76 0.114
2020-08-13 785 3282 -13.63 -0.415
2020-08-14 784 3288.58 6.58 0.2
2020-08-15 785 3288.58 0 0
2020-08-16 785 3288.58 0 0
2020-08-17 783 3299.86 11.28 0.342
2020-08-18 787 3298.92 -0.94 -0.028
2020-08-19 791 3290.46 -8.46 -0.257
2020-08-20 799 3253.33 -37.13 -1.141
2020-08-21 800 3263.2 9.87 0.302
2020-08-22 799 3263.2 0 0
2020-08-23 799 3263.2 0 0
2020-08-24 803 3264.14 0.94 0.029
2020-08-25 809 3252.86 -11.28 -0.347
2020-08-26 801 3279.18 26.32 0.803
2020-08-27 808 3264.14 -15.04 -0.461
2020-08-28 815 3238.29 -25.85 -0.798
2020-08-29 818 3238.29 0 0
2020-08-30 818 3238.29 0 0
2020-08-31 823 3226.07 -12.22 -0.379
2020-09-01 815 3263.67 37.6 1.152
2020-09-02 814 3276.36 12.69 0.387
2020-09-03 824 3229.36 -47 -1.455
2020-09-04 821 3226.54 -2.82 -0.087
2020-09-05 819 3226.54 0 0
2020-09-06 819 3226.54 0 0
2020-09-07 819 3226.54 0 0
2020-09-08 833 3186.59 -39.95 -1.254
2020-09-09 814 3216.67 30.08 0.935
2020-09-10 818 3201.16 -15.51 -0.485
2020-09-11 812 3220.665 19.505 0.606
2020-09-12 820 3195.99 -24.675 -0.772
2020-09-13 821 3195.99 0 0
2020-09-14 820 3212.91 16.92 0.527
2020-09-15 819 3226.07 13.16 0.408
2020-09-16 820 3225.6 -0.47 -0.015
2020-09-17 835 3182.83 -42.77 -1.344
2020-09-18 836 3175.31 -7.52 -0.237
2020-09-19 839 3175.31 0 0
2020-09-21 837 3165.91 -9.4 -0.297
2020-09-22 834 3167.79 1.88 0.059
2020-09-23 838 3144.29 -23.5 -0.747
2020-09-24 831 3120.79 -23.5 -0.753
2020-09-25 831 3126.43 5.64 0.18
2020-09-26 829 3126.43 0 0
2020-09-27 829 3126.43 0 0
2020-09-28 822 3175.78 49.35 1.554
2020-09-29 827 3169.67 -6.11 -0.193
2020-09-30 830 3172.49 2.82 0.089
