2020-12-09 168 12244.898 0 0
2020-12-10 173 11793.531 -451.367 -3.827
2020-12-11 168 12231.747 438.216 3.583
2020-12-12 168 12232.062 0.315 0.003
2020-12-13 168 12232.062 0 0
2020-12-14 168 12270.568 38.506 0.314
2020-12-15 162 12781.672 511.104 3.999
2020-12-16 162 12922.835 141.163 1.092
2020-12-17 159 13283.016 360.181 2.712
2020-12-18 152 13821.324 538.308 3.895
2020-12-19 152 13821.502 0.178 0.001
2020-12-20 152 13821.502 0 0
2020-12-21 147 13962.669 141.167 1.011
2020-12-22 146 14102.744 140.075 0.993
2020-12-23 133 15129.722 1026.978 6.788
2020-12-24 132 15090.64 -39.082 -0.259
2020-12-25 131 15091.224 0.584 0.004
2020-12-26 131 15091.224 0 0
2020-12-27 131 15091.224 0 0
2020-12-28 127 15270.881 179.657 1.176
2020-12-29 123 15564.226 293.345 1.885
2020-12-31 125 15361.106 -203.12 -1.322
