2019-11-07 322 6099.63 0 0
2020-01-19 351 5977.22 -122.41 -2.007
2020-02-07 390 5411.261 -565.959 -9.469
2020-02-15 395 5398.623 -12.638 -0.234
2020-02-16 395 5398.623 0 0
2020-02-17 398 5333.181 -65.442 -1.212
2020-02-18 397 5333.181 0 0
2020-02-19 398 5300.539 -32.642 -0.612
2020-02-20 399 5305.413 4.874 0.092
2020-02-21 399 5279.922 -25.491 -0.48
2020-02-22 404 5203.82 -76.102 -1.441
2020-02-23 404 5203.82 0 0
2020-02-24 399 5203.82 0 0
2020-02-25 406 5044.481 -159.339 -3.062
2020-02-26 424 4878.91 -165.571 -3.282
2020-02-27 428 4808.929 -69.981 -1.434
2020-02-28 440 4739.998 -68.931 -1.433
2020-02-29 433 4762.026 22.028 0.465
2020-03-01 433 4762.026 0 0
2020-03-02 431 4762.026 0 0
2020-03-03 436 4811.017 48.991 1.029
2020-03-04 453 4677.794 -133.223 -2.769
2020-03-05 452 4742.434 64.64 1.382
2020-03-06 461 4573.91 -168.524 -3.554
2020-03-07 458 4618.344 44.434 0.971
2020-03-08 457 4618.344 0 0
2020-03-09 332 5785 1166.656 25.261
2020-03-10 351 5441.381 -343.619 -5.94
2020-03-11 328 5749.416 308.035 5.661
2020-03-12 335 5436.722 -312.694 -5.439
2020-03-13 344 5150.163 -286.559 -5.271
2020-03-14 327 5542.842 392.679 7.625
2020-03-15 327 5542.842 0 0
2020-03-16 308 5542.842 0 0
2020-03-17 356 4956.681 -586.161 -10.575
2020-03-18 344 4992.559 35.878 0.724
2020-03-19 399 4431.483 -561.076 -11.238
2020-03-20 369 4733.531 302.048 6.816
2020-03-21 393 4496.304 -237.227 -5.012
2020-03-22 393 4496.304 0 0
2020-03-23 388 4496.304 0 0
2020-03-24 387 4515.067 18.763 0.417
2020-03-25 368 4787.696 272.629 6.038
2020-03-26 372 4787.238 -0.458 -0.01
2020-03-27 359 5011.315 224.077 4.681
2020-03-28 352 5042.59 31.275 0.624
2020-03-29 352 5042.59 0 0
2020-03-30 352 5042.59 0 0
2020-03-31 352 5046.008 3.418 0.068
2020-04-01 358 5006.105 -39.903 -0.791
2020-04-02 370 4906.631 -99.474 -1.987
2020-04-03 372 4805.128 -101.503 -2.069
2020-04-04 385 4685.996 -119.132 -2.479
2020-04-05 385 4685.996 0 0
2020-04-06 385 4685.996 0 0
2020-04-07 375 4876.989 190.993 4.076
2020-04-08 377 4942.565 65.576 1.345
2020-04-09 354 5240.48 297.915 6.028
2020-04-10 355 5255.327 14.847 0.283
2020-04-11 355 5255.327 0 0
2020-04-12 355 5255.327 0 0
2020-04-13 353 5255.327 0 0
2020-04-14 374 5027.668 -227.659 -4.332
2020-04-15 363 5173.379 145.711 2.898
2020-04-16 389 4895.36 -278.019 -5.374
2020-04-17 384 4985.726 90.366 1.846
2020-04-18 370 5155.495 169.769 3.405
2020-04-19 370 5155.495 0 0
2020-04-20 368 5155.495 0 0
2020-04-21 363 5137.19 -18.305 -0.355
2020-04-23 376 5011.44 -125.75 -2.448
2020-04-24 367 5078.484 67.044 1.338
2020-04-25 367 5070.295 -8.189 -0.161
2020-04-26 367 5070.295 0 0
2020-04-27 370 5070.295 0 0
2020-04-28 361 5294.668 224.373 4.425
2020-04-29 353 5429.183 134.515 2.541
2020-04-30 346 5505.311 76.128 1.402
