2022-04-05 378 6897 0 0
2022-04-06 368 6897 0 0
2022-04-07 364 6897 0 0
2022-04-08 365 6897 0 0
2022-04-09 366 6897 0 0
2022-04-10 366 6897 0 0
2022-04-11 363 6897 0 0
2022-04-12 364 6897 0 0
2022-04-13 365 6897 0 0
2022-04-14 363 6897 0 0
2022-04-15 360 6897 0 0
2022-04-16 360 6897 0 0
2022-04-17 360 6897 0 0
2022-04-18 357 6897 0 0
2022-04-19 364 6897 0 0
2022-04-20 365 6897 0 0
2022-04-21 357 6897 0 0
2022-04-22 345 6897 0 0
2022-04-23 345 6897 0 0
2022-04-24 345 6897 0 0
2022-04-25 344 6897 0 0
2022-04-26 335 6897 0 0
2022-04-27 339 6897 0 0
2022-04-28 340 6897 0 0
2022-04-29 341 6897 0 0
2022-04-30 341 6897 0 0
