2024-03-30 2588 1113.691 0 0
2024-03-31 2588 1113.691 0 0
2024-04-02 2655 1072.491 -41.2 -3.699
2024-04-03 2651 1069.462 -3.029 -0.282
2024-04-04 2666 1063.088 -6.374 -0.596
2024-04-05 2675 1058.481 -4.607 -0.433
2024-04-06 2676 1053.368 -5.113 -0.483
2024-04-07 2676 1053.368 0 0
2024-04-08 2661 1064.837 11.469 1.089
2024-04-09 2641 1085.004 20.167 1.894
2024-04-10 2646 1073.923 -11.081 -1.021
2024-04-11 2660 1060.211 -13.712 -1.277
2024-04-12 2654 1056.892 -3.319 -0.313
2024-04-13 2671 1044.442 -12.45 -1.178
2024-04-14 2671 1044.442 0 0
2024-04-15 2676 1038.229 -6.213 -0.595
2024-04-16  993.145 -45.084 -4.342
2024-04-23  985.948 -7.197 -0.725
2024-04-27 2703 1018.993 33.045 3.352
2024-04-28 2703 1018.993 0 0
2024-04-29 2700 1023.279 4.286 0.421
2024-04-30 2704 1020.42 -2.859 -0.279
2024-05-01 2722 1006.56 -13.86 -1.358
2024-05-02 2726 1006.755 0.195 0.019
2024-05-03 2674 1046.434 39.679 3.941
2024-05-04 2665 1054.832 8.398 0.803
2024-05-05 2665 1054.832 0 0
2024-05-06 2668 1058.378 3.546 0.336
2024-05-07 2686 1051.992 -6.386 -0.603
2024-05-08 2682 1059.03 7.038 0.669
2024-05-09 2691 1049.57 -9.46 -0.893
2024-05-10 2736 1014.582 -34.988 -3.334
2024-05-11 2735 1016.08 1.498 0.148
2024-05-12 2735 1016.08 0 0
2024-05-13 2688 1051.003 34.923 3.437
2024-05-14 2651 1072.681 21.678 2.063
2024-05-15 2652 1073.963 1.282 0.12
2024-05-16 2629 1096.882 22.919 2.134
2024-05-17 2636 1096.282 -0.6 -0.055
2024-05-18 2631 1099.305 3.023 0.276
2024-05-19 2631 1099.305 0 0
2024-05-20 2619 1107.119 7.814 0.711
2024-05-21 2612 1107.109 -0.01 -0.001
2024-05-22 2647 1084.313 -22.796 -2.059
2024-05-23 2680 1053.92 -30.393 -2.803
2024-05-24 2705 1031.088 -22.832 -2.166
2024-05-25 2705 1031.348 0.26 0.025
2024-05-26 2705 1031.348 0 0
2024-05-27 2714 1025.919 -5.429 -0.526
2024-05-28 2714 1022.429 -3.49 -0.34
2024-05-29 2719 1019.742 -2.687 -0.263
2024-05-30 2716 1012.831 -6.911 -0.678
2024-05-31  983.11 -29.721 -2.934
