2019-11-07 605 3798.625 0 0
2020-01-19 604 3989.797 191.172 5.033
2020-02-07 595 4000.685 10.888 0.273
2020-02-15 584 4048.179 47.494 1.187
2020-02-16 584 4048.179 0 0
2020-02-17 584 4048.179 0 0
2020-02-18 578 4053.524 5.345 0.132
2020-02-19 573 4079.85 26.326 0.649
2020-02-20 573 4089.428 9.578 0.235
2020-02-21 577 4047.899 -41.529 -1.016
2020-02-22 577 4047.899 0 0
2020-02-23 576 4047.899 0 0
2020-02-24 589 3982.339 -65.56 -1.62
2020-02-25 606 3863.077 -119.262 -2.995
2020-02-26 605 3813 -50.077 -1.296
2020-02-27 619 3694.394 -118.606 -3.111
2020-02-28 621 3641.76 -52.634 -1.425
2020-02-29 612 3675.427 33.667 0.924
2020-03-01 612 3675.427 0 0
2020-03-02 593 3838.077 162.65 4.425
2020-03-03 618 3730.472 -107.605 -2.804
2020-03-04 604 3849.401 118.929 3.188
2020-03-05 624 3740.768 -108.633 -2.822
2020-03-06 627 3668.375 -72.393 -1.935
2020-03-07 625 3668.375 0 0
2020-03-08 624 3668.375 0 0
2020-03-09 657 3482.039 -186.336 -5.08
2020-03-10 617 3631.922 149.883 4.304
2020-03-11 622 3560.346 -71.576 -1.971
2020-03-12 686 3268.255 -292.091 -8.204
2020-03-13 608 3449.178 180.923 5.536
2020-03-14 616 3449.178 0 0
2020-03-15 616 3449.178 0 0
2020-03-16 734 2952.883 -496.295 -14.389
2020-03-17 691 3063.878 110.995 3.759
2020-03-18 648 3152.815 88.937 2.903
2020-03-19 693 2965.041 -187.774 -5.956
2020-03-20 771 2751.659 -213.382 -7.197
2020-03-21 767 2751.659 0 0
2020-03-22 767 2751.659 0 0
2020-03-23 776 2697.614 -54.045 -1.964
2020-03-24 772 2695.709 -1.905 -0.071
2020-03-25 700 3018.351 322.642 11.969
2020-03-26 701 3037.33 18.979 0.629
2020-03-27 660 3237.498 200.168 6.59
2020-03-28 711 3039.634 -197.864 -6.112
2020-03-29 711 3039.634 0 0
2020-03-30 711 3039.634 0 0
2020-03-31 674 3189.262 149.628 4.923
