2020-01-19 377 5633.318 0 0
2020-02-07 399 5242.282 -391.036 -7.459
2020-02-15 575 4074.493 -1167.789 -28.661
2020-02-16 580 4062.454 -12.039 -0.296
2020-02-17 581 4058.921 -3.533 -0.087
2020-02-18 589 4031.553 -27.368 -0.679
2020-02-19 585 4036.527 4.974 0.123
2020-02-20 586 4016.412 -20.115 -0.501
2020-02-21 579 4044.461 28.049 0.694
2020-02-22 593 3993.834 -50.627 -1.268
2020-02-23 595 3975.837 -17.997 -0.453
2020-02-24 592 3963.074 -12.763 -0.322
2020-02-25 579 3970.836 7.762 0.195
2020-02-26 573 3989.109 18.273 0.458
2020-02-27 565 3949.137 -39.972 -1.012
2020-02-28 565 3929.504 -19.633 -0.5
2020-02-29 569 3884.1 -45.404 -1.169
2020-03-01 568 3893.985 9.885 0.254
2020-03-02 578 3893.564 -0.421 -0.011
2020-03-03 599 3837.966 -55.598 -1.449
2020-03-04 607 3827.729 -10.237 -0.267
2020-03-05 615 3794.197 -33.532 -0.884
2020-03-06 612 3757.745 -36.452 -0.97
2020-03-07 613 3743.157 -14.588 -0.39
2020-03-08 500 4282.689 539.532 12.598
2020-03-09 502 4160.141 -122.548 -2.946
2020-03-10 559 3874.673 -285.468 -7.368
2020-03-11 491 4172.977 298.304 7.148
2020-03-12 493 4013.901 -159.076 -3.963
2020-03-13 504 3900.553 -113.348 -2.906
2020-03-14 514 3854.267 -46.286 -1.201
2020-03-15 508 3898.481 44.214 1.134
2020-03-16 502 3828.952 -69.529 -1.816
2020-03-17 509 3742.874 -86.078 -2.3
2020-03-18 503 3729.797 -13.077 -0.351
2020-03-19 492 3798.799 69.002 1.816
2020-03-20 500 3767.885 -30.914 -0.82
2020-03-21 482 3876.918 109.033 2.812
2020-03-22 485 3856.693 -20.225 -0.524
2020-03-23 470 3883.41 26.717 0.688
2020-03-24 503 3698.156 -185.254 -5.009
2020-03-25 484 3895.452 197.296 5.065
2020-03-26 483 3973.746 78.294 1.97
2020-03-27 500 3971.547 -2.199 -0.055
2020-03-28 491 3970.446 -1.101 -0.028
2020-03-29 491 3970.446 0 0
2020-03-30 491 3970.446 0 0
2020-03-31 499 3898.532 -71.914 -1.845
