2021-10-05 593 5020 0 0
2021-10-06 595 5020 0 0
2021-10-07 597 5020 0 0
2021-10-08 598 5020 0 0
2021-10-09 598 5020 0 0
2021-10-10 598 5020 0 0
2021-10-11 599 5020 0 0
2021-10-12 598 5020 0 0
2021-10-13 605 5020 0 0
2021-10-14 609 5020 0 0
2021-10-15 612 5020 0 0
2021-10-16 614 5020 0 0
2021-10-17 613 5020 0 0
2021-10-18 611 5020 0 0
2021-10-19 609 5020 0 0
2021-10-20 616 5020 0 0
2021-10-21 615 5020 0 0
2021-10-22 615 5020 0 0
2021-10-23 615 5020 0 0
2021-10-25 617 5020 0 0
2021-10-26 620 5020 0 0
2021-10-27 618 5020 0 0
2021-10-28 616 5020 0 0
2021-10-29 618 5020 0 0
2021-10-30 618 5020 0 0
2021-10-31 618 5020 0 0
