2020-01-19 445 4895.502 0 0
2020-02-07 448 4817.994 -77.508 -1.609
2020-02-15 446 4803.722 -14.272 -0.297
2020-02-16 446 4803.722 0 0
2020-02-17 449 4803.722 0 0
2020-02-18 452 4794.788 -8.934 -0.186
2020-02-19 449 4800.125 5.337 0.111
2020-02-20 450 4794.556 -5.569 -0.116
2020-02-21 447 4786.085 -8.471 -0.177
2020-02-22 447 4786.085 0 0
2020-02-23 447 4786.085 0 0
2020-02-24 449 4753.945 -32.14 -0.676
2020-02-25 449 4728.883 -25.062 -0.53
2020-02-26 447 4715.075 -13.808 -0.293
2020-02-27 444 4678.061 -37.014 -0.791
2020-02-28 444 4696.858 18.797 0.4
2020-02-29 442 4696.858 0 0
2020-03-01 441 4696.858 0 0
2020-03-02 438 4725.17 28.312 0.599
2020-03-03 451 4695.234 -29.936 -0.638
2020-03-04 451 4708.229 12.995 0.276
2020-03-05 460 4681.426 -26.803 -0.573
2020-03-06 452 4653.347 -28.079 -0.603
2020-03-07 452 4653.347 0 0
2020-03-08 451 4653.347 0 0
2020-03-09 448 4585.702 -67.645 -1.475
2020-03-10 449 4603.686 17.984 0.391
2020-03-11 440 4587.094 -16.592 -0.362
2020-03-12 437 4531.4 -55.694 -1.229
2020-03-13 418 4542.306 10.906 0.24
2020-03-14 422 4542.306 0 0
2020-03-15 422 4542.306 0 0
2020-03-16 416 4500.187 -42.119 -0.936
2020-03-17 405 4527.106 26.919 0.595
2020-03-18 401 4484.291 -42.815 -0.955
2020-03-19 389 4499.491 15.2 0.338
2020-03-20 396 4479.882 -19.609 -0.438
2020-03-21 395 4479.882 0 0
2020-03-22 395 4479.882 0 0
2020-03-23 393 4464.914 -14.968 -0.335
2020-03-24 391 4464.914 0 0
2020-03-25 396 4511.21 46.296 1.026
2020-03-26 404 4532.676 21.466 0.474
2020-03-27 407 4550.428 17.752 0.39
2020-03-28 411 4528.731 -21.697 -0.479
2020-03-29 411 4528.731 0 0
2020-03-30 411 4528.731 0 0
2020-03-31 411 4535.113 6.382 0.141
2020-04-01 415 4540.566 5.453 0.12
2020-04-02 405 4535.461 -5.105 -0.113
2020-04-03 401 4568.761 33.3 0.729
2020-04-04 399 4554.954 -13.807 -0.303
2020-04-05 399 4554.954 0 0
2020-04-06 399 4554.954 0 0
2020-04-07 411 4578.508 23.554 0.514
2020-04-08 416 4608.792 30.284 0.657
2020-04-10 428 4600.437 -8.355 -0.182
2020-04-11 428 4600.437 0 0
2020-04-12 428 4600.437 0 0
2020-04-13 430 4596.144 -4.293 -0.093
2020-04-14 430 4592.315 -3.829 -0.083
2020-04-15 436 4569.689 -22.626 -0.495
2020-04-17 426 4601.482 31.793 0.691
2020-04-18 433 4601.482 0 0
2020-04-19 433 4601.482 0 0
2020-04-20 432 4577.812 -23.67 -0.517
2020-04-21 429 4575.259 -2.553 -0.056
2020-04-23 429 4604.15 28.891 0.627
2020-04-24 428 4607.399 3.249 0.071
2020-04-25 431 4607.399 0 0
2020-04-26 431 4607.399 0 0
2020-04-27 434 4609.836 2.437 0.053
2020-04-28 433 4621.787 11.951 0.259
2020-04-29 434 4650.678 28.891 0.621
2020-04-30 437 4639.191 -11.487 -0.248
2020-05-01 437 4600.553 -38.638 -0.84
2020-05-02 435 4600.553 0 0
2020-05-03 435 4600.553 0 0
2020-05-04 437 4620.743 20.19 0.437
2020-05-05 433 4620.162 -0.581 -0.013
2020-05-06 433 4610.416 -9.746 -0.211
2020-05-07 431 4613.317 2.901 0.063
2020-05-08 434 4635.827 22.51 0.486
2020-05-09 437 4635.827 0 0
2020-05-10 437 4635.827 0 0
2020-05-11 438 4630.721 -5.106 -0.11
2020-05-12 444 4611.924 -18.797 -0.408
2020-05-13 439 4586.514 -25.41 -0.554
2020-05-14 441 4590.807 4.293 0.094
2020-05-15 438 4587.326 -3.481 -0.076
2020-05-16 439 4587.326 0 0
2020-05-17 439 4587.326 0 0
2020-05-18 437 4626.08 38.754 0.838
2020-05-19 446 4609.836 -16.244 -0.352
2020-05-20 448 4626.428 16.592 0.359
2020-05-21 450 4617.03 -9.398 -0.204
2020-05-22 450 4617.494 0.464 0.01
2020-05-23 448 4617.494 0 0
2020-05-24 448 4617.494 0 0
2020-05-25 450 4617.494 0 0
2020-05-26 449 4632.694 15.2 0.328
2020-05-27 453 4636.523 3.829 0.083
2020-05-28 455 4622.599 -13.924 -0.301
2020-05-29 460 4627.588 4.989 0.108
2020-05-30 461 4627.588 0 0
2020-05-31 461 4627.588 0 0
2020-06-01 461 4636.987 9.399 0.203
2020-06-02 465 4648.938 11.951 0.257
2020-06-03 465 4671.332 22.394 0.479
2020-06-04 470 4669.707 -1.625 -0.035
2020-06-05 450 4891.431 221.724 4.533
2020-06-06 452 4891.431 0 0
2020-06-07 452 4891.431 0 0
2020-06-08 450 4913.461 22.03 0.448
2020-06-09 452 4895.776 -17.685 -0.361
2020-06-10 456 4863.752 -32.024 -0.658
2020-06-11 455 4807.61 -56.142 -1.168
2020-06-12 450 4818.446 10.836 0.225
2020-06-13 446 4818.446 0 0
2020-06-14 446 4818.446 0 0
2020-06-15 448 4816.391 -2.055 -0.043
2020-06-16 450 4830.078 13.687 0.283
2020-06-17 453 4811.749 -18.329 -0.381
2020-06-18 455 4815.84 4.091 0.085
2020-06-19 456 4804.988 -10.852 -0.226
2020-06-20 456 4804.988 0 0
2020-06-21 455 4804.988 0 0
2020-06-22 459 4805.093 0.105 0.002
2020-06-23 458 4814.751 9.658 0.201
2020-06-24 458 4814.751 0 0
2020-06-25 457 4793.737 -21.014 -0.438
2020-06-26 453 4779.036 -14.701 -0.308
2020-06-27 451 4779.036 0 0
2020-06-28 451 4779.036 0 0
2020-06-29 448 4788.08 9.044 0.189
2020-06-30 455 4792.372 4.292 0.09
2020-07-01 457 4799.575 7.203 0.15
2020-07-07 455 4784.893 -14.682 -0.307
2020-07-08 466 4782.162 -2.731 -0.057
2020-07-09 472 4761.951 -20.211 -0.424
2020-07-10 476 4781.732 19.781 0.414
2020-07-11 475 4781.732 0 0
2020-07-12 475 4781.732 0 0
2020-07-13 476 4781.654 -0.078 -0.002
2020-07-14 474 4798.821 17.167 0.358
2020-07-15 473 4808.673 9.852 0.205
2020-07-16 472 4808.673 0 0
2020-07-17 478 4799.923 -8.75 -0.182
2020-07-18 478 4799.923 0 0
2020-07-20 480 4788.445 -11.478 -0.24
2020-07-21 479 4788.445 0 0
2020-07-22 482 4802.778 14.333 0.298
2020-07-23 478 4802.915 0.137 0.003
2020-07-24 472 4805.076 2.161 0.045
2020-07-25 471 4805.076 0 0
2020-07-26 469 4805.076 0 0
2020-07-27 473 4812.053 6.977 0.145
2020-07-28 480 4805.501 -6.552 -0.136
2020-07-29 480 4813.909 8.408 0.175
2020-07-30 483 4792.278 -21.631 -0.451
2020-07-31 484 4792.278 0 0
2020-08-04 484 4791.296 -0.982 -0.02
2020-08-05 484 4803.113 11.817 0.246
2020-08-06 489 4804.508 1.395 0.029
2020-08-07 487 4802.447 -2.061 -0.043
2020-08-08 485 4802.447 0 0
2020-08-09 485 4802.447 0 0
2020-08-10 489 4813.895 11.448 0.238
2020-08-12 488 4811.792 -2.103 -0.044
2020-08-13 496 4801.68 -10.112 -0.211
2020-08-14 493 4805.772 4.092 0.085
2020-08-15 493 4805.772 0 0
2020-08-16 493 4805.772 0 0
2020-08-17 495 4798.961 -6.811 -0.142
2020-08-18 505 4796.99 -1.971 -0.041
2020-08-19 508 4791.235 -5.755 -0.12
2020-08-20 504 4784.872 -6.363 -0.133
2020-08-21 507 4780.813 -4.059 -0.085
2020-08-22 506 4780.813 0 0
2020-08-23 506 4780.813 0 0
2020-08-24 506 4796.754 15.941 0.332
2020-08-25 511 4781.767 -14.987 -0.313
2020-08-26 514 4778.275 -3.492 -0.073
2020-08-27 514 4777.633 -0.642 -0.013
2020-08-28 515 4786.809 9.176 0.192
2020-08-29 517 4786.809 0 0
2020-08-30 517 4786.809 0 0
2020-08-31 517 4781 -5.809 -0.122
