2021-04-09 2626 1084.813 0 0
2021-04-10 2622 1087.579 2.766 0.255
2021-04-11 2623 1087.579 0 0
2021-04-12 2610 1081.787 -5.792 -0.533
2021-04-13 2615 1081.787 0 0
2021-04-14 2666 1038.538 -43.249 -3.998
2021-04-15 2649 1058.338 19.8 1.907
2021-04-16 2637 1069.675 11.337 1.071
2021-04-17 2634 1072.585 2.91 0.272
2021-04-18 2634 1072.585 0 0
2021-04-19 2597 1105.552 32.967 3.074
2021-04-20 2573 1120.973 15.421 1.395
2021-04-21 2546 1136.553 15.58 1.39
2021-04-22 2563 1131.162 -5.391 -0.474
2021-04-23 2606 1108.51 -22.652 -2.003
2021-04-24 2606 1108.51 0 0
2021-04-25 2609 1108.51 0 0
2021-04-26 2607 1113.55 5.04 0.455
2021-04-27 2601 1119.883 6.333 0.569
2021-04-28 2609 1108.191 -11.692 -1.044
2021-04-29 2588 1121.121 12.93 1.167
2021-04-30 2567 1136.119 14.998 1.338
2021-05-01 2563 1135.38 -0.739 -0.065
