2021-04-11 1878 1700.858 0 0
2021-04-12 1870 1700.858 0 0
2021-04-13 1869 1700.858 0 0
2021-04-14 1873 1706.854 5.996 0.353
2024-06-05 2713 1010.283 -696.571 -40.81
2024-06-13 2707 1018.644 8.361 0.828
2024-07-06 2716 1006.746 -11.898 -1.168
2024-07-07 2716 1006.746 0 0
2024-07-08 2711 1006.746 0 0
2024-07-09 2720 1003.244 -3.502 -0.348
2024-07-12 2709 1019.329 16.085 1.603
2024-07-13 2624 1077.202 57.873 5.678
2024-07-14 2624 1077.202 0 0
2024-07-15 2625 1077.202 0 0
2024-07-16 2624 1075.128 -2.074 -0.193
2024-07-17 2633 1068.816 -6.312 -0.587
2024-07-18 2603 1087.738 18.922 1.77
2024-07-19 2654 1053.098 -34.64 -3.185
2024-07-20 2658 1046.755 -6.343 -0.602
2024-07-21 2658 1046.755 0 0
2024-07-22 2661 1046.755 0 0
2024-07-23 2663 1035.015 -11.74 -1.122
2024-07-24 2616 1065.277 30.262 2.924
2024-07-25 2557 1105.566 40.289 3.782
2024-07-26 2602 1080.176 -25.39 -2.297
2024-07-27 2583 1095.468 15.292 1.416
2024-07-28 2582 1095.468 0 0
2024-07-29 2581 1095.468 0 0
2024-07-30 2561 1105.296 9.828 0.897
2024-07-31 2616 1076.675 -28.621 -2.589
2024-08-01 2525 1139.821 63.146 5.865
2024-08-02 2603 1071.843 -67.978 -5.964
2024-08-03 2645 1045.384 -26.459 -2.469
2024-08-04 2645 1045.384 0 0
2024-08-05 2622 1045.384 0 0
2024-08-07 2610 1071.025 25.641 2.453
2024-08-08 2649 1041.507 -29.518 -2.756
2024-08-09 2636 1050.648 9.141 0.878
2024-08-10 2632 1064.103 13.455 1.281
2024-08-11 2632 1064.103 0 0
2024-08-12 2631 1064.103 0 0
2024-08-13 2647 1045.864 -18.239 -1.714
2024-08-14 2608 1080.033 34.169 3.267
2024-08-15 2595 1094.92 14.887 1.378
2024-08-16 2627 1071.071 -23.849 -2.178
2024-08-17 2578 1108.968 37.897 3.538
2024-08-18 2578 1108.968 0 0
2024-08-19 2575 1108.968 0 0
2024-08-20 2525 1147.559 38.591 3.48
2024-08-21 2474 1197.105 49.546 4.318
2024-08-22 2459 1203.425 6.32 0.528
2024-08-23 2390 1253.993 50.568 4.202
2024-08-24 2383 1265.588 11.595 0.925
2024-08-25 2383 1265.588 0 0
2024-08-26 2385 1265.588 0 0
2024-08-27 2293 1340.505 74.917 5.92
2024-08-28 2253 1369.484 28.979 2.162
2024-08-29 2267 1363.398 -6.086 -0.444
2024-08-30 2289 1350.901 -12.497 -0.917
2024-08-31 2294 1348.86 -2.041 -0.151
