2026-03-10 3296 1053.047 0 0
2026-03-11 3328 1027.624 -25.423 -2.414
2026-03-12  984.982 -42.642 -4.15
2026-04-01 3308 1024.875 39.893 4.05
2026-04-02 3293 1035.285 10.41 1.016
2026-04-03 3287 1032.972 -2.313 -0.223
2026-04-04 3287 1032.972 0 0
2026-04-05 3287 1032.972 0 0
2026-04-06 3294 1029.039 -3.933 -0.381
2026-04-07 3294 1028.47 -0.569 -0.055
2026-04-08 3281 1055.881 27.411 2.665
2026-04-09 3274 1065.188 9.307 0.881
2026-04-10 3283 1062.498 -2.69 -0.253
2026-04-11 3290 1061.914 -0.584 -0.055
2026-04-12 3290 1061.914 0 0
2026-04-13 3237 1095.776 33.862 3.189
2026-04-14 3170 1139.12 43.344 3.956
2026-04-15 3140 1166.052 26.932 2.364
2026-04-16 3171 1150.773 -15.279 -1.31
2026-04-17 3148 1168.588 17.815 1.548
2026-04-18 3150 1172.133 3.545 0.303
2026-04-19 3150 1172.133 0 0
2026-04-20 3160 1169.256 -2.877 -0.245
2026-04-21 3164 1163.494 -5.762 -0.493
2026-04-22 3157 1160.769 -2.725 -0.234
2026-04-23 3175 1141.444 -19.325 -1.665
2026-04-24 3167 1140.093 -1.351 -0.118
2026-04-25 3167 1139.528 -0.565 -0.05
2026-04-26 3167 1139.528 0 0
2026-04-27 3196 1121.61 -17.918 -1.572
2026-04-28 3202 1113.924 -7.686 -0.685
2026-04-29 3250 1086.391 -27.533 -2.472
2026-04-30 3173 1128.446 42.055 3.871
2026-05-01 3171 1135.068 6.622 0.587
2026-05-02 3167 1137.683 2.615 0.23
2026-05-04 3178 1132.723 -4.96 -0.436
2026-05-05 3178 1132.723 0 0
2026-05-06 3143 1152.157 0 0
2026-05-07 3129 1167.618 0 0
2026-05-08 3137 1167.939 0 0
2026-05-09 3113 1184.195 0 0
2026-05-10 3126 1180.093 0 0
2026-05-11 3126 1180.093 0 0
2026-05-12 3156 1161.018 0 0
2026-05-13 3155 1156.845 0 0
2026-05-14 3186 1134.893 0 0
2026-05-15 3092 1192.17 0 0
2026-05-16 3165 1145.054 0 0
2026-05-17 3165 1143.011 0 0
2026-05-18 3152 1143.011 0 0
