2019-11-07  400 0 0
2020-01-19  900 500 125
2020-02-07  900 0 0
2020-02-15  900 0 0
2020-02-16  900 0 0
2020-02-17  900 0 0
2020-02-18  900 0 0
2020-02-19  900 0 0
2020-02-20  900 0 0
2020-02-21  900 0 0
2020-02-22  900 0 0
2020-02-23  900 0 0
2020-02-24  900 0 0
2020-02-25  900 0 0
2020-02-26  900 0 0
2020-02-27  900 0 0
2020-02-28  900 0 0
2020-02-29  900 0 0
2020-03-01  900 0 0
2020-03-02  900 0 0
2020-03-03  900 0 0
2020-03-04  900 0 0
2020-03-05  900 0 0
2020-03-06  900 0 0
2020-03-07  900 0 0
2020-03-08  900 0 0
2020-03-09  900 0 0
2020-03-10  900 0 0
2020-03-11  900 0 0
2020-03-12  900 0 0
2020-03-13  900 0 0
2020-03-14  900 0 0
2020-03-15  900 0 0
2020-03-16  900 0 0
2020-03-17  900 0 0
2020-03-18  900 0 0
2020-03-19  900 0 0
2020-03-20  900 0 0
2020-03-21  900 0 0
2020-03-22  900 0 0
2020-03-23  900 0 0
2020-03-24  900 0 0
2020-03-25  900 0 0
2020-03-26  900 0 0
2020-03-27  900 0 0
2020-03-28  900 0 0
2020-03-29  900 0 0
2020-03-30  900 0 0
2020-03-31  900 0 0
