2025-04-02 2836 1108.664 0 0
2025-04-03 2805 1108.708 0.044 0.004
2025-04-04 2796 1108.917 0.209 0.019
2025-04-05 2787 1108.682 -0.235 -0.021
2025-04-06 2787 1108.682 0 0
2025-04-07 2737 1108.682 0 0
2025-04-08 2736 1108.491 -0.191 -0.017
2025-04-09 2749 1108.493 0.002 0
2025-04-10 2755 1108.493 0 0
2025-04-11 2768 1108.493 0 0
2025-04-12 2779 1108.804 0.311 0.028
2025-04-13 2779 1108.804 0 0
2025-04-14 2789 1108.804 0 0
2025-04-15 2795 1108.937 0.133 0.012
2025-04-16 2780 1108.996 0.059 0.005
2025-04-17 2785 1109.007 0.011 0.001
2025-04-18 2788 1108.984 -0.023 -0.002
2025-04-19 2788 1108.984 0 0
2025-04-20 2788 1108.984 0 0
2025-04-21 2790 1108.984 0 0
2025-04-22 2790 1109.146 0.162 0.015
2025-04-23 2803 1109.135 -0.011 -0.001
2025-04-24 2809 1109.025 -0.11 -0.01
2025-04-25 2808 1109.067 0.042 0.004
2025-04-26 2809 1109.062 -0.005 0
2025-04-27 2809 1109.062 0 0
2025-04-28 2804 1109.062 0 0
2025-04-29 2810 1109.148 0.086 0.008
2025-04-30 2811 1109.144 -0.004 0
2025-05-01 2815 1109.111 -0.033 -0.003
2025-05-02 2822 1109.049 -0.062 -0.006
2025-05-03 2825 1109.076 0.027 0.002
2025-05-04 2824 1109.076 0 0
2025-05-05 2822 1109.076 0 0
2025-05-06 2826 1109.076 0 0
2025-05-07 2833 1109.126 0.05 0.005
2025-05-08 2833 1109.122 -0.004 0
2025-05-09 2831 1109.063 -0.059 -0.005
2025-05-10 2830 1109.058 -0.005 0
2025-05-11 2830 1109.058 0 0
2025-05-12 2853 1109.058 0 0
2025-05-13 2843 1108.953 -0.105 -0.009
2025-05-14 2848 1109.011 0.058 0.005
2025-05-15 2840 1109.06 0.049 0.004
2025-05-16 2848 1109.033 -0.027 -0.002
2025-05-17 2847 1109.018 -0.015 -0.001
2025-05-18 2847 1109.018 0 0
2025-05-19 2844 1109.018 0 0
2025-05-20 2849 1109.122 0.104 0.009
2025-05-21 2852 1109.124 0.002 0
2025-05-22 2848 1109.193 0.069 0.006
2025-05-23 2846 1109.181 -0.012 -0.001
2025-05-24 2846 1109.181 0 0
2025-05-25 2846 1109.256 0.075 0.007
2025-05-26 2847 1109.256 0 0
2025-05-27 2849 1109.256 0 0
2025-05-28 2849 1109.281 0.025 0.002
2025-05-29 2850 1109.228 -0.053 -0.005
2025-05-30 2849 1109.243 0.015 0.001
2025-05-31 2848 1109.245 0.002 0
2025-06-01 2848 1109.245 0 0
2025-06-02 2843 1109.245 0 0
2025-06-03 2848 1109.315 0.07 0.006
2025-06-04 2846 1109.29 -0.025 -0.002
2025-06-05 2851 1109.339 0.049 0.004
2025-06-06 2858 1109.354 0.015 0.001
2025-06-07 2857 1109.286 -0.068 -0.006
2025-06-08 2857 1109.286 0 0
2025-06-09 2863 1109.286 0 0
2025-06-10 2864 1109.305 0.019 0.002
2025-06-11 2862 1109.275 -0.03 -0.003
2025-06-12 2857 1109.299 0.024 0.002
2025-06-13 2852 1109.356 0.057 0.005
2025-06-14 2849 1109.337 -0.019 -0.002
2025-06-15 2848 1109.337 0 0
2025-06-16 2850 1109.337 0 0
2025-06-17 2848 1109.358 0.021 0.002
2025-06-18 2851 1109.358 0 0
2025-06-19 2843 1109.209 -0.149 -0.013
2025-06-20 2838 1109.209 0 0
2025-06-21 2836 1109.222 0.013 0.001
2025-06-22 2836 1109.222 0 0
2025-06-23 2840 1109.222 0 0
2025-06-24 2855 1109.247 0.025 0.002
2025-06-25 2859 1109.385 0.138 0.012
2025-06-26 2866 1109.385 0 0
2025-06-27 2872 1109.501 0.116 0.01
2025-06-28 2872 1109.481 -0.02 -0.002
2025-06-29 2871 1109.481 0 0
2025-06-30 2871 1109.481 0 0
2025-07-01 2881 1109.47 -0.011 -0.001
2025-07-02 2880 1109.483 0.013 0.001
2025-07-03 2880 1109.356 -0.127 -0.011
2025-07-04 2878 1109.41 0.054 0.005
2025-07-05 2878 1109.41 0 0
2025-07-06 2878 1109.41 0 0
2025-07-07 2879 1109.41 0 0
2025-07-08 2878 1109.4 -0.01 -0.001
2025-07-09 2877 1109.305 -0.095 -0.009
2025-07-10 2882 1109.351 0.046 0.004
2025-07-11 2879 1109.316 -0.035 -0.003
2025-07-12 2880 1109.266 -0.05 -0.005
2025-07-13 2880 1109.266 0 0
2025-07-14 2879 1109.266 0 0
2025-07-15 2879 1109.204 -0.062 -0.006
2025-07-16 2882 1109.152 -0.052 -0.005
2025-07-17 2886 1109.15 -0.002 0
2025-07-18 2890 1109.167 0.017 0.002
2025-07-19 2892 1109.2 0.033 0.003
2025-07-20 2892 1109.2 0 0
2025-07-21 2895 1109.2 0 0
2025-07-22 2897 1109.252 0.052 0.005
2025-07-23 2904 1109.262 0.01 0.001
2025-07-24 2902 1109.322 0.06 0.005
2025-07-25 2905 1109.303 -0.019 -0.002
2025-07-26 2902 1109.189 -0.114 -0.01
2025-07-27 2902 1109.189 0 0
2025-07-28 2906 1109.189 0 0
2025-07-29 2903 1109.17 -0.019 -0.002
2025-07-30 2902 1109.17 0 0
2025-07-31 2896 1109.043 -0.127 -0.011
2025-08-01 2890 1108.984 -0.059 -0.005
2025-08-02 2889 1109.014 0.03 0.003
2025-08-03 2889 1109.014 0 0
2025-08-04 2896 1109.014 0 0
2025-08-05 2898 1109.014 0 0
2025-08-06 2912 1109.042 0.028 0.003
2025-08-07 2915 1109.084 0.042 0.004
2025-08-08 2914 1109.159 0.075 0.007
2025-08-09 2913 1109.196 0.037 0.003
2025-08-10 2913 1109.196 0 0
2025-08-11 2917 1109.196 0 0
2025-08-12 2917 1109.163 -0.033 -0.003
2025-08-13 2927 1109.247 0.084 0.008
2025-08-14 2928 1109.334 0.087 0.008
2025-08-15 2935 1109.316 -0.018 -0.002
2025-08-16 2936 1109.32 0.004 0
2025-08-17 2936 1109.32 0 0
2025-08-18 2940 1109.32 0 0
2025-08-19 2939 1109.277 -0.043 -0.004
2025-08-20 2939 1109.262 -0.015 -0.001
2025-08-21 2945 1109.232 -0.03 -0.003
2025-08-22 2955 1109.185 -0.047 -0.004
2025-08-23 2960 1109.284 0.099 0.009
2025-08-24 2960 1109.284 0 0
2025-08-25 2959 1109.284 0 0
2025-08-26 2959 1109.262 -0.022 -0.002
2025-08-27 2949 1109.237 -0.025 -0.002
2025-08-28 2954 1109.219 -0.018 -0.002
2025-08-29 2958 1109.271 0.052 0.005
2025-08-30 2958 1109.269 -0.002 0
2025-08-31 2958 1109.269 0 0
2025-09-01 2964 1109.269 0 0
2025-09-02 2953 1109.269 0 0
2025-09-03 2946 1109.154 -0.115 -0.01
2025-09-04 2935 1109.191 0.037 0.003
2025-09-05 2946 1109.183 -0.008 -0.001
2025-09-06 2951 1109.281 0.098 0.009
2025-09-07 2951 1109.281 0 0
2025-09-08 2957 1109.281 0 0
2025-09-09 2950 1109.294 0.013 0.001
2025-09-10 2954 1109.299 0.005 0
2025-09-11 2962 1109.311 0.012 0.001
2025-09-12 2959 1109.32 0.009 0.001
2025-09-13 2959 1109.32 0 0
2025-09-14 2959 1109.32 0 0
2025-09-15 2962 1109.32 0 0
2025-09-16 2969 1109.351 0.031 0.003
2025-09-17 2976 1109.42 0.069 0.006
2025-09-18 2975 1109.423 0.003 0
2025-09-19 2972 1109.315 -0.108 -0.01
2025-09-20 2971 1109.241 -0.074 -0.007
2025-09-21 2972 1109.241 0 0
2025-09-22 2976 1109.241 0 0
2025-09-23 2966 1109.254 0.013 0.001
2025-09-24 2979 1109.284 0.03 0.003
2025-09-25 2973 1109.209 -0.075 -0.007
2025-09-26 2962 1109.104 -0.105 -0.009
2025-09-27 2963 1109.157 0.053 0.005
2025-09-28 2964 1109.157 0 0
2025-09-29 2965 1109.157 0 0
2025-09-30 2961 1109.176 0.019 0.002
2025-10-01 2963 1109.221 0.045 0.004
2025-10-02 2973 1109.266 0.045 0.004
2025-10-03 2969 1109.178 -0.088 -0.008
2025-10-04 2970 1109.23 0.052 0.005
2025-10-05 2970 1109.23 0 0
2025-10-06 2971 1109.23 0 0
2025-10-07 2973 1109.237 0.007 0.001
2025-10-08 2973 1109.189 -0.048 -0.004
2025-10-09 2982 1109.178 -0.011 -0.001
2025-10-10 2962 1109.087 -0.091 -0.008
2025-10-11 2962 1109.058 -0.029 -0.003
2025-10-12 2962 1109.058 0 0
2025-10-13 2965 1109.058 0 0
2025-10-14 2959 1109.082 0.024 0.002
2025-10-15 2957 1109.051 -0.031 -0.003
2025-10-16 2962 1109.119 0.068 0.006
2025-10-17 2953 1109.191 0.072 0.006
2025-10-18 2950 1109.148 -0.043 -0.004
2025-10-19 2951 1109.148 0 0
2025-10-20 2954 1109.148 0 0
2025-10-21 2962 1109.172 0.024 0.002
2025-10-22 2955 1109.13 -0.042 -0.004
2025-10-23 2960 1109.109 -0.021 -0.002
2025-10-24 2963 1109.076 -0.033 -0.003
2025-10-25 2963 1109.053 -0.023 -0.002
2025-10-26 2963 1109.053 0 0
2025-10-27 2969 1109.053 0 0
2025-10-28 2966 1109.082 0.029 0.003
2025-10-29 2970 1109.029 -0.053 -0.005
2025-10-30 2967 1108.993 -0.036 -0.003
2025-10-31 2967 1108.897 -0.096 -0.009
2025-11-01 2968 1108.887 -0.01 -0.001
2025-11-02 2968 1108.887 0 0
2025-11-03 2965 1108.887 0 0
2025-11-04 2962 1108.894 0.007 0.001
2025-11-05 2962 1108.791 -0.103 -0.009
2025-11-06 2956 1108.786 -0.005 0
2025-11-07 2958 1108.85 0.064 0.006
2025-11-08 2958 1108.901 0.051 0.005
2025-11-09 2958 1108.901 0 0
2025-11-10 2968 1108.901 0 0
2025-11-11 2969 1108.897 -0.004 0
2025-11-12 2970 1108.926 0.029 0.003
2025-11-13 2965 1108.88 -0.046 -0.004
2025-11-14 2961 1108.948 0.068 0.006
2025-11-15 2960 1108.889 -0.059 -0.005
2025-11-16 2960 1108.889 0 0
2025-11-17 2960 1108.889 0 0
2025-11-18 2943 1108.926 0.037 0.003
2025-11-19 2947 1108.892 -0.034 -0.003
2025-11-20 2941 1108.825 -0.067 -0.006
2025-11-21 2942 1108.841 0.016 0.001
2025-11-22 2940 1108.832 -0.009 -0.001
2025-11-23 2940 1108.832 0 0
2025-11-24 2946 1108.832 0 0
2025-11-25 2955 1108.844 0.012 0.001
2025-11-26 2961 1108.926 0.082 0.007
2025-11-27 2962 1108.978 0.052 0.005
2025-11-28 2964 1108.978 0 0
2025-11-29 2964 1109.002 0.024 0.002
2025-11-30 2964 1109.002 0 0
2025-12-01 2968 1109.002 0 0
2025-12-02 2966 1109.002 0 0
2025-12-03 2962 1108.953 -0.049 -0.004
2025-12-04 2965 1109.085 0.132 0.012
2025-12-05 2962 1109.13 0.045 0.004
2025-12-06 2963 1109.096 -0.034 -0.003
2025-12-07 2964 1109.096 0 0
2025-12-08 2974 1109.096 0 0
2025-12-09 2971 1109.065 -0.031 -0.003
2025-12-10 2976 1109.051 -0.014 -0.001
2025-12-11 2971 1109.074 0.023 0.002
2025-12-12 2975 1109.193 0.119 0.011
2025-12-13 2974 1109.109 -0.084 -0.008
2025-12-14 2974 1109.109 0 0
2025-12-15 2969 1109.109 0 0
2025-12-16 2961 1109.15 0.041 0.004
2025-12-17 2963 1109.172 0.022 0.002
2025-12-18 2969 1109.155 -0.017 -0.002
2025-12-19 2978 1109.15 -0.005 0
2025-12-20 2977 1109.117 -0.033 -0.003
2025-12-21 2982 1109.117 0 0
2025-12-22 2985 1109.117 0 0
2025-12-23 2986 1109.213 0.096 0.009
2025-12-24 2988 1109.243 0.03 0.003
2025-12-25 2993 1109.266 0.023 0.002
2025-12-26 2995 1109.266 0 0
2025-12-27 2997 1109.267 0.001 0
2025-12-28 2997 1109.267 0 0
2025-12-29 2995 1109.267 0 0
2025-12-30 2996 1109.258 -0.009 -0.001
2025-12-31 2991 1109.232 -0.026 -0.002
2026-01-01 2993 1109.207 -0.025 -0.002
2026-01-02 2994 1109.207 0 0
2026-01-03 2995 1109.26 0.053 0.005
2026-01-05 3003 1109.26 0 0
2026-01-06 3008 1109.264 0.004 0
2026-01-07 3013 1109.266 0.002 0
2026-01-08 3022 1109.237 -0.029 -0.003
2026-01-09 3026 1109.198 -0.039 -0.004
2026-01-10 3028 1109.176 -0.022 -0.002
2026-01-11 3029 1109.176 0 0
2026-01-12 3034 1109.176 0 0
2026-01-13 3032 1109.234 0.058 0.005
2026-01-14 3034 1109.194 -0.04 -0.004
2026-01-15 3039 1109.215 0.021 0.002
2026-01-16 3036 1109.141 -0.074 -0.007
2026-01-17 3036 1109.135 -0.006 -0.001
2026-01-18 3035 1109.135 0 0
2026-01-19 3034 1109.135 0 0
2026-01-20 3027 1109.135 0 0
2026-01-21 3028 1109.215 0.08 0.007
2026-01-22 3031 1109.185 -0.03 -0.003
2026-01-23 3039 1109.237 0.052 0.005
2026-01-24 3041 1109.326 0.089 0.008
2026-01-25 3041 1109.326 0 0
2026-01-26 3036 1109.326 0 0
2026-01-27 3034 1109.474 0.148 0.013
2026-01-28 3039 1109.518 0.044 0.004
2026-01-29 3036 1109.559 0.041 0.004
2026-01-30 3033 1109.532 -0.027 -0.002
2026-01-31 3029 1109.489 -0.043 -0.004
2026-02-01 3028 1109.489 0 0
2026-02-02 3018 1109.489 0 0
2026-02-03 3020 1109.391 -0.098 -0.009
2026-02-04 3024 1109.47 0.079 0.007
2026-02-05 3015 1109.429 -0.041 -0.004
2026-02-06 3019 1109.286 -0.143 -0.013
2026-02-07 3021 1109.377 0.091 0.008
2026-02-08 3022 1109.377 0 0
2026-02-09 3027 1109.377 0 0
2026-02-10 3037 1109.445 0.068 0.006
2026-02-11 3042 1109.439 -0.006 -0.001
2026-02-12 3033 1109.397 -0.042 -0.004
2026-02-13 3033 1109.418 0.021 0.002
2026-02-14 3036 1109.375 -0.043 -0.004
2026-02-15 3035 1109.375 0 0
2026-02-16 3033 1109.375 0 0
2026-02-17 3036 1109.375 0 0
2026-02-18 3034 1109.264 -0.111 -0.01
2026-02-19 3039 1109.305 0.041 0.004
2026-02-20 3033 1109.213 -0.092 -0.008
2026-02-21 3035 1109.26 0.047 0.004
2026-02-22 3034 1109.26 0 0
2026-02-23 3040 1109.26 0 0
2026-02-24 3039 1109.254 -0.006 -0.001
2026-02-25 3038 1109.275 0.021 0.002
2026-02-26 3039 1109.294 0.019 0.002
2026-02-27 3044 1109.271 -0.023 -0.002
2026-02-28 2912 1209.207 99.936 9.009
2026-03-01 2907 1209.207 0 0
2026-03-02 3028 1107.301 -101.906 -8.428
2026-03-03 3009 1107.208 -0.093 -0.008
2026-03-04 3005 1107.124 -0.084 -0.008
2026-03-05 3010 1107.202 0.078 0.007
2026-03-06 3012 1107.146 -0.056 -0.005
2026-03-07 3012 1107.195 0.049 0.004
2026-03-08 3012 1107.195 0 0
2026-03-09 3004 1107.195 0 0
2026-03-10 3214 1107.238 0.043 0.004
2026-03-11 3216 1107.317 0.079 0.007
2026-03-12 3208 1107.242 -0.075 -0.007
2026-03-13 3207 1107.182 -0.06 -0.005
2026-03-14 3201 1107.042 -0.14 -0.013
2026-03-15 3200 1107.042 0 0
2026-03-16 3199 1107.042 0 0
2026-03-17 3199 1107.121 0.079 0.007
2026-03-18 3206 1107.121 0 0
2026-03-19 3190 1107.146 0.025 0.002
2026-03-20 3177 1107.193 0.047 0.004
2026-03-21 3176 1107.124 -0.069 -0.006
2026-03-22 3176 1107.124 0 0
2026-03-23 3166 1107.124 0 0
2026-03-24 3168 1107.226 0.102 0.009
2026-03-25 3179 1107.222 -0.004 0
2026-03-27 3166 1107.222 0 0
2026-03-28 3162 1107.108 -0.114 -0.01
2026-03-29 3162 1107.108 0 0
2026-03-30 3156 1107.108 0 0
2026-03-31 3154 1106.991 -0.117 -0.011
2026-04-01 3171 1106.978 -0.013 -0.001
2026-04-02 3168 1107.164 0.186 0.017
2026-04-03 3164 1107.051 -0.113 -0.01
2026-04-04 3164 1107.051 0 0
2026-04-05 3164 1107.051 0 0
2026-04-06 3167 1107.051 0 0
2026-04-07 3166 1107.04 -0.011 -0.001
2026-04-08 3194 1107.04 0 0
2026-04-09 3199 1107.305 0.265 0.024
2026-04-10 3206 1107.265 -0.04 -0.004
2026-04-11 3211 1107.324 0.059 0.005
2026-04-12 3211 1107.324 0 0
2026-04-13 3214 1107.324 0 0
2026-04-14 3226 1107.321 -0.003 0
2026-04-15 3234 1107.48 0.159 0.014
2026-04-16 3241 1107.459 -0.021 -0.002
2026-04-17 3240 1107.399 -0.06 -0.005
2026-04-18 3242 1107.459 0.06 0.005
2026-04-19 3242 1107.459 0 0
2026-04-20 3241 1107.459 0 0
2026-04-21 3240 1107.399 -0.06 -0.005
2026-04-22 3242 1107.381 -0.018 -0.002
2026-04-23 3230 1107.371 -0.01 -0.001
2026-04-24 3224 1107.383 0.012 0.001
2026-04-25 3221 1107.371 -0.012 -0.001
2026-04-26 3221 1107.371 0 0
2026-04-27 3221 1107.371 0 0
2026-04-28 3215 1107.44 0.069 0.006
2026-04-29 3211 1107.367 -0.073 -0.007
2026-04-30 3208 1107.371 0.004 0
2026-05-01 3215 1107.482 0.111 0.01
2026-05-02 3218 1107.524 0.042 0.004
2026-05-04 3218 1107.524 0 0
2026-05-05 3219 1107.524 0 0
2026-05-06 3226 1107.438 0 0
2026-05-07 3231 1107.438 0 0
2026-05-08 3246 1107.5 0 0
2026-05-09 3256 1107.535 0 0
2026-05-10 3254 1107.528 0 0
2026-05-11 3253 1107.528 0 0
2026-05-12 3249 1107.528 0 0
2026-05-13 3244 1107.545 0 0
2026-05-14 3234 1107.399 0 0
2026-05-15 3234 1107.39 0 0
2026-05-16 3228 1107.351 0 0
2026-05-17 3227 1107.177 0 0
2026-05-18 3221 1107.177 0 0
2026-05-19 3227 1107.177 0 0
2026-05-20 3218 1107.238 0 0
2026-05-21 3229 1107.238 0 0
2026-05-22 3221 1107.29 0 0
2026-05-23 3227 1107.29 0 0
2026-05-24 3226 1107.287 0 0
2026-05-25 3225 1107.287 0 0
2026-05-26 3229 1107.287 0 0
2026-05-27 3230 1107.287 0 0
2026-05-28 3232 1107.308 0 0
2026-05-29 3232 1107.269 0 0
2026-05-30 3228 1107.283 0 0
2026-05-31 3230 1107.344 0 0
2026-06-01 3229 1107.344 0 0
2026-06-02 3222 1107.344 0 0
2026-06-03 3224 1107.292 0 0
2026-06-04 3196 1107.335 0 0
2026-06-05 3207 1107.292 0 0
2026-06-06 3201 1107.299 0 0
2026-06-07 3199 1107.229 0 0
2026-06-09 3180 1107.229 0 0
2026-06-10 3172 1107.175 0 0
2026-06-11 3171 1107.24 0 0
2026-06-12 3182 1107.247 0 0
