2019-11-07 617 3736.274 0 0
2020-01-19 589 4028.808 292.534 7.83
2020-02-07 589 4023.323 -5.485 -0.136
2020-02-15 590 4017.631 -5.692 -0.141
2020-02-16 590 4017.631 0 0
2020-02-17 602 3992.131 -25.5 -0.635
2020-02-18 602 3992.131 0 0
2020-02-19 609 3956.95 -35.181 -0.881
2020-02-20 611 3932.004 -24.946 -0.63
2020-02-21 604 3954.474 22.47 0.571
2020-02-22 603 3953.191 -1.283 -0.032
2020-02-23 602 3953.191 0 0
2020-02-24 597 3953.191 0 0
2020-02-25 603 3870.542 -82.649 -2.091
2020-02-26 618 3743.506 -127.036 -3.282
2020-02-27 622 3687.53 -55.976 -1.495
2020-02-28 641 3556.766 -130.764 -3.546
2020-02-29 688 3381.858 -174.908 -4.918
