2020-06-23 2218 1007.546 0 0
2020-07-08 2186 1046.723 39.177 3.743
2020-07-09 2182 1050.575 3.852 0.367
2020-07-10 2178 1051.796 1.221 0.116
2020-07-11 2177 1051.796 0 0
2020-07-12 2177 1051.796 0 0
2020-07-13 2190 1043.247 -8.549 -0.819
2020-07-14 2151 1072.277 29.03 2.707
2020-07-15 2135 1091.819 19.542 1.79
2020-07-16 2129 1091.819 0 0
2020-07-17 2150 1078.196 -13.623 -1.263
2020-07-18 2150 1078.196 0 0
2020-07-20 2119 1102.717 24.521 2.224
2020-07-21 2116 1102.717 0 0
2020-07-22 2120 1105.348 2.631 0.238
2020-07-23 2144 1091.067 -14.281 -1.309
2020-07-24 2131 1091.725 0.658 0.06
2020-07-25 2128 1091.725 0 0
2020-07-26 2126 1091.725 0 0
2020-07-27 2113 1103.938 12.213 1.106
2020-07-28 2147 1073.686 -30.252 -2.818
2020-07-29 2130 1095.107 21.421 1.956
2020-07-30 2131 1093.604 -1.503 -0.137
2020-07-31 2134 1093.604 0 0
2020-08-04 2107 1118.594 24.99 2.234
2020-08-05 2075 1148.94 30.346 2.641
2020-08-06 2099 1133.814 -15.126 -1.334
2020-08-07 2089 1139.263 5.449 0.478
2020-08-08 2087 1139.263 0 0
2020-08-09 2087 1139.263 0 0
2020-08-10 2131 1102.529 -36.734 -3.332
2020-08-12 2127 1111.642 9.113 0.82
2020-08-13 2096 1134.566 22.924 2.021
2020-08-14 2119 1120.849 -13.717 -1.224
2020-08-15 2116 1120.849 0 0
2020-08-16 2116 1120.849 0 0
2020-08-17 2107 1129.117 8.268 0.732
2020-08-18 2097 1142.458 13.341 1.168
2020-08-19 2084 1153.168 10.71 0.929
2020-08-20 2060 1173.273 20.105 1.714
2020-08-21 2080 1152.98 -20.293 -1.76
2020-08-22 2079 1152.98 0 0
2020-08-23 2079 1152.98 0 0
2020-08-24 2083 1151.195 -1.785 -0.155
2020-08-25 2092 1144.713 -6.482 -0.566
2020-08-26 2102 1133.439 -11.274 -0.995
2020-08-27 2101 1134.848 1.409 0.124
2020-08-28 2097 1144.055 9.207 0.805
2020-08-29 2100 1144.055 0 0
2020-08-30 2100 1144.055 0 0
2020-08-31 2099 1140.955 -3.1 -0.272
2020-09-01 2065 1172.146 31.191 2.661
2020-09-02 2143 1110.421 -61.725 -5.559
2020-09-03 2168 1080.827 -29.594 -2.738
2020-09-04 2182 1066.828 -13.999 -1.312
2020-09-05 2183 1066.828 0 0
2020-09-06 2183 1066.828 0 0
2020-09-07 2182 1066.828 0 0
2020-09-08 2217 1030.375 -36.453 -3.538
2020-09-09 2194 1050.387 20.012 1.905
2020-09-10 2177 1066.452 16.065 1.506
2020-09-11 2189 1065.207 -1.245 -0.117
2020-09-12 2172 1075.941 10.734 0.998
2020-09-13 2172 1075.941 0 0
2020-09-14 2205 1047.38 -28.561 -2.727
2020-09-15 2236 1026.852 -20.528 -1.999
2020-09-16 2246 1012.008 -14.844 -1.467
2020-09-17 2270 999.748 -12.26 -1.226
2020-09-22 2217 1035.731 35.983 3.474
2020-09-23 2223 1023.799 -11.932 -1.165
2020-09-24 2249 991.386 -32.413 -3.269
2020-09-29 2208 1023.329 31.943 3.121
2020-09-30 2245 990.541 -32.788 -3.31
2020-11-07 2267 1002.19 11.649 1.162
2020-11-08 2267 1002.19 0 0
2020-11-09 2278 943.19 -59 -6.255
2020-11-12 2297 994.58 51.39 5.167
2020-11-25 2304 971.093 -23.487 -2.419
2020-12-09 2290 1009.988 38.895 3.851
2020-12-10 2295 1008.861 -1.127 -0.112
2020-12-11 2283 1014.498 5.637 0.556
2020-12-12 2284 1014.498 0 0
2020-12-13 2284 1014.498 0 0
2020-12-14 2280 1022.108 7.61 0.745
2020-12-15 2275 1038.079 15.971 1.539
2020-12-16 2277 1038.079 0 0
2020-12-17 2259 1057.903 19.824 1.874
2020-12-18 2251 1067.486 9.583 0.898
2020-12-19 2251 1067.486 0 0
2020-12-20 2251 1067.486 0 0
2020-12-21 2279 1036.294 -31.192 -3.01
2020-12-22 2279 1030.657 -5.637 -0.547
2020-12-23 2321 1037.328 6.671 0.643
2020-12-24 2322 1039.958 2.63 0.253
2020-12-25 2322 1039.958 0 0
2020-12-26 2322 1039.958 0 0
2020-12-27 2322 1039.958 0 0
2020-12-28 2305 1056.306 16.348 1.548
2020-12-29 2332 1020.98 -35.326 -3.46
2020-12-31 2337 1014.686 -6.294 -0.62
