2021-02-05 2062 1310.559 0 0
2021-02-06 2068 1310 -0.559 -0.043
2021-02-07 2068 1310 0 0
2021-02-08 2076 1305.707 -4.293 -0.328
2021-02-09 2020 1377.053 71.346 5.464
2021-02-10 2033 1360.845 -16.208 -1.177
2021-02-11 2035 1359.805 -1.04 -0.076
2021-02-12 2058 1337.412 -22.393 -1.647
2021-02-13 2060 1334.227 -3.185 -0.238
2021-02-14 2061 1334.227 0 0
2021-02-15 2071 1325.602 -8.625 -0.646
2021-02-16 2065 1335.952 10.35 0.781
2021-02-17 2121 1274.357 -61.595 -4.611
2021-02-18 2155 1242.769 -31.588 -2.479
2021-02-19 2148 1254.684 11.915 0.959
2021-02-20 2147 1256.525 1.841 0.147
2021-02-21 2149 1256.525 0 0
2021-02-22 2176 1228.239 -28.286 -2.251
2021-02-23 2168 1234.668 6.429 0.523
2021-02-24 2233 1167.072 -67.596 -5.475
2021-02-25 2237 1162.312 -4.76 -0.408
2021-02-26 2268 1130.586 -31.726 -2.73
2021-02-27 2270 1127.667 -2.919 -0.258
2021-02-28 2271 1127.667 0 0
