2022-03-10 247 8604.321 0 0
2022-03-11 243 8637.138 32.817 0.38
2022-03-12 246 8604.301 -32.837 -0.382
2022-03-13 246 8604.301 0 0
2022-03-14 236 8662.22 57.919 0.669
2022-03-15 233 8655.171 -7.049 -0.081
2022-03-16 234 8866.739 211.568 2.386
2022-03-17 232 9020.373 153.634 1.703
2022-03-18 232 9074.363 53.99 0.595
2022-03-19 232 9074.363 0 0
2022-03-20 232 9074.363 0 0
2022-03-21 237 8977.465 -96.898 -1.079
2022-03-22 233 9055.233 77.768 0.859
2022-03-23 233 9023.275 -31.958 -0.354
2022-03-24 230 9006.34 -16.935 -0.188
2022-03-25 237 8985.875 -20.465 -0.228
2022-03-26 233 9004.74 18.865 0.21
2022-03-27 233 9004.74 0 0
2022-03-28 228 9074.936 70.196 0.774
2022-03-29 235 9112.181 37.245 0.409
2022-03-30 227 9281.473 169.292 1.824
2022-04-01 226 9273.728 -7.745 -0.084
2022-04-02 219 9526.444 252.716 2.653
2022-04-03 219 9526.444 0 0
2022-04-05 217 9802.864 276.42 2.82
2022-04-06 212 9824.064 21.2 0.216
2022-04-07 214 9726.297 -97.767 -1.005
2022-04-08 212 9736.277 9.98 0.103
2022-04-09 213 9741.728 5.451 0.056
2022-04-10 213 9741.728 0 0
2022-04-11 213 9689.184 -52.544 -0.542
2022-04-12 220 9409.66 -279.524 -2.971
2022-04-13 228 9266.403 -143.257 -1.546
2022-04-14 230 9260.771 -5.632 -0.061
2022-04-15 230 9260.771 0 0
2022-04-16 230 9260.771 0 0
2022-04-17 230 9260.771 0 0
2022-04-18 230 9066.826 -193.945 -2.139
2022-04-19 233 8983.265 -83.561 -0.93
2022-04-20 234 8924.079 -59.186 -0.663
2022-04-21 228 9090.79 166.711 1.834
2022-04-22 229 8952.864 -137.926 -1.541
2022-04-23 230 8914.319 -38.545 -0.432
2022-04-24 230 8914.319 0 0
2022-04-25 226 8890.071 -24.248 -0.273
2022-04-26 216 9059.79 169.719 1.873
2022-04-27 228 8823.752 -236.038 -2.675
2022-04-28 226 8914.296 90.544 1.016
2022-04-29 236 8702.36 -211.936 -2.435
2022-04-30 234 8707.699 5.339 0.061
