2019-11-07 372 5498.549 0 0
2020-01-19 388 5508.348 9.799 0.178
2020-02-07 383 5505.267 -3.081 -0.056
2020-02-15 384 5507.283 2.016 0.037
2020-02-16 384 5507.283 0 0
2020-02-17 392 5428.283 -79 -1.434
2020-02-18 391 5428.283 0 0
2020-02-19 389 5429.774 1.491 0.027
2020-02-20 390 5424.366 -5.408 -0.1
2020-02-21 390 5419.861 -4.505 -0.083
2020-02-22 389 5424.788 4.927 0.091
2020-02-23 389 5424.788 0 0
2020-02-24 387 5424.788 0 0
2020-02-25 381 5422.684 -2.104 -0.039
2020-02-26 374 5428.389 5.705 0.105
2020-02-27 367 5422.16 -6.229 -0.115
2020-02-28 363 5419.445 -2.715 -0.05
2020-02-29 367 5413.146 -6.299 -0.116
2020-03-01 368 5413.146 0 0
2020-03-02 371 5413.146 0 0
2020-03-03 375 5411.408 -1.738 -0.032
2020-03-04 377 5415.922 4.514 0.083
2020-03-05 376 5415.922 0 0
2020-03-06 371 5422.474 6.552 0.121
2020-03-07 366 5429.454 6.98 0.129
2020-03-08 367 5429.454 0 0
2020-03-09 361 5429.454 0 0
2020-03-10 352 5433.851 4.397 0.081
2020-03-11 350 5423.524 -10.327 -0.19
2020-03-12 338 5420.174 -3.35 -0.062
2020-03-13 331 5398.56 -21.614 -0.399
2020-03-14 333 5389.77 -8.79 -0.163
2020-03-15 333 5389.77 0 0
2020-03-16 320 5389.77 0 0
2020-03-17 319 5382.025 -7.745 -0.144
2020-03-18 311 5365.264 -16.761 -0.311
2020-03-19 309 5349.737 -15.527 -0.289
2020-03-20 310 5343.276 -6.461 -0.121
2020-03-21 309 5348.522 5.246 0.098
2020-03-22 309 5348.522 0 0
2020-03-23 305 5348.522 0 0
2020-03-24 302 5332.59 -15.932 -0.298
2020-03-25 315 5350.868 18.278 0.343
2020-03-26 321 5349.563 -1.305 -0.024
2020-03-27 329 5373.136 23.573 0.441
2020-03-28 327 5386.788 13.652 0.254
2020-03-29 327 5386.788 0 0
2020-03-30 327 5386.788 0 0
2020-03-31 325 5390.543 3.755 0.07
