2021-04-09 35 37949.962 0 0
2021-04-10 35 37949.962 0 0
2021-04-11 35 37949.962 0 0
2021-04-12 35 37807.027 -142.935 -0.377
2021-04-13 35 37807.027 0 0
2021-04-14 35 37677.087 -129.94 -0.344
2021-04-15 35 37668.424 -8.663 -0.023
2021-04-16 35 37542.815 -125.609 -0.333
2021-04-17 35 37542.815 0 0
2021-04-18 35 37542.815 0 0
2021-04-19 35 37378.224 -164.591 -0.438
2021-04-20 36 36693.87 -684.354 -1.831
2021-04-21 35 37438.863 744.993 2.03
2021-04-22 36 36386.345 -1052.518 -2.811
2021-04-23 36 37005.728 619.383 1.702
2021-04-24 36 37005.728 0 0
2021-04-25 36 37005.728 0 0
2021-04-26 36 36806.486 -199.242 -0.538
2021-04-27 36 37425.869 619.383 1.683
2021-04-28 35 37863.335 437.466 1.169
2021-04-29 35 37625.111 -238.224 -0.629
2021-04-30 35 37655.43 30.319 0.081
2021-05-01 35 37655.43 0 0
2021-05-02 35 37655.43 0 0
2021-05-03 35 37568.803 -86.627 -0.23
2021-05-04 35 36832.474 -736.329 -1.96
2021-05-05 35 36875.787 43.313 0.118
2021-05-06 35 35927.221 -948.566 -2.572
2021-05-07 35 36113.47 186.249 0.518
2021-05-08 35 36113.47 0 0
2021-05-09 35 36113.47 0 0
2021-05-10 35 35870.914 -242.556 -0.672
2021-05-11 37 35481.092 -389.822 -1.087
2021-05-12 37 34918.017 -563.075 -1.587
2021-05-13 37 35273.188 355.171 1.017
2021-05-14 35 36200.097 926.909 2.628
2021-05-15 35 36200.097 0 0
2021-05-16 35 36200.097 0 0
2021-05-17 37 35706.323 -493.774 -1.364
2021-05-18 37 35684.666 -21.657 -0.061
2021-05-19 37 35433.448 -251.218 -0.704
2021-05-20 36 36139.458 706.01 1.992
2021-05-21 35 36122.132 -17.326 -0.048
2021-05-22 35 36122.132 0 0
2021-05-23 35 36122.132 0 0
2021-05-24 35 36130.795 8.663 0.024
2021-05-25 34 36100.475 -30.32 -0.084
2021-05-26 35 36680.876 580.401 1.608
2021-05-27 35 36485.966 -194.91 -0.531
2021-05-28 37 36135.126 -350.84 -0.962
2021-05-29 37 36135.126 0 0
2021-05-30 37 36135.126 0 0
2021-05-31 37 36135.126 0 0
