2020-01-19 647 3819.13 0 0
2020-02-07 626 3819.13 0 0
2020-02-15 628 3819.13 0 0
2020-02-16 628 3819.13 0 0
2020-02-17 629 3819.13 0 0
2020-02-18 628 3819.13 0 0
2020-02-19 627 3819.13 0 0
2020-02-20 631 3819.13 0 0
2020-02-21 634 3819.13 0 0
2020-02-22 632 3819.13 0 0
2020-02-23 631 3819.13 0 0
2020-02-24 622 3819.13 0 0
2020-02-25 615 3819.13 0 0
2020-02-26 604 3819.13 0 0
2020-02-27 586 3819.13 0 0
2020-02-28 590 3819.13 0 0
2020-02-29 590 3819.13 0 0
2020-03-01 592 3819.13 0 0
2020-03-02 598 3819.13 0 0
2020-03-03 603 3819.13 0 0
2020-03-04 609 3819.13 0 0
2020-03-05 612 3819.13 0 0
2020-03-06 600 3819.13 0 0
2020-03-07 599 3819.13 0 0
2020-03-08 596 3819.13 0 0
2020-03-09 569 3819.13 0 0
2020-03-10 575 3819.13 0 0
2020-03-11 560 3819.13 0 0
2020-03-12 533 3819.13 0 0
2020-03-13 519 3819.13 0 0
2020-03-14 523 3819.13 0 0
2020-03-15 523 3819.13 0 0
2020-03-16 503 3819.13 0 0
2020-03-17 493 3819.13 0 0
2020-03-18 491 3819.13 0 0
2020-03-19 486 3819.13 0 0
2020-03-20 494 3819.13 0 0
2020-03-21 492 3819.13 0 0
2020-03-22 492 3819.13 0 0
2020-03-23 483 3819.13 0 0
2020-03-24 476 3819.13 0 0
2020-03-25 537 3608.318 -210.812 -5.842
2020-03-26 542 3608.318 0 0
2020-03-27 557 3608.318 0 0
2020-03-28 551 3608.318 0 0
2020-03-29 551 3608.318 0 0
2020-03-30 551 3608.318 0 0
2020-03-31 553 3608.318 0 0
2020-04-01 556 3608.318 0 0
2020-04-02 544 3608.318 0 0
2020-04-03 546 3608.318 0 0
2020-04-04 544 3608.318 0 0
2020-04-05 544 3608.318 0 0
2020-04-06 544 3608.318 0 0
2020-04-07 562 3608.318 0 0
2020-04-08 583 3608.318 0 0
2020-04-10 598 3608.318 0 0
2020-04-11 598 3608.318 0 0
2020-04-12 598 3608.318 0 0
2020-04-13 596 3608.318 0 0
2020-04-14 594 3608.318 0 0
2020-04-15 592 3608.318 0 0
2020-04-17 597 3608.318 0 0
2020-04-18 602 3608.318 0 0
2020-04-19 602 3608.318 0 0
2020-04-20 598 3608.318 0 0
2020-04-21 595 3608.318 0 0
2020-04-23 599 3608.318 0 0
2020-04-24 595 3608.318 0 0
2020-04-25 595 3608.318 0 0
2020-04-26 596 3608.318 0 0
2020-04-27 607 3608.318 0 0
2020-04-28 606 3608.318 0 0
2020-04-29 613 3608.318 0 0
2020-04-30 615 3608.318 0 0
