2020-01-19 1059 2448.44 0 0
2020-02-07 1172 2217.79 -230.65 -10.4
2020-02-15 1171 2236.704 18.914 0.846
2020-02-16 1171 2236.704 0 0
2020-02-17 1118 2330.259 93.555 4.015
2020-02-18 1136 2296.814 -33.445 -1.456
2020-02-19 1158 2259.892 -36.922 -1.634
2020-02-20 1128 2304.978 45.086 1.956
2020-02-21 1122 2325.986 21.008 0.903
2020-02-22 1127 2318.253 -7.733 -0.334
2020-02-23 1127 2318.253 0 0
2020-02-24 1144 2257.748 -60.505 -2.68
2020-02-25 1134 2253.778 -3.97 -0.176
2020-02-26 1154 2213.024 -40.754 -1.842
2020-02-27 1082 2306.573 93.549 4.056
2020-02-28 1062 2302.565 -4.008 -0.174
2020-02-29 1055 2311.129 8.564 0.371
2020-03-01 1058 2311.129 0 0
2020-03-02 1041 2374.312 63.183 2.661
2020-03-03 1066 2325.226 -49.086 -2.111
2020-03-04 1069 2336.059 10.833 0.464
2020-03-05 1047 2378.225 42.166 1.773
2020-03-06 1024 2399.818 21.593 0.9
2020-03-07 1021 2400.509 0.691 0.029
2020-03-08 1021 2400.509 0 0
2020-03-09 1039 2325.735 -74.774 -3.215
2020-03-10 963 2455.745 130.01 5.294
2020-03-11 959 2428.445 -27.3 -1.124
2020-03-12 945 2362.593 -65.852 -2.787
2020-03-13 946 2346.622 -15.971 -0.681
2020-03-14 949 2344.105 -2.517 -0.107
2020-03-15 949 2344.105 0 0
2020-03-16 1011 2179.44 -164.665 -7.555
2020-03-17 1056 2080.897 -98.543 -4.736
2020-03-18 1031 2083.61 2.713 0.13
2020-03-19 1064 2023.83 -59.78 -2.954
2020-03-20 1047 2050.656 26.826 1.308
2020-03-21 1045 2057.911 7.255 0.353
2020-03-22 1045 2057.911 0 0
2020-03-23 1132 1892.277 -165.634 -8.753
2020-03-24 1132 1878.295 -13.982 -0.744
2020-03-25 1146 1927.448 49.153 2.55
2020-03-26 1116 2009.122 81.674 4.065
2020-03-27 1139 1994.588 -14.534 -0.729
2020-03-28 1102 2025.72 31.132 1.537
2020-03-29 1102 2025.72 0 0
2020-03-30 1102 2025.72 0 0
2020-03-31 1153 1937.126 -88.594 -4.573
2020-04-01 1139 1976.443 39.317 1.989
2020-04-02 1145 1952.711 -23.732 -1.215
2020-04-03 1120 1999.967 47.256 2.363
2020-04-04 1121 1969.882 -30.085 -1.527
2020-04-05 1121 1969.882 0 0
2020-04-06 1121 1969.882 0 0
2020-04-07 1119 2028.834 58.952 2.906
2020-04-08 1146 2027.136 -1.698 -0.084
2020-04-10 1147 2065.208 38.072 1.843
2020-04-11 1147 2065.208 0 0
2020-04-12 1147 2065.208 0 0
2020-04-13 1214 1954.595 -110.613 -5.659
2020-04-14 1175 2025.707 71.112 3.51
2020-04-15 1165 2031.142 5.435 0.268
2020-04-17 1108 2128.394 97.252 4.569
2020-04-18 1112 2127.551 -0.843 -0.04
2020-04-19 1112 2127.551 0 0
2020-04-20 1000 2318.575 191.024 8.239
2020-04-21 995 2321.231 2.656 0.114
2020-04-23 988 2331.418 10.187 0.437
2020-04-24 991 2339.758 8.34 0.356
2020-04-25 986 2338.403 -1.355 -0.058
2020-04-26 986 2338.403 0 0
2020-04-27 987 2355.106 16.703 0.709
2020-04-28 1002 2322.453 -32.653 -1.406
2020-04-29 1013 2325.812 3.359 0.144
2020-04-30 1016 2326.011 0.199 0.009
2020-05-01 1012 2333.498 7.487 0.321
2020-05-02 1011 2333.498 0 0
2020-05-03 1011 2333.498 0 0
2020-05-04 1004 2333.498 0 0
2020-05-05 1003 2333.498 0 0
2020-05-06 979 2401.269 67.771 2.822
2020-05-07 941 2490.722 89.453 3.591
2020-05-08 936 2520.715 29.993 1.19
2020-05-09 939 2524.987 4.272 0.169
2020-05-10 939 2524.987 0 0
2020-05-11 912 2598.289 73.302 2.821
2020-05-12 921 2565.71 -32.579 -1.27
2020-05-13 894 2614.943 49.233 1.883
2020-05-14 914 2562.144 -52.799 -2.061
2020-05-15 912 2568.411 6.267 0.244
2020-05-16 914 2566.349 -2.062 -0.08
2020-05-17 914 2566.349 0 0
2020-05-18 898 2602.117 35.768 1.375
2020-05-19 916 2579 -23.117 -0.896
2020-05-20 929 2560.786 -18.214 -0.711
2020-05-21 930 2559.935 -0.851 -0.033
2020-05-22 926 2550.619 -9.316 -0.365
2020-05-23 929 2536.082 -14.537 -0.573
2020-05-24 929 2536.082 0 0
2020-05-25 927 2564.796 28.714 1.12
2020-05-26 936 2554.194 -10.602 -0.415
2020-05-27 935 2575.687 21.493 0.834
2020-05-28 959 2514.938 -60.749 -2.416
2020-05-29 962 2512.52 -2.418 -0.096
2020-05-30 961 2517.303 4.783 0.19
2020-05-31 961 2517.303 0 0
