2019-11-07 61 18557.418 0 0
2020-01-19 55 20724.762 2167.344 11.679
2020-02-07 57 19672.698 -1052.064 -5.076
2020-02-15 54 20298.092 625.394 3.179
2020-02-16 54 20298.092 0 0
2020-02-17 55 20217.536 -80.556 -0.397
2020-02-18 58 19748.134 -469.402 -2.322
2020-02-19 58 19699.208 -48.926 -0.248
2020-02-20 58 19639.754 -59.454 -0.302
2020-02-21 61 19244.09 -395.664 -2.015
2020-02-22 61 19073.795 -170.295 -0.885
2020-02-23 61 19073.795 0 0
2020-02-24 63 18339.321 -734.474 -3.851
2020-02-25 62 18458.738 119.417 0.651
2020-02-26 66 18216.535 -242.203 -1.312
2020-02-27 66 17963.781 -252.754 -1.387
2020-02-28 68 17441.183 -522.598 -2.909
2020-02-29 66 17479.957 38.774 0.222
