2019-11-07 1756 1367.286 0 0
2020-01-19 1889 1279.731 -87.555 -6.404
2020-02-07 1823 1330.745 51.014 3.986
2020-02-15 1856 1292.643 -38.102 -2.863
2020-02-16 1856 1292.643 0 0
2020-02-17 1863 1278.705 -13.938 -1.078
2020-02-18 1864 1276.574 -2.131 -0.167
2020-02-19 1852 1282.136 5.562 0.436
2020-02-20 1865 1267.891 -14.245 -1.111
2020-02-21 1864 1266.343 -1.548 -0.122
2020-02-22 1863 1266.343 0 0
2020-02-23 1860 1266.343 0 0
2020-02-24 1875 1246.551 -19.792 -1.563
2020-02-25 1925 1196.844 -49.707 -3.988
2020-02-26 1930 1180.953 -15.891 -1.328
2020-02-27 1910 1197.533 16.58 1.404
2020-02-28 1879 1206.016 8.483 0.708
2020-02-29 1882 1196.136 -9.88 -0.819
2020-03-01 1885 1196.136 0 0
2020-03-02 1928 1166.806 -29.33 -2.452
2020-03-03 1924 1179.757 12.951 1.11
2020-03-04 1922 1183.752 3.995 0.339
2020-03-05 1888 1208.554 24.802 2.095
2020-03-06 1877 1208.651 0.097 0.008
2020-03-07 1885 1201.196 -7.455 -0.617
2020-03-08 1881 1201.196 0 0
2020-03-09 1889 1172.848 -28.348 -2.36
2020-03-10 1884 1167.703 -5.145 -0.439
2020-03-11 1894 1142.928 -24.775 -2.122
2020-03-12 1935 1079.126 -63.802 -5.582
2020-03-13 1988 1012.921 -66.205 -6.135
2020-03-14 1983 1017.101 4.18 0.413
2020-03-15 1983 1017.101 0 0
2020-03-16  973.545 -43.556 -4.282
