2019-11-07 737 3281.382 0 0
2020-01-19 610 3960.86 679.478 20.707
2020-02-07 682 3573.103 -387.757 -9.79
2020-02-15 733 3391.408 -181.695 -5.085
2020-02-16 733 3391.408 0 0
2020-02-17 718 3448.722 57.314 1.69
2020-02-18 724 3434.393 -14.329 -0.415
2020-02-19 783 3227.58 -206.813 -6.022
2020-02-20 776 3249.716 22.136 0.686
2020-02-21 768 3265.133 15.417 0.474
2020-02-22 772 3244.496 -20.637 -0.632
2020-02-23 772 3244.496 0 0
2020-02-24 810 3089.473 -155.023 -4.778
2020-02-25 799 3098.914 9.441 0.306
2020-02-26 842 2941.107 -157.807 -5.092
2020-02-27 834 2956.407 15.3 0.52
2020-02-28 866 2819.924 -136.483 -4.617
2020-02-29 868 2829.53 9.606 0.341
