2025-04-03  965.819 0 0
2025-04-10 2894 1002.422 36.603 3.79
2025-04-11 2850 1048.985 46.563 4.645
2025-04-12 2860 1048.985 0 0
2025-04-13 2860 1048.985 0 0
2025-04-14 2861 1047.118 -1.867 -0.178
2025-04-15 2903 1023.214 -23.904 -2.283
2025-04-16 2925 1002.671 -20.543 -2.008
2025-04-17 2893 1027.82 25.149 2.508
2025-04-18 2896 1027.82 0 0
2025-04-19 2896 1027.82 0 0
2025-04-20 2896 1027.82 0 0
2025-04-21  971.297 -56.523 -5.499
2025-04-24 2857 1069.901 98.604 10.152
2025-04-25 2827 1096.046 26.145 2.444
2025-04-26 2826 1096.046 0 0
2025-04-27 2826 1096.046 0 0
2025-04-28 2808 1106.629 10.583 0.966
2025-04-29 2806 1110.613 3.984 0.36
2025-04-30 2780 1137.505 26.892 2.421
2025-05-01 2671 1202.12 64.615 5.68
2025-05-02 2625 1238.35 36.23 3.014
2025-05-03 2633 1238.35 0 0
2025-05-04 2633 1238.35 0 0
2025-05-05 2643 1232.747 -5.603 -0.452
2025-05-06 2667 1214.321 -18.426 -1.495
2025-05-07 2712 1192.783 -21.538 -1.774
2025-05-08 2642 1239.097 46.314 3.883
2025-05-09 2618 1249.057 9.96 0.804
2025-05-10 2617 1249.057 0 0
2025-05-11 2617 1249.057 0 0
2025-05-12 2543 1303.837 54.78 4.386
2025-05-13 2528 1320.271 16.434 1.26
2025-05-14 2540 1307.074 -13.197 -1
2025-05-15 2562 1297.363 -9.711 -0.743
2025-05-16 2515 1331.725 34.362 2.649
2025-05-17 2516 1331.725 0 0
2025-05-18 2516 1331.725 0 0
2025-05-19 2523 1325.313 -6.412 -0.481
2025-05-20 2554 1302.592 -22.721 -1.714
2025-05-21 2632 1252.543 -50.049 -3.842
2025-05-22 2638 1245.446 -7.097 -0.567
2025-05-23 2652 1234.988 -10.458 -0.84
2025-05-24 2652 1234.988 0 0
2025-05-25 2656 1234.988 0 0
2025-05-26 2660 1234.988 0 0
2025-05-27 2643 1248.559 13.571 1.099
2025-05-28 2688 1210.462 -38.097 -3.051
2025-05-29 2719 1198.261 -12.201 -1.008
2025-05-30 2705 1200.004 1.743 0.145
2025-05-31 2703 1200.004 0 0
2025-06-01 2703 1200.004 0 0
2025-06-02 2763 1172.365 -27.639 -2.303
2025-06-03 2735 1190.915 18.55 1.582
2025-06-04 2729 1191.538 0.623 0.052
2025-06-05 2759 1182.076 -9.462 -0.794
2025-06-06 2723 1204.859 22.783 1.927
2025-06-07 2719 1204.859 0 0
2025-06-08 2719 1204.859 0 0
2025-06-09 2785 1170.995 -33.864 -2.811
2025-06-10  979.265 -191.73 -16.373
2025-07-26 3007 1039.15 59.885 6.115
2025-07-27 3006 1039.15 0 0
2025-07-28 3011 1035.539 -3.611 -0.347
2025-07-29 3053 1012.258 -23.281 -2.248
2025-07-30 3048 1006.406 -5.852 -0.578
2025-07-31 2993 1040.768 34.362 3.414
2025-08-01 3030 1017.736 -23.032 -2.213
2025-08-02 3033 1017.736 0 0
2025-08-03 3033 1017.736 0 0
2025-08-04 3022 1022.716 4.98 0.489
2025-08-05 3004 1039.274 16.558 1.619
2025-08-06 3048 1015.681 -23.593 -2.27
2025-08-07 3020 1031.182 15.501 1.526
2025-08-08 3073 1003.667 -27.515 -2.668
2025-08-09 3075 1003.667 0 0
2025-08-10 3075 1003.667 0 0
2025-08-11  898.527 -105.14 -10.476
2025-08-13 2935 1100.404 201.877 22.468
2025-08-14 3031 1035.913 -64.491 -5.861
2025-08-15  991.591 -44.322 -4.279
2025-08-19 3060 1025.953 34.362 3.465
2025-08-20  998.314 -27.639 -2.694
2025-08-22 3001 1071.644 73.33 7.345
2025-08-23 3004 1071.644 0 0
2025-08-24 3004 1071.644 0 0
2025-08-25 3039 1041.64 -30.004 -2.8
2025-08-26 3024 1055.584 13.944 1.339
2025-08-27 3021 1056.331 0.747 0.071
2025-08-28 3019 1060.937 4.606 0.436
2025-08-29 3051 1033.921 -27.016 -2.546
2025-08-30 3053 1033.921 0 0
2025-08-31 3052 1033.921 0 0
2025-09-01 3059 1033.921 0 0
2025-09-02 3079 1018.234 -15.687 -1.517
2025-09-03 3099 1000.306 -17.928 -1.761
2025-09-04 3071 1014.748 14.442 1.444
2025-09-05 3081 1011.511 -3.237 -0.319
2025-09-06 3099 1011.511 0 0
2025-09-07 3098 1011.511 0 0
2025-09-08 3101 1008.149 -3.362 -0.332
2025-09-09  974.285 -33.864 -3.359
2025-09-11 3069 1027.945 53.66 5.508
2025-09-12 3079 1024.334 -3.611 -0.351
2025-09-13 3085 1024.334 0 0
2025-09-14 3084 1024.334 0 0
2025-09-15 3047 1040.768 16.434 1.604
2025-09-16 3045 1046.869 6.101 0.586
2025-09-17 3124 1003.667 -43.202 -4.127
2025-09-18 2989 1104.761 101.094 10.072
2025-09-19 2929 1141.115 36.354 3.291
2025-09-20 2929 1141.115 0 0
2025-09-21 2929 1141.115 0 0
2025-09-22 2916 1158.296 17.181 1.506
2025-09-23 2889 1174.73 16.434 1.419
2025-09-24 2946 1134.019 -40.711 -3.466
2025-09-25 2988 1098.412 -35.607 -3.14
2025-09-26 2936 1134.268 35.856 3.264
2025-09-27 2936 1134.268 0 0
2025-09-28 2937 1134.268 0 0
2025-09-29 2931 1140.244 5.976 0.527
2025-09-30 2897 1164.521 24.277 2.129
2025-10-01 2858 1195.397 30.876 2.651
2025-10-02 2804 1225.651 30.254 2.531
2025-10-03 2801 1225.277 -0.374 -0.031
2025-10-04 2803 1225.277 0 0
2025-10-05 2805 1225.277 0 0
2025-10-06 2692 1294.063 68.786 5.614
2025-10-07 2708 1284.041 -10.022 -0.774
2025-10-08 2722 1276.696 -7.345 -0.572
2025-10-09 2745 1261.382 -15.314 -1.2
2025-10-10 2771 1239.968 -21.414 -1.698
2025-10-11 2768 1239.968 0 0
2025-10-12 2768 1239.968 0 0
2025-10-13 2716 1270.595 30.627 2.47
2025-10-14 2670 1297.985 27.39 2.156
2025-10-15 2682 1299.23 1.245 0.096
2025-10-16 2754 1246.816 -52.414 -4.034
2025-10-17 2793 1211.831 -34.985 -2.806
2025-10-18 2792 1211.831 0 0
2025-10-19 2793 1211.831 0 0
2025-10-20 2728 1258.145 46.314 3.822
2025-10-21 2714 1274.704 16.559 1.316
2025-10-22 2795 1217.558 -57.146 -4.483
2025-10-23 2715 1267.981 50.423 4.141
2025-10-24 2652 1323.881 55.9 4.409
2025-10-25 2652 1323.881 0 0
2025-10-26 2652 1323.881 0 0
2025-10-27 2672 1308.07 -15.811 -1.194
2025-10-28 2704 1287.776 -20.294 -1.551
2025-10-29 2706 1286.905 -0.871 -0.068
2025-10-30 2750 1254.41 -32.495 -2.525
2025-10-31 2789 1226.149 -28.261 -2.253
2025-11-01 2790 1226.149 0 0
2025-11-02 2790 1226.149 0 0
2025-11-03 2840 1195.148 -31.001 -2.528
2025-11-04 2941 1120.822 -74.326 -6.219
2025-11-05 2873 1164.77 43.948 3.921
2025-11-06 2746 1246.567 81.797 7.023
2025-11-07 2645 1315.042 68.475 5.493
2025-11-08 2644 1315.042 0 0
2025-11-09 2644 1315.042 0 0
2025-11-10 2650 1318.279 3.237 0.246
2025-11-11 2682 1294.748 -23.531 -1.785
2025-11-12 2709 1271.591 -23.157 -1.789
2025-11-13 2847 1186.06 -85.531 -6.726
2025-11-14 2867 1171.991 -14.069 -1.186
2025-11-15 2865 1171.991 0 0
2025-11-16 2864 1171.991 0 0
2025-11-17 2902 1145.971 -26.02 -2.22
2025-11-18 2925 1126.424 -19.547 -1.706
2025-11-19 2895 1145.099 18.675 1.658
2025-11-20 2938 1111.235 -33.864 -2.957
2025-11-21 2897 1140.617 29.382 2.644
2025-11-22 2895 1140.617 0 0
2025-11-23 2895 1140.617 0 0
2025-11-24 2860 1166.513 25.896 2.27
2025-11-25 2861 1173.236 6.723 0.576
2025-11-26 2895 1161.533 -11.703 -0.997
2025-11-27 2900 1161.533 0 0
2025-11-28 2896 1165.019 3.486 0.3
2025-11-29 2896 1165.019 0 0
2025-11-30 2896 1165.019 0 0
2025-12-01 2930 1141.987 -23.032 -1.977
2025-12-02 2941 1134.89 -7.097 -0.621
2025-12-03 2971 1104.637 -30.253 -2.666
2025-12-04 3001 1082.413 -22.224 -2.012
2025-12-05 2992 1090.942 8.529 0.788
2025-12-06 2992 1090.942 0 0
2025-12-07 2993 1090.942 0 0
2025-12-08 3079 1034.917 -56.025 -5.135
2025-12-09 3103 1017.736 -17.181 -1.66
2025-12-10 3084 1029.688 11.952 1.174
2025-12-11 3061 1046.62 16.932 1.644
2025-12-12  971.422 -75.198 -7.185
2026-01-06 3138 1017.985 46.563 4.793
2026-01-07  967.438 -50.547 -4.965
2026-01-10 3126 1038.527 71.089 7.348
2026-01-11 3126 1038.527 0 0
2026-01-12 3092 1064.05 25.523 2.458
2026-01-13 3105 1053.218 -10.832 -1.018
2026-01-14 3055 1094.801 41.583 3.948
2026-01-15 3022 1122.191 27.39 2.502
2026-01-16 2943 1172.489 50.298 4.482
2026-01-17 2942 1172.489 0 0
2026-01-18 2941 1172.489 0 0
2026-01-19 2938 1172.489 0 0
2026-01-20 2985 1143.356 -29.133 -2.485
2026-01-21 2909 1191.911 48.555 4.247
2026-01-22 2895 1203.614 11.703 0.982
2026-01-23 2946 1177.22 -26.394 -2.193
2026-01-24 2947 1177.22 0 0
2026-01-25 2947 1177.22 0 0
2026-01-26 2965 1164.895 -12.325 -1.047
2026-01-27 2995 1144.85 -20.045 -1.721
2026-01-28 3011 1136.882 -7.968 -0.696
2026-01-29 2973 1162.903 26.021 2.289
2026-01-30 3006 1134.89 -28.013 -2.409
2026-01-31 3006 1134.89 0 0
2026-02-01 3006 1134.89 0 0
2026-02-02 2997 1122.689 -12.201 -1.075
2026-02-03 2960 1163.65 40.961 3.648
2026-02-04 2921 1186.931 23.281 2.001
2026-02-05 2959 1157.674 -29.257 -2.465
2026-02-06 2892 1201.747 44.073 3.807
2026-02-07 2892 1201.747 0 0
2026-02-08 2894 1201.747 0 0
2026-02-09 2863 1231.378 29.631 2.466
2026-02-10 2877 1234.117 2.739 0.222
2026-02-11 2807 1280.057 45.94 3.722
2026-02-12 2816 1266.238 -13.819 -1.08
2026-02-13 2828 1259.141 -7.097 -0.56
2026-02-14 2827 1259.141 0 0
2026-02-15 2826 1259.141 0 0
2026-02-16 2825 1259.141 0 0
2026-02-17 2792 1280.804 21.663 1.72
2026-02-18 2802 1274.579 -6.225 -0.486
2026-02-19 2819 1258.892 -15.687 -1.231
2026-02-20 2794 1274.828 15.936 1.266
2026-02-21 2795 1274.828 0 0
2026-02-22 2795 1274.828 0 0
2026-02-23 2817 1259.888 -14.94 -1.172
2026-02-24 2820 1258.021 -1.867 -0.148
2026-02-25 2860 1234.366 -23.655 -1.88
2026-02-26 2868 1232.374 -1.992 -0.161
2026-02-27 2834 1261.133 28.759 2.334
2026-02-28 2832 1261.133 0 0
2026-03-01 2833 1261.133 0 0
2026-03-02 2778 1305.082 43.949 3.485
2026-03-03 2916 1188.052 -117.03 -8.967
2026-03-04 2889 1196.02 7.968 0.671
2026-03-05 2955 1151.573 -44.447 -3.716
2026-03-06 3016 1100.902 -50.671 -4.4
2026-03-07 3016 1100.902 0 0
2026-03-08 3016 1100.902 0 0
2026-03-09 2982 1125.802 24.9 2.262
2026-03-10 3182 1128.416 2.614 0.232
2026-03-11 3169 1140.493 12.077 1.07
2026-03-12 3242 1085.09 -55.403 -4.858
2026-03-13 3292 1045.748 -39.342 -3.626
2026-03-14 3283 1045.748 0 0
2026-03-15 3283 1045.748 0 0
2026-03-16 3331 1016.615 -29.133 -2.786
2026-03-17  990.968 -25.647 -2.523
2026-03-18  979.141 -11.827 -1.193
2026-03-24 3255 1047.118 67.977 6.943
2026-03-25 3201 1094.677 47.559 4.542
2026-03-27 3301 1015.619 -79.058 -7.222
2026-03-28 3302 1015.619 0 0
2026-03-29 3302 1015.619 0 0
2026-03-30  975.032 -40.587 -3.996
2026-04-01 3275 1042.636 67.604 6.934
2026-04-02 3324 1014.125 -28.511 -2.735
2026-04-03 3317 1014.125 0 0
2026-04-04 3317 1014.125 0 0
2026-04-05 3317 1014.125 0 0
2026-04-06 3319 1012.756 -1.369 -0.135
2026-04-07 3322 1008.149 -4.607 -0.455
2026-04-08 3223 1088.95 80.801 8.015
2026-04-09 3162 1131.28 42.33 3.887
2026-04-10 3119 1161.16 29.88 2.641
2026-04-11 3122 1161.16 0 0
2026-04-12 3122 1161.16 0 0
2026-04-13 3117 1165.766 4.606 0.397
2026-04-14 3111 1169.128 3.362 0.288
2026-04-15 3161 1154.063 -15.065 -1.289
2026-04-16 3186 1140.119 -13.944 -1.208
2026-04-17 3144 1171.244 31.125 2.73
2026-04-18 3152 1171.244 0 0
2026-04-19 3152 1171.244 0 0
2026-04-20 3057 1220.048 48.804 4.167
2026-04-21 3097 1193.156 -26.892 -2.204
2026-04-22 3072 1207.1 13.944 1.169
2026-04-23 3018 1230.133 23.033 1.908
2026-04-24 2984 1241.089 10.956 0.891
2026-04-25 2979 1241.089 0 0
2026-04-26 2979 1241.089 0 0
2026-04-27 3163 1142.111 -98.978 -7.975
2026-04-28 3237 1097.789 -44.322 -3.881
2026-04-29 3269 1077.745 -20.044 -1.826
2026-04-30 3123 1162.903 85.158 7.901
2026-05-01 3121 1166.389 3.486 0.3
2026-05-02 3123 1166.389 0 0
2026-05-04 3155 1145.348 -21.041 -1.804
2026-05-05 3156 1145.348 0 0
2026-05-06 3116 1167.26 0 0
2026-05-07 3029 1225.028 0 0
2026-05-08 2510 1610.356 0 0
2026-05-09 2395 1739.96 0 0
2026-05-10 2397 1739.96 0 0
2026-05-11 2401 1739.96 0 0
2026-05-12 2349 1765.358 0 0
2026-05-13 2459 1665.26 0 0
2026-05-14 2432 1686.55 0 0
2026-05-15 2374 1744.193 0 0
2026-05-16 2426 1688.044 0 0
