2025-04-02 2429 1367.28 0 0
2025-04-03 2324 1434.279 66.999 4.9
2025-04-04 2326 1427.956 -6.323 -0.441
2025-04-05 2320 1427.956 0 0
2025-04-06 2318 1427.956 0 0
2025-04-07 2315 1403.75 -24.206 -1.695
2025-04-08 2353 1359.364 -44.386 -3.162
2025-04-09 2399 1332.273 -27.091 -1.993
2025-04-10 2287 1431.358 99.085 7.437
2025-04-11 2151 1557.788 126.43 8.833
2025-04-12 2165 1563.319 5.531 0.355
2025-04-13 2165 1563.319 0 0
2025-04-14 2247 1503.559 -59.76 -3.823
2025-04-15 2256 1501.799 -1.76 -0.117
2025-04-16 2282 1479.928 -21.871 -1.456
2025-04-17 2216 1535.095 55.167 3.728
2025-04-18 2306 1463.204 -71.891 -4.683
2025-04-19 2306 1463.204 0 0
2025-04-20 2306 1463.204 0 0
2025-04-21 2292 1478.863 15.659 1.07
2025-04-22 2256 1520.032 41.169 2.784
2025-04-23 2354 1431.821 -88.211 -5.803
2025-04-24 2330 1460.174 28.353 1.98
2025-04-25 2383 1415.173 -45.001 -3.082
2025-04-26 2378 1417.077 1.904 0.135
2025-04-27 2378 1417.077 0 0
2025-04-28 2368 1425.365 8.288 0.585
2025-04-29 2367 1434.192 8.827 0.619
2025-04-30 2362 1437.916 3.724 0.26
2025-05-01 2365 1438.411 0.495 0.034
2025-05-02 2366 1438.411 0 0
