2020-01-19 1179 2234.483 0 0
2020-02-07 945 2754.443 519.96 18.877
2020-02-15 1066 2443.853 -310.59 -12.709
2020-02-16 1066 2443.853 0 0
2020-02-17 1035 2495.873 52.02 2.084
2020-02-18 1045 2474.025 -21.848 -0.883
2020-02-19 1127 2319.639 -154.386 -6.656
2020-02-20 1115 2342.012 22.373 0.955
2020-02-21 1049 2445.048 103.036 4.214
2020-02-22 1049 2436.919 -8.129 -0.334
2020-02-23 1048 2436.919 0 0
2020-02-24 1001 2571.046 134.127 5.217
2020-02-25 1025 2490.807 -80.239 -3.221
2020-02-26 1051 2393.465 -97.342 -4.067
2020-02-27 961 2570.754 177.289 6.896
2020-02-28 977 2499.11 -71.644 -2.867
2020-02-29 970 2508.406 9.296 0.371
2020-03-01 974 2508.406 0 0
2020-03-02 976 2529.704 21.298 0.842
2020-03-03 1006 2460 -69.704 -2.833
2020-03-04 1067 2337.95 -122.05 -5.22
2020-03-05 1065 2361.299 23.349 0.989
2020-03-06 1049 2366.22 4.921 0.208
2020-03-07 1046 2366.901 0.681 0.029
2020-03-08 1044 2366.901 0 0
2020-03-09 1119 2192.152 -174.749 -7.972
2020-03-10 1092 2227.371 35.219 1.581
2020-03-11 1112 2165.315 -62.056 -2.866
2020-03-12 1097 2119.543 -45.772 -2.16
2020-03-13 1128 2056.879 -62.664 -3.047
2020-03-14 1136 2054.673 -2.206 -0.107
2020-03-15 1136 2054.673 0 0
2020-03-16 1093 2055.192 0.519 0.025
2020-03-17 1040 2103.478 48.286 2.296
2020-03-18 999 2142.381 38.903 1.816
2020-03-19 937 2240.772 98.391 4.391
2020-03-20 915 2315.987 75.215 3.248
2020-03-21 914 2324.181 8.194 0.353
2020-03-22 914 2324.181 0 0
2020-03-23 915 2296.432 -27.749 -1.208
2020-03-24 915 2279.464 -16.968 -0.744
2020-03-25 946 2255.408 -24.056 -1.067
2020-03-26 887 2456.689 201.281 8.193
2020-03-27 909 2445.695 -10.994 -0.45
2020-03-28 920 2404.299 -41.396 -1.722
2020-03-29 920 2404.299 0 0
2020-03-30 920 2404.299 0 0
2020-03-31 962 2275.914 -128.385 -5.641
