2021-04-09 1988 1574.461 0 0
2021-04-10 1986 1572.085 -2.376 -0.151
2021-04-11 1987 1572.085 0 0
2021-04-12 2012 1545.862 -26.223 -1.696
2021-04-13 1998 1561.471 15.609 1
2021-04-14 2009 1555.261 -6.21 -0.399
2021-04-15 2009 1555.453 0.192 0.012
2021-04-16 2038 1535.518 -19.935 -1.298
2021-04-17 2039 1537.802 2.284 0.149
2021-04-18 2039 1537.802 0 0
2021-04-19 2019 1557.891 20.089 1.289
2021-04-20 2031 1549.119 -8.772 -0.566
2021-04-21 2029 1551.92 2.801 0.18
2021-04-22 2063 1513.737 -38.183 -2.522
2021-04-23 2013 1580.143 66.406 4.203
2021-04-24 2013 1580.143 0 0
2021-04-25 2012 1578.926 -1.217 -0.077
2021-04-26 2100 1499.739 -79.187 -5.28
2021-04-27 2087 1513.029 13.29 0.878
2021-04-28 2115 1496.92 -16.109 -1.076
2021-04-29 2060 1537.839 40.919 2.661
2021-04-30 2024 1573.904 36.065 2.291
2021-05-01 2018 1572.615 -1.289 -0.082
2021-05-02 2017 1572.615 0 0
2021-05-03 2019 1572.615 0 0
2021-05-04 2019 1572.615 0 0
2021-05-05 2020 1572.615 0 0
2021-05-06 2066 1531.846 -40.769 -2.661
2021-05-07 2127 1477.917 -53.929 -3.649
2021-05-08 2132 1481.418 3.501 0.236
2021-05-09 2132 1481.418 0 0
2021-05-10 2120 1486.038 4.62 0.311
2021-05-11 2014 1572.507 86.469 5.499
2021-05-12 1999 1576.089 3.582 0.227
2021-05-13 1974 1589.806 13.717 0.863
2021-05-14 1967 1613.646 23.84 1.477
2021-05-15 1969 1618.662 5.016 0.31
2021-05-16 1969 1618.662 0 0
2021-05-17 1948 1653.347 34.685 2.098
2021-05-18 1974 1630.509 -22.838 -1.401
2021-05-19 1985 1614.632 -15.877 -0.983
2021-05-20 1989 1611.694 -2.938 -0.182
2021-05-21 2013 1595.558 -16.136 -1.011
2021-05-22 2012 1596.029 0.471 0.03
2021-05-24 2008 1604.421 8.392 0.523
2021-05-25 1928 1680.662 76.241 4.536
2021-05-26 1957 1668.107 -12.555 -0.753
2021-05-27 1944 1682.479 14.372 0.854
2021-05-28 1970 1661.173 -21.306 -1.283
2021-05-29 1969 1663.809 2.636 0.158
2021-05-30 1969 1663.809 0 0
2021-05-31 1955 1680.893 17.084 1.016
2021-06-01 1934 1701.203 20.31 1.194
2021-06-02 1956 1687.111 -14.092 -0.835
2021-06-03 1976 1669.941 -17.17 -1.028
2021-06-04 1968 1675.566 5.625 0.336
2021-06-05 1972 1671.409 -4.157 -0.249
2021-06-06 1972 1671.409 0 0
2021-06-07 1993 1656.102 -15.307 -0.924
2021-06-08 2000 1645.981 -10.121 -0.615
2021-06-09 1991 1655.234 9.253 0.559
2021-06-10 1993 1661.045 5.811 0.35
2021-06-11 2006 1643.641 -17.404 -1.059
2021-06-12 2006 1643.692 0.051 0.003
2021-06-13 2006 1643.692 0 0
2021-06-14 2006 1643.692 0 0
2021-06-16 1995 1631.32 -12.372 -0.758
2021-06-17 2022 1604.922 -26.398 -1.645
2021-06-18 2033 1572.62 -32.302 -2.054
2021-06-19 2033 1572.62 0 0
2021-06-20 2032 1569.544 -3.076 -0.196
2021-06-21 2031 1572.378 2.834 0.18
2021-06-22 2031 1579.175 6.797 0.43
2021-06-23 2048 1569.657 -9.518 -0.606
2021-06-24 2050 1566.059 -3.598 -0.23
2021-06-25 2028 1597.006 30.947 1.938
2021-06-26 2027 1601.608 4.602 0.287
2021-06-27 2027 1601.608 0 0
2021-06-28 2025 1601.372 -0.236 -0.015
2021-06-29 2061 1563.798 -37.574 -2.403
2021-06-30 2067 1559.081 -4.717 -0.303
2021-07-01 2025 1594.062 34.981 2.194
2021-07-02 2090 1525.63 -68.432 -4.485
2021-07-03 2091 1521.346 -4.284 -0.282
2021-07-04 2091 1521.346 0 0
2021-07-05 2162 1461.631 -59.715 -4.086
2021-07-06 2194 1419.865 -41.766 -2.942
2021-07-07 2196 1416.801 -3.064 -0.216
2021-07-08 2187 1420.987 4.186 0.295
2021-07-09 2237 1376.85 -44.137 -3.206
2021-07-10 2243 1376.022 -0.828 -0.06
2021-07-11 2246 1376.022 0 0
2021-07-12 2206 1410.852 34.83 2.469
2021-07-13 2124 1485.323 74.471 5.014
2021-07-14 2095 1508.76 23.437 1.553
2021-07-15 2056 1550.135 41.375 2.669
2021-07-16 2112 1489.497 -60.638 -4.071
2021-07-17 2114 1488.023 -1.474 -0.099
2021-07-18 2114 1488.023 0 0
2021-07-19 2108 1481.791 -6.232 -0.421
2021-07-20 2097 1493.217 11.426 0.765
2021-07-21 2154 1438.883 -54.334 -3.776
2021-07-22 2160 1445.207 6.324 0.438
2021-07-23 2164 1432.831 -12.376 -0.864
2021-07-24 2165 1430.597 -2.234 -0.156
2021-07-25 2165 1430.597 0 0
2021-07-26 2179 1403.001 -27.596 -1.967
2021-07-27 2208 1367.062 -35.939 -2.629
2021-07-28 2218 1357.825 -9.237 -0.68
2021-07-29 2210 1378.975 21.15 1.534
2021-07-30 2204 1389.478 10.503 0.756
2021-07-31 2198 1390.856 1.378 0.099
2021-08-01 2198 1390.856 0 0
2021-08-02 2163 1427.961 37.105 2.598
2021-08-03 2152 1442.129 14.168 0.982
2021-08-04 2196 1405.357 -36.772 -2.617
2021-08-05 2179 1421.457 16.1 1.133
2021-08-06 2207 1391.523 -29.934 -2.151
2021-08-07 2208 1390.125 -1.398 -0.101
2021-08-08 2208 1390.125 0 0
2021-08-09 2124 1463.849 73.724 5.036
2021-08-10 2109 1480.843 16.994 1.148
2021-08-11 2154 1443.289 -37.554 -2.602
2021-08-13 2199 1398.6 -44.689 -3.195
2021-08-14 2198 1397.349 -1.251 -0.09
2021-08-15 2198 1397.349 0 0
2021-08-16 2195 1395.237 -2.112 -0.151
2021-08-17 2232 1353.006 -42.231 -3.121
2021-08-18 2240 1348.371 -4.635 -0.344
2021-08-19 2250 1336.18 -12.191 -0.912
2021-08-20 2316 1275.334 -60.846 -4.771
2021-08-21 2315 1273.96 -1.374 -0.108
2021-08-22 2315 1273.96 0 0
2021-08-23 2332 1268.461 -5.499 -0.434
2021-08-24 2275 1326.642 58.181 4.386
2021-08-25 2289 1323.49 -3.152 -0.238
2021-08-26 2317 1294.288 -29.202 -2.256
2021-08-27 2327 1284.63 -9.658 -0.752
2021-08-28 2328 1285.483 0.853 0.066
2021-08-29 2328 1285.483 0 0
2021-08-30 2339 1278.91 -6.573 -0.514
2021-08-31 2478 1157.462 -121.448 -10.493
2021-09-01 2507 1135.325 -22.137 -1.95
2021-09-02 2560 1096.794 -38.531 -3.513
2021-09-03 2561 1100.601 3.807 0.346
2021-09-04 2559 1101.385 0.784 0.071
2021-09-05 2562 1101.385 0 0
2021-09-06 2546 1124.353 22.968 2.043
2021-09-07 2571 1103.387 -20.966 -1.9
2021-09-08 2566 1108.725 5.338 0.481
2021-09-09 2574 1099.589 -9.136 -0.831
2021-09-10 2556 1109.492 9.903 0.893
2021-09-11 2555 1112.248 2.756 0.248
2021-09-12 2555 1112.248 0 0
2021-09-13 2579 1090.878 -21.37 -1.959
2021-09-14 2586 1079.474 -11.404 -1.056
2021-09-15 2605 1059.38 -20.094 -1.897
2021-09-16 2567 1093.009 33.629 3.077
2021-09-17 2561 1091.972 -1.037 -0.095
2021-09-18 2564 1090.686 -1.286 -0.118
2021-09-19 2562 1090.686 0 0
2021-09-20 2554 1090.686 0 0
2021-09-21 2552 1090.686 0 0
2021-09-22 2576 1066.994 -23.692 -2.22
2021-09-23 2527 1117.112 50.118 4.486
2021-09-24 2397 1226.476 109.364 8.917
2021-09-25 2396 1225.622 -0.854 -0.07
2021-09-26 2396 1225.622 0 0
2021-09-27 2306 1294.918 69.296 5.351
2021-09-28 2277 1307.639 12.721 0.973
2021-09-29 2248 1332.759 25.12 1.885
2021-09-30 2241 1333.803 1.044 0.078
2021-10-01 2238 1334.979 1.176 0.088
2021-10-02 2240 1334.979 0 0
2021-10-03 2240 1334.979 0 0
2021-10-05 2244 1334.979 0 0
2021-10-06 2257 1334.979 0 0
2021-10-07 2257 1334.979 0 0
2021-10-08 2241 1358.517 23.538 1.733
2021-10-09 2239 1361.297 2.78 0.204
2021-10-10 2239 1361.297 0 0
2021-10-11 2264 1336.768 -24.529 -1.835
2021-10-12 2197 1387.335 50.567 3.645
2021-10-13 2213 1377.952 -9.383 -0.681
2021-10-14 2232 1366.605 -11.347 -0.83
2021-10-15 2201 1396.009 29.404 2.106
2021-10-16 2204 1397.051 1.042 0.075
2021-10-17 2203 1397.051 0 0
2021-10-18 2245 1371.974 -25.077 -1.828
2021-10-19 2198 1409.432 37.458 2.658
2021-10-20 2169 1439.62 30.188 2.097
2021-10-21 2175 1432.702 -6.918 -0.483
2021-10-22 2102 1488.545 55.843 3.752
2021-10-23 2102 1490.619 2.074 0.139
2021-10-25 2150 1450.745 -39.874 -2.749
2021-10-26 2179 1426.033 -24.712 -1.733
2021-10-27 2173 1426.368 0.335 0.023
2021-10-28 2164 1426.04 -0.328 -0.023
2021-10-29 2169 1431.439 5.399 0.377
2021-10-30 2163 1431.529 0.09 0.006
2021-10-31 2163 1431.529 0 0
