2020-01-19 1587 1621.7 0 0
2020-02-07 1565 1621.7 0 0
2020-02-15 1574 1621.7 0 0
2020-02-16 1575 1621.7 0 0
2020-02-17 1575 1621.7 0 0
2020-02-18 1569 1621.7 0 0
2020-02-19 1574 1621.7 0 0
2020-02-20 1573 1621.7 0 0
2020-02-21 1604 1587.31 -34.39 -2.167
2020-02-22 1598 1587.31 0 0
2020-02-23 1597 1587.31 0 0
2020-02-24 1589 1587.31 0 0
2020-02-25 1575 1587.31 0 0
2020-02-26 1563 1587.31 0 0
2020-02-27 1551 1587.31 0 0
2020-02-28 1535 1587.31 0 0
2020-02-29 1537 1587.31 0 0
2020-03-01 1544 1587.31 0 0
2020-03-02 1551 1587.31 0 0
2020-03-03 1553 1587.31 0 0
2020-03-04 1564 1587.31 0 0
2020-03-05 1558 1587.31 0 0
2020-03-06 1543 1587.31 0 0
2020-03-07 1584 1537.78 -49.53 -3.221
2020-03-08 1580 1537.78 0 0
2020-03-09 1550 1537.78 0 0
2020-03-10 1537 1537.78 0 0
2020-03-11 1520 1537.78 0 0
2020-03-12 1478 1537.78 0 0
2020-03-13 1472 1537.78 0 0
2020-03-14 1477 1537.78 0 0
2020-03-15 1477 1537.78 0 0
2020-03-16 1430 1537.78 0 0
2020-03-17 1423 1537.78 0 0
2020-03-18 1394 1537.78 0 0
2020-03-19 1380 1537.78 0 0
2020-03-20 1384 1537.78 0 0
2020-03-21 1387 1537.78 0 0
2020-03-22 1387 1537.78 0 0
2020-03-23 1365 1537.78 0 0
2020-03-24 1359 1537.78 0 0
2020-03-25 1395 1537.78 0 0
2020-03-26 1418 1537.78 0 0
2020-03-27 1439 1537.78 0 0
2020-03-28 1432 1537.78 0 0
2020-03-29 1432 1537.78 0 0
2020-03-30 1432 1537.78 0 0
2020-03-31 1431 1537.78 0 0
2020-04-01 1436 1537.78 0 0
2020-04-02 1414 1537.78 0 0
2020-04-03 1419 1537.78 0 0
2020-04-04 1411 1537.78 0 0
2020-04-05 1411 1537.78 0 0
2020-04-06 1411 1537.78 0 0
2020-04-07 1444 1537.78 0 0
2020-04-08 1513 1537.78 0 0
2020-04-10 1528 1537.78 0 0
2020-04-11 1528 1537.78 0 0
2020-04-12 1529 1537.78 0 0
2020-04-13 1532 1537.78 0 0
2020-04-14 1529 1537.78 0 0
2020-04-15 1532 1537.78 0 0
2020-04-17 1523 1537.78 0 0
2020-04-18 1532 1537.78 0 0
2020-04-19 1532 1537.78 0 0
2020-04-20 1536 1537.78 0 0
2020-04-21 1517 1537.78 0 0
2020-04-23 1532 1537.78 0 0
2020-04-24 1535 1537.78 0 0
2020-04-25 1532 1537.78 0 0
2020-04-26 1532 1537.78 0 0
2020-04-27 1537 1537.78 0 0
2020-04-28 1545 1537.78 0 0
2020-04-29 1558 1537.78 0 0
2020-04-30 1569 1537.78 0 0
