2020-04-08 1622 1434.59 0 0
2020-04-10 1577 1495.44 60.85 4.069
2020-04-11 1577 1495.44 0 0
2020-04-12 1577 1495.44 0 0
2020-04-13 1558 1512.683 17.243 1.14
2020-04-14 1546 1524.268 11.585 0.76
2020-04-15 1561 1505.873 -18.395 -1.222
2020-04-17 1552 1512.425 6.552 0.433
2020-04-18 1566 1511.827 -0.598 -0.04
2020-04-19 1566 1511.827 0 0
2020-04-20 1587 1497.084 -14.743 -0.985
2020-04-21 1566 1494.902 -2.182 -0.146
2020-04-23 1518 1548.473 53.571 3.46
2020-04-24 1522 1552.667 4.194 0.27
2020-04-25 1511 1551.768 -0.899 -0.058
2020-04-26 1511 1551.768 0 0
2020-04-27 1568 1506.597 -45.171 -2.998
2020-04-28 1574 1514.708 8.111 0.535
2020-04-29 1629 1462.894 -51.814 -3.542
2020-04-30 1609 1494.965 32.071 2.145
2020-05-01 1605 1499.777 4.812 0.321
2020-05-02 1599 1499.777 0 0
2020-05-03 1599 1499.777 0 0
2020-05-04 1591 1499.777 0 0
2020-05-05 1590 1499.777 0 0
2020-05-06 1535 1552.047 52.27 3.368
2020-05-07 1543 1550.461 -1.586 -0.102
2020-05-08 1552 1542.934 -7.527 -0.488
2020-05-09 1559 1545.549 2.615 0.169
2020-05-10 1559 1545.549 0 0
2020-05-11 1534 1574.53 28.981 1.841
2020-05-12 1531 1572.997 -1.533 -0.097
2020-05-13 1549 1555.807 -17.19 -1.105
2020-05-14 1567 1524.786 -31.021 -2.034
2020-05-15 1577 1518.306 -6.48 -0.427
2020-05-16 1577 1517.087 -1.219 -0.08
2020-05-17 1577 1517.087 0 0
2020-05-18 1551 1547.944 30.857 1.993
2020-05-19 1569 1539.499 -8.445 -0.549
2020-05-20 1631 1491.659 -47.84 -3.207
2020-05-21 1636 1487.765 -3.894 -0.262
2020-05-22 1654 1463.108 -24.657 -1.685
2020-05-23 1660 1454.769 -8.339 -0.573
2020-05-24 1660 1454.769 0 0
2020-05-25 1639 1467.43 12.661 0.863
2020-05-26 1642 1483.5 16.07 1.083
2020-05-27 1661 1477.374 -6.126 -0.415
2020-05-28 1697 1436.085 -41.289 -2.875
2020-05-29 1714 1428.282 -7.803 -0.546
2020-05-30 1712 1431 2.718 0.19
2020-05-31 1712 1431 0 0
2020-06-01 1696 1461.173 30.173 2.065
2020-06-02 1719 1439.97 -21.203 -1.472
2020-06-03 1722 1447.845 7.875 0.544
2020-06-04 1722 1454.326 6.481 0.446
2020-06-05 1732 1452.282 -2.044 -0.141
2020-06-06 1733 1459.598 7.316 0.501
2020-06-07 1733 1459.598 0 0
2020-06-08 1760 1430.156 -29.442 -2.059
2020-06-09 1755 1439.833 9.677 0.672
2020-06-10 1759 1431.466 -8.367 -0.585
2020-06-11 1739 1439.535 8.069 0.561
2020-06-12 1756 1423.225 -16.31 -1.146
2020-06-13 1754 1422.34 -0.885 -0.062
2020-06-14 1754 1422.34 0 0
2020-06-15 1767 1400.71 -21.63 -1.544
2020-06-16 1730 1445.229 44.519 3.08
2020-06-17 1731 1448.312 3.083 0.213
2020-06-18 1748 1429.161 -19.151 -1.34
2020-06-19 1719 1461.553 32.392 2.216
2020-06-20 1717 1461.739 0.186 0.013
2020-06-21 1717 1461.739 0 0
2020-06-22 1737 1438.65 -23.089 -1.605
2020-06-23 1765 1425.757 -12.893 -0.904
2020-06-24 1765 1425.757 0 0
2020-06-25 1741 1438.422 12.665 0.88
2020-06-26 1737 1438.422 0 0
2020-06-27 1733 1438.422 0 0
2020-06-28 1733 1438.422 0 0
2020-06-29 1718 1449.925 11.503 0.793
2020-06-30 1662 1504.179 54.254 3.607
2020-07-01 1698 1481.3 -22.879 -1.545
2020-07-07 1682 1515.17 33.87 2.235
2020-07-08 1681 1523.402 8.232 0.54
2020-07-09 1667 1537.676 14.274 0.928
2020-07-10 1682 1524.44 -13.236 -0.868
2020-07-11 1694 1520.305 -4.135 -0.272
2020-07-12 1694 1520.305 0 0
2020-07-13 1680 1532.566 12.261 0.8
2020-07-14 1694 1516.243 -16.323 -1.077
2020-07-15 1658 1563.176 46.933 3.002
2020-07-16 1643 1574.77 11.594 0.736
2020-07-17 1659 1558.155 -16.615 -1.066
2020-07-18 1659 1558.155 0 0
2020-07-20 1639 1591.87 33.715 2.118
2020-07-21 1619 1611.244 19.374 1.202
2020-07-22 1651 1575.897 -35.347 -2.243
2020-07-23 1703 1520.246 -55.651 -3.661
2020-07-24 1775 1436.428 -83.818 -5.835
2020-07-25 1778 1432.089 -4.339 -0.303
2020-07-26 1773 1432.089 0 0
2020-07-27 1774 1433.377 1.288 0.09
2020-07-28 1745 1465.709 32.332 2.206
2020-07-29 1750 1470.134 4.425 0.301
2020-07-30 1782 1435.003 -35.131 -2.448
2020-07-31 1807 1416.92 -18.083 -1.276
2020-08-04 1784 1440.169 23.249 1.614
2020-08-05 1774 1447.539 7.37 0.509
2020-08-06 1786 1444.115 -3.424 -0.237
2020-08-07 1774 1451.637 7.522 0.518
2020-08-08 1773 1448.425 -3.212 -0.222
2020-08-09 1773 1448.425 0 0
2020-08-10 1772 1451.673 3.248 0.224
2020-08-12 1780 1444.528 -7.145 -0.495
2020-08-13 1779 1447.481 2.953 0.204
2020-08-14 1681 1553.906 106.425 6.849
2020-08-15 1682 1552.654 -1.252 -0.081
2020-08-16 1682 1552.654 0 0
2020-08-17 1638 1609.245 56.591 3.517
2020-08-18 1589 1685.339 76.094 4.515
2020-08-19 1583 1688.507 3.168 0.188
2020-08-20 1556 1717.574 29.067 1.692
2020-08-21 1558 1707.842 -9.732 -0.57
2020-08-22 1557 1709.893 2.051 0.12
2020-08-23 1557 1709.893 0 0
2020-08-24 1577 1692.892 -17.001 -1.004
2020-08-25 1569 1704.205 11.313 0.664
2020-08-26 1579 1697.281 -6.924 -0.408
2020-08-27 1573 1706.093 8.812 0.517
2020-08-28 1576 1699.213 -6.88 -0.405
2020-08-29 1578 1702.678 3.465 0.204
2020-08-30 1578 1702.678 0 0
2020-08-31 1596 1669.756 -32.922 -1.972
2020-09-01 1584 1697.521 27.765 1.636
2020-09-02 1593 1693.97 -3.551 -0.21
2020-09-03 1590 1682.141 -11.829 -0.703
2020-09-04 1598 1663.955 -18.186 -1.093
2020-09-05 1600 1662.957 -0.998 -0.06
2020-09-06 1600 1662.957 0 0
2020-09-07 1644 1610.742 -52.215 -3.242
2020-09-08 1642 1604.793 -5.949 -0.371
2020-09-09 1677 1543.649 -61.144 -3.961
2020-09-10 1702 1512.826 -30.823 -2.037
2020-09-11 1697 1524.111 11.285 0.74
2020-09-12 1695 1524.824 0.713 0.047
2020-09-13 1695 1524.824 0 0
2020-09-14 1708 1520.196 -4.628 -0.304
2020-09-15 1682 1564.434 44.238 2.828
2020-09-16 1683 1559.118 -5.316 -0.341
2020-09-17 1685 1566.226 7.108 0.454
2020-09-18 1677 1583.011 16.785 1.06
2020-09-19 1680 1584.721 1.71 0.108
2020-09-21 1687 1551.673 -33.048 -2.13
2020-09-22 1685 1546.167 -5.506 -0.356
2020-09-23 1680 1542.343 -3.824 -0.248
2020-09-24 1695 1520.41 -21.933 -1.443
2020-09-25 1697 1511.816 -8.594 -0.568
2020-09-26 1697 1512.991 1.175 0.078
2020-09-27 1698 1512.991 0 0
2020-09-28 1719 1502.51 -10.481 -0.698
2020-09-29 1717 1500.215 -2.295 -0.153
2020-09-30 1719 1503.181 2.966 0.197
