2023-04-06 2504 1092 0 0
2023-04-07 2505 1092 0 0
2023-04-08 2504 1092 0 0
2023-04-09 2503 1092 0 0
2023-04-10 2505 1092 0 0
2023-04-11 2514 1092 0 0
2023-04-12 2505 1092 0 0
2023-04-13 2511 1092 0 0
2023-04-14 2513 1092 0 0
2023-04-15 2513 1092 0 0
2023-04-16 2513 1092 0 0
2023-04-17 2517 1092 0 0
2023-04-18 2513 1092 0 0
2023-04-19 2508 1092 0 0
2023-04-20 2505 1092 0 0
2023-04-21 2505 1092 0 0
2023-04-22 2503 1092 0 0
2023-04-23 2503 1092 0 0
2023-04-24 2493 1092 0 0
2023-04-25 2482 1092 0 0
2023-04-26 2490 1092 0 0
2023-04-27 2490 1092 0 0
2023-04-28 2495 1092 0 0
2023-04-29 2498 1092 0 0
