2020-01-19 737 3443.527 0 0
2020-02-07 1024 2527.23 -916.297 -36.257
2020-02-15 1038 2488.442 -38.788 -1.559
2020-02-16 1038 2488.442 0 0
2020-02-17 1131 2304.327 -184.115 -7.99
2020-02-18 1122 2328.759 24.432 1.049
2020-02-19 1128 2317.355 -11.404 -0.492
2020-02-20 1135 2291.589 -25.766 -1.124
2020-02-21 1153 2261.696 -29.893 -1.322
2020-02-22 1155 2256.3 -5.396 -0.239
2020-02-23 1155 2256.3 0 0
2020-02-24 1150 2250.526 -5.774 -0.257
2020-02-25 1170 2203.028 -47.498 -2.156
2020-02-26 1191 2157.076 -45.952 -2.13
2020-02-27 1122 2242.254 85.178 3.799
2020-02-28 1160 2156.694 -85.56 -3.967
2020-02-29 1162 2156.694 0 0
2020-03-01 1160 2156.694 0 0
2020-03-02 1163 2166.288 9.594 0.443
2020-03-03 1146 2204.006 37.718 1.711
2020-03-04 1089 2310.064 106.058 4.591
2020-03-05 1100 2292.038 -18.026 -0.786
2020-03-06 1109 2257.158 -34.88 -1.545
2020-03-07 1113 2250.396 -6.762 -0.3
2020-03-08 1109 2250.396 0 0
2020-03-09 1123 2182.551 -67.845 -3.109
2020-03-10 1126 2159.598 -22.953 -1.063
2020-03-11 1127 2148.132 -11.466 -0.534
2020-03-12 1140 2058.958 -89.174 -4.331
2020-03-13 1261 1829.344 -229.614 -12.552
2020-03-14 1271 1820.587 -8.757 -0.481
2020-03-15 1272 1820.587 0 0
2020-03-16 1273 1772.44 -48.147 -2.716
2020-03-17 1264 1763.898 -8.542 -0.484
2020-03-18 1285 1699.176 -64.722 -3.809
2020-03-19 1276 1691.207 -7.969 -0.471
2020-03-20 1271 1721.125 29.918 1.738
2020-03-21 1270 1728.175 7.05 0.408
2020-03-22 1270 1728.175 0 0
2020-03-23 1293 1659.157 -69.018 -4.16
2020-03-24 1291 1640.307 -18.85 -1.149
2020-03-25 1275 1714.132 73.825 4.307
2020-03-26 1244 1801.086 86.954 4.828
2020-03-27 1252 1821.86 20.774 1.14
2020-03-28 1243 1824.253 2.393 0.131
2020-03-29 1243 1824.253 0 0
2020-03-30 1243 1824.253 0 0
2020-03-31 1252 1788.829 -35.424 -1.98
