2021-04-23 1960 1634.309 0 0
2021-04-24 1960 1634.309 0 0
2021-04-25 1961 1634.309 0 0
2021-04-26 1929 1670.627 36.318 2.174
2021-04-27 1958 1644.087 -26.54 -1.614
2021-04-28 1959 1641.293 -2.794 -0.17
2021-04-29 1949 1653.027 11.734 0.71
2021-04-30 1973 1620.62 -32.407 -2
2021-05-01 1964 1620.62 0 0
2021-05-02 1963 1620.62 0 0
2021-05-03 1921 1677.891 57.271 3.413
2021-05-04 1954 1636.807 -41.084 -2.51
2021-05-05 1965 1625.369 -11.438 -0.704
2021-05-06 1997 1590.448 -34.921 -2.196
2021-05-07 1987 1599.667 9.219 0.576
2021-05-08 1993 1599.667 0 0
2021-05-09 1993 1599.667 0 0
2021-05-10 2044 1550.498 -49.169 -3.171
2021-05-11 2119 1493.507 -56.991 -3.816
2021-05-12 2152 1459.703 -33.804 -2.316
2021-05-13 2221 1393.214 -66.489 -4.772
2021-05-14 1977 1599.667 206.453 12.906
2021-05-15 1983 1599.667 0 0
2021-05-16 1983 1599.667 0 0
2021-05-17 1860 1744.38 144.713 8.296
2021-05-18 1811 1796.064 51.684 2.878
2021-05-19 1812 1805.004 8.94 0.495
2021-05-20 1724 1896.916 91.912 4.845
2021-05-21 1715 1909.488 12.572 0.658
2021-05-22 1716 1909.488 0 0
2021-05-24 1675 1964.244 54.756 2.788
2021-05-25 1689 1954.187 -10.057 -0.515
2021-05-26 1726 1917.031 -37.156 -1.938
2021-05-27 1718 1946.644 29.613 1.521
2021-05-28 1603 2075.992 129.348 6.231
2021-05-29 1602 2075.992 0 0
2021-05-30 1602 2075.992 0 0
2021-05-31 1610 2075.992 0 0
2021-06-01 1748 1923.735 -152.257 -7.915
2021-06-02 1723 1958.098 34.363 1.755
2021-06-03 1697 1968.714 10.616 0.539
2021-06-04 1603 2077.388 108.674 5.231
2021-06-05 1606 2077.388 0 0
2021-06-06 1606 2077.388 0 0
2021-06-07 1554 2158.126 80.738 3.741
2021-06-08 1531 2209.809 51.683 2.339
2021-06-09 1508 2241.937 32.128 1.433
2021-06-10 1486 2286.915 44.978 1.967
2021-06-11 1474 2302.56 15.645 0.679
2021-06-12 1472 2302.56 0 0
2021-06-13 1472 2302.56 0 0
2021-06-14 1479 2287.753 -14.807 -0.647
2021-06-16 1406 2397.266 109.513 4.568
2021-06-17 1371 2464.594 67.328 2.732
2021-06-18 1359 2464.315 -0.279 -0.011
2021-06-19 1359 2464.315 0 0
2021-06-20 1353 2464.315 0 0
2021-06-21 1423 2344.186 -120.129 -5.125
2021-06-22 1491 2243.334 -100.852 -4.496
2021-06-23 1484 2268.756 25.422 1.121
2021-06-24 1425 2360.669 91.913 3.894
2021-06-25 1430 2370.726 10.057 0.424
2021-06-26 1432 2370.726 0 0
2021-06-27 1432 2370.726 0 0
2021-06-28 1484 2294.179 -76.547 -3.337
2021-06-29 1466 2327.703 33.524 1.44
2021-06-30 1612 2100.017 -227.686 -10.842
2021-07-01 1691 1982.962 -117.055 -5.903
2021-07-02 1666 2013.413 30.451 1.512
2021-07-03 1663 2013.413 0 0
2021-07-04 1663 2013.413 0 0
2021-07-05 1660 2013.413 0 0
2021-07-06 1754 1901.386 -112.027 -5.892
2021-07-07 1795 1851.658 -49.728 -2.686
2021-07-08 1792 1840.483 -11.175 -0.607
2021-07-09 1787 1848.865 8.382 0.453
2021-07-10 1792 1848.865 0 0
2021-07-11 1792 1848.865 0 0
2021-07-12 1771 1877.36 28.495 1.518
2021-07-13 1740 1927.088 49.728 2.58
2021-07-14 1814 1820.369 -106.719 -5.862
2021-07-15 1810 1814.362 -6.007 -0.331
2021-07-16 1900 1697.167 -117.195 -6.905
2021-07-17 1898 1697.167 0 0
2021-07-18 1898 1697.167 0 0
2021-07-19 1899 1690.462 -6.705 -0.397
2021-07-20 1897 1699.961 9.499 0.559
2021-07-21 1929 1671.465 -28.496 -1.705
2021-07-22 1860 1751.365 79.9 4.562
2021-07-23 1841 1769.803 18.438 1.042
2021-07-24 1843 1769.803 0 0
2021-07-25 1843 1769.803 0 0
2021-07-26 1853 1748.012 -21.791 -1.247
2021-07-27 1837 1750.247 2.235 0.128
2021-07-28 1782 1821.766 71.519 3.926
2021-07-29 1792 1822.045 0.279 0.015
2021-07-30 1874 1717.282 -104.763 -6.101
2021-07-31 1874 1717.282 0 0
2021-08-01 1874 1717.282 0 0
2021-08-02 1841 1766.451 49.169 2.783
2021-08-03 1859 1756.952 -9.499 -0.541
2021-08-04 1848 1765.054 8.102 0.459
2021-08-05 1853 1767.009 1.955 0.111
2021-08-06 1957 1638.5 -128.509 -7.843
2021-08-07 1953 1638.5 0 0
2021-08-08 1953 1638.5 0 0
2021-08-09 1979 1608.328 -30.172 -1.876
2021-08-10 1988 1597.712 -10.616 -0.664
2021-08-11 1963 1634.309 36.597 2.239
2021-08-13 1998 1577.318 -56.991 -3.613
2021-08-14 1998 1577.318 0 0
2021-08-15 1998 1577.318 0 0
2021-08-16 2012 1561.114 -16.204 -1.038
2021-08-17 2005 1561.114 0 0
2021-08-18 1812 1781.537 220.423 12.373
2021-08-19 1724 1874.566 93.029 4.963
2021-08-20 1659 1954.745 80.179 4.102
2021-08-21 1662 1954.745 0 0
2021-08-22 1662 1954.745 0 0
2021-08-23 1631 1999.165 44.42 2.222
2021-08-24 1592 2081.3 82.135 3.946
2021-08-25 1568 2139.967 58.667 2.741
2021-08-26 1605 2055.318 -84.649 -4.119
2021-08-27 1608 2072.918 17.6 0.849
2021-08-28 1610 2072.918 0 0
2021-08-29 1610 2072.918 0 0
2021-08-30 1629 2047.775 -25.143 -1.228
2021-08-31 1691 1966.758 -81.017 -4.119
2021-09-01 1613 2075.712 108.954 5.249
2021-09-02 1552 2191.65 115.938 5.29
2021-09-03 1566 2178.52 -13.13 -0.603
2021-09-04 1570 2178.52 0 0
2021-09-05 1573 2178.52 0 0
2021-09-06 1572 2178.52 0 0
2021-09-07 1632 2068.449 -110.071 -5.321
2021-09-08 1744 1899.71 -168.739 -8.882
2021-09-09 1687 1986.035 86.325 4.347
2021-09-10 1575 2161.758 175.723 8.129
2021-09-11 1576 2161.758 0 0
2021-09-12 1576 2161.758 0 0
2021-09-13 1609 2094.151 -67.607 -3.228
2021-09-14 1598 2112.868 18.717 0.886
2021-09-15 1621 2055.318 -57.55 -2.8
2021-09-16 1653 2000.841 -54.477 -2.723
2021-09-17 1631 2032.41 31.569 1.553
2021-09-18 1628 2032.41 0 0
2021-09-19 1626 2032.41 0 0
2021-09-20 1675 1965.082 -67.328 -3.426
2021-09-21 1594 2069.845 104.763 5.061
2021-09-22 1586 2069.845 0 0
2021-09-23 1548 2174.888 105.043 4.83
2021-09-24 1514 2220.146 45.258 2.039
2021-09-25 1512 2220.146 0 0
2021-09-26 1512 2220.146 0 0
2021-09-27 1556 2142.761 -77.385 -3.611
2021-09-28 1616 2031.293 -111.468 -5.488
2021-09-29 1577 2071.801 40.508 1.955
2021-09-30 1615 2021.794 -50.007 -2.473
