2026-05-19 1440 2924.006 0 0
2026-05-20 1393 3046.399 0 0
2026-05-21 1396 3046.38 0 0
2026-05-22 1328 3201.135 0 0
2026-05-23 1292 3328.058 0 0
2026-05-24 1291 3333.642 0 0
2026-05-25 1300 3313.693 0 0
2026-05-26 1272 3411.919 0 0
2026-05-27 1180 3632.717 0 0
2026-05-28 1144 3749.904 0 0
2026-05-29 1079 3982.072 0 0
2026-05-30 1036 4104.603 0 0
2026-05-31 1037 4111.577 0 0
2026-06-01 1163 3703.07 0 0
2026-06-02 1294 3335.296 0 0
2026-06-03 1262 3407.439 0 0
2026-06-04 1208 3532.112 0 0
2026-06-05 1376 3088.433 0 0
2026-06-06 1370 3083.787 0 0
2026-06-07 1368 3086.292 0 0
2026-06-09 1483 2803.301 0 0
2026-06-10 1606 2575.799 0 0
2026-06-11 1669 2454.701 0 0
2026-06-12 1629 2536.087 0 0
2026-06-13 1581 2604.807 0 0
2026-06-14 1585 2611.009 0 0
2026-06-16 1507 2804.012 0 0
2026-06-17 1532 2765.464 0 0
2026-06-18 1411 2991.265 0 0
2026-06-19 1401 3028.083 0 0
2026-06-20 1403 3025.799 0 0
2026-06-21 1403 3025.799 0 0
2026-06-22 1307 3287.756 0 0
2026-06-23 1219 3523.892 0 0
2026-06-24 1172 3653.823 0 0
2026-06-25 1165 3661.88 0 0
2026-06-26 1310 3221.35 0 0
2026-06-27 1324 3186.766 0 0
2026-06-28 1325 3186.203 0 0
2026-06-29 1393 3024.04 0 0
2026-06-30 1327 3182.149 0 0
2026-07-01 1344 3154.162 0 0
2026-07-02 1424 2972.701 0 0
2026-07-03 1446 2912.256 0 0
2026-07-04 1479 2846.031 0 0
2026-07-05 1479 2846.031 0 0
2026-07-06 1443 2916.952 0 0
2026-07-07 2179 1905.942 0 0
2026-07-08 1504 2784.158 0 0
2026-07-09 1497 2780.562 0 0
2026-07-10 1419 2963.733 0 0
2026-07-11 1495 2786.115 0 0
2026-07-12 1494 2792.322 0 0
2026-07-13 1542 2704.064 0 0
2026-07-14 1601 2573.575 0 0
2026-07-15 1458 2853.219 0 0
2026-07-16 1585 2612.556 0 0
2026-07-17 1799 2286.183 0 0
2026-07-18 1881 2183.421 0 0
2026-07-19 1885 2180.457 0 0
2026-07-20 1708 2395.929 0 0
