2022-01-16 2621 1028.126 0 0
2022-01-17 2602 1041.665 13.539 1.317
2022-01-18 2611 1031.861 -9.804 -0.941
2022-01-19 2608 1020.206 -11.655 -1.13
2022-01-20 2596 1020.576 0.37 0.036
2022-01-22 2609 1003.484 -17.092 -1.675
2022-01-23 2609 1003.484 0 0
2022-01-24  999.28 -4.204 -0.419
2022-01-25  967.319 -31.961 -3.198
2022-02-12 2584 1005.201 37.882 3.916
2022-02-13 2586 1005.201 0 0
2022-02-14 2560 1018.134 12.933 1.287
2022-02-15 2559 1017.753 -0.381 -0.037
2022-02-16 2581 1008.442 -9.311 -0.915
2022-02-17 2586 1000.742 -7.7 -0.764
2022-02-18 2578 1005.077 4.335 0.433
2022-02-19 2573 1006.745 1.668 0.166
2022-02-20 2571 1006.745 0 0
2022-02-21 2549 1030.891 24.146 2.398
2022-02-22 2544 1022.533 -8.358 -0.811
2022-02-23 2539 1022.294 -0.239 -0.023
2022-02-24 2551 1001.96 -20.334 -1.989
2022-02-25 2540 1011.548 9.588 0.957
2022-02-26 2559 1012.926 1.378 0.136
2022-02-27 2560 1012.926 0 0
2022-02-28 2548 1009.204 -3.722 -0.367
