2025-04-02 2858 1087.568 0 0
2025-04-03 2828 1092.172 4.604 0.423
2025-04-04 2776 1118.523 26.351 2.413
2025-04-05 2793 1105.495 -13.028 -1.165
2025-04-06 2793 1105.495 0 0
2025-04-07 2741 1105.495 0 0
2025-04-08 2754 1098.853 -6.642 -0.601
2025-04-09 2767 1097.654 -1.199 -0.109
2025-04-10 2752 1110.498 12.844 1.17
2025-04-11 2762 1110.498 0 0
2025-04-12 2740 1140.59 30.092 2.71
2025-04-13 2740 1140.59 0 0
2025-04-14 2743 1140.59 0 0
2025-04-15 2746 1143.572 2.982 0.261
2025-04-16 2745 1139.556 -4.016 -0.351
2025-04-17 2739 1145.134 5.578 0.489
2025-04-18 2747 1141.884 -3.25 -0.284
2025-04-19 2747 1141.884 0 0
2025-04-20 2747 1141.884 0 0
2025-04-21 2744 1141.884 0 0
2025-04-22 2730 1156.721 14.837 1.299
2025-04-23 2744 1154.729 -1.992 -0.172
2025-04-24 2764 1141.755 -12.974 -1.124
2025-04-25 2759 1144.222 2.467 0.216
2025-04-26 2759 1143.702 -0.52 -0.045
2025-04-27 2759 1143.702 0 0
2025-04-28 2764 1143.702 0 0
2025-04-29 2764 1144.743 1.041 0.091
2025-04-30 2763 1145.134 0.391 0.034
2025-05-01 2768 1143.572 -1.562 -0.136
2025-05-02 2790 1134.928 -8.644 -0.756
2025-05-03 2783 1143.702 8.774 0.773
2025-05-04 2783 1143.702 0 0
2025-05-05 2782 1143.702 0 0
2025-05-06 2788 1143.702 0 0
2025-05-07 2791 1141.107 -2.595 -0.227
2025-05-08 2788 1143.572 2.465 0.216
2025-05-09 2794 1134.544 -9.028 -0.789
2025-05-10 2797 1133.649 -0.895 -0.079
2025-05-11 2797 1133.649 0 0
2025-05-12 2814 1133.649 0 0
2025-05-13 2828 1117.902 -15.747 -1.389
2025-05-14 2824 1122.893 4.991 0.446
2025-05-15 2818 1128.056 5.163 0.46
2025-05-16 2823 1125.406 -2.65 -0.235
2025-05-17 2824 1122.267 -3.139 -0.279
2025-05-18 2824 1122.267 0 0
2025-05-19 2822 1122.267 0 0
2025-05-20 2815 1132.118 9.851 0.878
2025-05-21 2821 1133.649 1.531 0.135
2025-05-22 2809 1140.848 7.199 0.635
2025-05-23 2811 1134.672 -6.176 -0.541
2025-05-24 2811 1134.672 0 0
2025-05-25 2803 1141.237 6.565 0.579
2025-05-26 2807 1141.237 0 0
2025-05-27 2806 1141.237 0 0
2025-05-28 2801 1140.978 -0.259 -0.023
2025-05-29 2817 1136.98 -3.998 -0.35
2025-05-30 2805 1141.884 4.904 0.431
2025-05-31 2804 1142.014 0.13 0.011
2025-06-01 2804 1142.014 0 0
2025-06-02 2801 1142.014 0 0
2025-06-03 2797 1150.372 8.358 0.732
2025-06-04 2804 1146.047 -4.325 -0.376
2025-06-05 2799 1150.24 4.193 0.366
2025-06-06 2801 1152.612 2.372 0.206
2025-06-07 2809 1145.786 -6.826 -0.592
2025-06-08 2809 1145.786 0 0
2025-06-09 2816 1145.786 0 0
2025-06-10 2809 1147.747 1.961 0.171
2025-06-11 2811 1149.452 1.705 0.149
2025-06-12 2803 1155.127 5.675 0.494
2025-06-13 2789 1165.161 10.034 0.869
2025-06-14 2791 1161.261 -3.9 -0.335
2025-06-15 2790 1161.261 0 0
2025-06-16 2795 1161.261 0 0
2025-06-17 2786 1166.106 4.845 0.417
2025-06-18 2784 1166.106 0 0
2025-06-19 2783 1157.786 -8.32 -0.713
2025-06-20 2772 1157.786 0 0
2025-06-21 2772 1158.452 0.666 0.058
2025-06-22 2772 1158.452 0 0
2025-06-23 2778 1158.452 0 0
2025-06-24 2784 1159.922 1.47 0.127
2025-06-25 2783 1168.68 8.758 0.755
2025-06-26 2784 1168.68 0 0
2025-06-27 2773 1177.848 9.168 0.784
2025-06-28 2773 1178.814 0.966 0.082
2025-06-29 2772 1178.814 0 0
2025-06-30 2781 1178.814 0 0
2025-07-01 2779 1180.89 2.076 0.176
2025-07-02 2777 1184.923 4.033 0.342
2025-07-03 2779 1183.808 -1.115 -0.094
2025-07-04 2774 1182.278 -1.53 -0.129
2025-07-05 2774 1182.278 0 0
2025-07-06 2774 1182.278 0 0
2025-07-07 2776 1182.278 0 0
2025-07-08 2783 1180.89 -1.388 -0.117
2025-07-09 2786 1176.333 -4.557 -0.386
2025-07-10 2780 1178.538 2.205 0.187
2025-07-11 2783 1175.096 -3.442 -0.292
2025-07-12 2778 1176.333 1.237 0.105
2025-07-13 2778 1176.333 0 0
2025-07-14 2786 1176.333 0 0
2025-07-15 2791 1175.371 -0.962 -0.082
2025-07-16 2801 1168.816 -6.555 -0.558
2025-07-17 2812 1166.647 -2.169 -0.186
2025-07-18 2817 1165.701 -0.946 -0.081
2025-07-19 2806 1171.675 5.974 0.512
2025-07-20 2806 1171.675 0 0
2025-07-21 2814 1171.675 0 0
2025-07-22 2803 1176.746 5.071 0.433
2025-07-23 2806 1179.367 2.621 0.223
2025-07-24 2810 1180.474 1.107 0.094
2025-07-25 2809 1183.669 3.195 0.271
2025-07-26 2811 1180.059 -3.61 -0.305
2025-07-27 2811 1180.059 0 0
2025-07-28 2811 1180.059 0 0
2025-07-29 2827 1170.72 -9.339 -0.791
2025-07-30 2831 1159.12 -11.6 -0.991
2025-07-31 2832 1154.862 -4.258 -0.367
2025-08-01 2833 1151.425 -3.437 -0.298
2025-08-02 2821 1162.334 10.909 0.947
2025-08-03 2821 1162.334 0 0
2025-08-04 2832 1162.334 0 0
2025-08-05 2831 1162.334 0 0
2025-08-06 2835 1163.544 1.21 0.104
2025-08-07 2825 1169.631 6.087 0.523
2025-08-08 2819 1169.224 -0.407 -0.035
2025-08-09 2816 1172.631 3.407 0.291
2025-08-10 2816 1172.631 0 0
2025-08-11 2831 1172.631 0 0
2025-08-12 2843 1166.647 -5.984 -0.51
2025-08-13 2841 1172.904 6.257 0.536
2025-08-14 2830 1178.952 6.048 0.516
2025-08-15 2845 1173.041 -5.911 -0.501
2025-08-16 2834 1178.262 5.221 0.445
2025-08-17 2834 1178.262 0 0
2025-08-18 2845 1178.262 0 0
2025-08-19 2850 1173.452 -4.81 -0.408
2025-08-20 2854 1174.273 0.821 0.07
2025-08-21 2852 1173.315 -0.958 -0.082
2025-08-22 2872 1168.68 -4.635 -0.395
2025-08-23 2860 1178.814 10.134 0.867
2025-08-24 2860 1178.814 0 0
2025-08-25 2857 1178.814 0 0
2025-08-26 2861 1176.058 -2.756 -0.234
2025-08-27 2859 1172.358 -3.7 -0.315
2025-08-28 2870 1166.242 -6.116 -0.522
2025-08-29 2868 1173.999 7.757 0.665
2025-08-30 2863 1177.572 3.573 0.304
2025-08-31 2863 1177.572 0 0
2025-09-01 2860 1177.572 0 0
2025-09-02 2851 1177.572 0 0
2025-09-03 2854 1173.315 -4.257 -0.362
2025-09-04 2847 1173.315 0 0
2025-09-05 2863 1170.448 -2.867 -0.244
2025-09-06 2849 1180.751 10.303 0.88
2025-09-07 2849 1180.751 0 0
2025-09-08 2857 1180.751 0 0
2025-09-09 2852 1181.583 0.832 0.07
2025-09-10 2857 1180.197 -1.386 -0.117
2025-09-11 2869 1179.782 -0.415 -0.035
2025-09-12 2867 1179.782 0 0
2025-09-13 2869 1179.782 0 0
2025-09-14 2869 1179.782 0 0
2025-09-15 2869 1179.782 0 0
2025-09-16 2860 1182.834 3.052 0.259
2025-09-17 2856 1192.367 9.533 0.806
2025-09-18 2860 1192.084 -0.283 -0.024
2025-09-19 2868 1184.644 -7.44 -0.624
2025-09-20 2871 1182.834 -1.81 -0.153
2025-09-21 2872 1182.834 0 0
2025-09-22 2874 1182.834 0 0
2025-09-23 2867 1184.226 1.392 0.118
2025-09-24 2869 1186.741 2.515 0.212
2025-09-25 2866 1181.445 -5.296 -0.446
2025-09-26 2872 1174.685 -6.76 -0.572
2025-09-27 2867 1176.195 1.51 0.129
2025-09-28 2867 1176.195 0 0
2025-09-29 2867 1176.195 0 0
2025-09-30 2870 1180.059 3.864 0.329
2025-10-01 2869 1182 1.941 0.164
2025-10-02 2875 1181.583 -0.417 -0.035
2025-10-03 2881 1178.4 -3.183 -0.269
2025-10-04 2880 1181.028 2.628 0.223
2025-10-05 2880 1181.028 0 0
2025-10-06 2882 1181.028 0 0
2025-10-07 2884 1178.676 -2.352 -0.199
2025-10-08 2891 1173.452 -5.224 -0.443
2025-10-09 2891 1169.088 -4.364 -0.372
2025-10-10 2890 1165.161 -3.927 -0.336
2025-10-11 2888 1164.891 -0.27 -0.023
2025-10-12 2888 1164.891 0 0
2025-10-13 2887 1164.891 0 0
2025-10-14 2878 1163.006 -1.885 -0.162
2025-10-15 2879 1166.377 3.371 0.29
2025-10-16 2870 1169.36 2.983 0.256
2025-10-17 2852 1174.685 5.325 0.455
2025-10-18 2852 1173.725 -0.96 -0.082
2025-10-19 2853 1173.725 0 0
2025-10-20 2856 1173.725 0 0
2025-10-21 2869 1172.358 -1.367 -0.116
2025-10-22 2877 1167.46 -4.898 -0.418
2025-10-23 2874 1168.137 0.677 0.058
2025-10-24 2876 1168.409 0.272 0.023
2025-10-25 2876 1169.631 1.222 0.105
2025-10-26 2876 1169.631 0 0
2025-10-27 2884 1169.631 0 0
2025-10-28 2882 1170.584 0.953 0.081
2025-10-29 2876 1172.904 2.32 0.198
2025-10-30 2876 1173.452 0.548 0.047
2025-10-31 2889 1163.275 -10.177 -0.867
2025-11-01 2891 1161.127 -2.148 -0.185
2025-11-02 2891 1161.127 0 0
2025-11-03 2890 1161.127 0 0
2025-11-04 2881 1159.387 -1.74 -0.15
2025-11-05 2887 1156.056 -3.331 -0.287
2025-11-06 2890 1154.729 -1.327 -0.115
2025-11-07 2875 1160.859 6.13 0.531
2025-11-08 2872 1164.217 3.358 0.289
2025-11-09 2872 1164.217 0 0
2025-11-10 2883 1164.217 0 0
2025-11-11 2886 1161.529 -2.688 -0.231
2025-11-12 2885 1166.512 4.983 0.429
2025-11-13 2876 1166.512 0 0
2025-11-14 2870 1170.993 4.481 0.384
2025-11-15 2872 1168.273 -2.72 -0.232
2025-11-16 2871 1168.273 0 0
2025-11-17 2863 1168.273 0 0
2025-11-18 2863 1166.783 -1.49 -0.128
2025-11-19 2872 1165.161 -1.622 -0.139
2025-11-20 2870 1161.663 -3.498 -0.3
2025-11-21 2863 1159.521 -2.142 -0.184
2025-11-22 2868 1156.987 -2.534 -0.219
2025-11-23 2871 1156.987 0 0
2025-11-24 2879 1156.987 0 0
2025-11-25 2887 1159.922 2.935 0.254
2025-11-26 2890 1163.14 3.218 0.277
2025-11-27 2889 1165.971 2.831 0.243
2025-11-28 2891 1165.971 0 0
2025-11-29 2887 1167.46 1.489 0.128
2025-11-30 2887 1167.46 0 0
2025-12-01 2891 1167.46 0 0
2025-12-02 2887 1167.46 0 0
2025-12-03 2888 1167.595 0.135 0.012
2025-12-04 2887 1173.178 5.583 0.478
2025-12-05 2887 1174.41 1.232 0.105
2025-12-06 2890 1171.811 -2.599 -0.221
2025-12-07 2889 1171.811 0 0
2025-12-08 2888 1171.811 0 0
2025-12-09 2891 1169.495 -2.316 -0.198
2025-12-10 2893 1169.903 0.408 0.035
2025-12-11 2889 1171.129 1.226 0.105
2025-12-12 2877 1182.695 11.566 0.988
2025-12-13 2881 1180.89 -1.805 -0.153
2025-12-14 2881 1180.89 0 0
2025-12-15 2875 1180.89 0 0
2025-12-16 2861 1183.251 2.361 0.2
2025-12-17 2866 1184.087 0.836 0.071
2025-12-18 2877 1182.556 -1.531 -0.129
2025-12-19 2880 1179.782 -2.774 -0.235
2025-12-20 2882 1177.986 -1.796 -0.152
2025-12-21 2886 1177.986 0 0
2025-12-22 2891 1177.986 0 0
2025-12-23 2891 1183.39 5.404 0.459
2025-12-24 2900 1184.505 1.115 0.094
2025-12-25 2899 1184.923 0.418 0.035
2025-12-26 2900 1184.923 0 0
2025-12-27 2901 1184.784 -0.139 -0.012
2025-12-28 2901 1184.784 0 0
2025-12-29 2897 1184.784 0 0
2025-12-30 2901 1183.808 -0.976 -0.082
2025-12-31 2901 1182.973 -0.835 -0.071
