2025-04-02 2428 1368.454 0 0
2025-04-03 2520 1288.984 -79.47 -5.807
2025-04-04 2514 1283.301 -5.683 -0.441
2025-04-05 2503 1283.301 0 0
2025-04-06 2503 1283.301 0 0
2025-04-07 2813 1060.129 -223.172 -17.39
2025-04-08 2766 1086.669 26.54 2.503
2025-04-09 2757 1103.769 17.1 1.574
2025-04-10 2678 1164.122 60.353 5.468
2025-04-11 2619 1200.687 36.565 3.141
2025-04-12 2625 1204.949 4.262 0.355
2025-04-13 2625 1204.949 0 0
2025-04-14 2650 1197.328 -7.621 -0.632
2025-04-15 2631 1209.732 12.404 1.036
2025-04-16 2671 1184.591 -25.141 -2.078
2025-04-17 2639 1204.412 19.821 1.673
2025-04-18 2643 1201.598 -2.814 -0.234
2025-04-19 2643 1201.598 0 0
2025-04-20 2643 1201.598 0 0
2025-04-21 2660 1196.046 -5.552 -0.462
2025-04-22 2709 1173.311 -22.735 -1.901
2025-04-23 2652 1211.438 38.127 3.25
2025-04-24 2678 1196.596 -14.842 -1.225
2025-04-25 2685 1190.913 -5.683 -0.475
2025-04-26 2684 1192.515 1.602 0.135
2025-04-27 2684 1192.515 0 0
2025-04-28 2644 1218.472 25.957 2.177
2025-04-29 2659 1209.504 -8.968 -0.736
2025-04-30 2456 1361.621 152.117 12.577
2025-05-01 2458 1362.09 0.469 0.034
2025-05-02 2462 1362.09 0 0
