2020-01-19 1998 1173.439 0 0
2020-02-07 1895 1238.698 65.259 5.561
2020-02-15 1983 1166.763 -71.935 -5.807
2020-02-16 1985 1166.763 0 0
2020-02-17 1971 1185.233 18.47 1.583
2020-02-18 1974 1182.935 -2.298 -0.194
2020-02-19 1901 1235.944 53.009 4.481
2020-02-20 1835 1313.974 78.03 6.313
2020-02-21 1831 1313.073 -0.901 -0.069
2020-02-22 1831 1308.708 -4.365 -0.332
2020-02-23 1831 1308.708 0 0
2020-02-24 1844 1279.709 -28.999 -2.216
2020-02-25 1813 1308.777 29.068 2.271
2020-02-26 1863 1234.653 -74.124 -5.664
2020-02-27 1853 1236.338 1.685 0.136
2020-02-28 1936 1156.89 -79.448 -6.426
2020-02-29 1922 1161.193 4.303 0.372
