2020-08-28 1652 1598.922 0 0
2020-08-29 1654 1598.922 0 0
2020-08-30 1654 1598.922 0 0
2020-08-31 1608 1655.289 56.367 3.405
2020-09-01 1565 1724.927 69.638 4.037
2020-09-02 1539 1771.454 46.527 2.626
2020-09-03 1655 1605.024 -166.43 -10.369
2020-09-04 1683 1564.294 -40.73 -2.604
2020-09-05 1685 1564.294 0 0
2020-09-06 1685 1564.294 0 0
2020-09-07 1679 1564.294 0 0
2020-09-08 1715 1516.165 -48.129 -3.174
2020-09-09 1679 1541.793 25.628 1.662
2020-09-10 1689 1526.462 -15.331 -1.004
2020-09-11 1741 1488.554 -37.908 -2.547
2020-09-12 1741 1489.698 1.144 0.077
2020-09-13 1741 1489.698 0 0
2020-09-14 1739 1497.554 7.856 0.525
2020-09-15 1750 1487.867 -9.687 -0.651
2020-09-16 1754 1485.884 -1.983 -0.133
2020-09-17 1748 1499.156 13.272 0.885
2020-09-18 1726 1520.131 20.975 1.38
2020-09-19 1730 1520.131 0 0
2020-09-21 1666 1587.405 67.274 4.238
2020-09-22 1630 1628.516 41.111 2.524
2020-09-23 1652 1596.939 -31.577 -1.977
2020-09-24 1658 1572.608 -24.331 -1.547
2020-09-25 1588 1661.619 89.011 5.357
2020-09-26 1591 1661.619 0 0
2020-09-27 1592 1661.619 0 0
2020-09-28 1621 1639.729 -21.89 -1.335
2020-09-29 1618 1641.483 1.754 0.107
2020-09-30 1618 1643.695 2.212 0.135
2020-10-01 1587 1685.264 41.569 2.467
2020-10-03 1591 1683.434 -1.83 -0.109
2020-10-04 1591 1683.434 0 0
2020-10-05 1547 1745.978 62.544 3.582
2020-10-06 1521 1789.912 43.934 2.455
2020-10-07 1521 1789.912 0 0
2020-10-08 1496 1824.617 34.705 1.902
2020-10-09 1508 1816.074 -8.543 -0.47
2020-10-10 1513 1816.074 0 0
2020-10-11 1515 1816.074 0 0
2020-10-12 1464 1885.484 69.41 3.681
2020-10-13 1459 1896.162 10.678 0.563
2020-10-14 1476 1866.873 -29.289 -1.569
2020-10-16 1463 1873.28 6.407 0.342
2020-10-17 1463 1873.28 0 0
2020-10-18 1463 1873.28 0 0
2020-10-19 1466 1859.093 -14.187 -0.763
2020-10-20 1537 1779.692 -79.401 -4.462
2020-10-21 1604 1696.782 -82.91 -4.886
2020-10-22 1631 1664.289 -32.493 -1.952
2020-10-23 1601 1686.866 22.577 1.338
2020-10-24 1601 1686.866 0 0
2020-10-25 1600 1686.866 0 0
2020-10-26 1604 1684.502 -2.364 -0.14
2020-10-27 1589 1700.748 16.246 0.955
2020-10-28 1571 1700.9 0.152 0.009
2020-10-29 1590 1678.018 -22.882 -1.364
2020-10-30 1639 1613.033 -64.985 -4.029
2020-10-31 1640 1613.033 0 0
