2025-08-01 541 6612.838 0 0
2025-08-02 544 6612.838 0 0
2025-08-03 544 6612.838 0 0
2025-08-04 793 4802.438 -1810.4 -27.377
2025-08-05 903 4286.42 -516.018 -10.745
2025-08-06 785 4895.668 609.248 14.213
2025-08-07 919 4240.889 -654.779 -13.375
2025-08-08 919 4233.842 -7.047 -0.166
2025-08-09 919 4233.842 0 0
2025-08-10 919 4233.842 0 0
2025-08-11 869 4471.796 237.954 5.62
2025-08-12 810 4735.226 263.43 5.891
2025-08-13 882 4439.816 -295.41 -6.239
2025-08-14 944 4136.276 -303.54 -6.837
2025-08-15 914 4304.849 168.573 4.075
2025-08-16 915 4304.849 0 0
2025-08-17 915 4304.849 0 0
2025-08-18 944 4128.145 -176.704 -4.105
2025-08-19 1030 3762.271 -365.874 -8.863
2025-08-20 973 4013.234 250.963 6.671
2025-08-21 986 3943.853 -69.381 -1.729
2025-08-22 940 4189.938 246.085 6.24
2025-08-23 944 4189.938 0 0
2025-08-24 944 4189.938 0 0
2025-08-25 1024 3815.933 -374.005 -8.926
2025-08-26 1028 3801.298 -14.635 -0.384
2025-08-27 1030 3787.747 -13.551 -0.356
2025-08-28 1010 3862.548 74.801 1.975
2025-08-29 1030 3809.428 -53.12 -1.375
2025-08-30 1029 3809.428 0 0
2025-08-31 1030 3809.428 0 0
2025-09-01 1036 3809.428 0 0
2025-09-02 1118 3554.129 -255.299 -6.702
2025-09-03 1088 3692.891 138.762 3.904
2025-09-04 1376 2866.39 -826.501 -22.381
2025-09-05 1368 2881.953 15.563 0.543
2025-09-06 1375 2881.953 0 0
2025-09-07 1375 2881.953 0 0
2025-09-08 1439 2757.967 -123.986 -4.302
2025-09-09 1415 2802.062 44.095 1.599
2025-09-10 1475 2684.821 -117.241 -4.184
2025-09-11 1349 2939.017 254.196 9.468
2025-09-12 1428 2789.093 -149.924 -5.101
2025-09-13 1428 2789.093 0 0
2025-09-14 1428 2789.093 0 0
2025-09-15 1404 2843.564 54.471 1.953
2025-09-16 1418 2820.219 -23.345 -0.821
2025-09-17 1397 2877.802 57.583 2.042
2025-09-18 1314 3066.115 188.313 6.544
2025-09-19 1340 2983.112 -83.003 -2.707
2025-09-20 1341 2983.112 0 0
2025-09-21 1341 2983.112 0 0
2025-09-22 1304 3085.828 102.716 3.443
2025-09-23 1313 3051.589 -34.239 -1.11
2025-09-24 1380 2900.109 -151.48 -4.964
2025-09-25 1400 2857.571 -42.538 -1.467
2025-09-26 1427 2780.793 -76.778 -2.687
2025-09-27 1427 2780.793 0 0
2025-09-28 1427 2780.793 0 0
2025-09-29 1417 2793.243 12.45 0.448
2025-09-30 1457 2726.841 -66.402 -2.377
2025-10-01 1499 2645.395 -81.446 -2.987
2025-10-02 1468 2728.916 83.521 3.157
2025-10-03 1426 2787.537 58.621 2.148
2025-10-04 1431 2787.537 0 0
2025-10-05 1431 2787.537 0 0
2025-10-06 1342 2990.893 203.356 7.295
2025-10-07 1272 3192.175 201.282 6.73
2025-10-08 1084 3723.392 531.217 16.641
2025-10-09 1145 3560.499 -162.893 -4.375
2025-10-10 1257 3203.588 -356.911 -10.024
2025-10-11 1257 3203.588 0 0
2025-10-12 1257 3203.588 0 0
2025-10-13 1199 3370.63 167.042 5.214
2025-10-14 1255 3191.137 -179.493 -5.325
2025-10-15 1208 3346.767 155.63 4.877
2025-10-16 1325 3033.951 -312.816 -9.347
2025-10-17 1338 2984.668 -49.283 -1.624
2025-10-18 1337 2984.668 0 0
2025-10-19 1340 2984.668 0 0
2025-10-20 1368 2926.048 -58.62 -1.964
2025-10-21 1366 2926.048 0 0
2025-10-22 1442 2775.605 -150.443 -5.142
2025-10-23 1427 2803.619 28.014 1.009
2025-10-24 1429 2804.138 0.519 0.019
2025-10-25 1428 2804.138 0 0
2025-10-26 1428 2804.138 0 0
2025-10-27 1434 2792.725 -11.413 -0.407
2025-10-28 1466 2727.879 -64.846 -2.322
2025-10-29 1493 2671.852 -56.027 -2.054
2025-10-30 1538 2569.655 -102.197 -3.825
2025-10-31 1509 2621.532 51.877 2.019
2025-11-01 1508 2621.532 0 0
2025-11-02 1508 2621.532 0 0
2025-11-03 1556 2534.898 -86.634 -3.305
2025-11-04 1614 2412.469 -122.429 -4.83
2025-11-05 1677 2319.091 -93.378 -3.871
2025-11-06 1607 2421.288 102.197 4.407
2025-11-07 1668 2331.541 -89.747 -3.707
2025-11-08 1666 2331.541 0 0
2025-11-09 1666 2331.541 0 0
2025-11-10 1667 2340.36 8.819 0.378
2025-11-11 1665 2343.473 3.113 0.133
2025-11-12 1689 2318.572 -24.901 -1.063
2025-11-13 1829 2140.117 -178.455 -7.697
2025-11-14 1910 2034.807 -105.31 -4.921
2025-11-15 1910 2034.807 0 0
2025-11-16 1910 2034.807 0 0
2025-11-17 1950 1975.149 -59.658 -2.932
2025-11-18 1971 1942.985 -32.164 -1.628
2025-11-19 2013 1890.071 -52.914 -2.723
2025-11-20 2114 1777.499 -112.572 -5.956
2025-11-21 2077 1815.888 38.389 2.16
2025-11-22 2072 1815.888 0 0
2025-11-23 2072 1815.888 0 0
2025-11-24 2023 1876.064 60.176 3.314
2025-11-25 2029 1877.621 1.557 0.083
2025-11-26 2005 1910.303 32.682 1.741
2025-11-27 2009 1910.303 0 0
2025-11-28 2019 1902.003 -8.3 -0.434
2025-11-29 2021 1902.003 0 0
2025-11-30 2021 1902.003 0 0
2025-12-01 2037 1887.477 -14.526 -0.764
2025-12-02 2007 1912.897 25.42 1.347
2025-12-03 1962 1974.63 61.733 3.227
2025-12-04 1909 2044.145 69.515 3.52
2025-12-05 1943 2005.756 -38.389 -1.878
2025-12-06 1943 2005.756 0 0
2025-12-07 1943 2005.756 0 0
2025-12-08 1953 1989.156 -16.6 -0.828
2025-12-09 1912 2031.694 42.538 2.138
2025-12-10 1884 2072.677 40.983 2.017
2025-12-11 1906 2043.107 -29.57 -1.427
2025-12-12 2024 1907.19 -135.917 -6.652
2025-12-13 2025 1907.19 0 0
2025-12-14 2025 1907.19 0 0
2025-12-15 2075 1855.833 -51.357 -2.693
2025-12-16 2018 1900.446 44.613 2.404
2025-12-17 1958 1974.111 73.665 3.876
2025-12-18 1977 1954.917 -19.194 -0.972
2025-12-19 1892 2084.09 129.173 6.608
2025-12-20 1893 2084.09 0 0
2025-12-21 1894 2084.09 0 0
2025-12-22 1903 2072.158 -11.932 -0.573
2025-12-23 1937 2027.544 -44.614 -2.153
2025-12-24 1920 2051.926 24.382 1.203
2025-12-25 1922 2051.926 0 0
2025-12-26 1937 2035.326 -16.6 -0.809
2025-12-27 1938 2035.326 0 0
2025-12-28 1938 2035.326 0 0
2025-12-29 1961 1998.493 -36.833 -1.81
2025-12-30 1972 1988.118 -10.375 -0.519
2025-12-31 1984 1974.63 -13.488 -0.678
2026-01-01 1980 1974.63 0 0
2026-01-02 1980 1987.08 12.45 0.63
2026-01-03 1980 1987.08 0 0
2026-01-05 2008 1959.067 -28.013 -1.41
2026-01-06 1998 1980.855 21.788 1.112
2026-01-07 2006 1968.924 -11.931 -0.602
2026-01-08 2000 1969.442 0.518 0.026
2026-01-09 1998 1972.555 3.113 0.158
2026-01-10 2000 1972.555 0 0
2026-01-11 2001 1972.555 0 0
2026-01-12 2050 1924.31 -48.245 -2.446
2026-01-13 2192 1776.98 -147.33 -7.656
2026-01-14 2255 1714.728 -62.252 -3.503
2026-01-15 2300 1675.302 -39.426 -2.299
2026-01-16 2419 1569.992 -105.31 -6.286
2026-01-17 2344 1631.31 61.318 3.906
2026-01-18 2343 1631.31 0 0
2026-01-19 2339 1631.31 0 0
2026-01-20 2452 1536.109 -95.201 -5.836
2026-01-21 2508 1499.816 -36.293 -2.363
2026-01-22 2422 1570.823 71.007 4.734
2026-01-23 2387 1597.648 26.825 1.708
2026-01-24 2386 1597.648 0 0
2026-01-25 2386 1597.648 0 0
2026-01-26 2371 1610.271 12.623 0.79
2026-01-27 2431 1572.927 -37.344 -2.319
2026-01-28 2330 1657.083 84.156 5.35
2026-01-29 2520 1499.816 -157.267 -9.491
2026-01-30 2580 1439.329 -60.487 -4.033
2026-01-31 2577 1439.329 0 0
2026-02-01 2581 1439.329 0 0
2026-02-02 2696 1338.342 -100.987 -7.016
2026-02-03 2907 1201.062 -137.28 -10.257
2026-02-04 2801 1259.971 58.909 4.905
2026-02-05 2825 1243.666 -16.305 -1.294
2026-02-06 2850 1232.621 -11.045 -0.888
2026-02-07 2852 1232.621 0 0
2026-02-08 2854 1232.621 0 0
2026-02-09 2845 1239.984 7.363 0.597
2026-02-10 2710 1343.602 103.618 8.356
2026-02-11 2821 1263.127 -80.475 -5.989
2026-02-12 2860 1234.199 -28.928 -2.29
2026-02-13 2823 1261.023 26.824 2.173
2026-02-14 2822 1261.023 0 0
2026-02-15 2821 1261.023 0 0
2026-02-16 2821 1261.023 0 0
2026-02-17 2781 1291.004 29.981 2.378
2026-02-18 2699 1348.335 57.331 4.441
2026-02-19 2596 1436.173 87.838 6.515
2026-02-20 2575 1448.271 12.098 0.842
2026-02-21 2582 1448.271 0 0
2026-02-22 2582 1448.271 0 0
2026-02-23 2665 1377.79 -70.481 -4.867
2026-02-24 2505 1518.752 140.962 10.231
2026-02-25 2299 1719.148 200.396 13.195
2026-02-26 2354 1665.499 -53.649 -3.121
2026-02-27 2400 1621.843 -43.656 -2.621
2026-02-28 2401 1621.843 0 0
2026-03-01 2402 1621.843 0 0
2026-03-02 2412 1616.583 -5.26 -0.324
2026-03-03 2321 1692.85 76.267 4.718
2026-03-04 2365 1634.992 -57.858 -3.418
2026-03-05 2331 1669.707 34.715 2.123
2026-03-06 2388 1607.115 -62.592 -3.749
2026-03-07 2388 1607.115 0 0
2026-03-08 2388 1607.115 0 0
2026-03-09 2308 1679.174 72.059 4.484
2026-03-10 2524 1567.141 -112.033 -6.672
2026-03-11 2566 1540.317 -26.824 -1.712
2026-03-12 2668 1452.479 -87.838 -5.703
2026-03-13 2662 1445.115 -7.364 -0.507
2026-03-14 2654 1445.115 0 0
2026-03-15 2654 1445.115 0 0
2026-03-16 2579 1504.55 59.435 4.113
2026-03-17 2567 1519.804 15.254 1.014
2026-03-18 2717 1404.615 -115.189 -7.579
2026-03-19 2783 1349.913 -54.702 -3.894
2026-03-20 2808 1324.141 -25.772 -1.909
2026-03-21 2806 1324.141 0 0
2026-03-22 2806 1324.141 0 0
2026-03-23 2843 1296.264 -27.877 -2.105
2026-03-24 2945 1226.309 -69.955 -5.397
2026-03-25 3047 1185.283 -41.026 -3.345
2026-03-26 2954 1228.15 42.867 3.617
2026-03-27 3121 1137.945 -90.205 -7.345
2026-03-28 3108 1137.945 0 0
2026-03-29 3108 1137.945 0 0
2026-03-30 3099 1136.367 -1.578 -0.139
2026-03-31 3016 1187.913 51.546 4.536
2026-04-01 3097 1150.043 -37.87 -3.188
2026-04-02 3030 1194.75 44.707 3.887
2026-04-03 3020 1194.75 0 0
2026-04-04 3020 1194.75 0 0
2026-04-05 3020 1194.75 0 0
2026-04-06 3007 1202.64 7.89 0.66
2026-04-07 3028 1190.543 -12.097 -1.006
2026-04-08 3144 1135.841 -54.702 -4.595
2026-04-09 3249 1079.562 -56.279 -4.955
2026-04-10 3326 1031.172 -48.39 -4.482
2026-04-11 3329 1031.172 0 0
2026-04-12 3329 1031.172 0 0
2026-04-13 3252 1084.822 53.65 5.203
2026-04-14 3313 1044.847 -39.975 -3.685
2026-04-15 3174 1145.835 100.988 9.665
2026-04-16 3181 1144.783 -1.052 -0.092
2026-04-17 3308 1071.146 -73.637 -6.432
2026-04-18 3307 1071.146 0 0
2026-04-19 3307 1071.146 0 0
2026-04-20 3298 1075.88 4.734 0.442
2026-04-21 3316 1060.627 -15.253 -1.418
2026-04-22 3281 1084.296 23.669 2.232
2026-04-23  986.99 -97.306 -8.974
2026-05-01 3295 1061.679 74.689 7.567
2026-05-02 3295 1061.679 0 0
2026-05-04 3188 1125.848 64.169 6.044
2026-05-05 3188 1125.848 0 0
2026-05-06 3242 1097.445 0 0
2026-05-07 3262 1090.607 0 0
2026-05-08 3167 1157.406 0 0
2026-05-09 3163 1162.666 0 0
2026-05-10 3163 1162.666 0 0
2026-05-11 3161 1162.666 0 0
2026-05-12 3212 1130.581 0 0
2026-05-13 3266 1092.711 0 0
2026-05-14 3292 1072.198 0 0
2026-05-15 3183 1140.575 0 0
2026-05-16 2948 1281.536 0 0
2026-05-17 2943 1281.536 0 0
2026-05-18 2940 1281.536 0 0
2026-05-19 2822 1357.277 0 0
2026-05-20 2912 1299.946 0 0
2026-05-21 2973 1263.653 0 0
2026-05-22 3047 1211.582 0 0
2026-05-23 2967 1270.491 0 0
2026-05-24 2966 1270.491 0 0
2026-05-25 2969 1270.491 0 0
2026-05-26 2965 1270.491 0 0
2026-05-27 3013 1231.043 0 0
2026-05-28 3067 1198.432 0 0
2026-05-29 2897 1309.939 0 0
2026-05-30 2729 1417.238 0 0
2026-05-31 2735 1417.238 0 0
2026-06-01 2743 1417.238 0 0
2026-06-02 2634 1502.446 0 0
2026-06-03 2822 1353.595 0 0
2026-06-04 2944 1274.699 0 0
2026-06-05 2950 1259.971 0 0
2026-06-06 3005 1219.997 0 0
2026-06-07 2998 1219.997 0 0
2026-06-09 3049 1185.809 0 0
2026-06-10 3098 1153.724 0 0
2026-06-11 3157 1116.906 0 0
2026-06-12 3206 1093.237 0 0
2026-06-13 3280 1051.159 0 0
2026-06-14 3284 1051.159 0 0
2026-06-16 3293 1049.581 0 0
2026-06-17 3339 1021.704 0 0
2026-06-18 3283 1056.945 0 0
2026-06-19 3266 1069.042 0 0
2026-06-20 3262 1069.042 0 0
2026-06-21 3262 1069.042 0 0
2026-06-22 3253 1069.042 0 0
2026-06-23 3241 1079.562 0 0
2026-06-24 3237 1074.828 0 0
