2021-11-06 2695 999.976 0 0
2021-11-07 2695 999.976 0 0
2021-11-08 2690 999.976 0 0
2021-11-09 2686 1001.497 1.521 0.152
2021-11-10 2686 1001.497 0 0
2021-11-11 2687 1003.765 2.268 0.226
2021-11-12 2698 1000.036 -3.729 -0.373
2021-12-02 2654 987.56 -12.476 -1.263
2021-12-03 2638 1001.146 13.586 1.357
2021-12-04 2642 1000.679 -0.467 -0.047
2021-12-05 2641 1000.679 0 0
2021-12-06 2627 1002.077 1.398 0.14
2021-12-17 2632 1018.716 16.639 1.633
2021-12-18 2631 1018.298 -0.418 -0.041
2021-12-19 2632 1018.298 0 0
2021-12-20 2645 991.944 -26.354 -2.657
2021-12-21 2627 1011.717 19.773 1.954
2021-12-22 2634 1019.64 7.923 0.777
2021-12-23 2594 1048.163 28.523 2.721
2021-12-24 2595 1048.163 0 0
2021-12-25 2602 1047.932 -0.231 -0.022
2021-12-26 2601 1047.932 0 0
2021-12-27 2606 1045.168 -2.764 -0.264
2021-12-28 2599 1052.542 7.374 0.701
2021-12-29 2594 1053.02 0.478 0.045
2021-12-30 2603 1052.624 -0.396 -0.038
2021-12-31 2596 1054.863 2.239 0.212
2022-01-02 2596 1055.305 0.442 0.042
2022-01-03 2598 1055.305 0 0
2022-01-04 2592 1066.322 11.017 1.033
2022-01-05 2573 1069.385 3.063 0.286
2022-01-06 2573 1064.839 -4.546 -0.427
2022-01-07 2569 1066.384 1.545 0.145
2022-01-08 2573 1065.94 -0.444 -0.042
2022-01-09 2573 1065.94 0 0
2022-01-10 2576 1062.518 -3.422 -0.322
2022-01-11 2556 1074.956 12.438 1.157
2022-01-12 2548 1086.042 11.086 1.021
2022-01-13 2546 1085.629 -0.413 -0.038
2022-01-14 2545 1084.222 -1.407 -0.13
2022-01-15 2528 1083.494 -0.728 -0.067
2022-01-16 2544 1083.494 0 0
2022-01-17 2545 1083.494 0 0
2022-01-18 2538 1088.94 5.446 0.5
2022-01-19 2516 1092.3 3.36 0.308
2022-01-20 2506 1091.918 -0.382 -0.035
2022-01-22 2506 1085.037 -6.881 -0.634
2022-01-23 2507 1085.037 0 0
2022-01-24 2517 1072.165 -12.872 -1.201
2022-01-25 2496 1076.545 4.38 0.407
2022-01-26 2477 1095.707 19.162 1.749
2022-01-27 2436 1110.658 14.951 1.346
2022-01-28 2422 1130.405 19.747 1.747
2022-01-29 2423 1129.973 -0.432 -0.038
2022-01-30 2426 1129.973 0 0
2022-01-31 2423 1139.416 9.443 0.829
2022-02-01 2426 1138.126 -1.29 -0.113
2022-02-02 2431 1137.255 -0.871 -0.077
2022-02-03 2427 1136.823 -0.432 -0.038
2022-02-04 2424 1140.168 3.345 0.293
2022-02-05 2425 1139.434 -0.734 -0.064
2022-02-06 2425 1139.434 0 0
2022-02-07 2426 1146.142 6.708 0.585
2022-02-08 2431 1144.172 -1.97 -0.172
2022-02-09 2429 1154.17 9.998 0.866
2022-02-10 2417 1157.526 3.356 0.29
2022-02-11 2409 1162.069 4.543 0.391
2022-02-12 2397 1161.454 -0.615 -0.053
2022-02-13 2398 1161.454 0 0
2022-02-14 2373 1178.782 17.328 1.47
2022-02-15 2376 1176.712 -2.07 -0.176
2022-02-16 2369 1188.02 11.308 0.952
2022-02-17 2364 1191.266 3.246 0.272
2022-02-18 2360 1190.529 -0.737 -0.062
2022-02-19 2355 1189.743 -0.786 -0.066
2022-02-20 2355 1189.743 0 0
2022-02-21 2352 1193.716 3.973 0.333
2022-02-22 2052 1443.13 249.414 17.283
2022-02-23 2056 1444.364 1.234 0.085
2022-02-24 2055 1430.757 -13.607 -0.951
2022-02-25 2042 1445.081 14.324 0.991
2022-02-26 2059 1444.769 -0.312 -0.022
2022-02-27 2060 1444.769 0 0
2022-02-28 2049 1444.769 0 0
2022-03-01 2044 1445.112 0.343 0.024
2022-03-02 2033 1445.172 0.06 0.004
2022-03-03 2004 1464.021 18.849 1.287
2022-03-04 2001 1456.371 -7.65 -0.525
2022-03-05 1991 1455.398 -0.973 -0.067
2022-03-06 1994 1455.398 0 0
2022-03-07 1970 1452.686 -2.712 -0.187
2022-03-08 1965 1445.056 -7.63 -0.528
2022-03-09 1978 1437.457 -7.599 -0.529
2022-03-10 1922 1503.887 66.43 4.417
2022-03-11 1925 1496.284 -7.603 -0.508
2022-03-12 1922 1495.515 -0.769 -0.051
2022-03-13 1919 1495.515 0 0
2022-03-14 1917 1480.697 -14.818 -1.001
2022-03-15 1892 1482.347 1.65 0.111
2022-03-16 1929 1478.91 -3.437 -0.232
2022-03-17 1947 1484.74 5.83 0.393
2022-03-18 1966 1483.953 -0.787 -0.053
2022-03-19 1963 1483.223 -0.73 -0.049
2022-03-20 1963 1483.223 0 0
2022-03-21 1961 1483.223 0 0
2022-03-22 1962 1480.399 -2.824 -0.191
2022-03-23 1963 1485.191 4.792 0.323
2022-03-24 1967 1484.442 -0.749 -0.05
2022-03-25 1948 1488.821 4.379 0.294
2022-03-26 1954 1486.84 -1.981 -0.133
2022-03-27 1954 1486.84 0 0
2022-03-28 1949 1490.826 3.986 0.267
2022-03-29 1976 1475.197 -15.629 -1.059
2022-03-30 1974 1487.757 12.56 0.844
2022-04-01 1972 1480.147 -7.61 -0.514
2022-04-02 1980 1472.154 -7.993 -0.543
2022-04-03 1979 1472.154 0 0
2022-04-05 2115 1455.871 -16.283 -1.118
2022-04-06 2101 1453.582 -2.289 -0.157
2022-04-07 2080 1452.558 -1.024 -0.07
2022-04-08 2068 1465.994 13.436 0.917
2022-04-09 2067 1464.935 -1.059 -0.072
2022-04-10 2067 1464.935 0 0
2022-04-11 2084 1430.922 -34.013 -2.377
2022-04-12 2106 1408.248 -22.674 -1.61
2022-04-13 2103 1408.617 0.369 0.026
2022-04-14 2104 1407.443 -1.174 -0.083
2022-04-15 2102 1407.403 -0.04 -0.003
2022-04-16 2102 1407.403 0 0
2022-04-17 2103 1407.403 0 0
2022-04-18 2081 1428.188 20.785 1.455
2022-04-19 2098 1409.263 -18.925 -1.343
2022-04-20 2087 1414.563 5.3 0.375
2022-04-21 2074 1418.731 4.168 0.294
2022-04-22 2050 1430.465 11.734 0.82
2022-04-23 2048 1429.522 -0.943 -0.066
2022-04-24 2048 1429.522 0 0
2022-04-25 2040 1420.534 -8.988 -0.633
2022-04-26 2020 1417.549 -2.985 -0.211
2022-04-27 2021 1416.582 -0.967 -0.068
2022-04-28 2029 1415.524 -1.058 -0.075
2022-04-29 2031 1420.778 5.254 0.37
2022-04-30 2035 1419.86 -0.918 -0.065
2022-05-01 2035 1419.86 0 0
2022-05-02 2030 1424.948 5.088 0.357
2022-05-03 2021 1430.935 5.987 0.418
2022-05-04 2042 1409.393 -21.542 -1.528
2022-05-05 2030 1407.719 -1.674 -0.119
2022-05-06 2020 1406.796 -0.923 -0.066
2022-05-07 2016 1405.837 -0.959 -0.068
2022-05-08 2013 1405.837 0 0
2022-05-09 2011 1398.271 -7.566 -0.541
2022-05-10 1994 1402.995 4.724 0.337
2022-05-11 1994 1404.454 1.459 0.104
2022-05-12 2002 1400.917 -3.537 -0.252
2022-05-13 1998 1409.9 8.983 0.637
2022-05-14 2000 1408.956 -0.944 -0.067
2022-05-15 2001 1408.956 0 0
2022-05-16 2005 1403.958 -4.998 -0.356
2022-05-17 2021 1400.952 -3.006 -0.215
2022-05-18 2022 1399.956 -0.996 -0.071
2022-05-19 2021 1395.106 -4.85 -0.348
2022-05-20 2041 1385.489 -9.617 -0.694
2022-05-21 2048 1384.727 -0.762 -0.055
2022-05-22 2048 1384.727 0 0
2022-05-23 2050 1388.441 3.714 0.267
2022-05-24 2046 1381.902 -6.539 -0.473
2022-05-25 2051 1381.033 -0.869 -0.063
2022-05-26 2045 1388.672 7.639 0.55
2022-05-27 2056 1386.535 -2.137 -0.154
2022-05-28 2057 1385.627 -0.908 -0.066
2022-05-29 2056 1385.627 0 0
2022-05-30 2067 1385.627 0 0
2022-05-31 2071 1385.627 0 0
