2019-11-07 2126 1032.432 0 0
2020-01-19 2175 1018.249 -14.183 -1.374
2021-04-28 2727 1004.19 -14.059 -1.381
2021-04-29  991.393 -12.797 -1.274
2021-05-11 2686 1029.726 38.333 3.867
2021-05-12  998.032 -31.694 -3.078
2021-06-11  992.307 -5.725 -0.574
2025-07-09 3004 1031.929 39.622 3.993
2025-07-10 2968 1055.265 23.336 2.261
2025-07-11 3011 1029.689 -25.576 -2.424
2025-07-12 3021 1026.096 -3.593 -0.349
2025-07-13 3021 1026.096 0 0
2025-07-14 2972 1050.256 24.16 2.355
2025-07-15 2987 1043.62 -6.636 -0.632
2025-07-16 3038 1017.211 -26.409 -2.531
2025-07-17 3052 1007.548 -9.663 -0.95
2025-07-18  996.063 -11.485 -1.14
2026-02-14 3184 1003.915 7.852 0.788
2026-02-15 3185 1003.915 0 0
2026-02-16 3183 1003.915 0 0
2026-02-17 3179 1003.915 0 0
2026-02-18 3183 1003.915 0 0
2026-02-19 3183 1002.574 -1.341 -0.134
2026-02-20 3168 1008.744 6.17 0.615
2026-02-21 3169 1008.117 -0.627 -0.062
2026-02-22 3167 1008.117 0 0
2026-02-23 3106 1059.476 51.359 5.095
2026-02-24 3116 1051.914 -7.562 -0.714
2026-02-25 3115 1057.039 5.125 0.487
2026-02-26 3135 1038.951 -18.088 -1.711
2026-02-27 3143 1032.227 -6.724 -0.647
2026-02-28 3156 1023.221 -9.006 -0.872
2026-03-01 3150 1023.221 0 0
2026-03-02 3141 1023.221 0 0
2026-03-03 3128 1014.3 -8.921 -0.872
2026-03-11 3348 1015.274 0.974 0.096
2026-03-12 3344 1012.359 -2.915 -0.287
2026-03-13  995.455 -16.904 -1.67
2026-03-19 3324 1011.272 15.817 1.589
2026-03-21 3318 1010.198 -1.074 -0.106
2026-03-22 3318 1010.198 0 0
2026-03-23  980.302 -29.896 -2.959
2026-03-25 3317 1009.57 29.268 2.986
2026-03-27 3297 1018.537 8.967 0.888
2026-03-28 3320 1009.322 -9.215 -0.905
2026-03-29 3330 1005.377 -3.945 -0.391
2026-03-30  958.69 -46.687 -4.644
2026-04-15 3357 1024.75 66.06 6.891
2026-04-16 3355 1029.409 4.659 0.455
2026-04-17 3366 1022.18 -7.229 -0.702
2026-04-18 3372 1016.491 -5.689 -0.557
2026-04-19 3372 1016.491 0 0
2026-04-20 3366 1021.67 5.179 0.509
2026-04-21 3366 1020.838 -0.832 -0.081
2026-04-22 3378 1009.734 -11.104 -1.088
2026-04-23 3328 1038.129 28.395 2.812
2026-04-24 3334 1030.619 -7.51 -0.723
2026-04-25 3338 1028.258 -2.361 -0.229
2026-04-26 3338 1028.258 0 0
2026-04-27 3349 1025.35 -2.908 -0.283
2026-04-28 3344 1025.997 0.647 0.063
2026-04-29 3308 1049.21 23.213 2.262
2026-04-30 3298 1056.535 7.325 0.698
2026-05-01 3301 1053.116 -3.419 -0.324
2026-05-02 3302 1053.116 0 0
2026-05-04 3334 1028.907 -24.209 -2.299
2026-05-05 3332 1028.907 0 0
2026-05-06 3337 1026.97 0 0
2026-05-07 3337 1032.516 0 0
2026-05-08 3340 1037.952 0 0
2026-05-09 3353 1036.515 0 0
2026-05-10 3370 1024.78 0 0
2026-05-11 3367 1023.392 0 0
2026-05-12 3393 1000.059 0 0
2026-05-13 3401 991.579 0 0
2026-05-16 3237 1104.431 0 0
2026-05-17 3247 1096.634 0 0
2026-05-18 3322 1038.371 0 0
2026-05-19 3372 1001.103 0 0
2026-05-20 3384 990.603 0 0
2026-05-21 3379 1001.234 0 0
2026-05-24 3382 1009.155 0 0
2026-05-25 3380 1009.155 0 0
2026-05-26 3372 1012.674 0 0
2026-05-27 3398 986.911 0 0
2026-05-28 3369 1010.559 0 0
2026-05-29 3382 1004.392 0 0
2026-05-30 3376 1004.176 0 0
2026-05-31 3390 1001.378 0 0
2026-06-01 3387 1001.872 0 0
2026-06-02 3359 1015.334 0 0
2026-06-04 3328 1031.053 0 0
2026-06-05 3363 1005.044 0 0
2026-06-06 3345 1010.885 0 0
2026-06-07 3363 1003.963 0 0
2026-06-09 3369 989.182 0 0
2026-06-11 3281 1038.065 0 0
2026-06-13 3334 1013.351 0 0
2026-06-14 3333 1019.919 0 0
2026-06-16 3323 1030.281 0 0
2026-06-17 3300 1048.756 0 0
