2020-01-19 506 4452.224 0 0
2020-02-07 506 4446.333 -5.891 -0.132
2020-02-15 510 4440.223 -6.11 -0.138
2020-02-16 510 4440.223 0 0
2020-02-17 518 4412.846 -27.377 -0.62
2020-02-18 515 4412.846 0 0
2020-02-19 522 4375.077 -37.769 -0.863
2020-02-20 525 4348.295 -26.782 -0.616
2020-02-21 518 4372.419 24.124 0.552
2020-02-22 517 4371.041 -1.378 -0.032
2020-02-23 518 4371.041 0 0
2020-02-24 509 4371.041 0 0
2020-02-25 518 4282.31 -88.731 -2.072
2020-02-26 540 4145.926 -136.384 -3.29
2020-02-27 543 4085.831 -60.095 -1.471
2020-02-28 561 3945.445 -140.386 -3.558
2020-02-29 599 3758.672 -186.773 -4.969
