2019-11-07 333 6001.958 0 0
2020-01-19 206 8700.808 2698.85 44.966
2020-02-07 169 9948.32 1247.512 14.338
2020-02-15 182 9701.241 -247.079 -2.484
2020-02-16 181 9701.241 0 0
2020-02-17 172 10025.61 324.369 3.344
2020-02-18 158 10297.672 272.062 2.714
2020-02-19 154 10776.116 478.444 4.646
2020-02-20 152 11072.475 296.359 2.75
2020-02-21 150 11188.975 116.5 1.052
2020-02-22 149 11151.777 -37.198 -0.332
2020-02-23 149 11151.777 0 0
2020-02-24 141 11391.187 239.41 2.147
2020-02-25 139 11450.564 59.377 0.521
2020-02-26 155 10451.769 -998.795 -8.723
2020-02-27 159 10108.502 -343.267 -3.284
2020-02-28 171 9523.982 -584.52 -5.782
2020-02-29 163 9559.407 35.425 0.372
2020-03-01 164 9559.407 0 0
2020-03-02 169 9471.013 -88.394 -0.925
2020-03-03 159 9924.704 453.691 4.79
2020-03-04 171 9578.677 -346.027 -3.487
2020-03-05 173 9692.908 114.231 1.193
2020-03-06 167 9782.353 89.445 0.923
2020-03-07 164 9785.172 2.819 0.029
2020-03-08 163 9785.172 0 0
2020-03-09 177 8913.23 -871.942 -8.911
2020-03-10 161 9418.614 505.384 5.67
2020-03-11 165 9134.424 -284.19 -3.017
2020-03-12 166 8736.092 -398.332 -4.361
2020-03-13 164 8611.963 -124.129 -1.421
2020-03-14 167 8602.726 -9.237 -0.107
2020-03-15 167 8602.726 0 0
2020-03-16 190 7752.79 -849.936 -9.88
2020-03-17 175 8081.996 329.206 4.246
2020-03-18 182 7898.391 -183.605 -2.272
2020-03-19 169 8146.416 248.025 3.14
2020-03-20 171 8117.442 -28.974 -0.356
2020-03-21 170 8146.162 28.72 0.354
2020-03-22 170 8146.162 0 0
2020-03-23 186 7626.394 -519.768 -6.381
2020-03-24 187 7570.042 -56.352 -0.739
2020-03-25 186 7867.915 297.873 3.935
2020-03-26 174 8198.51 330.595 4.202
2020-03-27 194 7880.839 -317.671 -3.875
2020-03-28 182 8052.733 171.894 2.181
2020-03-29 182 8052.733 0 0
2020-03-30 182 8052.733 0 0
2020-03-31 188 7944.049 -108.684 -1.35
2020-04-01 193 7925.591 -18.458 -0.232
2020-04-02 190 7866.733 -58.858 -0.743
2020-04-03 165 8514.55 647.817 8.235
2020-04-04 169 8429.035 -85.515 -1.004
2020-04-05 169 8429.035 0 0
2020-04-06 169 8429.035 0 0
2020-04-07 173 8585.65 156.615 1.858
2020-04-08 180 8450.081 -135.569 -1.579
2020-04-09 185 8258.551 -191.53 -2.267
2020-04-10 213 7940.456 -318.095 -3.852
2020-04-11 213 7940.456 0 0
2020-04-12 213 7940.456 0 0
2020-04-13 219 7630.716 -309.74 -3.901
2020-04-14 213 7829.454 198.738 2.604
2020-04-15 211 7904.049 74.595 0.953
2020-04-16 208 7892.41 -11.639 -0.147
2020-04-17 197 8119.084 226.674 2.872
2020-04-18 203 8115.872 -3.212 -0.04
2020-04-19 204 8115.872 0 0
2020-04-20 206 8026.115 -89.757 -1.106
2020-04-21 211 7745.138 -280.977 -3.501
2020-04-23 203 7999.703 254.565 3.287
2020-04-24 218 7631.347 -368.356 -4.605
2020-04-25 218 7626.929 -4.418 -0.058
2020-04-26 218 7626.929 0 0
2020-04-27 234 7233.436 -393.493 -5.159
2020-04-28 219 7634.589 401.153 5.546
2020-04-29 260 6868.118 -766.471 -10.039
2020-04-30 243 7197.03 328.912 4.789
