2020-01-19 2035 1134.788 0 0
2020-02-07 2013 1124.735 -10.053 -0.894
2020-02-15 2036 1109.251 -15.484 -1.396
2020-02-16 2038 1109.251 0 0
2020-02-17 2040 1109.022 -0.229 -0.021
2020-02-18 2039 1109.022 0 0
2020-02-19 2042 1106.346 -2.676 -0.242
2020-02-20 2047 1103.288 -3.058 -0.277
2020-02-21 1976 1172.863 69.575 5.932
2020-02-22 1969 1178.039 5.176 0.439
2020-02-23 1967 1178.039 0 0
2020-02-24 1953 1178.039 0 0
2020-02-25 1946 1177.109 -0.93 -0.079
2020-02-26 1939 1177.771 0.662 0.056
2020-02-27 1931 1177.575 -0.196 -0.017
2020-02-28 1907 1189.528 11.953 1.005
2020-02-29 1894 1188.674 -0.854 -0.072
2020-03-01 1896 1188.674 0 0
2020-03-02 1906 1188.674 0 0
2020-03-03 1886 1204.723 16.049 1.332
2020-03-04 1885 1210.877 6.154 0.508
2020-03-05 1890 1206.936 -3.941 -0.327
2020-03-06 1874 1211.806 4.87 0.402
2020-03-07 1865 1224.117 12.311 1.006
2020-03-08 1861 1224.117 0 0
2020-03-09 1840 1224.117 0 0
2020-03-10 1815 1234.144 10.027 0.812
2020-03-11 1808 1225.73 -8.414 -0.686
2020-03-12 1776 1217.626 -8.104 -0.666
2020-03-13 1786 1192.995 -24.631 -2.065
2020-03-14 1792 1191.855 -1.14 -0.096
2020-03-15 1792 1191.855 0 0
2020-03-16 1763 1191.855 0 0
2020-03-17 1746 1197.227 5.372 0.449
2020-03-18 1732 1179.082 -18.145 -1.539
2020-03-19 1726 1162.821 -16.261 -1.398
2020-03-20 1755 1148.936 -13.885 -1.209
2020-03-21 1757 1149.103 0.167 0.015
2020-03-22 1757 1149.103 0 0
2020-03-23 1736 1149.103 0 0
2020-03-24 1715 1156.004 6.901 0.597
2020-03-25 1752 1161.751 5.747 0.495
2020-03-26 1772 1166.83 5.079 0.435
2020-03-27 1773 1188.566 21.736 1.829
2020-03-28 1755 1191.224 2.658 0.223
2020-03-29 1755 1191.224 0 0
2020-03-30 1755 1191.224 0 0
2020-03-31 1759 1187.653 -3.571 -0.301
