2026-03-10 2292 1790.117 0 0
2026-03-11 2301 1776.796 -13.321 -0.744
2026-03-12 2290 1767.343 -9.453 -0.532
2026-03-13 2295 1756.6 -10.743 -0.608
2026-03-14 2290 1756.6 0 0
2026-03-15 2290 1756.6 0 0
2026-03-16 2295 1751.014 -5.586 -0.318
2026-03-17 2310 1743.28 -7.734 -0.442
2026-03-18 2359 1710.622 -32.658 -1.873
2026-03-19 2307 1743.709 33.087 1.934
2026-03-20 2296 1741.991 -1.718 -0.099
2026-03-21 2295 1741.991 0 0
2026-03-22 2295 1741.991 0 0
2026-03-23 2264 1758.319 16.328 0.937
2026-03-24 2330 1711.482 -46.837 -2.664
2026-03-25 2415 1623.393 -88.089 -5.147
2026-03-26 2415 1625.757 2.364 0.146
2026-03-27 2427 1609.213 -16.544 -1.018
2026-03-28 2423 1609.213 0 0
2026-03-29 2424 1609.213 0 0
2026-03-30 2433 1601.479 -7.734 -0.481
2026-03-31 2409 1624.682 23.203 1.449
2026-04-01 2461 1585.15 0 0
