2026-03-10 2326 1755.563 0 0
2026-03-11 2327 1755.563 0 0
2026-03-12 2307 1755.563 0 0
2026-03-13 2297 1755.563 0 0
2026-03-14 2292 1755.563 0 0
2026-03-15 2292 1755.563 0 0
2026-03-16 2290 1755.563 0 0
2026-03-17 2295 1755.563 0 0
2026-03-18 2302 1755.563 0 0
2026-03-19 2282 1755.563 0 0
2026-03-20 2280 1755.563 0 0
2026-03-21 2279 1755.563 0 0
2026-03-22 2279 1755.563 0 0
2026-03-23 2266 1755.563 0 0
2026-03-24 2273 1755.563 0 0
2026-03-25 2285 1755.563 0 0
2026-03-27 2274 1755.563 0 0
2026-03-28 2273 1755.563 0 0
2026-03-29 2273 1755.563 0 0
2026-03-30 2268 1755.563 0 0
2026-03-31 2272 1755.563 0 0
2026-04-01 2285 1755.563 0 0
2026-04-02 2290 1755.563 0 0
2026-04-03 2286 1755.563 0 0
2026-04-04 2286 1755.563 0 0
2026-04-05 2286 1755.563 0 0
2026-04-06 2286 1755.563 0 0
2026-04-07 2288 1755.563 0 0
2026-04-08 2312 1755.563 0 0
2026-04-09 2323 1755.563 0 0
2026-04-10 2325 1755.563 0 0
2026-04-11 2326 1755.563 0 0
2026-04-12 2326 1755.563 0 0
2026-04-13 2330 1755.563 0 0
2026-04-14 2331 1755.563 0 0
2026-04-15 2349 1755.563 0 0
2026-04-16 2354 1755.563 0 0
2026-04-17 2363 1755.563 0 0
2026-04-18 2364 1755.563 0 0
2026-04-19 2364 1755.563 0 0
2026-04-20 2365 1755.563 0 0
2026-04-21 2363 1755.563 0 0
2026-04-22 2355 1755.563 0 0
2026-04-23 2341 1755.563 0 0
2026-04-24 2341 1755.563 0 0
2026-04-25 2341 1755.563 0 0
2026-04-26 2341 1755.563 0 0
2026-04-27 2345 1755.563 0 0
2026-04-28 2343 1755.563 0 0
2026-04-29 2338 1755.563 0 0
2026-04-30 2341 1755.563 0 0
2026-05-01 2349 1755.563 0 0
2026-05-02 2351 1755.563 0 0
2026-05-04 2356 1755.563 0 0
2026-05-05 2358 1755.563 0 0
2026-05-06 2355 1755.563 0 0
2026-05-07 2361 1755.563 0 0
2026-05-08 2363 1755.563 0 0
2026-05-09 2373 1755.563 0 0
2026-05-10 2372 1755.563 0 0
2026-05-11 2377 1755.563 0 0
2026-05-12 2365 1755.563 0 0
2026-05-13 2358 1755.563 0 0
2026-05-14 2350 1755.563 0 0
2026-05-15 2359 1755.563 0 0
2026-05-16 2348 1755.563 0 0
2026-05-17 2341 1755.563 0 0
2026-05-18 2333 1755.563 0 0
2026-05-19 2335 1755.563 0 0
2026-05-20 2337 1755.563 0 0
2026-05-21 2347 1755.563 0 0
2026-05-22 2350 1755.563 0 0
2026-05-23 2351 1755.563 0 0
2026-05-24 2353 1755.563 0 0
2026-05-25 2351 1755.563 0 0
2026-05-26 2356 1755.563 0 0
2026-05-27 2347 1755.563 0 0
2026-05-28 2342 1755.563 0 0
2026-05-29 2348 1755.563 0 0
2026-05-30 2349 1755.563 0 0
2026-05-31 2352 1755.563 0 0
2026-06-01 2355 1755.563 0 0
2026-06-02 2345 1755.563 0 0
2026-06-03 2344 1755.563 0 0
2026-06-04 2331 1755.563 0 0
2026-06-05 2340 1755.563 0 0
2026-06-06 2328 1755.563 0 0
2026-06-07 2325 1755.563 0 0
2026-06-09 2320 1755.563 0 0
2026-06-10 2325 1755.563 0 0
2026-06-11 2318 1755.563 0 0
2026-06-12 2330 1755.563 0 0
2026-06-13 2330 1755.563 0 0
2026-06-14 2334 1755.563 0 0
