2019-11-07 182 9000 0 0
2020-01-19 198 9000 0 0
2020-02-07 193 9000 0 0
2020-02-15 194 9000 0 0
2020-02-16 193 9000 0 0
2020-02-17 193 9000 0 0
2020-02-18 193 9000 0 0
2020-02-19 195 9000 0 0
2020-02-20 192 9000 0 0
2020-02-21 192 9000 0 0
2020-02-22 192 9000 0 0
2020-02-23 192 9000 0 0
2020-02-24 190 9000 0 0
2020-02-25 188 9000 0 0
2020-02-26 187 9000 0 0
2020-02-27 185 9000 0 0
2020-02-28 185 9000 0 0
2020-02-29 182 9000 0 0
2020-03-01 181 9000 0 0
2020-03-02 182 9000 0 0
2020-03-03 183 9000 0 0
2020-03-04 183 9000 0 0
2020-03-05 186 9000 0 0
2020-03-06 183 9000 0 0
2020-03-07 182 9000 0 0
2020-03-08 182 9000 0 0
2020-03-09 175 9000 0 0
2020-03-10 173 9000 0 0
2020-03-11 171 9000 0 0
2020-03-12 160 9000 0 0
2020-03-13 156 9000 0 0
2020-03-14 158 9000 0 0
2020-03-15 158 9000 0 0
2020-03-16 154 9000 0 0
2020-03-17 151 9000 0 0
2020-03-18 151 9000 0 0
2020-03-19 150 9000 0 0
2020-03-20 152 9000 0 0
2020-03-21 152 9000 0 0
2020-03-22 152 9000 0 0
2020-03-23 148 9000 0 0
2020-03-24 148 9000 0 0
2020-03-25 154 9000 0 0
2020-03-26 158 9000 0 0
2020-03-27 165 9000 0 0
2020-03-28 160 9000 0 0
2020-03-29 160 9000 0 0
2020-03-30 160 9000 0 0
2020-03-31 162 9000 0 0
2020-04-01 161 9000 0 0
2020-04-02 156 9000 0 0
2020-04-03 155 9000 0 0
2020-04-04 156 9000 0 0
2020-04-05 156 9000 0 0
2020-04-06 156 9000 0 0
2020-04-07 161 9000 0 0
2020-04-08 164 9000 0 0
2020-04-09 168 9000 0 0
2020-04-10 168 9000 0 0
2020-04-11 168 9000 0 0
2020-04-12 168 9000 0 0
2020-04-13 168 9000 0 0
2020-04-14 172 9000 0 0
2020-04-15 171 9000 0 0
2020-04-16 169 9000 0 0
2020-04-17 171 9000 0 0
2020-04-18 172 9000 0 0
2020-04-19 172 9000 0 0
2020-04-20 169 9000 0 0
2020-04-21 171 9000 0 0
2020-04-23 170 9000 0 0
2020-04-24 172 9000 0 0
2020-04-25 172 9000 0 0
2020-04-26 172 9000 0 0
2020-04-27 174 9000 0 0
2020-04-28 173 9000 0 0
2020-04-29 176 9000 0 0
2020-04-30 174 9000 0 0
