2020-01-19 427 5005.123 0 0
2020-02-07 485 4551.171 -453.952 -9.974
2020-02-15 512 4432.516 -118.655 -2.677
2020-02-16 512 4432.516 0 0
2020-02-17 523 4393.132 -39.384 -0.896
2020-02-18 517 4393.132 0 0
2020-02-19 528 4353.237 -39.895 -0.916
2020-02-20 507 4473.691 120.454 2.692
2020-02-21 510 4456.379 -17.312 -0.388
2020-02-22 515 4379.211 -77.168 -1.762
2020-02-23 516 4379.211 0 0
2020-02-24 508 4379.211 0 0
2020-02-25 543 4149.514 -229.697 -5.536
2020-02-26 373 5476.175 1326.661 24.226
2020-02-27 387 5217.999 -258.176 -4.948
2020-02-28 409 4912.393 -305.606 -6.221
2020-02-29 390 5089.404 177.011 3.478
2020-03-01 336 5771.279 681.875 11.815
2020-03-02 336 5771.279 0 0
2020-03-03 339 5781.185 9.906 0.171
2020-03-04 351 5672.423 -108.762 -1.917
2020-03-05 351 5748.314 75.891 1.32
2020-03-06 361 5539.301 -209.013 -3.773
2020-03-07 405 4986.718 -552.583 -11.081
2020-03-08 344 5781.709 794.991 13.75
2020-03-09 333 5781.709 0 0
2020-03-10 544 3940.063 -1841.646 -46.742
2020-03-11 480 4258.94 318.877 7.487
2020-03-12 522 3885.126 -373.814 -9.622
2020-03-13 594 3492.815 -392.311 -11.232
2020-03-14 501 3940.071 447.256 11.351
2020-03-15 501 3940.071 0 0
2020-03-16 489 3940.071 0 0
2020-03-17 586 3414.469 -525.602 -15.393
2020-03-18 612 3291.212 -123.257 -3.745
2020-03-19 676 3034.138 -257.074 -8.473
2020-03-20 601 3313.566 279.428 8.433
2020-03-21 596 3344.334 30.768 0.92
2020-03-22 596 3344.334 0 0
2020-03-23 580 3344.334 0 0
2020-03-24 610 3214.837 -129.497 -4.028
2020-03-25 514 3727.089 512.252 13.744
2020-03-26 516 3767.55 40.461 1.074
2020-03-27 512 3858.384 90.834 2.354
2020-03-28 569 3562.959 -295.425 -8.292
2020-03-29 569 3562.959 0 0
2020-03-30 569 3562.959 0 0
2020-03-31 593 3468.349 -94.61 -2.728
