2020-01-19 918 2883 0 0
2020-02-07 901 2883 0 0
2020-02-15 907 2883 0 0
2020-02-16 907 2883 0 0
2020-02-17 903 2883 0 0
2020-02-18 906 2883 0 0
2020-02-19 901 2883 0 0
2020-02-20 899 2883 0 0
2020-02-21 895 2883 0 0
2020-02-22 894 2883 0 0
2020-02-23 894 2883 0 0
2020-02-24 885 2883 0 0
2020-02-25 873 2883 0 0
2020-02-26 860 2883 0 0
2020-02-27 852 2883 0 0
2020-02-28 845 2883 0 0
2020-02-29 755 3175.5 292.5 9.211
2020-03-01 756 3175.5 0 0
2020-03-02 757 3175.5 0 0
2020-03-03 710 3365.5 190 5.646
2020-03-04 709 3365.5 0 0
2020-03-05 712 3365.5 0 0
2020-03-06 705 3365.5 0 0
2020-03-07 702 3365.5 0 0
2020-03-08 706 3365.5 0 0
2020-03-09 689 3365.5 0 0
2020-03-10 684 3365.5 0 0
2020-03-11 681 3365.5 0 0
2020-03-12 649 3365.5 0 0
2020-03-13 628 3365.5 0 0
2020-03-14 634 3365.5 0 0
2020-03-15 634 3365.5 0 0
2020-03-16 610 3365.5 0 0
2020-03-17 600 3365.5 0 0
2020-03-18 597 3365.5 0 0
2020-03-19 581 3365.5 0 0
2020-03-20 591 3365.5 0 0
2020-03-21 592 3365.5 0 0
2020-03-22 591 3365.5 0 0
2020-03-23 576 3365.5 0 0
2020-03-24 571 3365.5 0 0
2020-03-25 594 3365.5 0 0
2020-03-26 599 3365.5 0 0
2020-03-27 624 3365.5 0 0
2020-03-28 620 3365.5 0 0
2020-03-29 620 3365.5 0 0
2020-03-30 620 3365.5 0 0
2020-03-31 621 3365.5 0 0
