2021-08-24 2668 974.016 0 0
2021-09-09 2679 958.255 -15.761 -1.645
2021-09-16 2667 956.97 -1.285 -0.134
2021-11-17 2666 1018.466 61.496 6.038
2021-11-18 2695 985.256 -33.21 -3.371
2021-11-24 2632 1032.352 47.096 4.562
2021-11-25 2623 1040.552 8.2 0.788
2021-11-26 2666 998.397 -42.155 -4.222
2021-12-14 2659 994.229 -4.168 -0.419
2021-12-17 2626 1027.065 32.836 3.197
2021-12-18 2624 1026.082 -0.983 -0.096
2021-12-19 2625 1026.082 0 0
2021-12-20 2650 967.114 -58.968 -6.097
2021-12-23 2630 1022.851 55.737 5.449
2021-12-24 2663 996.439 -26.412 -2.651
2021-12-25 2668 996.831 0.392 0.039
2021-12-26 2667 996.831 0 0
2021-12-27 2666 990.665 -6.166 -0.622
