2020-01-19 209 8551.142 0 0
2020-02-07 218 8244.215 -306.927 -3.723
2020-02-15 219 8119.961 -124.254 -1.53
2020-02-16 218 8119.961 0 0
2020-02-17 219 8119.961 0 0
2020-02-18 217 8116.252 -3.709 -0.046
2020-02-19 216 8199.706 83.454 1.018
2020-02-20 213 8188.579 -11.127 -0.136
2020-02-21 214 8118.107 -70.472 -0.868
2020-02-22 215 8118.107 0 0
2020-02-23 215 8118.107 0 0
2020-02-24 219 8046.707 -71.4 -0.887
2020-02-25 222 7884.435 -162.272 -2.058
2020-02-26 216 7887.216 2.781 0.035
2020-02-27 218 7804.689 -82.527 -1.057
2020-02-28 217 7744.417 -60.272 -0.778
2020-02-29 221 7686.093 -58.324 -0.759
