2022-04-05 1708 1843.466 0 0
2022-04-06 1800 1710.465 -133.001 -7.776
2022-04-07 1804 1688.055 -22.41 -1.328
2022-04-08 1850 1648.106 -39.949 -2.424
2022-04-09 1848 1648.106 0 0
2022-04-10 1848 1648.106 0 0
2022-04-11 1874 1613.029 -35.077 -2.175
2022-04-12 1917 1570.644 -42.385 -2.699
2022-04-13 1882 1605.721 35.077 2.185
2022-04-14 1895 1593.055 -12.666 -0.795
2022-04-15 1893 1593.055 0 0
2022-04-16 1893 1593.055 0 0
2022-04-17 1893 1593.055 0 0
2022-04-18 1932 1541.901 -51.154 -3.318
2022-04-19 1871 1614.491 72.59 4.496
2022-04-20 1912 1558.952 -55.539 -3.563
2022-04-21 1976 1501.465 -57.487 -3.829
2022-04-22 2032 1446.9 -54.565 -3.771
2022-04-23 2028 1446.9 0 0
2022-04-24 2028 1446.9 0 0
2022-04-25 1936 1500.003 53.103 3.54
2022-04-26 1998 1439.105 -60.898 -4.232
2022-04-27 2020 1416.695 -22.41 -1.582
2022-04-28 2023 1421.567 4.872 0.343
2022-04-29 2088 1368.951 -52.616 -3.844
2022-04-30 2091 1368.951 0 0
2022-05-01 2089 1368.951 0 0
2022-05-02 2073 1385.028 16.077 1.161
2022-05-03 2078 1377.233 -7.795 -0.566
2022-05-04 1995 1459.08 81.847 5.609
2022-05-05 2113 1339.233 -119.847 -8.949
2022-05-06 2230 1238.874 -100.359 -8.101
2022-05-07 2223 1238.874 0 0
2022-05-08 2223 1238.874 0 0
2022-05-09 2288 1174.566 -64.308 -5.475
2022-05-10 2302 1155.078 -19.488 -1.687
2022-05-11 2425 1053.744 -101.334 -9.617
2022-05-12 2360 1103.924 50.18 4.546
2022-05-13 2160 1276.387 172.463 13.512
2022-05-14 2165 1276.387 0 0
2022-05-15 2166 1276.387 0 0
2022-05-16 2284 1173.104 -103.283 -8.804
2022-05-17 2253 1202.335 29.231 2.431
2022-05-18 2083 1346.054 143.719 10.677
2022-05-19 1995 1418.644 72.59 5.117
2022-05-20 2007 1419.618 0.974 0.069
2022-05-21 2014 1419.618 0 0
2022-05-22 2014 1419.618 0 0
2022-05-23 1984 1450.798 31.18 2.149
2022-05-24 2005 1424.49 -26.308 -1.847
2022-05-25 1862 1543.849 119.359 7.731
2022-05-26 1732 1680.26 136.411 8.118
2022-05-27 1722 1691.465 11.205 0.662
2022-05-28 1729 1691.465 0 0
2022-05-29 1730 1691.465 0 0
2022-05-30 1730 1691.465 0 0
2022-05-31 1761 1669.055 -22.41 -1.343
