2022-02-11 2353 1217.382 0 0
2022-02-12 2342 1217.166 -0.216 -0.018
2022-02-13 2343 1217.166 0 0
2022-02-14 2348 1200.63 -16.536 -1.359
2022-02-15 2334 1213.944 13.314 1.109
2022-02-16 2328 1223.147 9.203 0.758
2022-02-17 2331 1219.328 -3.819 -0.312
2022-02-18 2327 1222.966 3.638 0.298
2022-02-19 2315 1224.576 1.61 0.132
2022-02-20 2319 1224.576 0 0
2022-02-21 2327 1220.093 -4.483 -0.366
2022-02-22 2333 1203.397 -16.696 -1.368
2022-02-23 2319 1213.026 9.629 0.8
2022-02-24 2332 1185.963 -27.063 -2.231
2022-02-25 2332 1187.683 1.72 0.145
2022-02-26 2346 1188.929 1.246 0.105
2022-02-27 2346 1192.81 3.881 0.326
2022-02-28 2358 1173.13 -19.68 -1.65
2022-03-01 2352 1179.53 6.4 0.546
2022-03-02 2368 1165.451 -14.079 -1.194
2022-03-03 2352 1168.235 2.784 0.239
2022-03-04 2358 1148.603 -19.632 -1.68
2022-03-05 2352 1148.561 -0.042 -0.004
2022-03-06 2355 1148.561 0 0
2022-03-07 2371 1116.286 -32.275 -2.81
2022-03-08 2369 1097.191 -19.095 -1.711
2022-03-09 2411 1064.873 -32.318 -2.946
2022-03-10 2406 1075.456 10.583 0.994
2022-03-11 2375 1095.936 20.48 1.904
2022-03-12 2372 1095.644 -0.292 -0.027
2022-03-13 2369 1095.644 0 0
2022-03-14 2364 1081.048 -14.596 -1.332
2022-03-15 2403 1025.184 -55.864 -5.168
2022-03-16 2391 1053.092 27.908 2.722
2022-03-17 2379 1100.982 47.89 4.548
2022-03-18 2373 1116.519 15.537 1.411
2022-03-19 2375 1114.138 -2.381 -0.213
2022-03-20 2375 1114.138 0 0
2022-03-21 2390 1098.711 -15.427 -1.385
2022-03-22 2378 1103.666 4.955 0.451
2022-03-23 2385 1103.585 -0.081 -0.007
2022-03-24 2397 1095.884 -7.701 -0.698
2022-03-26 2403 1076.628 -19.256 -1.757
2022-03-27 2403 1076.628 0 0
2022-03-28 2398 1079.929 3.301 0.307
2022-03-29 2427 1055.929 -24 -2.222
2022-03-30 2393 1095.015 39.086 3.702
