2026-03-28 3287 1028.204 0 0
2026-03-29 3287 1028.204 0 0
2026-03-30  951.916 -76.288 -7.42
2026-04-02  984.982 33.066 3.474
2026-04-09 3250 1078.458 93.476 9.49
2026-04-10 3177 1123.896 45.438 4.213
2026-04-11 3178 1123.896 0 0
2026-04-12 3178 1123.896 0 0
2026-04-13 2993 1229.07 105.174 9.358
2026-04-14 3065 1202.392 -26.678 -2.171
2026-04-15 3106 1185.194 -17.198 -1.43
2026-04-16 3092 1192.243 7.049 0.595
2026-04-17 3107 1187.044 -5.199 -0.436
2026-04-18 3121 1180.438 -6.606 -0.557
2026-04-19 3121 1180.438 0 0
2026-04-20 3129 1179.186 -1.252 -0.106
2026-04-21 3062 1216.051 36.865 3.126
2026-04-22 3040 1222.59 6.539 0.538
2026-04-23 3033 1220.689 -1.901 -0.155
2026-04-24 2946 1270.764 50.075 4.102
2026-04-25 2948 1267.853 -2.911 -0.229
2026-04-26 2948 1267.853 0 0
2026-04-27 2950 1265.352 -2.501 -0.197
2026-04-28 2916 1295.753 30.401 2.403
2026-04-29 2897 1302.257 6.504 0.502
2026-04-30 3094 1177.433 -124.824 -9.585
2026-05-01 3106 1173.623 -3.81 -0.324
2026-05-02 3108 1173.623 0 0
2026-05-04 3078 1191.146 17.523 1.493
