2025-12-21 2839 1211.765 0 0
2025-12-22 2754 1265.489 53.724 4.434
2025-12-23 2752 1266.035 0.546 0.043
2025-12-24 2802 1238.44 -27.595 -2.18
2025-12-25 2803 1236.837 -1.603 -0.129
2025-12-26 2813 1236.837 0 0
2025-12-27 2817 1235.874 -0.963 -0.078
2025-12-28 2817 1235.874 0 0
2025-12-29 2904 1183.307 -52.567 -4.253
2025-12-30 2884 1198.687 15.38 1.3
2025-12-31 2796 1245.483 46.796 3.904
2026-01-01 2839 1217.28 -28.203 -2.264
2026-01-02 2765 1264.887 47.607 3.911
2026-01-03 2767 1260.408 -4.479 -0.354
2026-01-05 2824 1234.225 -26.183 -2.077
2026-01-06 2884 1206.452 -27.773 -2.25
2026-01-07 2905 1193.172 -13.28 -1.101
2026-01-08 2882 1204.996 11.824 0.991
2026-01-09 2921 1187.353 -17.643 -1.464
2026-01-10 2922 1185.542 -1.811 -0.153
2026-01-11 2922 1185.542 0 0
2026-01-12 2887 1210.467 24.925 2.102
2026-01-13 2838 1235.444 24.977 2.063
2026-01-14 2840 1229.62 -5.824 -0.471
2026-01-15 2855 1228.411 -1.209 -0.098
2026-01-16 2859 1219.271 -9.14 -0.744
2026-01-17 2878 1211.489 -7.782 -0.638
2026-01-18 2877 1211.489 0 0
2026-01-19 2918 1186.898 -24.591 -2.03
2026-01-20 2956 1161.609 -25.289 -2.131
2026-01-21 2975 1152.485 -9.124 -0.785
2026-01-22 3011 1128.005 -24.48 -2.124
2026-01-23 3036 1113.083 -14.922 -1.323
2026-01-24 3042 1109.081 -4.002 -0.36
2026-01-25 3042 1109.081 0 0
2026-01-26 3037 1109.081 0 0
2026-01-27 3025 1121.509 12.428 1.121
2026-01-28 2976 1157.497 35.988 3.209
2026-01-29 2930 1196.784 39.287 3.394
2026-01-30 2907 1205.901 9.117 0.762
2026-01-31 2904 1205.533 -0.368 -0.031
2026-02-01 2951 1171.026 -34.507 -2.862
2026-02-02 2989 1135.966 -35.06 -2.994
2026-02-03 2930 1181.341 45.375 3.994
2026-02-04 2876 1219.595 38.254 3.238
2026-02-05 2893 1201.742 -17.853 -1.464
2026-02-06 2947 1163.067 -38.675 -3.218
2026-02-07 2956 1158.978 -4.089 -0.352
2026-02-08 2958 1158.978 0 0
2026-02-09 2916 1194.409 35.431 3.057
2026-02-10 2930 1195.701 1.292 0.108
2026-02-11 2962 1170.471 -25.23 -2.11
2026-02-12 2944 1181.828 11.357 0.97
2026-02-13 2992 1143.316 -38.512 -3.259
2026-02-14 2991 1143.033 -0.283 -0.025
2026-02-15 2990 1143.033 0 0
2026-02-16 3006 1128.465 -14.568 -1.275
2026-02-17 3024 1117.679 -10.786 -0.956
2026-02-18 3010 1127.655 9.976 0.893
2026-02-19 3007 1133.194 5.539 0.491
2026-02-20 3010 1130.254 -2.94 -0.259
2026-02-21 3015 1126.372 -3.882 -0.343
2026-02-22 3015 1126.372 0 0
2026-02-23 3015 1127.628 1.256 0.112
2026-02-24 3052 1100.555 -27.073 -2.401
2026-02-25 3020 1127.24 26.685 2.425
2026-02-26 2991 1149.839 22.599 2.005
2026-02-27 2952 1174.653 24.814 2.158
2026-02-28 2959 1173.855 -0.798 -0.068
2026-03-01 2954 1173.855 0 0
2026-03-02 2943 1176.367 2.512 0.214
