2024-03-30 68 27112.931 0 0
2024-03-31 68 27112.931 0 0
2024-04-02 68 26973.098 -139.833 -0.516
2024-04-03 69 27028.276 55.178 0.205
2024-04-04 70 27168.682 140.406 0.519
2024-04-05 69 27283.841 115.159 0.424
2024-04-06 69 27156.926 -126.915 -0.465
2024-04-07 69 27156.926 0 0
2024-04-08 71 27156.926 0 0
2024-04-09 71 27245.347 88.421 0.326
2024-04-10 69 27257.18 11.833 0.043
2024-04-11 69 26996.303 -260.877 -0.957
2024-04-12 69 26874.92 -121.383 -0.45
2024-04-13 69 26686.364 -188.556 -0.702
2024-04-14 69 26686.364 0 0
2024-04-15 69 26686.364 0 0
2024-04-16 67 26677.856 -8.508 -0.032
2024-04-17 67 26689.201 11.345 0.043
2024-04-18 67 26700.556 11.355 0.043
2024-04-19 65 26748.921 48.365 0.181
2024-04-20 65 26786.025 37.104 0.139
2024-04-21 65 26786.025 0 0
2024-04-22 66 26786.025 0 0
2024-04-23 67 26723.294 -62.731 -0.234
2024-04-24 67 26854.795 131.501 0.492
2024-04-25 65 26831.833 -22.962 -0.086
2024-04-26 65 26895.074 63.241 0.236
2024-04-27 65 26811.772 -83.302 -0.31
2024-04-28 65 26811.772 0 0
2024-04-29 65 26811.772 0 0
2024-04-30 66 26895.074 83.302 0.311
2024-05-01 65 26843.309 -51.765 -0.192
2024-05-02 65 26820.366 -22.943 -0.085
2024-05-03 67 26831.833 11.467 0.043
2024-05-04 67 27031.186 199.353 0.743
2024-05-05 67 27031.186 0 0
2024-05-06 67 27031.186 0 0
2024-05-07 67 27063.241 32.055 0.119
2024-05-08 67 27057.407 -5.834 -0.022
2024-05-09 66 26984.696 -72.711 -0.269
2024-05-10 67 27054.491 69.795 0.259
2024-05-11 66 27022.457 -32.034 -0.118
2024-05-12 66 27022.457 0 0
2024-05-13 66 27022.457 0 0
2024-05-14 67 27121.718 99.261 0.367
2024-05-15 67 27174.564 52.846 0.195
2024-05-16 67 27254.22 79.656 0.293
2024-05-17 66 27286.807 32.587 0.12
2024-05-18 66 27301.645 14.838 0.054
2024-05-19 66 27301.645 0 0
2024-05-20 66 27301.645 0 0
2024-05-21 66 27274.948 -26.697 -0.098
2024-05-22 66 27263.1 -11.848 -0.043
2024-05-23 67 27198.118 -64.982 -0.238
2024-05-24 66 27177.506 -20.612 -0.076
2024-05-25 66 27227.617 50.111 0.184
2024-05-26 66 27227.617 0 0
2024-05-27 66 27227.617 0 0
2024-05-28 66 27227.617 0 0
2024-05-29 66 27298.676 71.059 0.261
2024-05-30 66 27148.116 -150.56 -0.552
2024-05-31 67 27215.809 67.693 0.249
2024-06-01 67 27254.22 38.411 0.141
2024-06-02 67 27254.22 0 0
2024-06-03 67 27254.22 0 0
2024-06-04 66 27286.807 32.587 0.12
2024-06-05 67 27313.527 26.72 0.098
2024-06-06 67 27277.912 -35.615 -0.13
2024-06-07 66 27310.555 32.643 0.12
2024-06-09 67 27142.245 -168.31 -0.616
2024-06-10 69 27142.245 0 0
2024-06-11 68 26947.04 -195.205 -0.719
2024-06-12 68 26918.146 -28.894 -0.107
2024-06-13 68 27230.57 312.424 1.161
2024-06-14 67 27039.921 -190.649 -0.7
2024-06-15 68 26828.965 -210.956 -0.78
2024-06-16 68 26828.965 0 0
2024-06-17 69 26828.965 0 0
2024-06-18 69 26903.721 74.756 0.279
2024-06-19 69 26958.615 54.894 0.204
2024-06-20 68 26958.615 0 0
2024-06-21 68 26915.259 -43.356 -0.161
2024-06-22 68 26814.636 -100.623 -0.374
2024-06-23 68 26814.636 0 0
2024-06-24 68 26814.636 0 0
2024-06-25 68 26935.475 120.839 0.451
2024-06-26 68 26863.416 -72.059 -0.268
2024-06-27 68 26814.636 -48.78 -0.182
2024-06-28 67 26892.193 77.557 0.289
2024-06-29 67 26903.721 11.528 0.043
2024-06-30 67 26903.721 0 0
2024-07-01 66 26903.721 0 0
2024-07-02 67 26935.475 31.754 0.118
2024-07-03 67 26970.2 34.725 0.129
2024-07-04 67 27124.649 154.449 0.573
2024-07-05 67 27124.649 0 0
2024-07-06 67 27171.623 46.974 0.173
2024-07-07 67 27171.623 0 0
2024-07-08 65 27171.623 0 0
2024-07-09 65 27198.118 26.495 0.098
2024-07-10 67 27151.052 -47.066 -0.173
2024-07-11 67 27171.623 20.571 0.076
2024-07-12 68 27310.555 138.932 0.511
2024-07-13 67 27388.024 77.469 0.284
2024-07-14 67 27388.024 0 0
2024-07-15 69 27388.024 0 0
2024-07-16 68 27405.963 17.939 0.065
2024-07-17 67 27310.555 -95.408 -0.348
2024-07-18 65 27441.914 131.359 0.481
2024-07-19 65 27399.981 -41.933 -0.153
2024-07-20 65 27337.322 -62.659 -0.229
2024-07-21 65 27337.322 0 0
2024-07-22 65 27337.322 0 0
2024-07-23 66 27325.419 -11.903 -0.044
2024-07-24 67 27227.617 -97.802 -0.358
2024-07-25 67 27248.304 20.687 0.076
2024-07-26 70 27251.262 2.958 0.011
2024-07-27 68 27254.22 2.958 0.011
2024-07-28 68 27254.22 0 0
2024-07-29 68 27254.22 0 0
2024-07-30 68 27151.052 -103.168 -0.379
2024-07-31 69 27124.649 -26.403 -0.097
2024-08-01 69 27165.742 41.093 0.151
2024-08-02 68 27092.448 -73.294 -0.27
2024-08-03 67 27420.931 328.483 1.212
2024-08-04 67 27420.931 0 0
2024-08-05 65 27420.931 0 0
2024-08-06 64 27562.431 141.5 0.516
2024-08-07 66 27447.914 -114.517 -0.415
2024-08-08 66 27444.914 -3 -0.011
2024-08-09 68 27382.049 -62.865 -0.229
2024-08-10 68 27420.931 38.882 0.142
2024-08-11 68 27420.931 0 0
2024-08-12 68 27420.931 0 0
2024-08-13 67 27441.914 20.983 0.077
2024-08-14 67 27505.054 63.14 0.23
2024-08-15 66 27702.342 197.288 0.717
2024-08-16 67 27574.541 -127.801 -0.461
2024-08-17 67 27592.726 18.185 0.066
2024-08-18 67 27592.726 0 0
2024-08-19 67 27592.726 0 0
2024-08-20 66 27775.905 183.179 0.664
2024-08-21 66 27893.181 117.276 0.422
2024-08-22 65 27930.421 37.24 0.134
2024-08-23 65 27905.583 -24.838 -0.089
2024-08-24 65 28061.55 155.967 0.559
2024-08-25 65 28061.55 0 0
2024-08-26 66 28061.55 0 0
2024-08-27 65 28055.278 -6.272 -0.022
2024-08-28 64 28033.347 -21.931 -0.078
2024-08-29 65 27939.747 -93.6 -0.334
2024-08-30 64 27791.279 -148.468 -0.531
2024-08-31 65 27788.203 -3.076 -0.011
