2020-12-23 1776 1596.834 0 0
2020-12-24 1810 1544.378 -52.456 -3.285
2020-12-25 1809 1547.047 2.669 0.173
2020-12-26 1809 1547.047 0 0
2020-12-27 1809 1547.047 0 0
2020-12-28 1835 1522.643 -24.404 -1.577
2020-12-29 1830 1525.306 2.663 0.175
2020-12-31 1834 1537.489 12.183 0.799
2021-01-01 1838 1535.421 -2.068 -0.135
2021-01-02 1838 1535.421 0 0
2021-01-03 1838 1535.421 0 0
2021-01-04 1758 1629.477 94.056 6.126
2021-01-05 1769 1635.921 6.444 0.395
2021-01-06 1808 1591.199 -44.722 -2.734
2021-01-07 1833 1556.037 -35.162 -2.21
2021-01-08 1833 1563.217 7.18 0.461
2021-01-09 1834 1559.787 -3.43 -0.219
2021-01-10 1834 1559.787 0 0
2021-01-11 1828 1561.611 1.824 0.117
2021-01-12 1817 1576.107 14.496 0.928
2021-01-13 1842 1540.656 -35.451 -2.249
2021-01-14 1823 1575.112 34.456 2.236
2021-01-15 1805 1598.281 23.169 1.471
2021-01-16 1805 1596.701 -1.58 -0.099
2021-01-17 1805 1596.701 0 0
2021-01-18 1805 1592.69 -4.011 -0.251
2021-01-19 1806 1598.89 6.2 0.389
2021-01-20 1824 1582.933 -15.957 -0.998
2021-01-21 1819 1585.297 2.364 0.149
2021-01-22 1834 1564.129 -21.168 -1.335
2021-01-23 1835 1560.894 -3.235 -0.207
2021-01-24 1835 1560.894 0 0
2021-01-25 1866 1531.003 -29.891 -1.915
2021-01-26 1865 1531.357 0.354 0.023
2021-01-27 1884 1507.297 -24.06 -1.571
2021-01-28 1896 1484.426 -22.871 -1.517
2021-01-29 1924 1440.116 -44.31 -2.985
2021-01-30 1923 1443.638 3.522 0.245
2021-01-31 1924 1443.638 0 0
2021-02-01 1928 1449.303 5.665 0.392
2021-02-02 1936 1444.567 -4.736 -0.327
2021-02-03 1951 1431.245 -13.322 -0.922
2021-02-04 2006 1376.133 -55.112 -3.851
2021-02-05 1997 1391.911 15.778 1.147
2021-02-06 1999 1388.667 -3.244 -0.233
2021-02-07 2000 1388.667 0 0
2021-02-08 2014 1380.101 -8.566 -0.617
2021-02-09 1993 1406.508 26.407 1.913
2021-02-10 1992 1407.533 1.025 0.073
2021-02-11 1994 1409.873 2.34 0.166
2021-02-12 1996 1409.873 0 0
2021-02-13 1996 1409.873 0 0
2021-02-14 1996 1409.873 0 0
2021-02-15 1994 1409.873 0 0
2021-02-16 1998 1409.873 0 0
2021-02-17 1996 1409.873 0 0
2021-02-18 1965 1441.232 31.359 2.224
2021-02-19 1944 1470.645 29.413 2.041
2021-02-20 1943 1473.652 3.007 0.204
2021-02-21 1944 1473.652 0 0
2021-02-22 1810 1632.535 158.883 10.782
2021-02-23 1805 1632.913 0.378 0.023
2021-02-24 1800 1641.412 8.499 0.52
2021-02-25 1843 1595.726 -45.686 -2.783
2021-02-26 1876 1537.411 -58.315 -3.654
2021-02-27 1875 1535.198 -2.213 -0.144
2021-02-28 1876 1535.198 0 0
2021-03-01 1870 1547.991 12.793 0.833
2021-03-02 1908 1503.297 -44.694 -2.887
2021-03-03 1882 1530.111 26.814 1.784
2021-03-04 1886 1532.124 2.013 0.132
2021-03-05 1898 1513.88 -18.244 -1.191
2021-03-06 1902 1511.87 -2.01 -0.133
2021-03-07 1899 1511.87 0 0
2021-03-08 1884 1516.974 5.104 0.338
2021-03-09 1930 1466.616 -50.358 -3.32
2021-03-11 1953 1447.243 -19.373 -1.321
2021-03-12 1920 1496.463 49.22 3.401
2021-03-13 1920 1493.61 -2.853 -0.191
2021-03-14 1921 1493.61 0 0
2021-03-15 1939 1471.285 -22.325 -1.495
2021-03-16 1946 1470.58 -0.705 -0.048
2021-03-18 1957 1452.151 -18.429 -1.253
2021-03-19 1957 1452.151 0 0
2021-03-20 1960 1452.928 0.777 0.054
2021-03-21 1960 1452.928 0 0
2021-03-22 1942 1475.437 22.509 1.549
2021-03-23 1947 1461.156 -14.281 -0.968
2021-03-24 1948 1452.677 -8.479 -0.58
2021-03-25 1954 1441.05 -11.627 -0.8
2021-03-26 1958 1447.022 5.972 0.414
2021-03-27 1958 1443.151 -3.871 -0.268
2021-03-28 1958 1443.151 0 0
2021-03-29 1955 1444.053 0.902 0.063
2021-03-30 1961 1436.833 -7.22 -0.5
2021-03-31 1959 1437.218 0.385 0.027
2021-04-01 1969 1436.941 -0.277 -0.019
2021-04-02 1954 1455.48 18.539 1.29
2021-04-03 1954 1455.48 0 0
2021-04-04 1955 1455.48 0 0
2021-04-05 1952 1455.48 0 0
2021-04-06 1961 1448.116 -7.364 -0.506
2021-04-07 1971 1436.754 -11.362 -0.785
2021-04-08 1913 1500.562 63.808 4.441
2021-04-09 2091 1497.208 -3.354 -0.224
2021-04-10 2089 1494.948 -2.26 -0.151
2021-04-11 2090 1494.948 0 0
2021-04-12 2125 1452.827 -42.121 -2.818
2021-04-13 2140 1440.586 -12.241 -0.843
2021-04-14 2132 1447.179 6.593 0.458
2021-04-15 2130 1453.777 6.598 0.456
2021-04-16 2103 1481.267 27.49 1.891
2021-04-17 2102 1483.47 2.203 0.149
2021-04-18 2102 1483.47 0 0
2021-04-19 2074 1514.059 30.589 2.062
2021-04-20 2095 1497.671 -16.388 -1.082
2021-04-21 2107 1486.433 -11.238 -0.75
2021-04-22 2104 1488.524 2.091 0.141
2021-04-23 2115 1489.992 1.468 0.099
2021-04-24 2115 1489.992 0 0
2021-04-25 2115 1488.845 -1.147 -0.077
2021-04-26 2093 1500.117 11.272 0.757
2021-04-27 2124 1481.669 -18.448 -1.23
2021-04-28 2129 1482.239 0.57 0.038
2021-04-29 2142 1467.994 -14.245 -0.961
2021-04-30 2164 1453.388 -14.606 -0.995
2021-05-01 2160 1452.197 -1.191 -0.082
2021-05-02 2159 1452.197 0 0
2021-05-03 2161 1452.197 0 0
2021-05-04 2167 1452.197 0 0
2021-05-05 2160 1452.197 0 0
2021-05-06 2183 1431.582 -20.615 -1.42
2021-05-07 2192 1423.53 -8.052 -0.562
2021-05-08 2196 1426.902 3.372 0.237
2021-05-09 2196 1426.902 0 0
2021-05-10 2204 1419.042 -7.86 -0.551
2021-05-11 2190 1426.959 7.917 0.558
2021-05-12 2182 1439.334 12.375 0.867
2021-05-13 2171 1430.623 -8.711 -0.605
2021-05-14 2173 1438.828 8.205 0.574
2021-05-15 2170 1443.3 4.472 0.311
2021-05-16 2170 1443.3 0 0
2021-05-17 2183 1442.199 -1.101 -0.076
2021-05-18 2104 1505.125 62.926 4.363
2021-05-19 2137 1489.124 -16.001 -1.063
2021-05-20 2140 1485.978 -3.146 -0.211
2021-05-21 2168 1466.834 -19.144 -1.288
2021-05-22 2164 1467.267 0.433 0.03
2021-05-23 2164 1467.267 0 0
2021-05-24 2093 1528.556 61.289 4.177
2021-05-25 1968 1647.831 119.275 7.803
2021-05-26 1995 1626.531 -21.3 -1.293
2021-05-27 1925 1699.238 72.707 4.47
2021-05-28 1950 1679.169 -20.069 -1.181
2021-05-29 1949 1681.833 2.664 0.159
2021-05-30 1949 1681.833 0 0
2021-05-31 1872 1769.003 87.17 5.183
2021-06-01 1897 1751.013 -17.99 -1.017
2021-06-02 1900 1746.566 -4.447 -0.254
2021-06-03 1914 1728.672 -17.894 -1.025
2021-06-04 1915 1727.045 -1.627 -0.094
2021-06-05 1917 1722.761 -4.284 -0.248
2021-06-06 1917 1722.761 0 0
2021-06-07 1872 1775.261 52.5 3.047
2021-06-08 1881 1764.97 -10.291 -0.58
2021-06-09 1901 1748.085 -16.885 -0.957
2021-06-10 1910 1738.615 -9.47 -0.542
2021-06-11 2002 1647.014 -91.601 -5.269
2021-06-12 2002 1647.065 0.051 0.003
2021-06-13 2002 1647.065 0 0
2021-06-14 2003 1647.065 0 0
2021-06-16 1985 1643.584 -3.481 -0.211
2021-06-17 1964 1661.319 17.735 1.079
2021-06-18 1900 1715.488 54.169 3.261
2021-06-19 1900 1715.488 0 0
2021-06-20 1894 1712.132 -3.356 -0.196
2021-06-21 1886 1720.564 8.432 0.492
2021-06-22 1856 1766.289 45.725 2.658
2021-06-23 1760 1889.155 122.866 6.956
2021-06-24 1713 1959.596 70.441 3.729
2021-06-25 1747 1913.201 -46.395 -2.368
2021-06-26 1745 1918.714 5.513 0.288
2021-06-27 1745 1918.714 0 0
2021-06-28 1740 1929.688 10.974 0.572
2021-06-29 1759 1905.349 -24.339 -1.261
2021-06-30 1747 1917.669 12.32 0.647
