2020-01-19 1194 2211.029 0 0
2020-02-07 1186 2192.54 -18.489 -0.843
2020-02-15 1212 2161.388 -31.152 -1.441
2020-02-16 1213 2161.388 0 0
2020-02-17 1219 2161.388 0 0
2020-02-18 1215 2161.388 0 0
2020-02-19 1218 2156.71 -4.678 -0.217
2020-02-20 1220 2150.658 -6.052 -0.281
2020-02-21 1214 2152.982 2.324 0.108
2020-02-22 1211 2162.561 9.579 0.443
2020-02-23 1210 2162.561 0 0
2020-02-24 1199 2162.561 0 0
2020-02-25 1193 2163.5 0.939 0.043
2020-02-26 1187 2165.146 1.646 0.076
2020-02-27 1173 2165.381 0.235 0.011
2020-02-28 1144 2189.409 24.028 1.097
2020-02-29 1142 2188.928 -0.481 -0.022
