2024-03-30 2012 1574.849 0 0
2024-03-31 2012 1574.849 0 0
2024-04-02 2014 1574.849 0 0
2024-04-03 2013 1574.849 0 0
2024-04-04 2015 1574.849 0 0
2024-04-05 2014 1574.849 0 0
2024-04-06 2012 1574.849 0 0
2024-04-07 2012 1574.849 0 0
2024-04-08 2008 1574.849 0 0
2024-04-09 2007 1574.849 0 0
2024-04-10 2005 1574.849 0 0
2024-04-11 2000 1574.849 0 0
2024-04-12 2001 1574.849 0 0
2024-04-13 1997 1574.849 0 0
2024-04-14 1997 1574.849 0 0
2024-04-15 1996 1574.849 0 0
2024-04-16 1992 1574.849 0 0
2024-04-17 1985 1574.849 0 0
2024-04-18 1985 1574.849 0 0
2024-04-19 1981 1574.849 0 0
2024-04-20 1981 1574.849 0 0
2024-04-21 1981 1574.849 0 0
2024-04-22 1991 1574.849 0 0
2024-04-23 1999 1574.849 0 0
2024-04-24 1998 1574.849 0 0
2024-04-25 1994 1574.849 0 0
2024-04-26 1998 1574.849 0 0
2024-04-27 1999 1574.849 0 0
2024-04-28 1999 1574.849 0 0
2024-04-29 2005 1574.849 0 0
2024-04-30 2007 1574.849 0 0
2024-05-01 2009 1574.849 0 0
2024-05-02 2013 1574.849 0 0
2024-05-03 2007 1574.849 0 0
2024-05-04 2015 1574.849 0 0
2024-05-05 2015 1574.849 0 0
2024-05-06 2022 1574.849 0 0
2024-05-07 2020 1574.849 0 0
2024-05-08 2027 1574.849 0 0
2024-05-09 2024 1574.849 0 0
2024-05-10 2032 1574.849 0 0
2024-05-11 2031 1574.849 0 0
2024-05-12 2031 1574.849 0 0
2024-05-13 2028 1574.849 0 0
2024-05-14 2031 1574.849 0 0
2024-05-15 2030 1574.849 0 0
2024-05-16 2037 1574.849 0 0
2024-05-17 2042 1574.849 0 0
2024-05-18 2044 1574.849 0 0
2024-05-19 2044 1574.849 0 0
2024-05-20 2046 1574.849 0 0
2024-05-21 2038 1574.849 0 0
2024-05-22 2039 1574.849 0 0
2024-05-23 2033 1574.849 0 0
2024-05-24 2019 1574.849 0 0
2024-05-25 2020 1574.849 0 0
2024-05-26 2020 1574.849 0 0
2024-05-27 2032 1574.849 0 0
2024-05-28 2029 1574.849 0 0
2024-05-29 2027 1574.849 0 0
2024-05-30 2015 1574.849 0 0
2024-05-31 2013 1574.849 0 0
