2021-04-09 2515 1148.367 0 0
2021-04-10 2510 1149.981 1.614 0.141
2021-04-11 2511 1149.981 0 0
2021-04-12 2520 1135.698 -14.283 -1.242
2021-04-13 2519 1135.698 0 0
2021-04-14 2528 1133.485 -2.213 -0.195
2021-04-15 2539 1133.485 0 0
2021-04-16 2568 1119.231 -14.254 -1.258
2021-04-17 2548 1128.376 9.145 0.817
2021-04-18 2548 1128.376 0 0
2021-04-19 2501 1164.309 35.933 3.184
2021-04-20 2511 1154.982 -9.327 -0.801
2021-04-21 2545 1137.636 -17.346 -1.502
2021-04-22 2589 1116.89 -20.746 -1.824
2021-04-23 2630 1084.846 -32.044 -2.869
2021-04-24 2630 1084.846 0 0
2021-04-25 2636 1082.982 -1.864 -0.172
2021-04-26 2661 1068.688 -14.294 -1.32
2021-04-27 2668 1053.489 -15.199 -1.422
2021-04-28 2667 1054.97 1.481 0.141
2021-04-29 2660 1055.547 0.577 0.055
2021-04-30 2667 1049.57 -5.977 -0.566
2021-05-01 2665 1052.13 2.56 0.244
2021-05-02 2664 1052.13 0 0
2021-05-03 2663 1052.13 0 0
2021-05-04 2660 1052.13 0 0
2021-05-05 2682 1030.511 -21.619 -2.055
2021-05-06 2658 1053.29 22.779 2.21
2021-05-07 2668 1041.319 -11.971 -1.137
2021-05-08 2670 1043.692 2.373 0.228
2021-05-09 2670 1043.692 0 0
2021-05-10 2669 1043.692 0 0
2021-05-11 2669 1043.044 -0.648 -0.062
2021-05-12 2630 1074.934 31.89 3.057
2021-05-13 2648 1045.648 -29.286 -2.724
2021-05-14 2652 1047.41 1.762 0.169
2021-05-15 2653 1047.982 0.572 0.055
2021-05-16 2653 1047.982 0 0
2021-05-17 2532 1148.114 100.132 9.555
2021-05-18 2553 1138.735 -9.379 -0.817
2021-05-19 2569 1130.715 -8.02 -0.704
2021-05-20 2568 1130.715 0 0
2021-05-21 2565 1133.632 2.917 0.258
2021-05-22 2567 1133.632 0 0
2021-05-23 2567 1133.632 0 0
2021-05-24 2547 1147.935 14.303 1.262
2021-05-25 2537 1151.51 3.575 0.311
2021-05-26 2540 1151.871 0.361 0.031
2021-05-27 2544 1155.447 3.576 0.31
2021-05-28 2508 1183.449 28.002 2.423
2021-05-29 2506 1184.844 1.395 0.118
2021-05-30 2506 1184.844 0 0
2021-05-31 2500 1192.024 7.18 0.606
2021-06-01 2506 1188.434 -3.59 -0.301
2021-06-02 2515 1181.656 -6.778 -0.57
2021-06-03 2520 1181.191 -0.465 -0.039
2021-06-04 2516 1184.792 3.601 0.305
2021-06-05 2520 1180.326 -4.466 -0.377
2021-06-06 2520 1180.326 0 0
2021-06-07 2515 1187.501 7.175 0.608
2021-06-08 2499 1197.686 10.185 0.858
2021-06-09 2486 1204.31 6.624 0.553
2021-06-10 2506 1195.407 -8.903 -0.739
2021-06-11 2513 1184.139 -11.268 -0.943
2021-06-12 2504 1187.976 3.837 0.324
2021-06-13 2504 1187.976 0 0
2021-06-14 2500 1191.587 3.611 0.304
2021-06-16 2459 1213.505 21.918 1.839
2021-06-17 2460 1213.027 -0.478 -0.039
2021-06-18 2484 1193.296 -19.731 -1.627
2021-06-19 2484 1193.296 0 0
2021-06-20 2484 1191.619 -1.677 -0.141
2021-06-21 2346 1305.333 113.714 9.543
2021-06-22 2327 1326.831 21.498 1.647
2021-06-23 2344 1316.819 -10.012 -0.755
2021-06-24 2348 1312.067 -4.752 -0.361
2021-06-25 2353 1308.128 -3.939 -0.3
2021-06-26 2353 1311.936 3.808 0.291
2021-06-27 2353 1311.936 0 0
2021-06-28 2351 1315.886 3.95 0.301
2021-06-29 2327 1343.718 27.832 2.115
2021-06-30 2333 1336.186 -7.532 -0.561
2021-07-01 2303 1351.482 15.296 1.145
2021-07-02 2303 1347.777 -3.705 -0.274
2021-07-03 2309 1341.081 -6.696 -0.497
2021-07-04 2309 1341.081 0 0
2021-07-05 2302 1344.977 3.896 0.291
2021-07-06 2225 1391.74 46.763 3.477
2021-07-07 2230 1391.74 0 0
2021-07-08 2235 1384.833 -6.907 -0.496
2021-07-09 2245 1372.229 -12.604 -0.91
2021-07-10 2257 1367.073 -5.156 -0.376
2021-07-11 2260 1367.073 0 0
2021-07-12 2209 1409.416 42.343 3.097
2021-07-13 2260 1372.036 -37.38 -2.652
2021-07-14 2201 1413.374 41.338 3.013
2021-07-15 2228 1394.553 -18.821 -1.332
2021-07-16 2202 1406.504 11.951 0.857
2021-07-17 2203 1403.176 -3.328 -0.237
2021-07-18 2203 1403.176 0 0
2021-07-19 2219 1384.014 -19.162 -1.366
2021-07-20 2221 1379.486 -4.528 -0.327
2021-07-21 2227 1381.378 1.892 0.137
2021-07-22 2240 1379.801 -1.577 -0.114
2021-07-23 2230 1379.066 -0.735 -0.053
2021-07-24 2230 1377.076 -1.99 -0.144
2021-07-25 2230 1377.076 0 0
2021-07-26 2214 1377.076 0 0
2021-07-27 2220 1358.01 -19.066 -1.385
2021-07-28 2222 1355.847 -2.163 -0.159
2021-07-29 2275 1329.198 -26.649 -1.965
2021-07-30 2288 1329.019 -0.179 -0.013
2021-07-31 2281 1329.322 0.303 0.023
