2019-11-07 46 22523.536 0 0
2020-01-19 42 25010.826 2487.29 11.043
2020-02-07 38 25155.954 145.128 0.58
2020-02-15 40 25006.472 -149.482 -0.594
2020-02-16 40 25006.472 0 0
2020-02-17 40 25006.472 0 0
2020-02-18 40 24788.736 -217.736 -0.871
2020-02-19 40 25040.174 251.438 1.014
2020-02-20 40 24887.2 -152.974 -0.611
2020-02-21 41 24581.244 -305.956 -1.229
2020-02-22 40 24581.244 0 0
2020-02-23 40 24581.244 0 0
2020-02-24 44 23816.153 -765.091 -3.112
2020-02-25 44 23262.111 -554.042 -2.326
2020-02-26 47 23200.534 -61.577 -0.265
2020-02-27 47 22320.814 -879.72 -3.792
2020-02-28 47 22298.067 -22.747 -0.102
2020-02-29 46 22298.067 0 0
