2024-03-30 2613 1099.148 0 0
2024-03-31 2613 1099.148 0 0
2024-04-02 2601 1105.356 6.208 0.565
2024-04-03 2673 1055.189 -50.167 -4.539
2024-04-04 2633 1085.627 30.438 2.885
2024-04-05 2649 1079.642 -5.985 -0.551
2024-04-06 2654 1072.05 -7.592 -0.703
2024-04-07 2654 1072.05 0 0
2024-04-08 2640 1080.601 8.551 0.798
2024-04-09 2633 1088.472 7.871 0.728
2024-04-10 2664 1060.895 -27.577 -2.534
2024-04-11 2682 1046.632 -14.263 -1.344
2024-04-12 2653 1057.253 10.621 1.015
2024-04-13 2662 1049.524 -7.729 -0.731
2024-04-14 2662 1049.524 0 0
2024-04-15 2678 1037.85 -11.674 -1.112
2024-04-16 2680 1031.694 -6.156 -0.593
2024-04-17 2683 1022.647 -9.047 -0.877
2024-04-18 2653 1045.693 23.046 2.254
2024-04-19 2679 1022.73 -22.963 -2.196
2024-04-20 2681 1020.826 -1.904 -0.186
2024-04-21 2681 1020.826 0 0
2024-04-22 2679 1029.071 8.245 0.808
2024-04-23 2640 1058.053 28.982 2.816
2024-04-24 2637 1064.657 6.604 0.624
2024-04-25 2624 1067.422 2.765 0.26
2024-04-26 2652 1057.343 -10.079 -0.944
2024-04-27 2642 1061.759 4.416 0.418
2024-04-28 2642 1061.759 0 0
2024-04-29 2624 1081.235 19.476 1.834
2024-04-30 2612 1091.788 10.553 0.976
2024-05-01 2683 1036.104 -55.684 -5.1
2024-05-02 2647 1062.658 26.554 2.563
2024-05-03 2623 1082.18 19.522 1.837
2024-05-04 2611 1094.34 12.16 1.124
2024-05-05 2611 1094.34 0 0
2024-05-06 2590 1117.734 23.394 2.138
2024-05-07 2555 1144.92 27.186 2.432
2024-05-08 2537 1150.559 5.639 0.493
2024-05-09 2574 1130.75 -19.809 -1.722
2024-05-10 2548 1144.916 14.166 1.253
2024-05-11 2547 1144.16 -0.756 -0.066
2024-05-12 2547 1144.16 0 0
2024-05-13 2537 1151.95 7.79 0.681
2024-05-14 2533 1156.378 4.428 0.384
2024-05-15 2543 1156.57 0.192 0.017
2024-05-16 2465 1212.993 56.423 4.878
2024-05-17 2533 1172.322 -40.671 -3.353
2024-05-18 2530 1174.439 2.117 0.181
2024-05-19 2530 1174.439 0 0
2024-05-20 2532 1172.351 -2.088 -0.178
2024-05-21 2517 1178.304 5.953 0.508
2024-05-22 2493 1194.22 15.916 1.351
2024-05-23 2490 1188.791 -5.429 -0.455
2024-05-24 2511 1170.594 -18.197 -1.531
2024-05-25 2510 1171.215 0.621 0.053
2024-05-26 2510 1171.215 0 0
2024-05-27 2515 1173.86 2.645 0.226
2024-05-28 2521 1166.959 -6.901 -0.588
2024-05-29 2516 1165.317 -1.642 -0.141
2024-05-30 2528 1152.129 -13.188 -1.132
2024-05-31 2530 1150.424 -1.705 -0.148
2024-06-01 2526 1151.877 1.453 0.126
2024-06-02 2526 1151.877 0 0
2024-06-03 2546 1137.224 -14.653 -1.272
2024-06-04 2542 1147.301 10.077 0.886
2024-06-05 2521 1160.452 13.151 1.146
2024-06-06 2487 1189.043 28.591 2.464
2024-06-07 2484 1191.302 2.259 0.19
2024-06-09 2500 1180.779 -10.523 -0.883
2024-06-10 2499 1180.779 0 0
2024-06-11 2493 1176.219 -4.56 -0.386
2024-06-12 2538 1145.28 -30.939 -2.63
2024-06-13 2488 1185.132 39.852 3.48
2024-06-14 2533 1144.051 -41.081 -3.466
2024-06-15 2539 1138.683 -5.368 -0.469
2024-06-16 2538 1138.683 0 0
2024-06-17 2607 1093.622 -45.061 -3.957
2024-06-18 2614 1092.098 -1.524 -0.139
2024-06-19 2595 1101.228 9.13 0.836
2024-06-20 2601 1095.583 -5.645 -0.513
2024-06-21 2566 1115.673 20.09 1.834
2024-06-22 2567 1110.934 -4.739 -0.425
2024-06-23 2567 1110.934 0 0
2024-06-24 2545 1120.376 9.442 0.85
2024-06-25 2546 1123.569 3.193 0.285
2024-06-26 2533 1141.635 18.066 1.608
2024-06-27 2498 1171.302 29.667 2.599
2024-06-28 2467 1195.192 23.89 2.04
2024-06-29 2463 1198.784 3.592 0.301
2024-06-30 2464 1198.784 0 0
2024-07-01 2533 1138.533 -60.251 -5.026
2024-07-02 2527 1135.724 -2.809 -0.247
2024-07-03 2499 1161.386 25.662 2.26
2024-07-04 2498 1162.321 0.935 0.081
2024-07-05 2493 1170.366 8.045 0.692
2024-07-06 2490 1173.284 2.918 0.249
2024-07-07 2490 1173.284 0 0
2024-07-08 2484 1172.933 -0.351 -0.03
2024-07-09 2463 1194.412 21.479 1.831
2024-07-10 2463 1187.211 -7.201 -0.603
2024-07-11 2474 1190.339 3.128 0.263
2024-07-12 2521 1158.53 -31.809 -2.672
2024-07-13 2521 1159.868 1.338 0.115
2024-07-14 2521 1159.868 0 0
2024-07-15 2483 1187.554 27.686 2.387
2024-07-16 2506 1171.421 -16.133 -1.359
2024-07-17 2471 1199.729 28.308 2.417
2024-07-18 2552 1127.302 -72.427 -6.037
2024-07-19 2528 1140.953 13.651 1.211
2024-07-20 2532 1134.156 -6.797 -0.596
2024-07-21 2532 1134.156 0 0
2024-07-22 2538 1129.394 -4.762 -0.42
2024-07-23 2514 1144.282 14.888 1.318
2024-07-24 2529 1126.959 -17.323 -1.514
2024-07-25 2582 1090.896 -36.063 -3.2
2024-07-26 2581 1097.751 6.855 0.628
2024-07-27 2582 1097.751 0 0
2024-07-28 2581 1097.751 0 0
2024-07-29 2545 1121.286 23.535 2.144
2024-07-30 2578 1095.388 -25.898 -2.31
2024-07-31 2559 1114.401 19.013 1.736
