2025-10-09 3086 1024.311 0 0
2025-10-10  980.317 -43.994 -4.295
2025-10-14  965.683 -14.634 -1.493
2025-10-28 3029 1063.863 98.18 10.167
2025-10-29 2995 1091.962 28.099 2.641
2025-10-30 3018 1072.559 -19.403 -1.777
2025-10-31 3016 1070.689 -1.87 -0.174
2025-11-01 3017 1070.689 0 0
2025-11-02 3017 1070.689 0 0
2025-11-03 2989 1091.214 20.525 1.917
2025-11-04 3031 1052.923 -38.291 -3.509
2025-11-05 3055 1036.654 -16.269 -1.545
2025-11-06 3112 1003.319 -33.335 -3.216
2025-11-07 3113 1003.646 0.327 0.033
2025-11-08 3118 1003.646 0 0
2025-11-09 3118 1003.646 0 0
2025-11-10 3040 1054.607 50.961 5.078
2025-11-11 3086 1027.069 -27.538 -2.611
2025-11-12 3083 1030.062 2.993 0.291
2025-11-13  997.615 -32.447 -3.15
2025-11-15 3102 1013.09 15.475 1.551
2025-11-16 3102 1013.09 0 0
2025-11-17  996.4 -16.69 -1.647
2025-12-24 3129 1005.797 9.397 0.943
2025-12-25 3138 1005.797 0 0
2025-12-26 3126 1014.773 8.976 0.892
2025-12-27 3128 1014.773 0 0
2025-12-28 3128 1014.773 0 0
2025-12-29 3137 1003.974 -10.799 -1.064
2025-12-30 3143 1000.795 -3.179 -0.317
2025-12-31  995.932 -4.863 -0.486
2026-01-03 3141 1006.919 10.987 1.103
2026-01-05 3144 1003.506 -3.413 -0.339
2026-01-06  999.392 -4.114 -0.41
2026-01-08  989.106 -10.286 -1.029
2026-01-24 3189 1001.402 12.296 1.243
2026-01-25 3189 1001.402 0 0
2026-01-26  995.792 -5.61 -0.56
2026-01-28 3168 1019.402 23.61 2.371
2026-01-29 3163 1024.03 4.628 0.454
2026-01-30 3164 1017.579 -6.451 -0.63
2026-01-31 3167 1017.579 0 0
2026-02-01 3168 1017.579 0 0
2026-02-02  991.771 -25.808 -2.536
2026-02-10 3185 1005.47 13.699 1.381
2026-02-11 3179 1012.529 7.059 0.702
2026-02-12  997.989 -14.54 -1.436
2026-02-19 3184 1002.478 4.489 0.45
2026-02-20 3167 1011.454 8.976 0.895
2026-02-21 3166 1011.454 0 0
2026-02-22 3164 1011.454 0 0
2026-02-23 3159 1019.542 8.088 0.8
2026-02-24 3151 1025.62 6.078 0.596
2026-02-25 3140 1038.29 12.67 1.235
2026-02-26  988.405 -49.885 -4.805
2026-04-15 3361 1018.702 30.297 3.065
2026-04-16 3368 1016.504 -2.198 -0.216
2026-04-17 3355 1030.581 14.077 1.385
2026-04-18 3357 1030.581 0 0
2026-04-19 3357 1030.581 0 0
2026-04-20 3349 1032.187 1.606 0.156
2026-04-21 3364 1022.972 -9.215 -0.893
2026-04-22 3345 1034.047 11.075 1.083
2026-04-23 3355 1021.957 -12.09 -1.169
2026-04-24 3303 1058.439 36.482 3.57
2026-04-25 3301 1058.439 0 0
2026-04-26 3301 1058.439 0 0
2026-04-27 3250 1093.696 35.257 3.331
2026-04-28 3269 1079.154 -14.542 -1.33
2026-04-29 3140 1155.158 76.004 7.043
2026-04-30 3201 1111.25 -43.908 -3.801
2026-05-01 3218 1106.169 -5.081 -0.457
2026-05-02 3223 1106.169 0 0
2026-05-04 3221 1106.305 0.136 0.012
2026-05-05 3222 1106.305 0 0
2026-05-06 3243 1097.324 0 0
2026-05-07 3168 1148.717 0 0
2026-05-08 3148 1165.364 0 0
2026-05-09 3120 1182.147 0 0
2026-05-10 3120 1182.147 0 0
2026-05-11 3125 1182.147 0 0
2026-05-12 3079 1201.38 0 0
2026-05-13 3071 1207.458 0 0
2026-05-14 3024 1230.365 0 0
2026-05-15 2968 1275.317 0 0
2026-05-16 3029 1228.052 0 0
2026-05-17 3020 1228.052 0 0
2026-05-18 3011 1228.052 0 0
2026-05-19 3039 1214.444 0 0
2026-05-20 3046 1206.687 0 0
2026-05-21 3034 1219.66 0 0
2026-05-22 3071 1201.697 0 0
2026-05-23 3095 1182.737 0 0
2026-05-24 3105 1182.737 0 0
2026-05-25 3107 1182.737 0 0
2026-05-26 3107 1182.737 0 0
2026-05-27 3109 1180.605 0 0
