2024-03-30 2619 1095.873 0 0
2024-03-31 2619 1095.873 0 0
2024-04-02 2636 1085.555 -10.318 -0.942
2024-04-03 2638 1083.201 -2.354 -0.217
2024-04-04 2641 1083.171 -0.03 -0.003
2024-04-05 2642 1083.171 0 0
2024-04-06 2640 1083.171 0 0
2024-04-07 2640 1083.171 0 0
2024-04-08 2554 1137.849 54.678 5.048
2024-04-09 2596 1108.925 -28.924 -2.542
2024-04-10 2590 1111.241 2.316 0.209
2024-04-11 2509 1177.51 66.269 5.964
2024-04-12 2460 1203.244 25.734 2.185
2024-04-13 2459 1203.144 -0.1 -0.008
2024-04-14 2459 1203.144 0 0
2024-04-15 2432 1222.395 19.251 1.6
2024-04-16 2426 1220.03 -2.365 -0.193
2024-04-17 2392 1245.116 25.086 2.056
2024-04-18 2412 1231.123 -13.993 -1.124
2024-04-19 2433 1210.158 -20.965 -1.703
2024-04-20 2434 1209.874 -0.284 -0.023
2024-04-21 2434 1209.874 0 0
2024-04-22 2463 1189.179 -20.695 -1.711
2024-04-23 2493 1168.742 -20.437 -1.719
2024-04-24 2471 1192.185 23.443 2.006
2024-04-25 2483 1182.686 -9.499 -0.797
2024-04-26 2465 1203.512 20.826 1.761
2024-04-27 2465 1203.662 0.15 0.012
2024-04-28 2465 1203.662 0 0
2024-04-29 2506 1176.453 -27.209 -2.261
2024-04-30 2484 1192.548 16.095 1.368
