2019-11-07 899 2769.657 0 0
2020-01-19 947 2774.881 5.224 0.189
2020-02-07 946 2751.678 -23.203 -0.836
2020-02-15 955 2712.581 -39.097 -1.421
2020-02-16 955 2712.581 0 0
2020-02-17 954 2712.581 0 0
2020-02-18 952 2712.581 0 0
2020-02-19 950 2706.71 -5.871 -0.216
2020-02-20 955 2699.115 -7.595 -0.281
2020-02-21 950 2702.031 2.916 0.108
2020-02-22 948 2714.053 12.022 0.445
2020-02-23 949 2714.053 0 0
2020-02-24 940 2714.053 0 0
2020-02-25 935 2715.232 1.179 0.043
2020-02-26 922 2717.297 2.065 0.076
2020-02-27 911 2717.592 0.295 0.011
2020-02-28 895 2747.748 30.156 1.11
2020-02-29 891 2747.144 -0.604 -0.022
2020-03-01 892 2747.144 0 0
2020-03-02 896 2747.144 0 0
2020-03-03 896 2783.838 36.694 1.336
2020-03-04 897 2795.663 11.825 0.425
2020-03-05 894 2786.319 -9.344 -0.334
2020-03-06 882 2798.478 12.159 0.436
2020-03-07 868 2828.866 30.388 1.086
2020-03-08 867 2828.866 0 0
2020-03-09 841 2828.866 0 0
2020-03-10 567 3836.492 1007.626 35.619
2020-03-11 563 3811.685 -24.807 -0.647
2020-03-12 538 3789.331 -22.354 -0.586
2020-03-13 544 3723.404 -65.927 -1.74
2020-03-14 548 3719.283 -4.121 -0.111
2020-03-15 547 3719.283 0 0
2020-03-16 528 3719.283 0 0
2020-03-17 510 3742.482 23.199 0.624
2020-03-18 509 3686.636 -55.846 -1.492
2020-03-19 513 3639.909 -46.727 -1.267
2020-03-20 532 3595.89 -44.019 -1.209
2020-03-21 533 3591.662 -4.228 -0.118
2020-03-22 533 3591.662 0 0
2020-03-23 526 3591.662 0 0
2020-03-24 516 3615.236 23.574 0.656
2020-03-25 529 3627.726 12.49 0.345
2020-03-26 534 3639.909 12.183 0.336
2020-03-27 538 3704.112 64.203 1.764
2020-03-28 530 3715.581 11.469 0.31
2020-03-29 530 3715.581 0 0
2020-03-30 530 3715.581 0 0
2020-03-31 534 3705.746 -9.835 -0.265
