2021-10-06 2484 1147.114 0 0
2021-10-07 2479 1154.049 6.935 0.605
2021-10-08 2485 1158.124 4.075 0.353
2021-10-09 2481 1159.959 1.835 0.158
2021-10-10 2481 1159.959 0 0
2021-10-11 2505 1139.532 -20.427 -1.761
2021-10-12 2496 1143.013 3.481 0.305
2021-10-13 2501 1142.419 -0.594 -0.052
2021-10-14 2487 1155.614 13.195 1.155
2021-10-15 2446 1195.739 40.125 3.472
2021-10-16 2448 1195.739 0 0
2021-10-17 2447 1195.739 0 0
2021-10-18 2418 1216.301 20.562 1.72
2021-10-19 2423 1212.173 -4.128 -0.339
2021-10-20 2446 1200.65 -11.523 -0.951
2021-10-21 2444 1199.841 -0.809 -0.067
2021-10-22 2425 1218.001 18.16 1.514
2021-10-23 2426 1218.001 0 0
2021-10-25 2425 1218.649 0.648 0.053
2021-10-26 2417 1224.153 5.504 0.452
2021-10-27 2430 1209.015 -15.138 -1.237
2021-10-28 2406 1219.35 10.335 0.855
2021-10-29 2419 1215.384 -3.966 -0.325
2021-10-30 2412 1215.384 0 0
2021-10-31 2411 1215.384 0 0
2021-11-01 2413 1220.349 4.965 0.409
2021-11-02 2383 1245.12 24.771 2.03
2021-11-03 2400 1227.661 -17.459 -1.402
2021-11-04 2403 1227.661 0 0
2021-11-05 2445 1198.465 -29.196 -2.378
2021-11-06 2446 1198.465 0 0
2021-11-07 2446 1198.465 0 0
2021-11-08 2445 1198.465 0 0
2021-11-09 2457 1193.796 -4.669 -0.39
2021-11-10 2458 1193.796 0 0
2021-11-11 2458 1185.674 -8.122 -0.68
2021-11-12 2458 1192.609 6.935 0.585
2021-11-13 2457 1192.609 0 0
2021-11-14 2457 1192.609 0 0
2021-11-15 2456 1192.339 -0.27 -0.023
2021-11-16 2457 1187.698 -4.641 -0.389
2021-11-17 2496 1156.559 -31.139 -2.622
2021-11-18 2491 1155.074 -1.485 -0.128
2021-11-19 2505 1145.333 -9.741 -0.843
2021-11-20 2501 1145.333 0 0
2021-11-21 2501 1145.333 0 0
2021-11-22 2461 1168.998 23.665 2.066
2021-11-23 2431 1196.468 27.47 2.35
2021-11-24 2444 1177.174 -19.294 -1.613
2021-11-25 2451 1177.174 0 0
2021-11-26 2476 1150.73 -26.444 -2.246
2021-11-27 2478 1150.73 0 0
2021-11-28 2478 1150.73 0 0
2021-11-29 2478 1143.04 -7.69 -0.668
2021-11-30 2493 1128.063 -14.977 -1.31
