2019-11-07 503 4314.839 0 0
2020-01-19 529 4319.017 4.178 0.097
2020-02-07 525 4300.462 -18.555 -0.43
2020-02-15 543 4269.197 -31.265 -0.727
2020-02-16 543 4269.197 0 0
2020-02-17 544 4269.197 0 0
2020-02-18 544 4269.197 0 0
2020-02-19 541 4264.502 -4.695 -0.11
2020-02-20 540 4258.429 -6.073 -0.142
2020-02-21 536 4260.761 2.332 0.055
2020-02-22 535 4270.374 9.613 0.226
2020-02-23 535 4270.374 0 0
2020-02-24 527 4270.374 0 0
2020-02-25 520 4271.317 0.943 0.022
2020-02-26 511 4272.968 1.651 0.039
2020-02-27 500 4273.204 0.236 0.006
2020-02-28 492 4297.319 24.115 0.564
2020-02-29 490 4296.837 -0.482 -0.011
2020-03-01 491 4296.837 0 0
2020-03-02 493 4296.837 0 0
2020-03-03 492 4326.18 29.343 0.683
2020-03-04 495 4335.636 9.456 0.219
2020-03-05 336 5984.672 1649.036 38.034
2020-03-06 323 6048.396 63.724 1.065
2020-03-07 318 6072.696 24.3 0.402
2020-03-08 316 6072.696 0 0
2020-03-09 326 5816.053 -256.643 -4.226
2020-03-10 320 5864.214 48.161 0.828
2020-03-11 289 6209.942 345.728 5.896
2020-03-12 286 6003.349 -206.593 -3.327
2020-03-13 274 6139.175 135.826 2.263
2020-03-14 276 6139.175 0 0
2020-03-15 276 6139.175 0 0
2020-03-16 237 6656.8 517.625 8.432
2020-03-17 168 8174.862 1518.062 22.805
2020-03-18 142 9624.44 1449.578 17.732
2020-03-19 186 7758.251 -1866.189 -19.39
2020-03-20 216 7027.755 -730.496 -9.416
2020-03-21 215 7027.755 0 0
2020-03-22 215 7027.755 0 0
2020-03-23 204 7302.262 274.507 3.906
2020-03-24 202 7302.262 0 0
2020-03-25 204 7435.235 132.973 1.821
2020-03-26 219 7067.704 -367.531 -4.943
2020-03-27 208 7512.85 445.146 6.298
2020-03-28 204 7512.85 0 0
2020-03-29 204 7512.85 0 0
2020-03-30 204 7512.85 0 0
2020-03-31 190 7912.34 399.49 5.317
