2019-11-07 134 11518.898 0 0
2020-01-19 125 12731.997 1213.099 10.531
2020-02-07 232 7874.918 -4857.079 -38.149
2020-02-15 236 7763.029 -111.889 -1.421
2020-02-16 235 7763.029 0 0
2020-02-17 234 7763.029 0 0
2020-02-18 233 7763.029 0 0
2020-02-19 236 7746.226 -16.803 -0.216
2020-02-20 238 7724.491 -21.735 -0.281
2020-02-21 317 6410.012 -1314.479 -17.017
2020-02-22 317 6438.479 28.467 0.444
2020-02-23 317 6438.479 0 0
2020-02-24 312 6438.479 0 0
2020-02-25 306 6441.269 2.79 0.043
2020-02-26 301 6446.159 4.89 0.076
2020-02-27 293 6446.858 0.699 0.011
2020-02-28 288 6518.262 71.404 1.108
2020-02-29 286 6516.833 -1.429 -0.022
2020-03-01 286 6516.833 0 0
2020-03-02 289 6516.833 0 0
2020-03-03 285 6603.719 86.886 1.333
2020-03-04 285 6631.718 27.999 0.424
2020-03-05 285 6609.594 -22.124 -0.334
2020-03-06 279 6638.385 28.791 0.436
2020-03-07 275 6710.337 71.952 1.084
2020-03-08 274 6710.337 0 0
2020-03-09 263 6710.337 0 0
2020-03-10 258 6773.818 63.481 0.946
2020-03-11 257 6730.094 -43.724 -0.645
2020-03-12 246 6690.696 -39.398 -0.585
2020-03-13 247 6574.5 -116.196 -1.737
2020-03-14 251 6567.236 -7.264 -0.11
2020-03-15 251 6567.236 0 0
2020-03-16 245 6567.236 0 0
2020-03-17 237 6608.124 40.888 0.623
2020-03-18 243 6509.696 -98.428 -1.489
2020-03-19 237 6427.34 -82.356 -1.265
2020-03-20 244 6381.863 -45.477 -0.708
2020-03-21 242 6374.373 -7.49 -0.117
2020-03-22 242 6374.373 0 0
2020-03-23 241 6374.373 0 0
2020-03-24 235 6416.132 41.759 0.655
2020-03-25 245 6438.258 22.126 0.345
2020-03-26 252 6459.839 21.581 0.335
2020-03-27 252 6573.57 113.731 1.761
2020-03-28 247 6593.887 20.317 0.309
2020-03-29 247 6593.887 0 0
2020-03-30 247 6593.887 0 0
2020-03-31 251 6576.465 -17.422 -0.264
2020-04-01 253 6542.612 -33.853 -0.515
2020-04-02 252 6514.076 -28.536 -0.436
2020-04-03 252 6478.051 -36.025 -0.553
2020-04-04 257 6438.952 -39.099 -0.604
2020-04-05 257 6438.952 0 0
2020-04-06 257 6438.952 0 0
2020-04-07 260 6430.635 -8.317 -0.129
2020-04-08 267 6489.31 58.675 0.912
2020-04-09 268 6478.051 -11.259 -0.174
2020-04-10 269 6522.61 44.559 0.688
2020-04-11 269 6522.61 0 0
2020-04-12 269 6522.61 0 0
2020-04-13 268 6522.61 0 0
2020-04-14 273 6499.901 -22.709 -0.348
2020-04-15 271 6540.463 40.562 0.624
2020-04-16 269 6502.731 -37.732 -0.577
2020-04-17 272 6469.633 -33.098 -0.509
2020-04-18 274 6492.836 23.203 0.359
2020-04-19 274 6492.836 0 0
2020-04-20 273 6492.836 0 0
2020-04-21 270 6488.605 -4.231 -0.065
2020-04-23 275 6456.348 -32.257 -0.497
2020-04-24 276 6457.046 0.698 0.011
2020-04-25 276 6447.29 -9.756 -0.151
2020-04-26 276 6447.29 0 0
2020-04-27 277 6447.29 0 0
2020-04-28 278 6464.033 16.743 0.26
2020-04-29 283 6459.14 -4.893 -0.076
2020-04-30 284 6471.735 12.595 0.195
