2021-04-09 1938 1633.409 0 0
2021-04-10 1938 1629.462 -3.947 -0.242
2021-04-11 1940 1629.462 0 0
2021-04-12 1903 1668.774 39.312 2.413
2021-04-13 1882 1692.299 23.525 1.41
2021-04-14 1897 1685.085 -7.214 -0.426
2021-04-15 1900 1680.674 -4.411 -0.262
2021-04-16 1916 1661.712 -18.962 -1.128
2021-04-17 1905 1674.619 12.907 0.777
2021-04-18 1905 1674.619 0 0
2021-04-19 1883 1703.901 29.282 1.749
2021-04-20 1945 1645.789 -58.112 -3.411
2021-04-21 1944 1645.514 -0.275 -0.017
2021-04-22 1886 1711.887 66.373 4.034
2021-04-23 1894 1710.593 -1.294 -0.076
2021-04-24 1894 1710.593 0 0
2021-04-25 1895 1708.94 -1.653 -0.097
2021-04-26 1878 1729.742 20.802 1.217
2021-04-27 1817 1786.396 56.654 3.275
2021-04-28 1825 1787.297 0.901 0.05
2021-04-29 1842 1765.07 -22.227 -1.244
2021-04-30 1829 1780.374 15.304 0.867
2021-05-01 1830 1779.593 -0.781 -0.044
2021-05-02 1829 1779.593 0 0
2021-05-03 1795 1813.813 34.22 1.923
2021-05-04 1800 1801.478 -12.335 -0.68
2021-05-05 1807 1797.08 -4.398 -0.244
2021-05-06 1790 1804.857 7.777 0.433
2021-05-07 1789 1801.242 -3.615 -0.2
2021-05-08 1790 1807.582 6.34 0.352
2021-05-09 1790 1807.582 0 0
2021-05-10 1791 1802.87 -4.712 -0.261
2021-05-11 1775 1825.287 22.417 1.243
2021-05-12 1727 1865.338 40.051 2.194
2021-05-13 1719 1863.306 -2.032 -0.109
2021-05-14 1808 1774.975 -88.331 -4.741
2021-05-15 1808 1778.216 3.241 0.183
2021-05-16 1808 1778.216 0 0
2021-05-17 1772 1836.224 58.008 3.262
2021-05-18 1704 1917.393 81.169 4.42
2021-05-19 1699 1922.605 5.212 0.272
2021-05-20 1712 1910.042 -12.563 -0.653
2021-05-21 1720 1904.608 -5.434 -0.284
2021-05-22 1712 1911.831 7.223 0.379
2021-05-23 1712 1911.831 0 0
2021-05-24 1713 1916.116 4.285 0.224
2021-05-25 1718 1912.092 -4.024 -0.21
2021-05-26 1746 1888.944 -23.148 -1.211
2021-05-27 1749 1903.797 14.853 0.786
2021-05-28 1743 1908.833 5.036 0.265
2021-05-29 1741 1912.785 3.952 0.207
2021-05-30 1741 1912.785 0 0
2021-05-31 1771 1882.628 -30.157 -1.577
2021-06-01 1774 1892.926 10.298 0.547
2021-06-02 1783 1878.037 -14.889 -0.787
2021-06-03 1765 1893.718 15.681 0.835
2021-06-04 1774 1885.246 -8.472 -0.447
2021-06-05 1777 1882.793 -2.453 -0.13
2021-06-06 1777 1882.793 0 0
2021-06-07 1779 1877.371 -5.422 -0.288
2021-06-08 1726 1942.402 65.031 3.464
2021-06-09 1764 1892.336 -50.066 -2.578
2021-06-10 1797 1854.392 -37.944 -2.005
2021-06-11 1816 1837.752 -16.64 -0.897
2021-06-12 1816 1837.468 -0.284 -0.015
2021-06-13 1816 1837.468 0 0
2021-06-14 1782 1876.272 38.804 2.112
2021-06-16 1791 1847.33 -28.942 -1.543
2021-06-17 1778 1864.257 16.927 0.916
2021-06-18 1799 1833.123 -31.134 -1.67
2021-06-19 1799 1833.123 0 0
2021-06-20 1791 1838.459 5.336 0.291
2021-06-21 1757 1892.204 53.745 2.923
2021-06-22 1759 1882.136 -10.068 -0.532
2021-06-23 1715 1944.376 62.24 3.307
2021-06-24 1736 1936.331 -8.045 -0.414
2021-06-25 1741 1931.481 -4.85 -0.25
2021-06-26 1741 1930.7 -0.781 -0.04
2021-06-27 1741 1930.7 0 0
2021-06-28 1746 1924.288 -6.412 -0.332
2021-06-29 1740 1939.147 14.859 0.772
2021-06-30 1754 1909.355 -29.792 -1.536
