2022-04-05 1813 1709.19 0 0
2022-04-06 1815 1698.698 -10.492 -0.618
2022-04-07 1833 1665.137 -33.561 -2.016
2022-04-08 1816 1684.765 19.628 1.165
2022-04-09 1813 1685.708 0.943 0.056
2022-04-10 1813 1685.708 0 0
2022-04-11 1798 1685.144 -0.564 -0.033
2022-04-12 1807 1675.282 -9.862 -0.589
2022-04-13 1820 1666.165 -9.117 -0.547
2022-04-14 1825 1665.152 -1.013 -0.061
2022-04-15 1823 1665.152 0 0
2022-04-16 1823 1665.152 0 0
2022-04-17 1823 1665.152 0 0
2022-04-18 2653 879.972 -785.18 -89.228
2022-04-23 1737 1709.801 829.829 48.534
2022-04-24 1737 1709.801 0 0
2022-04-25 1778 1638.497 -71.304 -4.352
2022-04-26 1761 1638.067 -0.43 -0.026
2022-04-27 1801 1610.203 -27.864 -1.73
2022-04-28 1782 1628.964 18.761 1.152
2022-04-29 1767 1645.224 16.26 0.988
2022-04-30 1764 1646.233 1.009 0.061
