2020-04-08 2039 1080 0 0
2020-04-10 2041 1080 0 0
2020-04-11 2041 1080 0 0
2020-04-12 2041 1080 0 0
2020-04-13 2042 1080 0 0
2020-04-14 2050 1080 0 0
2020-04-15 2050 1080 0 0
2020-04-17 2049 1080 0 0
2020-04-18 2052 1080 0 0
2020-04-19 2052 1080 0 0
2020-04-20 2053 1080 0 0
2020-04-21 2039 1080 0 0
2020-04-23 2045 1080 0 0
2020-04-24 2043 1080 0 0
2020-04-25 2040 1080 0 0
2020-04-26 2041 1080 0 0
2020-04-27 2046 1080 0 0
2020-04-28 2047 1080 0 0
2020-04-29 2057 1080 0 0
2020-04-30 2070 1080 0 0
2020-05-01 2075 1080 0 0
2020-05-02 2070 1080 0 0
2020-05-03 2070 1080 0 0
2020-05-04 2063 1080 0 0
2020-05-05 2062 1080 0 0
2020-05-06 2066 1080 0 0
2020-05-07 2062 1080 0 0
2020-05-08 2073 1080 0 0
2020-05-09 2074 1080 0 0
2020-05-10 2074 1080 0 0
2020-05-11 2083 1080 0 0
2020-05-12 2073 1080 0 0
2020-05-13 2070 1080 0 0
2020-05-14 2062 1080 0 0
2020-05-15 2060 1080 0 0
2020-05-16 2059 1080 0 0
2020-05-17 2059 1080 0 0
2020-05-18 2062 1080 0 0
2020-05-19 2068 1080 0 0
2020-05-20 2072 1080 0 0
2020-05-21 2068 1080 0 0
2020-05-22 2064 1080 0 0
2020-05-23 2058 1080 0 0
2020-05-24 2058 1080 0 0
2020-05-25 2064 1080 0 0
2020-05-26 2069 1080 0 0
2020-05-27 2080 1080 0 0
2020-05-28 2073 1080 0 0
2020-05-29 2085 1080 0 0
2020-05-30 2085 1080 0 0
2020-05-31 2085 1080 0 0
2020-06-01 2091 1080 0 0
2020-06-02 2098 1080 0 0
2020-06-03 2110 1080 0 0
2020-06-04 2113 1080 0 0
2020-06-05 636 3700 2620 70.811
2020-06-06 593 3938.715 238.715 6.061
2020-06-07 593 3938.715 0 0
2020-06-08 228 8023.065 4084.35 50.908
2020-06-09 206 8730.435 707.37 8.102
2020-06-10 273 7118.595 -1611.84 -22.643
2020-06-11 291 6624.75 -493.845 -7.455
2020-06-12 268 7008 383.25 5.469
2020-06-13 270 7008 0 0
2020-06-14 270 7008 0 0
2020-06-15 244 7491.99 483.99 6.46
2020-06-16 283 6890.835 -601.155 -8.724
2020-06-17 277 7014.57 123.735 1.764
2020-06-18 254 7416.435 401.865 5.419
2020-06-19 264 7216.05 -200.385 -2.777
2020-06-20 263 7216.05 0 0
2020-06-21 263 7216.05 0 0
2020-06-22 243 7665 448.95 5.857
2020-06-23 253 7525.935 -139.065 -1.848
2020-06-24 253 7525.935 0 0
2020-06-25 238 7785.45 259.515 3.333
2020-06-26 274 6958.725 -826.725 -11.88
2020-06-27 271 6958.725 0 0
2020-06-28 271 6958.725 0 0
2020-06-29 256 7398.915 440.19 5.949
2020-06-30 256 7394.535 -4.38 -0.059
2020-07-01 256 7455.307 60.772 0.815
2020-07-07 522 4405.185 -3050.122 -69.239
2020-07-08 361 5916.285 1511.1 25.541
2020-07-09 343 6214.125 297.84 4.793
2020-07-10 360 5939.28 -274.845 -4.628
2020-07-11 359 5939.28 0 0
2020-07-12 359 5939.28 0 0
2020-07-13 362 5907.525 -31.755 -0.538
2020-07-14 366 5818.83 -88.695 -1.524
2020-07-15 356 5976.51 157.68 2.638
2020-07-16 356 5976.51 0 0
2020-07-17 406 5368.238 -608.272 -11.331
2020-07-18 406 5368.238 0 0
2020-07-20 576 4210.275 -1157.963 -27.503
2020-07-21 577 4210.275 0 0
2020-07-22 621 4004.415 -205.86 -5.141
2020-07-23 667 3716.43 -287.985 -7.749
2020-07-24 775 3276.24 -440.19 -13.436
2020-07-25 771 3276.24 0 0
2020-07-26 766 3276.24 0 0
2020-07-27 670 3635.4 359.16 9.88
2020-07-28 691 3586.125 -49.275 -1.374
2020-07-29 736 3419.685 -166.44 -4.867
2020-07-30 811 3182.07 -237.615 -7.467
2020-07-31 810 3182.07 0 0
