2019-11-07 1011 2463.749 0 0
2020-01-19 995 2615.846 152.097 6.173
2020-02-07 1030 2514.923 -100.923 -3.858
2020-02-15 1032 2501.679 -13.244 -0.527
2020-02-16 1032 2501.679 0 0
2020-02-17 1037 2492.66 -9.019 -0.361
2020-02-18 1036 2492.66 0 0
2020-02-19 1047 2471.371 -21.289 -0.854
2020-02-20 1053 2449.295 -22.076 -0.893
2020-02-21 1069 2406.82 -42.475 -1.734
2020-02-22 1089 2371.419 -35.401 -1.471
2020-02-23 1088 2371.419 0 0
2020-02-24 1078 2371.419 0 0
2020-02-25 1095 2322.591 -48.828 -2.059
2020-02-26 1112 2270.012 -52.579 -2.264
2020-02-27 1133 2229.7 -40.312 -1.776
2020-02-28 1151 2173.955 -55.745 -2.5
2020-02-29 1172 2135.573 -38.382 -1.766
2020-03-01 1170 2135.573 0 0
2020-03-02 1178 2135.573 0 0
2020-03-03 1141 2206.556 70.983 3.324
2020-03-04 1173 2168.122 -38.434 -1.742
2020-03-05 1131 2246.386 78.264 3.61
2020-03-06 1164 2172.835 -73.551 -3.274
2020-03-07 1175 2151.133 -21.702 -0.999
2020-03-08 1172 2151.133 0 0
2020-03-09 958 2503.3 352.167 16.371
2020-03-10 977 2421.62 -81.68 -3.263
2020-03-11 949 2451.936 30.316 1.252
2020-03-12 961 2333.306 -118.63 -4.838
2020-03-13 1051 2166.399 -166.907 -7.153
2020-03-14 988 2254.487 88.088 4.066
2020-03-15 988 2254.487 0 0
2020-03-16 953 2254.487 0 0
2020-03-17 1034 2107.948 -146.539 -6.5
2020-03-18 911 2328.725 220.777 10.474
2020-03-19 940 2236.639 -92.086 -3.954
2020-03-20 893 2373.427 136.788 6.116
2020-03-21 917 2311.01 -62.417 -2.63
2020-03-22 917 2311.01 0 0
2020-03-23 909 2311.01 0 0
2020-03-24 905 2300.911 -10.099 -0.437
2020-03-25 884 2412.886 111.975 4.867
2020-03-26 916 2376.362 -36.524 -1.514
2020-03-27 919 2420.089 43.727 1.84
2020-03-28 927 2376.426 -43.663 -1.804
2020-03-29 927 2376.426 0 0
2020-03-30 927 2376.426 0 0
2020-03-31 904 2438.02 61.594 2.592
