2024-05-23 2749 1002.283 0 0
2024-05-24 2744 1005.431 3.148 0.314
2024-05-25 2745 1005.476 0.045 0.004
2024-05-26 2745 1005.476 0 0
2024-05-27 2745 1005.476 0 0
2024-05-28 2738 1005.476 0 0
2024-06-04 2709 1018.764 13.288 1.322
2024-06-07 2730 1004.696 -14.068 -1.381
2024-06-09 2717 1013.372 8.676 0.864
2024-06-10 2715 1013.372 0 0
2024-06-11 2711 1015.869 2.497 0.246
2024-06-12 2707 1019.142 3.273 0.322
2024-06-13 2705 1020.361 1.219 0.12
2024-06-14 2689 1027.603 7.242 0.71
2024-06-15 2684 1029.68 2.077 0.202
2024-06-16 2684 1029.68 0 0
2024-06-17 2682 1029.68 0 0
2024-06-18 2682 1029.724 0.044 0.004
2024-06-19 2675 1036.937 7.213 0.7
2024-06-20 2677 1036.937 0 0
2024-06-21 2678 1032.133 -4.804 -0.463
2024-06-22 2678 1031.345 -0.788 -0.076
2024-06-23 2678 1031.345 0 0
2024-06-24 2673 1031.345 0 0
2024-06-25 2674 1032.21 0.865 0.084
2024-06-26 2678 1026.028 -6.182 -0.599
2024-06-27 2679 1019.754 -6.274 -0.611
2024-06-28 2678 1021.174 1.42 0.139
2024-06-29 2677 1023.622 2.448 0.24
2024-06-30 2678 1023.622 0 0
