2024-03-30 1693 1957.447 0 0
2024-03-31 1693 1957.447 0 0
2024-04-02 1699 1954.977 -2.47 -0.126
2024-04-03 1687 1960.715 5.738 0.294
2024-04-04 1684 1962.015 1.3 0.066
2024-04-05 1683 1968.544 6.529 0.333
2024-04-06 1681 1973.2 4.656 0.237
2024-04-07 1681 1973.2 0 0
2024-04-08 1678 1973.2 0 0
2024-04-09 1671 1988.455 15.255 0.773
2024-04-10 1669 1989.854 1.399 0.07
2024-04-11 1674 1973.619 -16.235 -0.816
2024-04-12 1665 1974.158 0.539 0.027
2024-04-13 1687 1944.718 -29.44 -1.491
2024-04-14 1687 1944.718 0 0
2024-04-15 1680 1944.718 0 0
2024-04-16 1669 1948.059 3.341 0.172
2024-04-17 1703 1904.779 -43.28 -2.222
2024-04-18 1690 1918.176 13.397 0.703
2024-04-19 1695 1903.776 -14.4 -0.751
2024-04-20 1710 1884.676 -19.1 -1.003
2024-04-21 1710 1884.676 0 0
2024-04-22 1712 1884.676 0 0
2024-04-23 1713 1897.813 13.137 0.697
2024-04-24 1702 1914.339 16.526 0.871
2024-04-25 1709 1902.807 -11.532 -0.602
2024-04-26 1722 1885.003 -17.804 -0.936
2024-04-27 1719 1893.726 8.723 0.463
2024-04-28 1719 1893.726 0 0
2024-04-29 1723 1893.726 0 0
2024-04-30 1711 1909.283 15.557 0.822
