2023-04-06 2537 1068.166 0 0
2023-04-07 2534 1068.166 0 0
2023-04-08 2533 1068.166 0 0
2023-04-09 2532 1068.166 0 0
2023-04-10 2531 1068.166 0 0
2023-04-11 2539 1068.166 0 0
2023-04-12 2539 1068.166 0 0
2023-04-13 2542 1068.166 0 0
2023-04-14 2552 1068.166 0 0
2023-04-15 2549 1068.166 0 0
2023-04-16 2549 1068.166 0 0
2023-04-17 2549 1068.166 0 0
2023-04-18 2551 1068.166 0 0
2023-04-19 2547 1068.166 0 0
2023-04-20 2541 1068.166 0 0
2023-04-21 2535 1068.166 0 0
2023-04-22 2533 1068.166 0 0
2023-04-23 2533 1068.166 0 0
2023-04-24 2534 1068.166 0 0
2023-04-25 2529 1068.166 0 0
2023-04-26 2526 1068.166 0 0
2023-04-27 2531 1068.166 0 0
2023-04-28 2535 1068.166 0 0
2023-04-29 2532 1068.166 0 0
