2026-03-10 3270 1067.702 0 0
2026-03-11 3264 1072.676 4.974 0.466
2026-03-12 3274 1065.232 -7.444 -0.694
2026-03-13 3268 1061.182 -4.05 -0.38
2026-03-14 3270 1054.017 -7.165 -0.675
2026-03-15 3270 1054.017 0 0
2026-03-16 3278 1054.017 0 0
2026-03-17 3269 1057.77 3.753 0.356
2026-03-18 3274 1057.77 0 0
2026-03-19 3259 1060.327 2.557 0.242
2026-03-20 3245 1060.449 0.122 0.012
2026-03-21 3239 1063.265 2.816 0.266
2026-03-22 3239 1063.265 0 0
2026-03-23 3229 1063.265 0 0
2026-03-24 3227 1067.084 3.819 0.359
2026-03-25 3239 1066.342 -0.742 -0.07
2026-03-27 3230 1066.342 0 0
2026-03-28 3237 1061.06 -5.282 -0.495
2026-03-29 3236 1061.06 0 0
2026-03-30 3231 1061.06 0 0
2026-03-31 3242 1055.95 -5.11 -0.482
