2019-11-07 138 11345.984 0 0
2020-01-19 146 11568.959 222.975 1.965
2020-02-07 144 11494.717 -74.242 -0.642
2020-02-15 147 11505.352 10.635 0.093
2020-02-16 146 11505.352 0 0
2020-02-17 147 11508.578 3.226 0.028
2020-02-18 145 11508.578 0 0
2020-02-19 145 11502.371 -6.207 -0.054
2020-02-20 144 11522.225 19.854 0.173
2020-02-21 137 11766.102 243.877 2.117
2020-02-22 137 11740.178 -25.924 -0.22
2020-02-23 137 11740.178 0 0
2020-02-24 135 11740.178 0 0
2020-02-25 136 11675.959 -64.219 -0.547
2020-02-26 137 11579.57 -96.389 -0.826
2020-02-27 134 11498.649 -80.921 -0.699
2020-02-28 135 11444.908 -53.741 -0.467
2020-02-29 135 11478.466 33.558 0.293
