2019-11-07 819 2994.045 0 0
2020-01-19 846 3057.079 63.034 2.105
2020-02-07 863 2969.816 -87.263 -2.854
2020-02-15 860 3000.095 30.279 1.02
2020-02-16 860 3000.095 0 0
2020-02-17 854 3024.505 24.41 0.814
2020-02-18 850 3020.199 -4.306 -0.142
2020-02-19 847 3023.261 3.062 0.101
2020-02-20 868 2973.34 -49.921 -1.651
2020-02-21 864 2970.967 -2.373 -0.08
2020-02-22 860 2984.185 13.218 0.445
2020-02-23 860 2984.185 0 0
2020-02-24 893 2864.968 -119.217 -3.995
2020-02-25 892 2836.363 -28.605 -0.998
2020-02-26 882 2850.513 14.15 0.499
2020-02-27 891 2776.813 -73.7 -2.585
2020-02-28 912 2708.203 -68.61 -2.471
2020-02-29 910 2707.608 -0.595 -0.022
