2020-01-19 1887 1280.535 0 0
2020-02-07 1888 1248.883 -31.652 -2.534
2020-02-15 1894 1245.903 -2.98 -0.239
2020-02-16 1894 1245.903 0 0
2020-02-17 1895 1245.846 -0.057 -0.005
2020-02-18 1912 1229.932 -15.914 -1.294
2020-02-19 1942 1204.625 -25.307 -2.101
2020-02-20 1947 1202.545 -2.08 -0.173
2020-02-21 1954 1194.927 -7.618 -0.638
2020-02-22 1959 1193.491 -1.436 -0.12
2020-02-23 1957 1193.491 0 0
2020-02-24 1975 1159.494 -33.997 -2.932
2020-02-25 1964 1157.292 -2.202 -0.19
2020-02-26 2001 1122.829 -34.463 -3.069
2020-02-27 1925 1181.174 58.345 4.94
2020-02-28 1939 1153.599 -27.575 -2.39
2020-02-29 1937 1148.863 -4.736 -0.412
2020-03-01 1938 1148.863 0 0
2020-03-02 1913 1179.565 30.702 2.603
2020-03-03 1910 1191.654 12.089 1.014
2020-03-04 1896 1201.73 10.076 0.838
2020-03-05 1922 1190.681 -11.049 -0.928
2020-03-06 1918 1176.7 -13.981 -1.188
2020-03-07 1920 1173.659 -3.041 -0.259
2020-03-08 1915 1173.659 0 0
2020-03-09 1917 1148.688 -24.971 -2.174
2020-03-10 1917 1140.267 -8.421 -0.739
2020-03-11 1907 1130.258 -10.009 -0.886
2020-03-12 1894 1104.962 -25.296 -2.289
2020-03-13 1877 1110.692 5.73 0.516
2020-03-14 1860 1124.397 13.705 1.219
2020-03-15 1861 1124.397 0 0
2020-03-16 1864 1090.121 -34.276 -3.144
2020-03-17 1880 1069.626 -20.495 -1.916
2020-03-18 1908 1029.05 -40.576 -3.943
2020-03-19 1925 999.583 -29.467 -2.948
2020-03-20 1913 1005.732 6.149 0.611
2020-03-21 1924 1011.618 5.886 0.582
2020-03-22 1924 1011.618 0 0
2020-03-23 1927 989.894 -21.724 -2.195
2020-03-27 1942 1020.053 30.159 2.957
2020-03-28 1950 1013.896 -6.157 -0.607
2020-03-29 1950 1013.896 0 0
2020-03-30 1950 1013.896 0 0
2020-03-31 1924 1032.797 18.901 1.83
2020-04-01 1895 1062.079 29.282 2.757
2020-04-02 1924 1029.777 -32.302 -3.137
2020-04-03 1889 1054.896 25.119 2.381
2020-04-04 1881 1053.075 -1.821 -0.173
2020-04-05 1881 1053.075 0 0
2020-04-06 1881 1053.075 0 0
2020-04-07 1917 1047.539 -5.536 -0.528
2020-04-08 2063 1058.04 10.501 0.992
2020-04-10 2064 1060.1 2.06 0.194
2020-04-11 2064 1060.1 0 0
2020-04-12 2064 1060.1 0 0
2020-04-13 2068 1054.902 -5.198 -0.493
2020-04-14 2059 1067.678 12.776 1.197
2020-04-15 2068 1059.292 -8.386 -0.792
2020-04-17 2073 1056.995 -2.297 -0.217
2020-04-18 2073 1059.814 2.819 0.266
2020-04-19 2073 1059.814 0 0
2020-04-20 2079 1059.814 0 0
2020-04-21 2092 1040.205 -19.609 -1.885
2020-04-23 2094 1041.58 1.375 0.132
2020-04-24 2100 1037.864 -3.716 -0.358
2020-04-25 2092 1038.829 0.965 0.093
2020-04-26 2092 1038.829 0 0
2020-04-27 2093 1040.812 1.983 0.191
2020-04-28 2102 1038.819 -1.993 -0.192
2020-04-29 2083 1055.395 16.576 1.571
2020-04-30 2084 1064.337 8.942 0.84
2020-05-01 2092 1064.203 -0.134 -0.013
2020-05-02 2089 1063.719 -0.484 -0.046
2020-05-03 2089 1063.719 0 0
2020-05-04 2078 1069.847 6.128 0.573
2020-05-05 2063 1079.594 9.747 0.903
2020-05-06 2049 1095.337 15.743 1.437
2020-05-07 2058 1083.894 -11.443 -1.056
2020-05-08 2068 1083.357 -0.537 -0.05
2020-05-09 2067 1090.444 7.087 0.65
2020-05-10 2067 1090.444 0 0
2020-05-11 2082 1082.201 -8.243 -0.762
2020-05-12 2068 1086.531 4.33 0.399
2020-05-13 2076 1075.299 -11.232 -1.045
2020-05-14 2066 1076.514 1.215 0.113
2020-05-15 2076 1062.66 -13.854 -1.304
2020-05-16 2078 1063.32 0.66 0.062
2020-05-17 2078 1063.32 0 0
2020-05-18 2078 1065.253 1.933 0.181
2020-05-19 2088 1062.372 -2.881 -0.271
2020-05-20 2081 1071.209 8.837 0.825
2020-05-21 2065 1082.387 11.178 1.033
2020-05-22 2066 1079.635 -2.752 -0.255
2020-05-23 2065 1075.589 -4.046 -0.376
2020-05-24 2065 1075.589 0 0
2020-05-25 2073 1071.121 -4.468 -0.417
2020-05-26 2070 1079.995 8.874 0.822
2020-05-27 2071 1086.026 6.031 0.555
2020-05-28 2101 1059.459 -26.567 -2.508
2020-05-29 2100 1068.466 9.007 0.843
2020-05-30 2092 1076.012 7.546 0.701
2020-05-31 2092 1076.012 0 0
2020-06-01 2105 1070.683 -5.329 -0.498
2020-06-02 2090 1087.918 17.235 1.584
2020-06-03 2089 1101.65 13.732 1.246
2020-06-04 2058 1136.885 35.235 3.099
2020-06-05 2044 1155.008 18.123 1.569
2020-06-06 2036 1164.308 9.3 0.799
2020-06-07 2036 1164.308 0 0
2020-06-08 2018 1177.974 13.666 1.16
2020-06-09 2030 1172.481 -5.493 -0.468
2020-06-10 2046 1159.52 -12.961 -1.118
2020-06-11 2047 1147.477 -12.043 -1.05
2020-06-12 2061 1132.33 -15.147 -1.338
2020-06-13 2064 1123.313 -9.017 -0.803
2020-06-14 2064 1123.313 0 0
2020-06-15 2067 1118.773 -4.54 -0.406
2020-06-16 2077 1115.541 -3.232 -0.29
2020-06-17 2051 1142.28 26.739 2.341
2020-06-18 2059 1135.4 -6.88 -0.606
2020-06-19 2089 1107.187 -28.213 -2.548
2020-06-20 2097 1098.61 -8.577 -0.781
2020-06-21 2097 1098.61 0 0
2020-06-22 2100 1097.717 -0.893 -0.081
2020-06-23 2095 1103.672 5.955 0.54
2020-06-24 2095 1103.672 0 0
2020-06-25 2102 1095.294 -8.378 -0.765
2020-06-26 2087 1105.107 9.813 0.888
2020-06-27 2096 1099.978 -5.129 -0.466
2020-06-28 2096 1099.978 0 0
2020-06-29 2096 1099.978 0 0
2020-06-30 2083 1106.521 6.543 0.591
