2026-02-12 2717 1337.011 0 0
2026-02-13 2716 1336.33 -0.681 -0.051
2026-02-14 2717 1333.001 -3.329 -0.249
2026-02-15 2716 1333.001 0 0
2026-02-16 2720 1333.001 0 0
2026-02-17 2718 1333.001 0 0
2026-02-18 2718 1333.001 0 0
2026-02-19 2715 1333.001 0 0
2026-02-20 2718 1333.001 0 0
2026-02-21 2725 1333.001 0 0
2026-02-22 2725 1333.001 0 0
2026-02-23 2713 1337.062 4.061 0.305
2026-02-24 2720 1340.231 3.169 0.237
2026-02-25 2732 1334.782 -5.449 -0.407
2026-02-26 2714 1341.169 6.387 0.479
2026-02-27 2725 1346.39 5.221 0.389
2026-02-28 2727 1346.39 0 0
2026-03-01 2726 1346.39 0 0
2026-03-02 2761 1314.953 -31.437 -2.335
2026-03-28 2501 1553.43 0 0
