2020-01-19 860 3000 0 0
2020-02-07 851 3000 0 0
2020-02-15 861 3000 0 0
2020-02-16 861 3000 0 0
2020-02-17 861 3000 0 0
2020-02-18 860 3000 0 0
2020-02-19 858 3000 0 0
2020-02-20 858 3000 0 0
2020-02-21 851 3000 0 0
2020-02-22 852 3000 0 0
2020-02-23 852 3000 0 0
2020-02-24 841 3000 0 0
2020-02-25 830 3000 0 0
2020-02-26 822 3000 0 0
2020-02-27 812 3000 0 0
2020-02-28 805 3000 0 0
2020-02-29 808 3000 0 0
2020-03-01 810 3000 0 0
2020-03-02 807 3000 0 0
2020-03-03 817 3000 0 0
2020-03-04 826 3000 0 0
2020-03-05 822 3000 0 0
2020-03-06 811 3000 0 0
2020-03-07 811 3000 0 0
2020-03-08 811 3000 0 0
2020-03-09 788 3000 0 0
2020-03-10 785 3000 0 0
2020-03-11 779 3000 0 0
2020-03-12 751 3000 0 0
2020-03-13 736 3000 0 0
2020-03-14 742 3000 0 0
2020-03-15 742 3000 0 0
2020-03-16 719 3000 0 0
2020-03-17 713 3000 0 0
2020-03-18 691 3000 0 0
2020-03-19 684 3000 0 0
2020-03-20 688 3000 0 0
2020-03-21 692 3000 0 0
2020-03-22 692 3000 0 0
2020-03-23 675 3000 0 0
2020-03-24 662 3000 0 0
2020-03-25 702 3000 0 0
2020-03-26 712 3000 0 0
2020-03-27 735 3000 0 0
2020-03-28 730 3000 0 0
2020-03-29 730 3000 0 0
2020-03-30 730 3000 0 0
2020-03-31 727 3000 0 0
2020-04-01 722 3000 0 0
2020-04-02 705 3000 0 0
2020-04-03 712 3000 0 0
2020-04-04 703 3000 0 0
2020-04-05 703 3000 0 0
2020-04-06 703 3000 0 0
2020-04-07 732 3000 0 0
2020-04-08 745 3000 0 0
2020-04-10 761 3000 0 0
2020-04-11 761 3000 0 0
2020-04-12 761 3000 0 0
2020-04-13 757 3000 0 0
2020-04-14 765 3000 0 0
2020-04-15 762 3000 0 0
2020-04-17 761 3000 0 0
2020-04-18 764 3000 0 0
2020-04-19 764 3000 0 0
2020-04-20 766 3000 0 0
2020-04-21 761 3000 0 0
2020-04-23 761 3000 0 0
2020-04-24 762 3000 0 0
2020-04-25 763 3000 0 0
2020-04-26 763 3000 0 0
2020-04-27 767 3000 0 0
2020-04-28 769 3000 0 0
2020-04-29 775 3000 0 0
2020-04-30 777 3000 0 0
2020-05-01 778 3000 0 0
2020-05-02 778 3000 0 0
2020-05-03 778 3000 0 0
2020-05-04 771 3000 0 0
2020-05-05 770 3000 0 0
2020-05-06 770 3000 0 0
2020-05-07 772 3000 0 0
2020-05-08 778 3000 0 0
2020-05-09 781 3000 0 0
2020-05-10 781 3000 0 0
2020-05-11 781 3000 0 0
2020-05-12 773 3000 0 0
2020-05-13 768 3000 0 0
2020-05-14 760 3000 0 0
2020-05-15 763 3000 0 0
2020-05-16 765 3000 0 0
2020-05-17 765 3000 0 0
2020-05-18 772 3000 0 0
2020-05-19 781 3000 0 0
2020-05-20 788 3000 0 0
2020-05-21 786 3000 0 0
2020-05-22 788 3000 0 0
2020-05-23 785 3000 0 0
2020-05-24 785 3000 0 0
2020-05-25 787 3000 0 0
2020-05-26 791 3000 0 0
2020-05-27 795 3000 0 0
2020-05-28 793 3000 0 0
2020-05-29 797 3000 0 0
2020-05-30 801 3000 0 0
2020-05-31 801 3000 0 0
2020-06-01 810 3000 0 0
2020-06-02 815 3000 0 0
2020-06-03 820 3000 0 0
2020-06-04 831 3000 0 0
2020-06-05 840 3000 0 0
2020-06-06 842 3000 0 0
2020-06-07 842 3000 0 0
2020-06-08 849 3000 0 0
2020-06-09 844 3000 0 0
2020-06-10 846 3000 0 0
2020-06-11 837 3000 0 0
2020-06-12 831 3000 0 0
2020-06-13 830 3000 0 0
2020-06-14 830 3000 0 0
2020-06-15 821 3000 0 0
2020-06-16 832 3000 0 0
2020-06-17 837 3000 0 0
2020-06-18 834 3000 0 0
2020-06-19 835 3000 0 0
2020-06-20 835 3000 0 0
2020-06-21 835 3000 0 0
2020-06-22 835 3000 0 0
2020-06-23 838 3000 0 0
2020-06-24 838 3000 0 0
2020-06-25 834 3000 0 0
2020-06-26 829 3000 0 0
2020-06-27 825 3000 0 0
2020-06-28 825 3000 0 0
2020-06-29 827 3000 0 0
2020-06-30 828 3000 0 0
2020-07-01 835 3000 0 0
2020-07-07 842 3000 0 0
2020-07-08 845 3000 0 0
2020-07-09 846 3000 0 0
2020-07-10 849 3000 0 0
2020-07-11 849 3000 0 0
2020-07-12 849 3000 0 0
2020-07-13 857 3000 0 0
2020-07-14 849 3000 0 0
2020-07-15 852 3000 0 0
2020-07-16 846 3000 0 0
2020-07-17 857 3000 0 0
2020-07-18 857 3000 0 0
2020-07-20 857 3000 0 0
2020-07-21 860 3000 0 0
2020-07-22 867 3000 0 0
2020-07-23 874 3000 0 0
2020-07-24 859 3000 0 0
2020-07-25 853 3000 0 0
2020-07-26 850 3000 0 0
2020-07-27 851 3000 0 0
2020-07-28 854 3000 0 0
2020-07-29 858 3000 0 0
2020-07-30 865 3000 0 0
2020-07-31 866 3000 0 0
2020-08-04 872 3000 0 0
2020-08-05 872 3000 0 0
2020-08-06 881 3000 0 0
2020-08-07 876 3000 0 0
2020-08-08 876 3000 0 0
2020-08-09 876 3000 0 0
2020-08-10 873 3000 0 0
2020-08-12 870 3000 0 0
2020-08-13 872 3000 0 0
2020-08-14 875 3000 0 0
2020-08-15 875 3000 0 0
2020-08-16 875 3000 0 0
2020-08-17 875 3000 0 0
2020-08-18 880 3000 0 0
2020-08-19 880 3000 0 0
2020-08-20 872 3000 0 0
2020-08-21 874 3000 0 0
2020-08-22 874 3000 0 0
2020-08-23 874 3000 0 0
2020-08-24 879 3000 0 0
2020-08-25 885 3000 0 0
2020-08-26 888 3000 0 0
2020-08-27 889 3000 0 0
2020-08-28 891 3000 0 0
2020-08-29 892 3000 0 0
2020-08-30 892 3000 0 0
2020-08-31 887 3000 0 0
2020-09-01 893 3000 0 0
2020-09-02 907 3000 0 0
2020-09-03 898 3000 0 0
2020-09-04 892 3000 0 0
2020-09-05 893 3000 0 0
2020-09-06 893 3000 0 0
2020-09-07 887 3000 0 0
2020-09-08 887 3000 0 0
2020-09-09 884 3000 0 0
2020-09-10 882 3000 0 0
2020-09-11 882 3000 0 0
2020-09-12 881 3000 0 0
2020-09-13 881 3000 0 0
2020-09-14 884 3000 0 0
2020-09-15 886 3000 0 0
2020-09-16 892 3000 0 0
2020-09-17 891 3000 0 0
2020-09-18 896 3000 0 0
2020-09-19 896 3000 0 0
2020-09-21 888 3000 0 0
2020-09-22 881 3000 0 0
2020-09-23 883 3000 0 0
2020-09-24 876 3000 0 0
2020-09-25 874 3000 0 0
2020-09-26 874 3000 0 0
2020-09-27 874 3000 0 0
2020-09-28 876 3000 0 0
2020-09-29 877 3000 0 0
2020-09-30 885 3000 0 0
2020-10-01 886 3000 0 0
2020-10-03 887 3000 0 0
2020-10-04 887 3000 0 0
2020-10-05 891 3000 0 0
2020-10-06 891 3000 0 0
2020-10-07 891 3000 0 0
2020-10-08 895 3000 0 0
2020-10-09 900 3000 0 0
2020-10-10 897 3000 0 0
2020-10-11 898 3000 0 0
2020-10-12 903 3000 0 0
2020-10-13 903 3000 0 0
2020-10-14 901 3000 0 0
2020-10-16 901 3000 0 0
2020-10-17 901 3000 0 0
2020-10-18 901 3000 0 0
2020-10-19 900 3000 0 0
2020-10-20 902 3000 0 0
2020-10-21 900 3000 0 0
2020-10-22 902 3000 0 0
2020-10-23 900 3000 0 0
2020-10-24 900 3000 0 0
2020-10-25 899 3000 0 0
2020-10-26 895 3000 0 0
2020-10-27 896 3000 0 0
2020-10-28 885 3000 0 0
2020-10-29 888 3000 0 0
2020-10-30 878 3000 0 0
2020-10-31 880 3000 0 0
2020-11-01 880 3000 0 0
2020-11-02 883 3000 0 0
2020-11-03 895 3000 0 0
2020-11-04 905 3000 0 0
2020-11-05 910 3000 0 0
2020-11-06 916 3000 0 0
2020-11-07 919 3000 0 0
2020-11-08 919 3000 0 0
2020-11-09 926 3000 0 0
2020-11-10 931 3000 0 0
2020-11-11 932 3000 0 0
2020-11-12 931 3000 0 0
2020-11-13 929 3000 0 0
2020-11-14 924 3000 0 0
2020-11-15 924 3000 0 0
2020-11-17 931 3000 0 0
2020-11-18 926 3000 0 0
2020-11-19 933 3000 0 0
2020-11-20 935 3000 0 0
2020-11-21 937 3000 0 0
2020-11-22 935 3000 0 0
2020-11-23 937 3000 0 0
2020-11-24 935 3000 0 0
2020-11-25 929 3000 0 0
2020-11-26 931 3000 0 0
2020-11-27 931 3000 0 0
2020-11-28 934 3000 0 0
2020-11-29 934 3000 0 0
2020-11-30 932 3000 0 0
2020-12-01 932 3000 0 0
2020-12-02 932 3000 0 0
2020-12-03 938 3000 0 0
2020-12-04 944 3000 0 0
2020-12-05 944 3000 0 0
2020-12-06 944 3000 0 0
2020-12-07 947 3000 0 0
2020-12-08 949 3000 0 0
2020-12-09 948 3000 0 0
2020-12-10 953 3000 0 0
2020-12-11 949 3000 0 0
2020-12-12 947 3000 0 0
2020-12-13 947 3000 0 0
2020-12-14 952 3000 0 0
2020-12-15 951 3000 0 0
2020-12-16 954 3000 0 0
2020-12-17 959 3000 0 0
2020-12-18 965 3000 0 0
2020-12-19 964 3000 0 0
2020-12-20 964 3000 0 0
2020-12-21 959 3000 0 0
2020-12-22 957 3000 0 0
2020-12-23 963 3000 0 0
2020-12-24 964 3000 0 0
2020-12-25 968 3000 0 0
2020-12-26 968 3000 0 0
2020-12-27 968 3000 0 0
2020-12-28 965 3000 0 0
2020-12-29 958 3000 0 0
2020-12-31 973 3000 0 0
2021-01-01 972 3000 0 0
2021-01-02 972 3000 0 0
2021-01-03 972 3000 0 0
2021-01-04 976 3000 0 0
2021-01-05 988 3000 0 0
2021-01-06 985 3000 0 0
2021-01-07 991 3000 0 0
2021-01-08 991 3000 0 0
2021-01-09 989 3000 0 0
2021-01-10 989 3000 0 0
2021-01-11 989 3000 0 0
2021-01-12 990 3000 0 0
2021-01-13 989 3000 0 0
2021-01-14 991 3000 0 0
2021-01-15 989 3000 0 0
2021-01-16 983 3000 0 0
2021-01-17 983 3000 0 0
2021-01-18 985 3000 0 0
2021-01-19 989 3000 0 0
2021-01-20 998 3000 0 0
2021-01-21 1009 3000 0 0
2021-01-22 1005 3000 0 0
2021-01-23 1000 3000 0 0
2021-01-24 1000 3000 0 0
2021-01-25 997 3000 0 0
2021-01-26 991 3000 0 0
2021-01-27 985 3000 0 0
2021-01-28 975 3000 0 0
2021-01-29 975 3000 0 0
2021-01-30 974 3000 0 0
2021-01-31 974 3000 0 0
2021-02-01 980 3000 0 0
2021-02-02 978 3000 0 0
2021-02-03 986 3000 0 0
2021-02-04 993 3000 0 0
2021-02-05 991 3000 0 0
2021-02-06 994 3000 0 0
2021-02-07 994 3000 0 0
2021-02-08 1002 3000 0 0
2021-02-09 1009 3000 0 0
2021-02-10 1017 3000 0 0
2021-02-11 1023 3000 0 0
2021-02-12 1029 3000 0 0
2021-02-13 1028 3000 0 0
2021-02-14 1027 3000 0 0
2021-02-15 1029 3000 0 0
2021-02-16 1025 3000 0 0
2021-02-17 1028 3000 0 0
2021-02-19 1020 3000 0 0
2021-02-20 1023 3000 0 0
2021-02-21 1021 3000 0 0
2021-02-22 1018 3000 0 0
2021-02-23 1005 3000 0 0
2021-02-24 1003 3000 0 0
2021-02-25 997 3000 0 0
2021-02-26 991 3000 0 0
2021-02-27 989 3000 0 0
2021-02-28 990 3000 0 0
2021-03-01 1000 3000 0 0
2021-03-02 1002 3000 0 0
2021-03-03 1003 3000 0 0
