2020-01-19 1560 1660.939 0 0
2020-02-07 1559 1626.549 -34.39 -2.114
2020-02-15 1569 1624.234 -2.315 -0.143
2020-02-16 1570 1624.234 0 0
2020-02-17 1572 1624.234 0 0
2020-02-18 1580 1613.415 -10.819 -0.671
2020-02-19 1653 1531.678 -81.737 -5.336
2020-02-20 1647 1540.577 8.899 0.578
2020-02-21 1646 1531.885 -8.692 -0.567
2020-02-22 1647 1532.439 0.554 0.036
2020-02-23 1647 1532.439 0 0
2020-02-24 1650 1516.153 -16.286 -1.074
2020-02-25 1670 1484.392 -31.761 -2.14
2020-02-26 1659 1487.199 2.807 0.189
2020-02-27 1652 1474.559 -12.64 -0.857
2020-02-28 1695 1410.987 -63.572 -4.505
2020-02-29 1696 1407.575 -3.412 -0.242
2020-03-01 1701 1407.575 0 0
2020-03-02 1682 1427.545 19.97 1.399
2020-03-03 1711 1411.153 -16.392 -1.162
2020-03-04 1706 1423.558 12.405 0.871
2020-03-05 1725 1396.582 -26.976 -1.932
2020-03-06 1736 1369.415 -27.167 -1.984
2020-03-07 1738 1368.055 -1.36 -0.099
2020-03-08 1731 1368.055 0 0
2020-03-09 1773 1291.928 -76.127 -5.893
2020-03-10 1738 1318.167 26.239 1.991
2020-03-11 1765 1272.567 -45.6 -3.583
2020-03-12 1817 1184.229 -88.338 -7.46
2020-03-13 1732 1236.06 51.831 4.193
2020-03-14 1742 1231.754 -4.306 -0.35
2020-03-15 1742 1231.754 0 0
2020-03-16 1822 1127.996 -103.758 -9.198
2020-03-17 1845 1100.76 -27.236 -2.474
2020-03-18 1953 987.427 -113.333 -11.478
2020-03-19 1904 1013.436 26.009 2.566
2020-03-20 1926 991.801 -21.635 -2.181
2020-03-21 1946 993.91 2.109 0.212
2020-03-22 1946 993.91 0 0
2020-03-23 1925 990.487 -3.423 -0.346
2020-03-24 1908 987.003 -3.484 -0.353
2020-03-25 1888 1037.914 50.911 4.905
2020-03-26 1881 1063.158 25.244 2.374
2020-03-27 1853 1109.091 45.933 4.141
2020-03-28 1876 1084.161 -24.93 -2.299
2020-03-29 1876 1084.161 0 0
2020-03-30 1876 1084.161 0 0
2020-03-31 1855 1098.539 14.378 1.309
2020-04-01 1859 1103.717 5.178 0.469
2020-04-02 1854 1084.272 -19.445 -1.793
2020-04-03 1842 1097.818 13.546 1.234
2020-04-04 1856 1079.999 -17.819 -1.65
2020-04-05 1856 1079.999 0 0
2020-04-06 1856 1079.999 0 0
2020-04-07 1815 1134.595 54.596 4.812
2020-04-08 1928 1163.127 28.532 2.453
2020-04-10 1939 1165.455 2.328 0.2
2020-04-11 1939 1165.455 0 0
2020-04-12 1939 1165.455 0 0
2020-04-13 1922 1171.536 6.081 0.519
2020-04-14 1924 1181.855 10.319 0.873
2020-04-15 1936 1168.433 -13.422 -1.149
2020-04-17 1906 1196.997 28.564 2.386
2020-04-18 1904 1200.042 3.045 0.254
2020-04-19 1904 1200.042 0 0
2020-04-20 1886 1213.313 13.271 1.094
2020-04-21 1889 1203.498 -9.815 -0.816
2020-04-23 1872 1218.366 14.868 1.22
2020-04-24 1874 1219.871 1.505 0.123
2020-04-25 1877 1217.549 -2.322 -0.191
2020-04-26 1877 1217.549 0 0
2020-04-27 1858 1241.805 24.256 1.953
2020-04-28 1865 1248.639 6.834 0.547
2020-04-29 1847 1267.164 18.525 1.462
2020-04-30 1881 1248.872 -18.292 -1.465
