2020-01-19 867 2987.058 0 0
2020-02-07 862 2972.495 -14.563 -0.49
2020-02-15 873 2978.275 5.78 0.194
2020-02-16 873 2978.275 0 0
2020-02-17 869 2981.81 3.535 0.119
2020-02-18 867 2981.81 0 0
2020-02-19 865 2980.56 -1.25 -0.042
2020-02-20 866 2982.139 1.579 0.053
2020-02-21 857 2983.954 1.815 0.061
2020-02-22 863 2972.91 -11.044 -0.371
2020-02-23 863 2972.91 0 0
2020-02-24 852 2972.91 0 0
2020-02-25 848 2959.342 -13.568 -0.458
2020-02-26 843 2941.099 -18.243 -0.62
2020-02-27 837 2939.479 -1.62 -0.055
2020-02-28 834 2924.788 -14.691 -0.502
2020-02-29 837 2920.123 -4.665 -0.16
2020-03-01 839 2920.123 0 0
2020-03-02 842 2920.123 0 0
2020-03-03 836 2939.922 19.799 0.673
2020-03-04 848 2929.332 -10.59 -0.362
2020-03-05 839 2958.627 29.295 0.99
2020-03-06 833 2941.861 -16.766 -0.57
2020-03-07 837 2930.998 -10.863 -0.371
2020-03-08 839 2930.998 0 0
2020-03-09 809 2930.998 0 0
2020-03-10 822 2892.915 -38.083 -1.316
2020-03-11 805 2912.615 19.7 0.676
2020-03-12 785 2896.339 -16.276 -0.562
2020-03-13 784 2849.94 -46.399 -1.628
2020-03-14 785 2880.673 30.733 1.067
2020-03-15 785 2880.673 0 0
2020-03-16 759 2880.673 0 0
2020-03-17 767 2828.117 -52.556 -1.858
2020-03-18 748 2854.547 26.43 0.926
2020-03-19 739 2834.701 -19.846 -0.7
2020-03-20 739 2834.836 0.135 0.005
2020-03-21 749 2814.819 -20.017 -0.711
2020-03-22 749 2814.819 0 0
2020-03-23 737 2814.819 0 0
2020-03-24 719 2843.878 29.059 1.022
2020-03-25 827 2580.285 -263.593 -10.216
2020-03-26 847 2573.789 -6.496 -0.252
2020-03-27 849 2609.961 36.172 1.386
2020-03-28 848 2595.365 -14.596 -0.562
2020-03-29 848 2595.365 0 0
2020-03-30 848 2595.365 0 0
2020-03-31 840 2610.531 15.166 0.581
