2020-01-19 1297 2020 0 0
2020-02-07 1289 2020 0 0
2020-02-15 1290 2020 0 0
2020-02-16 1291 2020 0 0
2020-02-17 1292 2020 0 0
2020-02-18 1292 2020 0 0
2020-02-19 1291 2020 0 0
2020-02-20 1295 2020 0 0
2020-02-21 1292 2020 0 0
2020-02-22 1295 2020 0 0
2020-02-23 1294 2020 0 0
2020-02-24 1275 2020 0 0
2020-02-25 1271 2020 0 0
2020-02-26 1265 2020 0 0
2020-02-27 1256 2020 0 0
2020-02-28 1232 2020 0 0
2020-02-29 1241 2020 0 0
2020-03-01 1242 2020 0 0
2020-03-02 1252 2020 0 0
2020-03-03 1260 2020 0 0
2020-03-04 1268 2020 0 0
2020-03-05 1274 2020 0 0
2020-03-06 1252 2020 0 0
2020-03-07 1252 2020 0 0
2020-03-08 1253 2020 0 0
2020-03-09 1221 2020 0 0
2020-03-10 1210 2020 0 0
2020-03-11 1200 2020 0 0
2020-03-12 1168 2020 0 0
2020-03-13 1152 2020 0 0
2020-03-14 1154 2020 0 0
2020-03-15 1154 2020 0 0
2020-03-16 1121 2020 0 0
2020-03-17 1099 2020 0 0
2020-03-18 1080 2020 0 0
2020-03-19 1070 2020 0 0
2020-03-20 1077 2020 0 0
2020-03-21 1080 2020 0 0
2020-03-22 1080 2020 0 0
2020-03-23 1056 2020 0 0
2020-03-24 1051 2020 0 0
2020-03-25 1084 2020 0 0
2020-03-26 1110 2020 0 0
2020-03-27 1128 2020 0 0
2020-03-28 1108 2020 0 0
2020-03-29 1108 2020 0 0
2020-03-30 1108 2020 0 0
2020-03-31 1109 2020 0 0
