2024-03-30 1721 1910.617 0 0
2024-03-31 1721 1910.617 0 0
2024-04-02 1724 1910.197 -0.42 -0.022
2024-04-03 1728 1910.472 0.275 0.014
2024-04-04 1727 1910.318 -0.154 -0.008
2024-04-05 1730 1910.645 0.327 0.017
2024-04-06 1726 1910.645 0 0
2024-04-07 1726 1910.645 0 0
2024-04-08 1723 1910.697 0.052 0.003
2024-04-09 1730 1910.685 -0.012 -0.001
2024-04-10 1724 1910.681 -0.004 0
2024-04-11 1723 1910.758 0.077 0.004
2024-04-12 1713 1910.447 -0.311 -0.016
2024-04-13 1708 1910.447 0 0
2024-04-14 1708 1910.447 0 0
2024-04-15 1709 1910.193 -0.254 -0.013
2024-04-16 1699 1910.468 0.275 0.014
2024-04-17 1696 1910.403 -0.065 -0.003
2024-04-18 1697 1910.185 -0.218 -0.011
2024-04-19 1691 1910.149 -0.036 -0.002
2024-04-20 1692 1910.149 0 0
2024-04-21 1692 1910.149 0 0
2024-04-22 1695 1910.427 0.278 0.015
2024-04-23 1703 1910.818 0.391 0.02
2024-04-24 1706 1912.399 1.581 0.083
2024-04-25 1702 1912.54 0.141 0.007
2024-04-26 1710 1912.504 -0.036 -0.002
2024-04-27 1709 1912.504 0 0
2024-04-28 1709 1912.504 0 0
2024-04-29 1713 1912.234 -0.27 -0.014
2024-04-30 1708 1911.98 -0.254 -0.013
