2021-04-09 2549 1130 0 0
2021-04-10 2543 1130 0 0
2021-04-11 2544 1130 0 0
2021-04-12 2533 1130 0 0
2021-04-13 2529 1130 0 0
2021-04-14 2534 1130 0 0
2021-04-15 2542 1130 0 0
2021-04-16 2542 1130 0 0
2021-04-17 2544 1130 0 0
2021-04-18 2544 1130 0 0
2021-04-19 2550 1130 0 0
2021-04-20 2555 1130 0 0
2021-04-21 2557 1130 0 0
2021-04-22 2564 1130 0 0
2021-04-23 2573 1130 0 0
2021-04-24 2573 1130 0 0
2021-04-25 2575 1130 0 0
2021-04-26 2581 1130 0 0
2021-04-27 2585 1130 0 0
2021-04-28 2585 1130 0 0
2021-04-29 2574 1130 0 0
2021-04-30 2574 1130 0 0
2021-05-01 2572 1130 0 0
