2019-11-07 1250 2012.981 0 0
2020-01-19 752 3398.054 1385.073 68.807
2020-02-07 749 3338.985 -59.069 -1.738
2020-02-15 754 3298.538 -40.447 -1.211
2020-02-16 754 3298.538 0 0
2020-02-17 1189 2208.308 -1090.23 -33.052
2020-02-18 1189 2208.308 0 0
2020-02-19 1202 2186.64 -21.668 -0.981
2020-02-20 1206 2175.841 -10.799 -0.494
2020-02-21 1209 2166.183 -9.658 -0.444
2020-02-22 1205 2171.918 5.735 0.265
2020-02-23 1204 2171.918 0 0
2020-02-24 1195 2171.918 0 0
2020-02-25 1191 2168.206 -3.712 -0.171
2020-02-26 1184 2168.206 0 0
2020-02-27 1171 2168.206 0 0
2020-02-28 1171 2126.204 -42.002 -1.937
2020-02-29 1184 2109.192 -17.012 -0.8
