2020-01-19 450 4859.474 0 0
2020-02-07 461 4753.894 -105.58 -2.221
2020-02-15 453 4759.336 5.442 0.114
2020-02-16 453 4759.336 0 0
2020-02-17 454 4777.263 17.927 0.375
2020-02-18 456 4767.019 -10.244 -0.215
2020-02-19 467 4701.76 -65.259 -1.388
2020-02-20 456 4745.902 44.142 0.93
2020-02-21 455 4729.346 -16.556 -0.35
2020-02-22 452 4750.388 21.042 0.443
2020-02-23 452 4750.388 0 0
2020-02-24 498 4467.249 -283.139 -6.338
2020-02-25 479 4511.486 44.237 0.981
2020-02-26 484 4421.921 -89.565 -2.025
2020-02-27 457 4585.844 163.923 3.575
2020-02-28 461 4531.667 -54.177 -1.196
2020-02-29 459 4530.671 -0.996 -0.022
