2020-01-19 1231 2139.852 0 0
2020-02-07 1294 2004.554 -135.298 -6.75
2020-02-15 1299 2000.286 -4.268 -0.213
2020-02-16 1300 2000.286 0 0
2020-02-17 1297 2013.587 13.301 0.661
2020-02-18 1326 1974.08 -39.507 -2.001
2020-02-19 1325 1976.219 2.139 0.108
2020-02-20 1296 2019.777 43.558 2.157
2020-02-21 1321 1993.607 -26.17 -1.313
2020-02-22 1323 1986.979 -6.628 -0.334
2020-02-23 1323 1986.979 0 0
2020-02-24 1323 1968.67 -18.309 -0.93
2020-02-25 1339 1935.61 -33.06 -1.708
2020-02-26 1343 1913.728 -21.882 -1.143
2020-02-27 1313 1945.36 31.632 1.626
2020-02-28 1326 1888.897 -56.463 -2.989
2020-02-29 1318 1895.923 7.026 0.371
2020-03-01 1321 1895.923 0 0
2020-03-02 1303 1942.907 46.984 2.418
2020-03-03 1283 1987.747 44.84 2.256
2020-03-04 1289 1988.117 0.37 0.019
2020-03-05 1249 2047.906 59.789 2.92
2020-03-06 1244 2030.997 -16.909 -0.833
2020-03-07 1243 2031.582 0.585 0.029
2020-03-08 1244 2031.582 0 0
2020-03-09 1260 1955.906 -75.676 -3.869
2020-03-10 1224 2001.084 45.178 2.258
2020-03-11 1193 2027.283 26.199 1.292
2020-03-12 1196 1968.274 -59.009 -2.998
2020-03-13 1208 1925.026 -43.248 -2.247
2020-03-14 1210 1922.962 -2.064 -0.107
2020-03-15 1210 1922.962 0 0
2020-03-16 1211 1863.907 -59.055 -3.168
2020-03-17 1215 1842.719 -21.188 -1.15
2020-03-18 1199 1839.145 -3.574 -0.194
2020-03-19 1235 1764.321 -74.824 -4.241
2020-03-20 1164 1877.908 113.587 6.049
2020-03-21 1160 1884.552 6.644 0.353
2020-03-22 1160 1884.552 0 0
2020-03-23 1109 1930.442 45.89 2.377
2020-03-24 1112 1916.178 -14.264 -0.744
2020-03-25 1123 1959.554 43.376 2.214
2020-03-26 1149 1954.908 -4.646 -0.238
2020-03-27 1070 2110.441 155.533 7.37
2020-03-28 1018 2173.012 62.571 2.879
2020-03-29 1018 2173.012 0 0
2020-03-30 1018 2173.012 0 0
2020-03-31 1037 2145.038 -27.974 -1.304
2020-04-01 929 2368.299 223.261 9.427
2020-04-02 944 2298.347 -69.952 -3.044
2020-04-03 923 2351.241 52.894 2.25
2020-04-04 895 2422.59 71.349 2.945
2020-04-05 895 2422.59 0 0
2020-04-06 895 2422.59 0 0
2020-04-07 877 2538.877 116.287 4.58
2020-04-08 928 2422.926 -115.951 -4.786
2020-04-10 957 2411.874 -11.052 -0.458
2020-04-11 957 2411.874 0 0
2020-04-12 957 2411.874 0 0
2020-04-13 951 2412.856 0.982 0.041
2020-04-14 945 2448.822 35.966 1.469
2020-04-15 973 2373.935 -74.887 -3.155
2020-04-17 970 2390.108 16.173 0.677
2020-04-18 973 2389.162 -0.946 -0.04
2020-04-19 973 2389.162 0 0
2020-04-20 980 2375.651 -13.511 -0.569
2020-04-21 972 2370.799 -4.852 -0.205
2020-04-23 968 2384.609 13.81 0.579
2020-04-24 959 2410.609 26 1.079
2020-04-25 960 2409.214 -1.395 -0.058
2020-04-26 960 2409.214 0 0
2020-04-27 976 2381.235 -27.979 -1.175
2020-04-28 967 2422.925 41.69 1.721
2020-04-29 985 2396.858 -26.067 -1.088
2020-04-30 1012 2330.551 -66.307 -2.845
