2020-01-19 1640 1555.53 0 0
2020-02-07 1677 1487.517 -68.013 -4.572
2020-02-15 1712 1454.868 -32.649 -2.244
2020-02-16 1712 1454.868 0 0
2020-02-17 1712 1462.337 7.469 0.511
2020-02-18 1716 1455.064 -7.273 -0.5
2020-02-19 1223 2141.522 686.458 32.055
2020-02-20 1224 2137.426 -4.096 -0.192
2020-02-21 1229 2121.748 -15.678 -0.739
2020-02-22 1222 2141.696 19.948 0.931
2020-02-23 1221 2141.696 0 0
2020-02-24 1253 2055.813 -85.883 -4.178
2020-02-25 1278 2010.453 -45.36 -2.256
2020-02-26 1264 2021.138 10.685 0.529
2020-02-27 1283 1988.037 -33.101 -1.665
2020-02-28 1281 1958.283 -29.754 -1.519
2020-02-29 1300 1924.701 -33.582 -1.745
