2020-01-19 1964 1200.514 0 0
2020-02-07 1921 1212.118 11.604 0.957
2020-02-15 1906 1234.495 22.377 1.813
2020-02-16 1906 1234.495 0 0
2020-02-17 1932 1214.867 -19.628 -1.616
2020-02-18 1940 1209.259 -5.608 -0.464
2020-02-19 1943 1204.504 -4.755 -0.395
2020-02-20 1927 1218.481 13.977 1.147
2020-02-21 1917 1218.444 -0.037 -0.003
2020-02-22 1914 1222.643 4.199 0.343
2020-02-23 1913 1222.643 0 0
2020-02-24 1902 1222.643 0 0
2020-02-25 1864 1238.18 15.537 1.255
2020-02-26 1857 1238.55 0.37 0.03
2020-02-27 1895 1203.004 -35.546 -2.955
2020-02-28 1935 1157.637 -45.367 -3.919
2020-02-29 1902 1180.443 22.806 1.932
2020-03-01 1904 1180.443 0 0
2020-03-02 1875 1207.549 27.106 2.245
2020-03-03 1918 1184.064 -23.485 -1.983
2020-03-04 1924 1182.414 -1.65 -0.14
2020-03-05 1929 1183.901 1.487 0.126
2020-03-06 1923 1169.142 -14.759 -1.262
2020-03-07 1912 1183.848 14.706 1.242
2020-03-08 1908 1183.848 0 0
2020-03-09 1929 1131.26 -52.588 -4.649
2020-03-10 1874 1180.157 48.897 4.143
2020-03-11 1883 1151.618 -28.539 -2.478
2020-03-12 1907 1099.961 -51.657 -4.696
2020-03-13 1942 1047.586 -52.375 -5
2020-03-14 1970 1033.118 -14.468 -1.4
2020-03-15 1970 1033.118 0 0
2020-03-16 1975 998.94 -34.178 -3.421
2020-03-17 1916 1041.717 42.777 4.106
2020-03-18 1954 987.389 -54.328 -5.502
2020-03-25 1915 1017.884 30.495 2.996
2020-03-26 1911 1040.436 22.552 2.168
2020-03-27 1895 1060.469 20.033 1.889
2020-03-28 1879 1078.754 18.285 1.695
2020-03-29 1879 1078.754 0 0
2020-03-30 1879 1078.754 0 0
2020-03-31 1883 1071.26 -7.494 -0.7
2020-04-01 1893 1065.422 -5.838 -0.548
2020-04-02 1887 1053.665 -11.757 -1.116
2020-04-03 1909 1039.572 -14.093 -1.356
2020-04-08 2101 1029.843 -9.729 -0.945
2020-04-10 2121 1024.566 -5.277 -0.515
2020-04-11 2121 1024.566 0 0
2020-04-12 2121 1024.566 0 0
2020-04-13 2112 1025.984 1.418 0.138
2020-04-14 2069 1056.171 30.187 2.858
2020-04-15 2088 1045.457 -10.714 -1.025
2020-04-17 2119 1029.228 -16.229 -1.577
2020-04-18 2121 1029.611 0.383 0.037
2020-04-19 2121 1029.611 0 0
2020-04-20 2117 1036.766 7.155 0.69
2020-04-21 2108 1034.277 -2.489 -0.241
2020-04-23 2128 1016.992 -17.285 -1.7
2020-04-24 2146 1000.722 -16.27 -1.626
2020-04-25 2140 1002.399 1.677 0.167
2020-04-26 2140 1002.399 0 0
2020-04-27 2129 1017.868 15.469 1.52
2020-04-28 2145 1008.663 -9.205 -0.913
2020-04-29 2151 1010.974 2.311 0.229
2020-04-30 2146 1028.488 17.514 1.703
2020-05-01 2145 1028.096 -0.392 -0.038
2020-05-02 2140 1028.385 0.289 0.028
2020-05-03 2139 1028.385 0 0
2020-05-04 2135 1028.385 0 0
2020-05-05 2130 1028.192 -0.193 -0.019
2020-05-06 2128 1031.279 3.087 0.299
2020-05-07 2148 1007.074 -24.205 -2.403
2020-05-08 2148 1011.16 4.086 0.404
2020-05-09 2153 1012.443 1.283 0.127
2020-05-10 2153 1012.443 0 0
2020-05-11 2113 1047.433 34.99 3.341
2020-05-12 2109 1048.313 0.88 0.084
2020-05-13 2166 1003.695 -44.618 -4.445
2020-05-14 2178 983.269 -20.426 -2.077
2020-06-10 2247 993.793 10.524 1.059
2020-08-18 2251 997.019 3.226 0.324
2020-08-19 2242 1000.838 3.819 0.382
2020-08-22 2236 1007.106 6.268 0.622
2020-08-23 2236 1007.106 0 0
2020-08-24 2231 1010.301 3.195 0.316
2020-08-25 2225 1020.22 9.919 0.972
2020-08-26 2230 1018.524 -1.696 -0.167
2020-08-27 2233 1017.481 -1.043 -0.103
2020-08-28 2239 1014.035 -3.446 -0.34
2020-08-29 2237 1025.013 10.978 1.071
2020-08-30 2237 1025.013 0 0
2020-08-31 2226 1029.397 4.384 0.426
2020-09-01 2232 1023.664 -5.733 -0.56
2020-09-02 2242 1022.115 -1.549 -0.152
2020-09-03 2232 1028.741 6.626 0.644
2020-09-04 2235 1022.413 -6.328 -0.619
2020-09-05 2236 1021.548 -0.865 -0.085
2020-09-06 2236 1021.548 0 0
2020-09-07 2222 1033.705 12.157 1.176
2020-09-08 2219 1028.784 -4.921 -0.478
2020-09-09 2215 1026.955 -1.829 -0.178
2020-09-10 2217 1029.076 2.121 0.206
2020-09-11 2215 1035.986 6.91 0.667
2020-09-12 2216 1035.791 -0.195 -0.019
2020-09-13 2216 1035.791 0 0
2020-09-14 2197 1052.6 16.809 1.597
2020-09-15 2208 1047.834 -4.766 -0.455
2020-09-16 2227 1034.691 -13.143 -1.27
2020-09-17 2229 1033.718 -0.973 -0.094
2020-09-18 2219 1039.017 5.299 0.51
2020-09-19 2214 1042.902 3.885 0.373
2020-09-21 2209 1042.902 0 0
2020-09-22 2210 1040.508 -2.394 -0.23
2020-09-23 2224 1021.981 -18.527 -1.813
2020-09-24 2229 1005.914 -16.067 -1.597
2020-09-25 2225 1013.44 7.526 0.743
2020-09-26 2226 1011.857 -1.583 -0.156
2020-09-27 2226 1011.857 0 0
2020-09-28 2218 1021.179 9.322 0.913
2020-09-29 2235 1000.928 -20.251 -2.023
2020-09-30 2248 974.687 -26.241 -2.692
2020-12-25 2341 1007.426 32.739 3.25
2020-12-26 2341 1007.426 0 0
2020-12-27 2341 1007.426 0 0
2020-12-28 2342 1005.347 -2.079 -0.207
2020-12-29 2338 1007.663 2.316 0.23
2020-12-31 2340 1008.202 0.539 0.053
2021-01-01 2341 1008.202 0 0
2021-01-02 2341 1008.202 0 0
2021-01-03 2341 1008.202 0 0
2021-01-04 2342 1001.644 -6.558 -0.655
2021-01-05 2360 991.469 -10.175 -1.026
2021-01-07 2350 1002.918 11.449 1.142
2021-01-09 2352 1003.749 0.831 0.083
2021-01-10 2352 1003.749 0 0
2021-01-11 2349 1003.749 0 0
2021-01-13 2346 1008.414 4.665 0.463
2021-01-14 2340 1024.606 16.192 1.58
2021-01-15 2341 1023.32 -1.286 -0.126
2021-01-16 2342 1022.828 -0.492 -0.048
2021-01-17 2342 1022.828 0 0
2021-01-18 2339 1025.494 2.666 0.26
2021-01-19 2338 1024.013 -1.481 -0.145
2021-01-20 2340 1023.125 -0.888 -0.087
2021-01-21 2328 1041.589 18.464 1.773
2021-01-22 2331 1031.189 -10.4 -1.009
2021-01-23 2330 1028.904 -2.285 -0.222
2021-01-24 2330 1028.904 0 0
2021-01-25 2318 1047.287 18.383 1.755
2021-01-26 2318 1046.896 -0.391 -0.037
2021-01-27 2312 1056.277 9.381 0.888
2021-01-28 2314 1053.088 -3.189 -0.303
2021-01-29 2321 1038.847 -14.241 -1.371
2021-01-30 2326 1035.026 -3.821 -0.369
2021-01-31 2326 1035.026 0 0
2021-02-01 2326 1034.927 -0.099 -0.01
2021-02-02 2326 1033.353 -1.574 -0.152
2021-02-03 2329 1032.815 -0.538 -0.052
2021-02-04 2328 1033.555 0.74 0.072
2021-02-05 2323 1038.047 4.492 0.433
2021-02-06 2327 1037.604 -0.443 -0.043
2021-02-07 2328 1037.604 0 0
2021-02-08 2335 1032.685 -4.919 -0.476
2021-02-09 2339 1031.389 -1.296 -0.126
2021-02-10 2342 1032.94 1.551 0.15
2021-02-11 2354 1009.306 -23.634 -2.342
2021-02-12 2353 1008.53 -0.776 -0.077
2021-02-13 2353 1006.128 -2.402 -0.239
2021-02-14 2353 1006.128 0 0
2021-02-15 2352 1006.523 0.395 0.039
2021-02-16 2353 1008.599 2.076 0.206
2021-02-17 2360 1003.404 -5.195 -0.518
2021-02-19 2372 997.737 -5.667 -0.568
2021-02-23 2363 1005.221 7.484 0.745
2021-02-24 2363 1010.415 5.194 0.514
2021-02-25 2368 1002.104 -8.311 -0.829
2022-02-10 2586 1005.215 3.111 0.309
2022-02-11 2596 1000.967 -4.248 -0.424
2022-02-12 2590 1001.615 0.648 0.065
2022-02-13 2592 1001.615 0 0
2022-02-14 2579 1000.72 -0.895 -0.089
2022-02-15 2580 1000.305 -0.415 -0.041
2022-02-17 2581 1004.171 3.866 0.385
2022-02-18 2571 1012.295 8.124 0.803
2022-02-19 2568 1010.712 -1.583 -0.157
2022-02-20 2566 1010.712 0 0
2022-02-21 2574 1009.361 -1.351 -0.134
2022-02-22 2560 1006.657 -2.704 -0.269
2022-02-23 2553 1007.357 0.7 0.069
2022-02-24 2543 1010.326 2.969 0.294
2022-02-25 2544 1001.797 -8.529 -0.851
2022-02-26 2571 1001.97 0.173 0.017
2022-02-27 2572 1001.97 0 0
2022-02-28 2555 1003.766 1.796 0.179
2022-03-01 2552 1008.647 4.881 0.484
2022-03-02 2548 1008.734 0.087 0.009
2022-03-03 2533 1009.153 0.419 0.042
2022-03-04 2535 1002.84 -6.313 -0.63
2022-03-05 2516 1010.002 7.162 0.709
2022-03-06 2520 1010.002 0 0
2022-03-07 2493 1006.839 -3.163 -0.314
2022-03-08 2475 996.469 -10.37 -1.041
2022-05-25 2526 1006.583 10.114 1.005
2022-05-26 2534 1001.404 -5.179 -0.517
2022-05-27 2553 997.565 -3.839 -0.385
2022-12-02 2489 1009.61 12.045 1.193
2022-12-03 2494 1013.001 3.391 0.335
2022-12-04 2494 1013.001 0 0
2022-12-05 2489 1009.171 -3.83 -0.38
2022-12-06 2498 1007.704 -1.467 -0.146
2022-12-07 2498 1001.975 -5.729 -0.572
2022-12-08 2486 1008.441 6.466 0.641
2022-12-09 2474 1013.033 4.592 0.453
2022-12-10 2492 1012.291 -0.742 -0.073
2022-12-11 2492 1012.291 0 0
2022-12-12 2494 1008.493 -3.798 -0.377
2022-12-13 2506 997.944 -10.549 -1.057
2022-12-14 2486 1016.092 18.148 1.786
2022-12-15 2476 1020.849 4.757 0.466
2022-12-16 2472 1010.618 -10.231 -1.012
2022-12-17 2466 1017.088 6.47 0.636
2022-12-18 2466 1017.088 0 0
2022-12-19 2462 1010.254 -6.834 -0.676
2022-12-20 2460 1008.736 -1.518 -0.15
2022-12-21 2419 1049.035 40.299 3.842
2022-12-22 2412 1055.352 6.317 0.599
2022-12-23 2422 1040.802 -14.55 -1.398
2022-12-24 2427 1036.141 -4.661 -0.45
2022-12-25 2426 1036.141 0 0
2022-12-26 2424 1040.047 3.906 0.376
2022-12-27 2425 1043.171 3.124 0.299
2022-12-28 2430 1037.703 -5.468 -0.527
2022-12-29 2429 1031.712 -5.991 -0.581
2022-12-30 2424 1040.235 8.523 0.819
2022-12-31 2415 1050.326 10.091 0.961
2023-01-01 2415 1050.326 0 0
2023-01-02 2413 1050.326 0 0
2023-01-03 2415 1050.326 0 0
2023-01-04 2418 1052.742 2.416 0.229
2023-01-05 2435 1022.927 -29.815 -2.915
2023-01-06 2473 1004.179 -18.748 -1.867
2023-01-07 2476 1015.213 11.034 1.087
2023-01-08 2476 1015.213 0 0
2023-01-09 2481 1015.213 0 0
2023-01-10 2499 1014.734 -0.479 -0.047
2023-01-11 2497 1015.84 1.106 0.109
2023-01-13 2490 1032.348 16.508 1.599
2023-01-14 2481 1051.009 18.661 1.776
2023-01-15 2481 1051.009 0 0
2023-01-16 2481 1053.45 2.441 0.232
2023-01-17 2463 1062.402 8.952 0.843
2023-01-18 2464 1057.906 -4.496 -0.425
2023-01-19 2468 1055.97 -1.936 -0.183
2023-01-20 2449 1063.431 7.461 0.702
2023-01-21 2472 1051.481 -11.95 -1.136
2023-01-22 2472 1051.481 0 0
2023-01-23 2477 1047.487 -3.994 -0.381
2023-01-24 2492 1037.902 -9.585 -0.923
2023-01-25 2483 1043.463 5.561 0.533
2023-01-26 2479 1051.634 8.171 0.777
2023-01-27 2489 1044.823 -6.811 -0.652
2023-01-29 2485 1048.681 3.858 0.368
2023-01-30 2473 1051.076 2.395 0.228
2023-01-31 2479 1052.073 0.997 0.095
2023-02-01 2475 1059.288 7.215 0.681
2023-02-02 2487 1056.931 -2.357 -0.223
2023-02-03 2485 1059.969 3.038 0.287
2023-02-04 2485 1059.969 0 0
2023-02-05 2510 1038.574 -21.395 -2.06
2023-02-06 2504 1034.615 -3.959 -0.383
2023-02-07 2504 1028.253 -6.362 -0.619
2023-02-08 2487 1038.441 10.188 0.981
2023-02-09 2511 1025.225 -13.216 -1.289
2023-02-10 2477 1046.355 21.13 2.019
2023-02-11 2474 1043.327 -3.028 -0.29
2023-02-12 2475 1043.327 0 0
2023-02-13 2463 1050.27 6.943 0.661
2023-02-14 2465 1054.503 4.233 0.401
2023-02-15 2478 1049.045 -5.458 -0.52
2023-02-16 2472 1035.222 -13.823 -1.335
2023-02-17 2453 1044.218 8.996 0.862
2023-02-18 2451 1044.218 0 0
2023-02-19 2451 1044.218 0 0
2023-02-20 2459 1038.683 -5.535 -0.533
2023-02-21 2449 1035.667 -3.016 -0.291
2023-02-22 2460 1029.738 -5.929 -0.576
2023-02-23 2452 1030.542 0.804 0.078
2023-02-24 2443 1034.717 4.175 0.403
2023-02-25 2448 1023.071 -11.646 -1.138
2023-02-26 2449 1023.071 0 0
2023-02-27 2456 1018.615 -4.456 -0.437
2023-02-28 2446 1023.65 5.035 0.492
2023-03-01 2449 1025.835 2.185 0.213
2023-03-02 2448 1026.513 0.678 0.066
2023-03-03 2445 1025.938 -0.575 -0.056
2023-03-04 2439 1028.609 2.671 0.26
2023-03-05 2439 1028.609 0 0
2023-03-06 2453 1020.437 -8.172 -0.801
2023-03-07 2440 1022.732 2.295 0.224
2023-03-08 2435 1025.928 3.196 0.312
2023-03-09 2418 1029.543 3.615 0.351
2023-03-10 2405 1032.362 2.819 0.273
2023-03-11 2388 1047.731 15.369 1.467
2023-03-12 2386 1047.731 0 0
2023-03-13 2379 1043.207 -4.524 -0.434
2023-03-14 2382 1038.038 -5.169 -0.498
2023-03-15 2390 1032.882 -5.156 -0.499
2023-03-16 2377 1036.843 3.961 0.382
2023-03-17 2384 1033.955 -2.888 -0.279
2023-03-18 2382 1041.473 7.518 0.722
2023-03-19 2381 1041.473 0 0
2023-03-20 2386 1032.267 -9.206 -0.892
2023-03-21 2388 1035.483 3.216 0.311
2023-03-22 2386 1044.718 9.235 0.884
2023-03-23 2384 1044.905 0.187 0.018
2023-03-24 2375 1059.754 14.849 1.401
2023-03-25 2363 1062.675 2.921 0.275
2023-03-26 2362 1062.675 0 0
2023-03-27 2358 1064.225 1.55 0.146
2023-03-28 2363 1058.645 -5.58 -0.527
2023-03-29 2348 1076.239 17.594 1.635
2023-03-30 2374 1057.615 -18.624 -1.761
2023-03-31 2393 1048.112 -9.503 -0.907
