2022-04-05 271 8500.156 0 0
2022-04-06 271 8451.343 -48.813 -0.574
2022-04-07 270 8433.112 -18.231 -0.216
2022-04-08 270 8440.31 7.198 0.085
2022-04-09 273 8419.182 -21.128 -0.25
2022-04-10 273 8419.182 0 0
2022-04-11 268 8410.1 -9.082 -0.108
2022-04-12 268 8427.346 17.246 0.205
2022-04-13 266 8419.537 -7.809 -0.093
2022-04-14 266 8403.635 -15.902 -0.189
2022-04-15 268 8344.06 -59.575 -0.709
2022-04-16 268 8344.06 0 0
2022-04-17 268 8344.06 0 0
2022-04-18 267 8344.06 0 0
2022-04-19 269 8341.568 -2.492 -0.03
2022-04-20 271 8311.418 -30.15 -0.361
2022-04-21 269 8355.559 44.141 0.531
2022-04-22 264 8332.834 -22.725 -0.272
2022-04-23 267 8282.674 -50.16 -0.602
2022-04-24 267 8282.674 0 0
2022-04-25 261 8277.296 -5.378 -0.065
2022-04-26 259 8234.742 -42.554 -0.514
2022-04-27 266 8202.907 -31.835 -0.387
2022-04-28 270 8120.596 -82.311 -1.003
2022-04-29 270 8112.773 -7.823 -0.096
2022-04-30 270 8130.204 17.431 0.215
2022-05-01 270 8130.204 0 0
2022-05-02 269 8129.218 -0.986 -0.012
2022-05-03 271 8095.468 -33.75 -0.415
2022-05-04 272 8092.44 -3.028 -0.037
2022-05-05 267 8092.037 -0.403 -0.005
2022-05-06 265 8053.772 -38.265 -0.473
2022-05-07 264 8077.851 24.079 0.299
2022-05-08 264 8077.851 0 0
2022-05-09 258 8063.357 -14.494 -0.179
2022-05-10 254 8012.051 -51.306 -0.636
2022-05-11 255 8028.367 16.316 0.204
2022-05-12 253 8034.756 6.389 0.08
2022-05-13 261 7968.044 -66.712 -0.83
2022-05-14 262 7949.369 -18.675 -0.234
2022-05-15 262 7949.369 0 0
2022-05-16 261 7942.828 -6.541 -0.082
2022-05-17 263 7942.192 -0.636 -0.008
2022-05-18 255 8024.652 82.46 1.038
2022-05-19 251 8017.1 -7.552 -0.094
2022-05-20 249 8109.384 92.284 1.151
2022-05-21 249 8085.762 -23.622 -0.291
2022-05-22 249 8085.762 0 0
2022-05-23 252 8085.044 -0.718 -0.009
2022-05-24 244 8160.122 75.078 0.929
2022-05-25 242 8202.928 42.806 0.525
2022-05-26 246 8172.377 -30.551 -0.372
2022-05-27 255 8202.234 29.857 0.365
2022-05-28 254 8211.276 9.042 0.11
2022-05-29 254 8211.276 0 0
2022-05-30 256 8212.356 1.08 0.013
2022-05-31 259 8200.169 -12.187 -0.148
2022-06-01 259 8182.905 -17.264 -0.211
2022-06-02 259 8153.03 -29.875 -0.365
2022-06-03 257 8179.298 26.268 0.322
2022-06-04 258 8174.743 -4.555 -0.056
2022-06-05 258 8174.743 0 0
2022-06-06 260 8174.743 0 0
2022-06-07 259 8161.76 -12.983 -0.159
2022-06-08 265 8123.974 -37.786 -0.463
2022-06-09 253 8123.123 -0.851 -0.01
2022-06-10 253 8063.223 -59.9 -0.737
2022-06-11 258 7982.332 -80.891 -1.003
2022-06-12 258 7982.332 0 0
2022-06-13 253 7963.88 -18.452 -0.231
2022-06-14 258 7871.257 -92.623 -1.163
2022-06-15 261 7857.571 -13.686 -0.174
2022-06-16 259 7834.439 -23.132 -0.294
2022-06-17 253 7956.113 121.674 1.553
2022-06-18 254 7930.036 -26.077 -0.328
2022-06-19 254 7930.036 0 0
2022-06-20 253 7943.868 13.832 0.174
2022-06-21 257 7952.427 8.559 0.108
2022-06-22 249 8032.862 80.435 1.011
2022-06-24 255 8054.588 21.726 0.27
2022-06-25 254 8071.261 16.673 0.207
2022-06-26 254 8071.261 0 0
2022-06-27 254 8076.777 5.516 0.068
2022-06-28 251 8096.438 19.661 0.243
2022-06-29 252 8061.884 -34.554 -0.427
2022-06-30 251 8050.377 -11.507 -0.143
