2019-11-07 1816 1309.778 0 0
2020-01-19 1815 1364.886 55.108 4.207
2020-02-07 1961 1179.272 -185.614 -13.599
2020-02-15 1883 1257.02 77.748 6.593
2020-02-16 1883 1257.02 0 0
2020-02-17 1882 1259.01 1.99 0.158
2020-02-18 1908 1231.142 -27.868 -2.213
2020-02-19 1895 1242.363 11.221 0.911
2020-02-20 1918 1226.191 -16.172 -1.302
2020-02-21 1932 1210.154 -16.037 -1.308
2020-02-22 1934 1209.007 -1.147 -0.095
2020-02-23 1932 1209.007 0 0
2020-02-24 1944 1185.187 -23.82 -1.97
2020-02-25 1927 1194.241 9.054 0.764
2020-02-26 1901 1205.007 10.766 0.901
2020-02-27 1868 1220.591 15.584 1.293
2020-02-28 1913 1182.84 -37.751 -3.093
2020-02-29 1900 1183.59 0.75 0.063
2020-03-01 1902 1183.59 0 0
2020-03-02 1862 1223.267 39.677 3.352
2020-03-03 1866 1219.39 -3.877 -0.317
2020-03-04 1856 1240.64 21.25 1.743
2020-03-05 1849 1245.385 4.745 0.382
2020-03-06 1881 1201.244 -44.141 -3.544
2020-03-07 1884 1201.571 0.327 0.027
2020-03-08 1880 1201.571 0 0
2020-03-09 1923 1139.895 -61.676 -5.133
2020-03-10 1883 1169.11 29.215 2.563
2020-03-11 1873 1159.584 -9.526 -0.815
2020-03-12 1876 1122.846 -36.738 -3.168
2020-03-13 1885 1102.197 -20.649 -1.839
2020-03-14 1884 1103.632 1.435 0.13
2020-03-15 1884 1103.632 0 0
2020-03-16 1908 1053.91 -49.722 -4.505
2020-03-17 1937 1023.389 -30.521 -2.896
2020-03-18  974.014 -49.375 -4.825
2020-03-21 1926 1010.578 36.564 3.754
2020-03-22 1925 1010.578 0 0
2020-03-23  943.798 -66.78 -6.608
2020-03-26 1910 1041.021 97.223 10.301
2020-03-27 1930 1035.273 -5.748 -0.552
2020-03-28 1893 1064.417 29.144 2.815
2020-03-29 1893 1064.417 0 0
2020-03-30 1893 1064.417 0 0
2020-03-31 1892 1057.97 -6.447 -0.606
2020-04-01 1874 1093.305 35.335 3.34
2020-04-02 1873 1067.801 -25.504 -2.333
2020-04-03 1861 1082.197 14.396 1.348
2020-04-04 1862 1074.21 -7.987 -0.738
2020-04-05 1862 1074.21 0 0
2020-04-06 1862 1074.21 0 0
2020-04-07 1831 1127.094 52.884 4.923
2020-04-08 2014 1101.003 -26.091 -2.315
2020-04-09 2003 1115.599 14.596 1.326
2020-04-10 2007 1115.724 0.125 0.011
2020-04-11 2007 1115.724 0 0
2020-04-12 2007 1115.724 0 0
2020-04-13 2005 1115.724 0 0
2020-04-14 1988 1130.895 15.171 1.36
2020-04-15 2016 1110.823 -20.072 -1.775
2020-04-16 2002 1112.934 2.111 0.19
2020-04-17 1978 1133.601 20.667 1.857
2020-04-18 1985 1133.606 0.005 0
2020-04-19 1985 1133.606 0 0
2020-04-20 2003 1119.643 -13.963 -1.232
2020-04-21 2012 1102.715 -16.928 -1.512
2020-04-23 2000 1117.526 14.811 1.343
2020-04-24 2009 1112.632 -4.894 -0.438
2020-04-25 2007 1112.485 -0.147 -0.013
2020-04-26 2007 1112.485 0 0
2020-04-27 1981 1130.437 17.952 1.614
2020-04-28 1981 1141.474 11.037 0.976
2020-04-29 1978 1154.401 12.927 1.132
2020-04-30 1984 1154.571 0.17 0.015
