2026-06-17 2753 1406.95 0 0
2026-06-18 2747 1406.95 0 0
2026-06-19 2753 1406.95 0 0
2026-06-20 2748 1406.95 0 0
2026-06-21 2748 1406.95 0 0
2026-06-22 2743 1406.95 0 0
2026-06-23 2743 1406.95 0 0
2026-06-24 2744 1406.95 0 0
2026-06-25 2740 1406.95 0 0
2026-06-26 2728 1406.95 0 0
2026-06-27 2736 1406.95 0 0
2026-06-28 2739 1406.95 0 0
2026-06-29 2741 1406.95 0 0
2026-06-30 2740 1406.95 0 0
2026-07-01 2748 1406.95 0 0
2026-07-02 2759 1406.95 0 0
2026-07-03 2753 1406.95 0 0
2026-07-04 2751 1406.95 0 0
2026-07-05 2751 1406.95 0 0
2026-07-06 2749 1406.95 0 0
2026-07-07 2750 1406.95 0 0
2026-07-08 2742 1406.95 0 0
2026-07-09 2732 1406.95 0 0
2026-07-10 2746 1406.95 0 0
2026-07-11 2747 1406.95 0 0
2026-07-12 2750 1406.95 0 0
2026-07-13 2745 1406.95 0 0
2026-07-14 2737 1406.95 0 0
2026-07-15 2740 1406.95 0 0
2026-07-16 2750 1406.95 0 0
2026-07-17 2741 1406.95 0 0
2026-07-18 2734 1406.95 0 0
2026-07-19 2734 1406.95 0 0
2026-07-20 2732 1406.95 0 0
2026-07-21 2728 1406.95 0 0
2026-07-22 2735 1406.95 0 0
