2020-01-19 1448 1800 0 0
2020-02-07 1424 1800 0 0
2020-02-15 1427 1800 0 0
2020-02-16 1427 1800 0 0
2020-02-17 1430 1800 0 0
2020-02-18 1426 1800 0 0
2020-02-19 1432 1800 0 0
2020-02-20 1433 1800 0 0
2020-02-21 1427 1800 0 0
2020-02-22 1429 1800 0 0
2020-02-23 1428 1800 0 0
2020-02-24 1422 1800 0 0
2020-02-25 1412 1800 0 0
2020-02-26 1403 1800 0 0
2020-02-27 1390 1800 0 0
2020-02-28 1381 1800 0 0
2020-02-29 1378 1800 0 0
2020-03-01 1381 1800 0 0
2020-03-02 1388 1800 0 0
2020-03-03 1395 1800 0 0
2020-03-04 1398 1800 0 0
2020-03-05 1400 1800 0 0
2020-03-06 1394 1800 0 0
2020-03-07 1394 1800 0 0
2020-03-08 1390 1800 0 0
2020-03-09 1363 1800 0 0
2020-03-10 1356 1800 0 0
2020-03-11 1336 1800 0 0
2020-03-12 1301 1800 0 0
2020-03-13 1283 1800 0 0
2020-03-14 1287 1800 0 0
2020-03-15 1288 1800 0 0
2020-03-16 1251 1800 0 0
2020-03-17 1239 1800 0 0
2020-03-18 1220 1800 0 0
2020-03-19 1210 1800 0 0
2020-03-20 1214 1800 0 0
2020-03-21 1216 1800 0 0
2020-03-22 1216 1800 0 0
2020-03-23 1205 1800 0 0
2020-03-24 1194 1800 0 0
2020-03-25 1231 1800 0 0
2020-03-26 1245 1800 0 0
2020-03-27 1262 1800 0 0
2020-03-28 1256 1800 0 0
2020-03-29 1256 1800 0 0
2020-03-30 1256 1800 0 0
2020-03-31 1246 1800 0 0
2020-04-01 1255 1800 0 0
2020-04-02 1245 1800 0 0
2020-04-03 1244 1800 0 0
2020-04-04 1236 1800 0 0
2020-04-05 1236 1800 0 0
2020-04-06 1236 1800 0 0
2020-04-07 1269 1800 0 0
2020-04-08 1307 1800 0 0
2020-04-10 1315 1800 0 0
2020-04-11 1315 1800 0 0
2020-04-12 1315 1800 0 0
2020-04-13 1314 1800 0 0
2020-04-14 1325 1800 0 0
2020-04-15 1325 1800 0 0
2020-04-17 1326 1800 0 0
2020-04-18 1331 1800 0 0
2020-04-19 1331 1800 0 0
2020-04-20 1330 1800 0 0
2020-04-21 1318 1800 0 0
2020-04-23 1316 1800 0 0
2020-04-24 1313 1800 0 0
2020-04-25 1306 1800 0 0
2020-04-26 1306 1800 0 0
2020-04-27 1312 1800 0 0
2020-04-28 1321 1800 0 0
2020-04-29 1332 1800 0 0
2020-04-30 1345 1800 0 0
2020-05-01 1342 1800 0 0
2020-05-02 1341 1800 0 0
2020-05-03 1341 1800 0 0
2020-05-04 1339 1800 0 0
2020-05-05 1340 1800 0 0
2020-05-06 1350 1800 0 0
2020-05-07 1344 1800 0 0
2020-05-08 1347 1800 0 0
2020-05-09 1348 1800 0 0
2020-05-10 1348 1800 0 0
2020-05-11 1354 1800 0 0
2020-05-12 1352 1800 0 0
2020-05-13 1349 1800 0 0
2020-05-14 1341 1800 0 0
2020-05-15 1341 1800 0 0
2020-05-16 1346 1800 0 0
2020-05-17 1346 1800 0 0
2020-05-18 1349 1800 0 0
2020-05-19 1355 1800 0 0
2020-05-20 1361 1800 0 0
2020-05-21 1360 1800 0 0
2020-05-22 1357 1800 0 0
2020-05-23 1347 1800 0 0
2020-05-24 1347 1800 0 0
2020-05-25 1356 1800 0 0
2020-05-26 1364 1800 0 0
2020-05-27 1375 1800 0 0
2020-05-28 1374 1800 0 0
2020-05-29 1377 1800 0 0
2020-05-30 1378 1800 0 0
2020-05-31 1378 1800 0 0
