2024-03-30 2528 1160.755 0 0
2024-03-31 2528 1160.755 0 0
2024-04-02 2431 1240.914 80.159 6.906
2024-04-03 2398 1258.431 17.517 1.412
2024-04-04 2394 1263.701 5.27 0.419
2024-04-05 2396 1261.878 -1.823 -0.144
2024-04-06 2392 1264.244 2.366 0.187
2024-04-07 2392 1264.244 0 0
2024-04-08 2342 1302.02 37.776 2.988
2024-04-09 2188 1425.788 123.768 9.506
2024-04-10 2219 1399.623 -26.165 -1.835
2024-04-11 2208 1401.662 2.039 0.146
2024-04-12 2196 1405.217 3.555 0.254
2024-04-13 2196 1401.364 -3.853 -0.274
2024-04-14 2196 1401.364 0 0
2024-04-15 2247 1358.055 -43.309 -3.09
2024-04-16 2203 1384.616 26.561 1.956
2024-04-17 2207 1383.041 -1.575 -0.114
2024-04-18 2164 1413.347 30.306 2.191
2024-04-19 2061 1507.223 93.876 6.642
2024-04-20 2059 1508.579 1.356 0.09
2024-04-21 2059 1508.579 0 0
2024-04-22 2006 1566.068 57.489 3.811
2024-04-23 2021 1557.02 -9.048 -0.578
2024-04-24 1991 1583.085 26.065 1.674
2024-04-25 1926 1650.511 67.426 4.259
2024-04-26 1848 1734.488 83.977 5.088
2024-04-27 1847 1733.97 -0.518 -0.03
2024-04-28 1847 1733.97 0 0
2024-04-29 1932 1668.2 -65.77 -3.793
2024-04-30 1990 1597.57 -70.63 -4.234
2024-05-01 1990 1598.382 0.812 0.051
2024-05-02 1963 1634.962 36.58 2.289
2024-05-03 1975 1625.161 -9.801 -0.599
2024-05-04 1977 1625.844 0.683 0.042
2024-05-05 1977 1625.844 0 0
2024-05-06 1995 1608.67 -17.174 -1.056
2024-05-07 2000 1597.943 -10.727 -0.667
2024-05-08 2026 1575.038 -22.905 -1.433
2024-05-09 2165 1457.226 -117.812 -7.48
2024-05-10 2169 1453.966 -3.26 -0.224
2024-05-11 2168 1454.142 0.176 0.012
2024-05-12 2168 1454.142 0 0
2024-05-13 2092 1528.374 74.232 5.105
2024-05-14 2094 1527.428 -0.946 -0.062
2024-05-15 2080 1537.364 9.936 0.651
2024-05-16 2040 1571.382 34.018 2.213
2024-05-17 2035 1583.429 12.047 0.767
2024-05-18 2008 1616.853 33.424 2.111
2024-05-19 2008 1616.853 0 0
2024-05-20 2010 1616.853 0 0
2024-05-21 2071 1545.319 -71.534 -4.424
2024-05-22 2114 1507.986 -37.333 -2.416
2024-05-23 2078 1532.84 24.854 1.648
2024-05-24 2087 1521.236 -11.604 -0.757
2024-05-25 2085 1524.599 3.363 0.221
2024-05-26 2085 1524.599 0 0
2024-05-27 2080 1532.669 8.07 0.529
2024-05-28 2089 1520.488 -12.181 -0.795
2024-05-29 2061 1540.875 20.387 1.341
2024-05-30 2065 1530.137 -10.738 -0.697
2024-05-31 2097 1498.203 -31.934 -2.087
2024-06-01 2102 1495.444 -2.759 -0.184
2024-06-02 2102 1495.444 0 0
2024-06-03 1997 1595.514 100.07 6.692
2024-06-04 2196 1417.492 -178.022 -11.158
2024-06-05 2095 1513.888 96.396 6.8
2024-06-06 2056 1546.399 32.511 2.148
2024-06-07 1991 1624.368 77.969 5.042
2024-06-09 1990 1626.318 1.95 0.12
2024-06-10 1860 1756.189 129.871 7.986
2024-06-11 1843 1764.688 8.499 0.484
2024-06-12 1823 1783.138 18.45 1.046
2024-06-13 1859 1748.812 -34.326 -1.925
2024-06-14 1852 1748.49 -0.322 -0.018
2024-06-15 1852 1748.203 -0.287 -0.016
2024-06-16 1852 1748.203 0 0
2024-06-17 1852 1748.203 0 0
2024-06-18 1842 1757.479 9.276 0.531
2024-06-19 1776 1830.222 72.743 4.139
2024-06-20 1770 1826.187 -4.035 -0.22
2024-06-21 1805 1792.312 -33.875 -1.855
2024-06-22 1801 1794.779 2.467 0.138
2024-06-23 1801 1794.779 0 0
2024-06-24 1873 1721.892 -72.887 -4.061
2024-06-25 1897 1688.142 -33.75 -1.96
2024-06-26 1935 1658.339 -29.803 -1.765
2024-06-27 1900 1678.283 19.944 1.203
2024-06-28 1952 1643.841 -34.442 -2.052
2024-06-29 1952 1645.244 1.403 0.085
2024-06-30 1952 1645.244 0 0
