2022-09-27 320 6830.985 0 0
2022-09-28 327 6728.186 -102.799 -1.505
2022-09-29 326 6709.425 -18.761 -0.279
2022-09-30 329 6658.806 -50.619 -0.754
2022-10-01 327 6666.257 7.451 0.112
2022-10-02 327 6666.257 0 0
2022-10-03 325 6686.129 19.872 0.298
2022-10-04 337 6686.129 0 0
2022-10-05 315 6924.604 238.475 3.567
2022-10-06 365 6437.794 -486.81 -7.03
2022-10-07 363 6407.985 -29.809 -0.463
2022-10-08 359 6407.909 -0.076 -0.001
2022-10-09 359 6407.909 0 0
2022-10-10 373 6197.317 -210.592 -3.286
2022-10-11 368 6201.551 4.234 0.068
2022-10-12 368 6196.753 -4.798 -0.077
2022-10-13 378 6096.675 -100.078 -1.615
2022-10-14 359 6381.111 284.436 4.665
2022-10-15 357 6381.094 -0.017 0
2022-10-16 356 6381.094 0 0
2022-10-17 292 7167.913 786.819 12.33
2022-10-18 271 7553.217 385.304 5.375
2022-10-19 288 7269.592 -283.625 -3.755
2022-10-20 274 7468.132 198.54 2.731
2022-10-21 262 7607.492 139.36 1.866
2022-10-22 264 7606.228 -1.264 -0.017
2022-10-23 263 7606.228 0 0
2022-10-24 293 7065.914 -540.314 -7.104
2022-10-25 288 7202.047 136.133 1.927
2022-10-26 266 7567.964 365.917 5.081
2022-10-27 289 7309.977 -257.987 -3.409
2022-10-28 306 6979.628 -330.349 -4.519
2022-10-29 306 6975.779 -3.849 -0.055
2022-10-30 306 6975.779 0 0
2022-10-31 332 6635.295 -340.484 -4.881
2022-11-01 290 7195.721 560.426 8.446
2022-11-02 264 7542.678 346.957 4.822
2022-11-03 283 7285.142 -257.536 -3.414
2022-11-04 278 7327.26 42.118 0.578
2022-11-05 282 7331.655 4.395 0.06
2022-11-06 282 7331.655 0 0
