2019-11-07 99 14486.679 0 0
2020-01-19 98 15345.563 858.884 5.929
2020-02-07 97 14790.885 -554.678 -3.615
2020-02-15 106 14342.798 -448.087 -3.029
2020-02-16 106 14342.798 0 0
2020-02-17 107 14353.377 10.579 0.074
2020-02-18 107 14350.501 -2.876 -0.02
2020-02-19 108 14342.095 -8.406 -0.059
2020-02-20 106 14397.894 55.799 0.389
2020-02-21 105 14322.051 -75.843 -0.527
2020-02-22 105 14336.028 13.977 0.098
2020-02-23 105 14336.028 0 0
2020-02-24 102 14336.028 0 0
2020-02-25 101 14094.539 -241.489 -1.684
2020-02-26 103 13941.659 -152.88 -1.085
2020-02-27 107 13962.153 20.494 0.147
2020-02-28 105 13662.312 -299.841 -2.148
2020-02-29 108 13330.629 -331.683 -2.428
2020-03-01 96 14339.571 1008.942 7.569
2020-03-02 97 14346.953 7.382 0.051
2020-03-03 96 14523.35 176.397 1.23
2020-03-04 95 14814.846 291.496 2.007
2020-03-05 96 14690.934 -123.912 -0.836
2020-03-06 97 14537.308 -153.626 -1.046
2020-03-07 103 13991.097 -546.211 -3.757
2020-03-08 98 14334.15 343.053 2.452
2020-03-09 92 14334.15 0 0
2020-03-10 104 13406.508 -927.642 -6.472
2020-03-11 99 13806.177 399.669 2.981
2020-03-12 91 13813.187 7.01 0.051
2020-03-13 100 12919.905 -893.282 -6.467
2020-03-14 100 13052.845 132.94 1.029
2020-03-15 100 13052.845 0 0
2020-03-16 95 13042.643 -10.202 -0.078
2020-03-17 96 12999.97 -42.673 -0.327
2020-03-18 91 13045.273 45.303 0.348
2020-03-19 94 12493.537 -551.736 -4.229
2020-03-20 91 12707.926 214.389 1.716
2020-03-21 89 12841.619 133.693 1.052
2020-03-22 89 12841.619 0 0
2020-03-23 88 12840.862 -0.757 -0.006
2020-03-24 87 12838.095 -2.767 -0.022
2020-03-25 88 13219.457 381.362 2.971
2020-03-26 94 13112.41 -107.047 -0.81
2020-03-27 95 13456.478 344.068 2.624
2020-03-28 100 12976.675 -479.803 -3.566
2020-03-29 100 12976.675 0 0
2020-03-30 100 12976.675 0 0
2020-03-31 101 13015.414 38.739 0.299
2020-04-01 100 13256.958 241.544 1.856
2020-04-02 98 13024.153 -232.805 -1.756
2020-04-03 96 13185.687 161.534 1.24
2020-04-04 94 13321.23 135.543 1.028
2020-04-05 94 13321.23 0 0
2020-04-06 94 13321.23 0 0
2020-04-07 99 13482.05 160.82 1.207
2020-04-08 100 13633.696 151.646 1.125
2020-04-09 100 13821.405 187.709 1.377
2020-04-10 92 14232.261 410.856 2.973
2020-04-11 92 14232.261 0 0
2020-04-12 92 14232.261 0 0
2020-04-13 90 14232.633 0.372 0.003
2020-04-14 99 13885.573 -347.06 -2.438
2020-04-15 91 14120.719 235.146 1.693
2020-04-16 97 13834.973 -285.746 -2.024
2020-04-17 97 13951.129 116.156 0.84
2020-04-18 96 14019.5 68.371 0.49
2020-04-19 96 14019.5 0 0
2020-04-20 96 14019.925 0.425 0.003
2020-04-21 90 14037.289 17.364 0.124
2020-04-23 91 14112.533 75.244 0.536
2020-04-24 87 14205.777 93.244 0.661
2020-04-25 88 14169.978 -35.799 -0.252
2020-04-26 88 14169.978 0 0
2020-04-27 90 14172.507 2.529 0.018
2020-04-28 92 14189.919 17.412 0.123
2020-04-29 92 14345.395 155.476 1.096
2020-04-30 93 14460.135 114.74 0.8
