2025-12-05 2973 1100 0 0
2025-12-06 2977 1100 0 0
2025-12-07 2977 1100 0 0
2025-12-08 2986 1100 0 0
2025-12-09 2984 1100 0 0
2025-12-10 2988 1100 0 0
2025-12-11 2981 1100 0 0
2025-12-12 2983 1100 0 0
2025-12-13 2983 1100 0 0
2025-12-14 2983 1100 0 0
2025-12-15 2978 1100 0 0
2025-12-16 2971 1100 0 0
2025-12-17 2973 1100 0 0
2025-12-18 2979 1100 0 0
2025-12-19 2986 1100 0 0
2025-12-20 2986 1100 0 0
2025-12-21 2991 1100 0 0
2025-12-22 2996 1100 0 0
2025-12-23 2995 1100 0 0
2025-12-24 3000 1100 0 0
2025-12-25 3007 1100 0 0
2025-12-26 3007 1100 0 0
2025-12-27 3007 1100 0 0
2025-12-28 3006 1100 0 0
2025-12-29 3005 1100 0 0
2025-12-30 3004 1100 0 0
2025-12-31 3007 1100 0 0
2026-01-01 3007 1100 0 0
2026-01-02 3005 1100 0 0
2026-01-03 3005 1100 0 0
2026-01-05 3015 1100 0 0
2026-01-06 3023 1100 0 0
2026-01-07 3032 1100 0 0
2026-01-08 3037 1100 0 0
2026-01-09 3041 1100 0 0
2026-01-10 3040 1100 0 0
2026-01-11 3041 1100 0 0
2026-01-12 3046 1100 0 0
2026-01-13 3040 1100 0 0
2026-01-14 3045 1100 0 0
2026-01-15 3050 1100 0 0
2026-01-16 3051 1100 0 0
2026-01-17 3050 1100 0 0
2026-01-18 3050 1100 0 0
2026-01-19 3046 1100 0 0
2026-01-20 3038 1100 0 0
2026-01-21 3049 1100 0 0
2026-01-22 3048 1100 0 0
2026-01-23 3056 1100 0 0
2026-01-24 3057 1100 0 0
2026-01-25 3057 1100 0 0
2026-01-26 3046 1100 0 0
2026-01-27 3054 1100 0 0
2026-01-28 3057 1100 0 0
2026-01-29 3054 1100 0 0
2026-01-30 3047 1100 0 0
2026-01-31 3046 1100 0 0
2026-02-01 3045 1100 0 0
2026-02-02 3031 1100 0 0
2026-02-03 3036 1100 0 0
2026-02-04 3036 1100 0 0
2026-02-05 3029 1100 0 0
2026-02-06 3031 1100 0 0
2026-02-07 3032 1100 0 0
2026-02-08 3033 1100 0 0
2026-02-09 3042 1100 0 0
2026-02-10 3050 1100 0 0
2026-02-11 3057 1100 0 0
2026-02-12 3046 1100 0 0
2026-02-13 3048 1100 0 0
2026-02-14 3048 1100 0 0
2026-02-15 3047 1100 0 0
2026-02-16 3047 1100 0 0
2026-02-17 3048 1100 0 0
2026-02-18 3045 1100 0 0
2026-02-19 3051 1100 0 0
2026-02-20 3051 1100 0 0
2026-02-21 3054 1100 0 0
2026-02-22 3053 1100 0 0
2026-02-23 3051 1100 0 0
2026-02-24 3053 1100 0 0
2026-02-25 3051 1100 0 0
2026-02-26 3050 1100 0 0
2026-02-27 3054 1100 0 0
2026-02-28 3055 1100 0 0
2026-03-01 3049 1100 0 0
2026-03-02 3037 1100 0 0
2026-03-28 2284 1750.0 0 0
2026-03-29 2281 1750.0 0 0
2026-03-30 2275 1750.0 0 0
2026-03-31 2272 1750.0 0 0
