2019-11-07 815 3000 0 0
2020-01-19 860 3000 0 0
2020-02-07 851 3000 0 0
2020-02-15 861 3000 0 0
2020-02-16 861 3000 0 0
2020-02-17 861 3000 0 0
2020-02-18 860 3000 0 0
2020-02-19 858 3000 0 0
2020-02-20 858 3000 0 0
2020-02-21 851 3000 0 0
2020-02-22 852 3000 0 0
2020-02-23 852 3000 0 0
2020-02-24 841 3000 0 0
2020-02-25 830 3000 0 0
2020-02-26 822 3000 0 0
2020-02-27 812 3000 0 0
2020-02-28 805 3000 0 0
2020-02-29 808 3000 0 0
2020-03-01 810 3000 0 0
2020-03-02 807 3000 0 0
2020-03-03 817 3000 0 0
2020-03-04 826 3000 0 0
2020-03-05 822 3000 0 0
2020-03-06 811 3000 0 0
2020-03-07 811 3000 0 0
2020-03-08 811 3000 0 0
2020-03-09 788 3000 0 0
2020-03-10 785 3000 0 0
2020-03-11 779 3000 0 0
2020-03-12 751 3000 0 0
2020-03-13 736 3000 0 0
2020-03-14 742 3000 0 0
2020-03-15 742 3000 0 0
2020-03-16 719 3000 0 0
2020-03-17 713 3000 0 0
2020-03-18 691 3000 0 0
2020-03-19 684 3000 0 0
2020-03-20 688 3000 0 0
2020-03-21 692 3000 0 0
2020-03-22 692 3000 0 0
2020-03-23 675 3000 0 0
2020-03-24 662 3000 0 0
2020-03-25 702 3000 0 0
2020-03-26 712 3000 0 0
2020-03-27 735 3000 0 0
2020-03-28 730 3000 0 0
2020-03-29 730 3000 0 0
2020-03-30 730 3000 0 0
2020-03-31 727 3000 0 0
2020-04-01 722 3000 0 0
2020-04-02 705 3000 0 0
2020-04-03 712 3000 0 0
2020-04-04 703 3000 0 0
2020-04-05 703 3000 0 0
2020-04-06 703 3000 0 0
2020-04-07 732 3000 0 0
2020-04-08 745 3000 0 0
2020-04-09 759 3000 0 0
2020-04-10 761 3000 0 0
2020-04-11 761 3000 0 0
2020-04-12 761 3000 0 0
2020-04-13 757 3000 0 0
2020-04-14 765 3000 0 0
2020-04-15 762 3000 0 0
2020-04-16 761 3000 0 0
2020-04-17 761 3000 0 0
2020-04-18 764 3000 0 0
2020-04-19 764 3000 0 0
2020-04-20 766 3000 0 0
2020-04-21 761 3000 0 0
2020-04-23 761 3000 0 0
2020-04-24 762 3000 0 0
2020-04-25 763 3000 0 0
2020-04-26 763 3000 0 0
2020-04-27 767 3000 0 0
2020-04-28 769 3000 0 0
2020-04-29 775 3000 0 0
2020-04-30 777 3000 0 0
2020-05-01 778 3000 0 0
2020-05-02 778 3000 0 0
2020-05-03 778 3000 0 0
2020-05-04 771 3000 0 0
2020-05-05 770 3000 0 0
2020-05-06 770 3000 0 0
2020-05-07 772 3000 0 0
2020-05-08 778 3000 0 0
2020-05-09 781 3000 0 0
2020-05-10 781 3000 0 0
2020-05-11 781 3000 0 0
2020-05-12 773 3000 0 0
2020-05-13 768 3000 0 0
2020-05-14 760 3000 0 0
2020-05-15 763 3000 0 0
2020-05-16 765 3000 0 0
2020-05-17 765 3000 0 0
2020-05-18 772 3000 0 0
2020-05-19 781 3000 0 0
2020-05-20 788 3000 0 0
2020-05-21 786 3000 0 0
2020-05-23 785 3000 0 0
2020-05-24 785 3000 0 0
2020-05-25 787 3000 0 0
2020-05-26 791 3000 0 0
2020-05-27 795 3000 0 0
2020-05-28 793 3000 0 0
2020-05-29 797 3000 0 0
2020-05-30 801 3000 0 0
2020-05-31 801 3000 0 0
2020-06-01 810 3000 0 0
2020-06-02 815 3000 0 0
2020-06-03 820 3000 0 0
2020-06-04 831 3000 0 0
2020-06-05 840 3000 0 0
2020-06-06 842 3000 0 0
2020-06-07 842 3000 0 0
2020-06-08 849 3000 0 0
2020-06-09 844 3000 0 0
2020-06-10 846 3000 0 0
2020-06-11 837 3000 0 0
2020-06-12 831 3000 0 0
2020-06-13 830 3000 0 0
2020-06-14 830 3000 0 0
2020-06-15 821 3000 0 0
2020-06-16 832 3000 0 0
2020-06-17 837 3000 0 0
2020-06-18 834 3000 0 0
2020-06-19 835 3000 0 0
2020-06-20 835 3000 0 0
2020-06-21 835 3000 0 0
2020-06-22 835 3000 0 0
2020-06-23 838 3000 0 0
2020-06-24 838 3000 0 0
2020-06-25 834 3000 0 0
2020-06-26 829 3000 0 0
2020-06-27 825 3000 0 0
2020-06-28 825 3000 0 0
2020-06-29 827 3000 0 0
2020-06-30 828 3000 0 0
2020-07-01 835 3000 0 0
2020-07-07 842 3000 0 0
2020-07-08 845 3000 0 0
2020-07-09 846 3000 0 0
2020-07-10 849 3000 0 0
2020-07-11 849 3000 0 0
2020-07-12 849 3000 0 0
2020-07-13 857 3000 0 0
2020-07-14 849 3000 0 0
2020-07-15 852 3000 0 0
2020-07-16 846 3000 0 0
2020-07-17 857 3000 0 0
2020-07-18 857 3000 0 0
2020-07-20 857 3000 0 0
2020-07-21 860 3000 0 0
2020-07-22 867 3000 0 0
2020-07-23 874 3000 0 0
2020-07-24 859 3000 0 0
2020-07-25 853 3000 0 0
2020-07-26 850 3000 0 0
2020-07-27 851 3000 0 0
2020-07-28 665 3690 690 23
2020-07-29 665 3690 0 0
2020-07-30 672 3690 0 0
2020-07-31 671 3690 0 0
2020-08-04 678 3690 0 0
2020-08-05 681 3690 0 0
2020-08-06 684 3690 0 0
2020-08-07 685 3690 0 0
2020-08-08 684 3690 0 0
2020-08-09 684 3690 0 0
2020-08-10 681 3690 0 0
2020-08-12 680 3690 0 0
2020-08-13 683 3690 0 0
2020-08-14 682 3690 0 0
2020-08-15 681 3690 0 0
2020-08-16 682 3690 0 0
2020-08-17 684 3690 0 0
2020-08-18 691 3690 0 0
2020-08-19 691 3690 0 0
2020-08-20 691 3690 0 0
2020-08-21 695 3690 0 0
2020-08-22 695 3690 0 0
2020-08-23 695 3690 0 0
2020-08-24 698 3690 0 0
2020-08-25 701 3690 0 0
2020-08-26 699 3690 0 0
2020-08-27 702 3690 0 0
2020-08-28 709 3690 0 0
2020-08-29 710 3690 0 0
2020-08-30 710 3690 0 0
2020-08-31 704 3690 0 0
2020-09-01 712 3690 0 0
2020-09-02 715 3690 0 0
2020-09-03 711 3690 0 0
2020-09-04 705 3690 0 0
2020-09-05 705 3690 0 0
2020-09-06 705 3690 0 0
2020-09-07 700 3690 0 0
2020-09-09 695 3690 0 0
2020-09-10 690 3690 0 0
2020-09-11 692 3690 0 0
2020-09-12 694 3690 0 0
2020-09-13 694 3690 0 0
2020-09-14 701 3690 0 0
2020-09-15 701 3690 0 0
2020-09-16 703 3690 0 0
2020-09-17 700 3690 0 0
2020-09-18 699 3690 0 0
2020-09-19 700 3690 0 0
2020-09-21 697 3690 0 0
2020-09-22 699 3690 0 0
2020-09-23 695 3690 0 0
2020-09-24 688 3690 0 0
2020-09-25 690 3690 0 0
2020-09-26 691 3690 0 0
2020-09-27 691 3690 0 0
2020-09-28 696 3690 0 0
2020-09-29 692 3690 0 0
2020-09-30 698 3690 0 0
2020-10-01 701 3690 0 0
2020-10-03 700 3690 0 0
2020-10-04 700 3690 0 0
2020-10-05 706 3690 0 0
2020-10-06 707 3690 0 0
2020-10-07 707 3690 0 0
2020-10-08 710 3690 0 0
2020-10-09 709 3690 0 0
2020-10-10 710 3690 0 0
2020-10-11 710 3690 0 0
2020-10-12 711 3690 0 0
2020-10-13 717 3690 0 0
2020-10-14 714 3690 0 0
2020-10-16 710 3690 0 0
2020-10-17 710 3690 0 0
2020-10-18 710 3690 0 0
2020-10-19 710 3690 0 0
2020-10-20 712 3690 0 0
2020-10-21 717 3690 0 0
2020-10-22 712 3690 0 0
2020-10-23 707 3690 0 0
2020-10-24 707 3690 0 0
2020-10-25 707 3690 0 0
2020-10-26 704 3690 0 0
2020-10-27 706 3690 0 0
2020-10-28 704 3690 0 0
2020-10-29 705 3690 0 0
2020-10-30 696 3690 0 0
2020-10-31 696 3690 0 0
2020-11-01 696 3690 0 0
2020-11-02 701 3690 0 0
2020-11-03 701 3690 0 0
2020-11-04 707 3690 0 0
2020-11-05 714 3690 0 0
2020-11-06 716 3690 0 0
2020-11-07 719 3690 0 0
2020-11-08 719 3690 0 0
2020-11-09 725 3690 0 0
2020-11-10 729 3690 0 0
2020-11-12 729 3690 0 0
2020-11-13 729 3690 0 0
2020-11-14 725 3690 0 0
2020-11-15 725 3690 0 0
2020-11-17 728 3690 0 0
2020-11-18 727 3690 0 0
2020-11-19 735 3690 0 0
2020-11-20 734 3690 0 0
2020-11-21 734 3690 0 0
2020-11-22 734 3690 0 0
2020-11-23 735 3690 0 0
2020-11-24 735 3690 0 0
2020-11-25 733 3690 0 0
2020-11-26 731 3690 0 0
2020-11-27 736 3690 0 0
2020-11-28 736 3690 0 0
2020-11-30 732 3690 0 0
2020-12-01 735 3690 0 0
2020-12-02 739 3690 0 0
2020-12-03 741 3690 0 0
2020-12-04 742 3690 0 0
2020-12-05 743 3690 0 0
2020-12-06 743 3690 0 0
2020-12-07 744 3690 0 0
2020-12-08 750 3690 0 0
2020-12-09 751 3690 0 0
2020-12-10 750 3690 0 0
2020-12-11 754 3690 0 0
2020-12-12 752 3690 0 0
2020-12-13 752 3690 0 0
2020-12-14 757 3690 0 0
2020-12-15 760 3690 0 0
2020-12-16 759 3690 0 0
2020-12-17 767 3690 0 0
2020-12-18 765 3690 0 0
2020-12-19 765 3690 0 0
2020-12-20 765 3690 0 0
2020-12-21 763 3690 0 0
2020-12-22 761 3690 0 0
2020-12-23 766 3690 0 0
2020-12-24 765 3690 0 0
2020-12-25 767 3690 0 0
2020-12-26 767 3690 0 0
2020-12-27 767 3690 0 0
2020-12-28 766 3690 0 0
2020-12-29 767 3690 0 0
2020-12-31 774 3690 0 0
2021-01-01 774 3690 0 0
2021-01-02 774 3690 0 0
2021-01-03 774 3690 0 0
2021-01-04 772 3690 0 0
2021-01-05 779 3690 0 0
2021-01-06 779 3690 0 0
2021-01-07 782 3690 0 0
2021-01-08 788 3690 0 0
2021-01-09 789 3690 0 0
2021-01-10 789 3690 0 0
2021-01-11 783 3690 0 0
2021-01-12 782 3690 0 0
2021-01-13 780 3690 0 0
2021-01-14 786 3690 0 0
2021-01-15 786 3690 0 0
2021-01-16 780 3690 0 0
2021-01-17 780 3690 0 0
2021-01-18 783 3690 0 0
2021-01-19 786 3690 0 0
2021-01-20 796 3690 0 0
2021-01-21 796 3690 0 0
2021-01-22 800 3690 0 0
2021-01-23 800 3690 0 0
2021-01-24 800 3690 0 0
2021-01-25 799 3690 0 0
2021-01-26 796 3690 0 0
2021-01-27 793 3690 0 0
2021-01-28 787 3690 0 0
2021-01-29 780 3690 0 0
2021-01-30 780 3690 0 0
2021-01-31 780 3690 0 0
2021-02-01 788 3690 0 0
2021-02-02 790 3690 0 0
2021-02-03 793 3690 0 0
2021-02-04 797 3690 0 0
2021-02-05 802 3690 0 0
2021-02-06 801 3690 0 0
2021-02-07 801 3690 0 0
2021-02-08 803 3690 0 0
2021-02-09 809 3690 0 0
2021-02-10 813 3690 0 0
2021-02-11 817 3690 0 0
2021-02-12 815 3690 0 0
2021-02-13 815 3690 0 0
2021-02-14 815 3690 0 0
2021-02-15 814 3690 0 0
2021-02-16 814 3690 0 0
2021-02-17 812 3690 0 0
2021-02-18 805 3690 0 0
2021-02-19 802 3690 0 0
2021-02-20 805 3690 0 0
2021-02-21 805 3690 0 0
2021-02-22 798 3690 0 0
2021-02-23 802 3690 0 0
2021-02-24 798 3690 0 0
2021-02-25 798 3690 0 0
2021-02-26 790 3690 0 0
2021-02-27 791 3690 0 0
2021-02-28 792 3690 0 0
2021-03-01 800 3690 0 0
2021-03-02 796 3690 0 0
2021-03-03 798 3690 0 0
2021-03-04 797 3690 0 0
2021-03-05 790 3690 0 0
2021-03-06 791 3690 0 0
2021-03-07 796 3690 0 0
2021-03-08 783 3690 0 0
2021-03-09 781 3690 0 0
2021-03-11 802 3690 0 0
2021-03-12 801 3690 0 0
2021-03-13 650 4394.4 704.4 19.089
2021-03-14 651 4394.4 0 0
2021-03-15 647 4394.4 0 0
2021-03-16 650 4394.4 0 0
2021-03-18 647 4394.4 0 0
2021-03-19 647 4394.4 0 0
2021-03-20 649 4394.4 0 0
2021-03-21 649 4394.4 0 0
2021-03-22 652 4394.4 0 0
2021-03-23 645 4394.4 0 0
2021-03-24 635 4394.4 0 0
2021-03-25 637 4394.4 0 0
2021-03-26 638 4394.4 0 0
2021-03-27 638 4394.4 0 0
2021-03-28 638 4394.4 0 0
2021-03-29 639 4394.4 0 0
2021-03-30 640 4394.4 0 0
2021-03-31 642 4394.4 0 0
2021-04-01 651 4394.4 0 0
2021-04-02 652 4394.4 0 0
2021-04-03 652 4394.4 0 0
2021-04-04 652 4394.4 0 0
2021-04-05 651 4394.4 0 0
2021-04-06 651 4394.4 0 0
2021-04-07 652 4394.4 0 0
2021-04-08 652 4394.4 0 0
2021-04-09 672 4394.4 0 0
2021-04-10 671 4394.4 0 0
2021-04-11 671 4394.4 0 0
2021-04-12 667 4394.4 0 0
2021-04-13 671 4394.4 0 0
2021-04-14 672 4394.4 0 0
2021-04-15 672 4394.4 0 0
2021-04-16 670 4394.4 0 0
2021-04-17 671 4394.4 0 0
2021-04-18 671 4394.4 0 0
2021-04-19 674 4394.4 0 0
2021-04-20 675 4394.4 0 0
2021-04-21 674 4394.4 0 0
2021-04-22 680 4394.4 0 0
2021-04-23 683 4394.4 0 0
2021-04-24 683 4394.4 0 0
2021-04-25 683 4394.4 0 0
2021-04-26 689 4394.4 0 0
2021-04-27 689 4394.4 0 0
2021-04-28 691 4394.4 0 0
2021-04-29 691 4394.4 0 0
2021-04-30 688 4394.4 0 0
2021-05-01 687 4394.4 0 0
2021-05-02 686 4394.4 0 0
2021-05-03 687 4394.4 0 0
2021-05-04 685 4394.4 0 0
2021-05-05 684 4394.4 0 0
2021-05-06 679 4394.4 0 0
2021-05-07 679 4394.4 0 0
2021-05-08 680 4394.4 0 0
2021-05-09 680 4394.4 0 0
2021-05-10 680 4394.4 0 0
2021-05-11 679 4394.4 0 0
2021-05-12 678 4394.4 0 0
2021-05-13 674 4394.4 0 0
2021-05-14 679 4394.4 0 0
2021-05-15 678 4394.4 0 0
2021-05-16 678 4394.4 0 0
2021-05-17 682 4394.4 0 0
2021-05-18 688 4394.4 0 0
2021-05-19 689 4394.4 0 0
2021-05-20 689 4394.4 0 0
2021-05-21 690 4394.4 0 0
2021-05-22 692 4394.4 0 0
2021-05-23 692 4394.4 0 0
2021-05-24 696 4394.4 0 0
2021-05-25 700 4394.4 0 0
2021-05-26 698 4394.4 0 0
2021-05-27 699 4394.4 0 0
2021-05-28 700 4394.4 0 0
2021-05-29 700 4394.4 0 0
2021-05-30 700 4394.4 0 0
2021-05-31 705 4394.4 0 0
2021-06-01 709 4394.4 0 0
2021-06-02 710 4394.4 0 0
2021-06-03 707 4394.4 0 0
2021-06-04 707 4394.4 0 0
2021-06-05 708 4394.4 0 0
2021-06-06 708 4394.4 0 0
2021-06-07 706 4394.4 0 0
2021-06-08 705 4394.4 0 0
2021-06-09 706 4394.4 0 0
2021-06-10 707 4394.4 0 0
2021-06-11 710 4394.4 0 0
2021-06-12 710 4394.4 0 0
2021-06-13 710 4394.4 0 0
2021-06-14 710 4394.4 0 0
2021-06-16 701 4394.4 0 0
2021-06-17 698 4394.4 0 0
2021-06-18 697 4394.4 0 0
2021-06-19 697 4394.4 0 0
2021-06-20 695 4394.4 0 0
2021-06-21 699 4394.4 0 0
2021-06-22 702 4394.4 0 0
2021-06-23 701 4394.4 0 0
2021-06-24 702 4394.4 0 0
2021-06-25 705 4394.4 0 0
2021-06-26 709 4394.4 0 0
2021-06-27 709 4394.4 0 0
2021-06-28 709 4394.4 0 0
2021-06-29 709 4394.4 0 0
2021-06-30 708 4394.4 0 0
2021-07-01 707 4394.4 0 0
2021-07-02 700 4394.4 0 0
2021-07-03 700 4394.4 0 0
2021-07-04 700 4394.4 0 0
2021-07-05 697 4394.4 0 0
2021-07-06 694 4394.4 0 0
2021-07-07 697 4394.4 0 0
2021-07-08 686 4394.4 0 0
2021-07-09 692 4394.4 0 0
2021-07-10 693 4394.4 0 0
2021-07-11 694 4394.4 0 0
2021-07-12 702 4394.4 0 0
2021-07-13 698 4394.4 0 0
2021-07-14 693 4394.4 0 0
2021-07-15 694 4394.4 0 0
2021-07-16 693 4394.4 0 0
2021-07-17 693 4394.4 0 0
2021-07-18 693 4394.4 0 0
2021-07-19 689 4394.4 0 0
2021-07-20 684 4394.4 0 0
2021-07-21 692 4394.4 0 0
2021-07-22 696 4394.4 0 0
2021-07-23 694 4394.4 0 0
2021-07-24 692 4394.4 0 0
2021-07-25 692 4394.4 0 0
2021-07-26 688 4394.4 0 0
2021-07-27 686 4394.4 0 0
2021-07-28 688 4394.4 0 0
2021-07-29 691 4394.4 0 0
2021-07-30 691 4394.4 0 0
2021-07-31 688 4394.4 0 0
2021-08-01 688 4394.4 0 0
2021-08-02 697 4394.4 0 0
2021-08-03 698 4394.4 0 0
2021-08-04 707 4394.4 0 0
2021-08-05 704 4394.4 0 0
2021-08-06 701 4394.4 0 0
2021-08-07 699 4394.4 0 0
2021-08-08 699 4394.4 0 0
2021-08-09 697 4394.4 0 0
2021-08-10 696 4394.4 0 0
2021-08-11 701 4394.4 0 0
2021-08-13 706 4394.4 0 0
2021-08-14 707 4394.4 0 0
2021-08-15 707 4394.4 0 0
2021-08-16 702 4394.4 0 0
2021-08-17 696 4394.4 0 0
2021-08-18 703 4394.4 0 0
2021-08-19 699 4394.4 0 0
2021-08-20 696 4394.4 0 0
2021-08-21 695 4394.4 0 0
2021-08-22 695 4394.4 0 0
2021-08-23 705 4394.4 0 0
2021-08-24 715 4394.4 0 0
2021-08-25 718 4394.4 0 0
2021-08-26 711 4394.4 0 0
2021-08-27 715 4394.4 0 0
2021-08-28 718 4394.4 0 0
2021-08-29 718 4394.4 0 0
2021-08-30 721 4394.4 0 0
2021-08-31 419 6864 2469.6 56.199
2021-09-01 418 6864 0 0
2021-09-02 424 6864 0 0
2021-09-03 474 6313 -551 -8.027
2021-09-04 474 6313 0 0
2021-09-05 474 6313 0 0
2021-09-06 474 6313 0 0
2021-09-07 474 6313 0 0
2021-09-08 467 6313 0 0
2021-09-09 469 6313 0 0
2021-09-10 473 6313 0 0
2021-09-11 473 6313 0 0
2021-09-12 473 6313 0 0
2021-09-13 469 6313 0 0
2021-09-14 473 6313 0 0
2021-09-15 469 6313 0 0
2021-09-16 467 6313 0 0
2021-09-17 463 6313 0 0
2021-09-18 462 6313 0 0
2021-09-19 460 6313 0 0
2021-09-20 459 6313 0 0
2021-09-21 456 6313 0 0
2021-09-22 456 6313 0 0
2021-09-23 460 6313 0 0
2021-09-24 464 6313 0 0
2021-09-25 463 6313 0 0
2021-09-26 463 6313 0 0
2021-09-27 457 6313 0 0
2021-09-28 454 6313 0 0
2021-09-29 446 6313 0 0
2021-09-30 450 6313 0 0
2021-10-01 450 6313 0 0
2021-10-02 452 6313 0 0
2021-10-03 452 6313 0 0
2021-10-04 449 6313 0 0
2021-10-05 451 6313 0 0
2021-10-06 452 6313 0 0
2021-10-07 455 6313 0 0
2021-10-08 455 6313 0 0
2021-10-09 455 6313 0 0
2021-10-10 455 6313 0 0
2021-10-11 459 6313 0 0
2021-10-12 454 6313 0 0
2021-10-13 459 6313 0 0
2021-10-14 463 6313 0 0
2021-10-15 466 6313 0 0
2021-10-16 466 6313 0 0
2021-10-17 465 6313 0 0
2021-10-18 468 6313 0 0
2021-10-19 465 6313 0 0
2021-10-20 467 6313 0 0
2021-10-21 468 6313 0 0
2021-10-22 472 6313 0 0
2021-10-23 476 6313 0 0
2021-10-25 478 6313 0 0
2021-10-26 481 6313 0 0
2021-10-27 477 6313 0 0
2021-10-28 474 6313 0 0
2021-10-29 479 6313 0 0
2021-10-30 474 6313 0 0
2021-10-31 474 6313 0 0
2021-11-01 474 6313 0 0
2021-11-02 471 6313 0 0
2021-11-03 474 6313 0 0
2021-11-04 475 6313 0 0
2021-11-05 475 6313 0 0
2021-11-06 476 6313 0 0
2021-11-07 476 6313 0 0
2021-11-08 476 6313 0 0
2021-11-09 477 6313 0 0
2021-11-10 475 6313 0 0
2021-11-11 478 6313 0 0
2021-11-12 480 6313 0 0
2021-11-13 481 6313 0 0
2021-11-14 481 6313 0 0
2021-11-15 479 6313 0 0
2021-11-16 479 6313 0 0
2021-11-17 481 6313 0 0
2021-11-18 475 6313 0 0
2021-11-19 477 6313 0 0
2021-11-20 474 6313 0 0
2021-11-21 474 6313 0 0
2021-11-22 472 6313 0 0
2021-11-23 471 6313 0 0
2021-11-24 476 6313 0 0
2021-11-25 476 6313 0 0
2021-11-26 469 6313 0 0
2021-11-27 465 6313 0 0
2021-11-28 465 6313 0 0
2021-11-29 465 6313 0 0
2021-11-30 464 6313 0 0
2021-12-01 462 6313 0 0
2021-12-02 463 6313 0 0
2021-12-03 460 6313 0 0
2021-12-04 460 6313 0 0
2021-12-05 460 6313 0 0
2021-12-06 459 6313 0 0
2021-12-07 461 6313 0 0
2021-12-08 467 6313 0 0
2021-12-09 468 6313 0 0
2021-12-10 466 6313 0 0
2021-12-11 465 6313 0 0
2021-12-12 465 6313 0 0
2021-12-13 461 6313 0 0
2021-12-14 459 6313 0 0
2021-12-15 456 6313 0 0
2021-12-16 459 6313 0 0
2021-12-17 458 6313 0 0
2021-12-18 457 6313 0 0
2021-12-19 458 6313 0 0
2021-12-20 454 6313 0 0
2021-12-21 454 6313 0 0
2021-12-22 457 6313 0 0
2021-12-23 461 6313 0 0
2021-12-24 459 6313 0 0
2021-12-25 461 6313 0 0
2021-12-26 461 6313 0 0
2021-12-27 462 6313 0 0
2021-12-28 465 6313 0 0
2021-12-29 464 6313 0 0
2021-12-30 466 6313 0 0
2021-12-31 465 6313 0 0
2022-01-02 465 6313 0 0
2022-01-03 461 6313 0 0
2022-01-04 461 6313 0 0
2022-01-05 460 6313 0 0
2022-01-06 455 6313 0 0
2022-01-07 459 6313 0 0
2022-01-08 459 6313 0 0
2022-01-09 459 6313 0 0
2022-01-10 457 6313 0 0
2022-01-11 456 6313 0 0
2022-01-12 463 6313 0 0
2022-01-13 463 6313 0 0
2022-01-14 458 6313 0 0
2022-01-15 456 6313 0 0
2022-01-16 456 6313 0 0
2022-01-17 455 6313 0 0
2022-01-18 454 6313 0 0
2022-01-19 444 6313 0 0
2022-01-20 443 6313 0 0
2022-01-22 432 6313 0 0
2022-01-23 432 6313 0 0
2022-01-24 434 6313 0 0
2022-01-25 431 6313 0 0
2022-01-26 430 6313 0 0
2022-01-27 425 6313 0 0
2022-01-28 427 6313 0 0
2022-01-29 428 6313 0 0
2022-01-30 428 6313 0 0
2022-01-31 434 6313 0 0
2022-02-01 442 6313 0 0
2022-02-02 446 6313 0 0
2022-02-03 441 6313 0 0
2022-02-04 443 6313 0 0
2022-02-05 441 6313 0 0
2022-02-06 441 6313 0 0
2022-02-07 439 6313 0 0
2022-02-08 441 6313 0 0
2022-02-09 444 6313 0 0
2022-02-10 449 6313 0 0
2022-02-11 445 6313 0 0
2022-02-12 437 6313 0 0
2022-02-13 439 6313 0 0
2022-02-14 432 6313 0 0
2022-02-15 432 6313 0 0
2022-02-16 441 6313 0 0
2022-02-17 438 6313 0 0
2022-02-18 428 6313 0 0
2022-02-19 429 6313 0 0
2022-02-20 430 6313 0 0
2022-02-21 428 6313 0 0
2022-02-22 420 6313 0 0
2022-02-23 425 6313 0 0
2022-02-24 418 6313 0 0
2022-02-25 423 6313 0 0
2022-02-26 428 6313 0 0
2022-02-27 429 6313 0 0
2022-02-28 432 6313 0 0
2022-03-01 430 6313 0 0
2022-03-02 422 6313 0 0
2022-03-03 414 6313 0 0
2022-03-04 413 6313 0 0
2022-03-05 410 6313 0 0
2022-03-06 409 6313 0 0
2022-03-07 400 6313 0 0
2022-03-08 392 6313 0 0
2022-03-09 396 6313 0 0
2022-03-10 406 6313 0 0
2022-03-11 399 6313 0 0
2022-03-12 399 6313 0 0
2022-03-13 398 6313 0 0
2022-03-14 391 6313 0 0
2022-03-15 388 6313 0 0
2022-03-16 404 6313 0 0
2022-03-17 409 6313 0 0
2022-03-18 416 6313 0 0
2022-03-19 416 6313 0 0
2022-03-20 416 6313 0 0
2022-03-21 412 6313 0 0
2022-03-22 413 6313 0 0
2022-03-23 412 6313 0 0
2022-03-24 411 6313 0 0
2022-03-26 413 6313 0 0
2022-03-27 413 6313 0 0
2022-03-28 411 6313 0 0
2022-03-29 418 6313 0 0
2022-03-30 422 6313 0 0
2022-04-01 420 6313 0 0
2022-04-02 420 6313 0 0
2022-04-03 420 6313 0 0
2022-04-05 427 6313 0 0
2022-04-06 423 6313 0 0
2022-04-07 417 6313 0 0
2022-04-08 416 6313 0 0
2022-04-09 416 6313 0 0
2022-04-10 416 6313 0 0
2022-04-11 414 6313 0 0
2022-04-12 413 6313 0 0
2022-04-13 415 6313 0 0
2022-04-14 412 6313 0 0
2022-04-15 410 6313 0 0
2022-04-16 410 6313 0 0
2022-04-17 410 6313 0 0
2022-04-18 412 6313 0 0
2022-04-19 410 6313 0 0
2022-04-20 407 6313 0 0
2022-04-21 407 6313 0 0
2022-04-22 403 6313 0 0
2022-04-23 400 6313 0 0
2022-04-24 400 6313 0 0
2022-04-25 399 6313 0 0
2022-04-26 394 6313 0 0
2022-04-27 397 6313 0 0
2022-04-28 394 6313 0 0
2022-04-29 397 6313 0 0
2022-04-30 397 6313 0 0
2022-05-01 397 6313 0 0
2022-05-02 399 6313 0 0
2022-05-03 401 6313 0 0
2022-05-04 400 6313 0 0
2022-05-05 395 6313 0 0
2022-05-06 392 6313 0 0
2022-05-07 391 6313 0 0
2022-05-08 391 6313 0 0
2022-05-09 382 6313 0 0
2022-05-10 382 6313 0 0
2022-05-11 383 6313 0 0
2022-05-12 383 6313 0 0
2022-05-13 379 6313 0 0
2022-05-14 380 6313 0 0
2022-05-15 380 6313 0 0
2022-05-16 380 6313 0 0
2022-05-17 386 6313 0 0
2022-05-18 386 6313 0 0
2022-05-19 388 6313 0 0
2022-05-20 391 6313 0 0
2022-05-21 392 6313 0 0
2022-05-22 392 6313 0 0
2022-05-23 391 6313 0 0
2022-05-24 389 6313 0 0
2022-05-25 390 6313 0 0
2022-05-26 391 6313 0 0
2022-05-27 394 6313 0 0
2022-05-28 397 6313 0 0
2022-05-29 397 6313 0 0
2022-05-30 399 6313 0 0
2022-05-31 403 6313 0 0
2022-06-01 400 6313 0 0
2022-06-02 400 6313 0 0
2022-06-03 398 6313 0 0
2022-06-04 397 6313 0 0
2022-06-05 397 6313 0 0
2022-06-06 400 6313 0 0
2022-06-07 399 6313 0 0
2022-06-08 398 6313 0 0
2022-06-11 389 6313 0 0
2022-06-12 389 6313 0 0
2022-06-13 385 6313 0 0
2022-06-14 376 6313 0 0
2022-06-15 377 6313 0 0
2022-06-16 375 6313 0 0
2022-06-17 374 6313 0 0
2022-06-18 376 6313 0 0
2022-06-19 376 6313 0 0
2022-06-20 377 6313 0 0
2022-06-21 377 6313 0 0
2022-06-22 381 6313 0 0
2022-06-24 389 6313 0 0
2022-06-25 389 6313 0 0
2022-06-26 389 6313 0 0
2022-06-27 389 6313 0 0
2022-06-28 391 6313 0 0
2022-06-29 386 6313 0 0
2022-06-30 383 6313 0 0
2022-07-01 382 6313 0 0
2022-07-02 381 6313 0 0
2022-07-03 381 6313 0 0
2022-07-04 388 6313 0 0
2022-07-05 385 6313 0 0
2022-07-06 383 6313 0 0
2022-07-07 384 6313 0 0
2022-07-08 385 6313 0 0
2022-07-09 386 6313 0 0
2022-07-10 386 6313 0 0
2022-07-11 380 6313 0 0
2022-07-12 377 6313 0 0
2022-07-13 374 6313 0 0
2022-07-14 375 6313 0 0
2022-07-15 372 6313 0 0
2022-07-16 374 6313 0 0
2022-07-17 374 6313 0 0
2022-07-18 375 6313 0 0
2022-07-19 380 6313 0 0
2022-07-20 380 6313 0 0
2022-07-21 384 6313 0 0
2022-07-22 383 6313 0 0
2022-07-23 382 6313 0 0
2022-07-24 382 6313 0 0
2022-07-25 382 6313 0 0
2022-07-26 382 6313 0 0
2022-07-27 380 6313 0 0
2022-07-28 379 6313 0 0
2022-07-29 386 6313 0 0
2022-07-30 386 6313 0 0
2022-07-31 386 6313 0 0
2022-08-01 387 6313 0 0
2022-08-02 386 6313 0 0
2022-08-03 390 6313 0 0
2022-08-04 391 6313 0 0
2022-08-05 393 6313 0 0
2022-08-06 393 6313 0 0
2022-08-07 393 6313 0 0
2022-08-08 393 6313 0 0
2022-08-09 390 6313 0 0
2022-08-10 392 6313 0 0
2022-08-11 395 6313 0 0
2022-08-12 396 6313 0 0
2022-08-13 397 6313 0 0
2022-08-14 397 6313 0 0
2022-08-15 399 6313 0 0
2022-08-16 395 6313 0 0
2022-08-17 395 6313 0 0
2022-08-18 397 6313 0 0
2022-08-19 393 6313 0 0
2022-08-20 390 6313 0 0
2022-08-21 390 6313 0 0
2022-08-22 388 6313 0 0
2022-08-23 383 6313 0 0
2022-08-24 381 6313 0 0
2022-08-25 389 6313 0 0
2022-08-26 389 6313 0 0
2022-08-27 388 6313 0 0
2022-08-28 389 6313 0 0
2022-08-29 387 6313 0 0
2022-08-30 387 6313 0 0
2022-08-31 389 6313 0 0
2022-09-01 384 6313 0 0
2022-09-03 386 6313 0 0
2022-09-04 389 6313 0 0
2022-09-05 272 7863 1550 24.553
2022-09-06 271 7863 0 0
2022-09-07 273 7863 0 0
2022-09-08 275 7863 0 0
2022-09-09 278 7863 0 0
2022-09-11 281 7863 0 0
2022-09-12 282 7863 0 0
2022-09-13 278 7863 0 0
2022-09-14 272 7863 0 0
2022-09-15 272 7863 0 0
2022-09-16 267 7863 0 0
2022-09-17 265 7863 0 0
2022-09-18 265 7863 0 0
2022-09-19 265 7863 0 0
2022-09-20 266 7863 0 0
2022-09-21 258 7863 0 0
2022-09-22 257 7863 0 0
2022-09-23 248 7863 0 0
2022-09-24 248 7863 0 0
2022-09-25 248 7863 0 0
2022-09-26 245 7863 0 0
2022-09-27 245 7863 0 0
2022-09-28 246 7863 0 0
2022-09-29 244 7863 0 0
2022-09-30 242 7863 0 0
2022-10-01 243 7863 0 0
2022-10-02 243 7863 0 0
2022-10-03 246 7863 0 0
2022-10-04 251 7863 0 0
2022-10-05 255 7863 0 0
2022-10-06 253 7863 0 0
2022-10-07 245 7863 0 0
2022-10-08 244 7863 0 0
2022-10-09 244 7863 0 0
2022-10-10 244 7863 0 0
2022-10-11 243 7863 0 0
2022-10-12 245 7863 0 0
2022-10-13 244 7863 0 0
2022-10-14 242 7863 0 0
2022-10-15 242 7863 0 0
2022-10-16 241 7863 0 0
2022-10-17 246 7863 0 0
2022-10-18 249 7863 0 0
2022-10-19 244 7863 0 0
2022-10-20 242 7863 0 0
2022-10-21 246 7863 0 0
2022-10-22 244 7863 0 0
2022-10-23 243 7863 0 0
2022-10-24 241 7863 0 0
2022-10-25 244 7863 0 0
2022-10-26 249 7863 0 0
2022-10-27 250 7863 0 0
2022-10-28 249 7863 0 0
2022-10-29 251 7863 0 0
2022-10-30 251 7863 0 0
2022-10-31 249 7863 0 0
2022-11-01 250 7863 0 0
2022-11-02 250 7863 0 0
2022-11-03 246 7863 0 0
2022-11-04 243 7863 0 0
2022-11-05 248 7863 0 0
2022-11-06 248 7863 0 0
2022-11-07 250 7863 0 0
2022-11-08 248 7863 0 0
2022-11-09 249 7863 0 0
2022-11-10 247 7863 0 0
2022-11-11 258 7863 0 0
2022-11-12 261 7863 0 0
2022-11-13 261 7863 0 0
2022-11-14 256 7863 0 0
2022-11-15 262 7863 0 0
2022-11-16 263 7863 0 0
2022-11-17 258 7863 0 0
2022-11-18 259 7863 0 0
2022-11-19 259 7863 0 0
2022-11-20 259 7863 0 0
2022-11-21 257 7863 0 0
2022-11-22 257 7863 0 0
2022-11-23 258 7863 0 0
2022-11-24 259 7863 0 0
2022-11-25 258 7863 0 0
2022-11-26 258 7863 0 0
2022-11-27 259 7863 0 0
2022-11-28 258 7863 0 0
2022-11-29 259 7863 0 0
2022-11-30 263 7863 0 0
2022-12-02 269 7863 0 0
2022-12-04 265 7863 0 0
2022-12-05 265 7863 0 0
2022-12-06 270 7863 0 0
2022-12-07 266 7863 0 0
2022-12-08 266 7863 0 0
2022-12-09 273 7863 0 0
2022-12-10 272 7863 0 0
2022-12-11 272 7863 0 0
2022-12-12 266 7863 0 0
2022-12-13 270 7863 0 0
2022-12-14 270 7863 0 0
2022-12-15 267 7863 0 0
2022-12-16 266 7863 0 0
2022-12-17 265 7863 0 0
2022-12-18 265 7863 0 0
2022-12-19 260 7863 0 0
2022-12-20 260 7863 0 0
2022-12-21 260 7863 0 0
2022-12-22 262 7863 0 0
2022-12-23 263 7863 0 0
2022-12-24 264 7863 0 0
2022-12-25 264 7863 0 0
2022-12-26 265 7863 0 0
2022-12-27 264 7863 0 0
2022-12-28 266 7863 0 0
2022-12-29 261 7863 0 0
2022-12-30 264 7863 0 0
2022-12-31 262 7863 0 0
2023-01-02 263 7863 0 0
2023-01-03 266 7863 0 0
2023-01-04 266 7863 0 0
2023-01-05 270 7863 0 0
2023-01-07 274 7863 0 0
2023-01-08 274 7863 0 0
2023-01-09 277 7863 0 0
2023-01-10 277 7863 0 0
2023-01-11 278 7863 0 0
2023-01-14 282 7863 0 0
2023-01-16 285 7863 0 0
2023-01-17 284 7863 0 0
2023-01-20 280 7863 0 0
2023-01-21 283 7863 0 0
2023-01-22 283 7863 0 0
2023-01-23 283 7863 0 0
2023-01-24 283 7863 0 0
2023-01-25 283 7863 0 0
2023-01-27 283 7863 0 0
2023-01-29 283 7863 0 0
2023-01-30 280 7863 0 0
2023-01-31 280 7863 0 0
2023-02-01 278 7863 0 0
2023-02-02 279 7863 0 0
2023-02-03 284 7863 0 0
2023-02-04 284 7863 0 0
2023-02-05 282 7863 0 0
2023-02-06 283 7863 0 0
2023-02-07 283 7863 0 0
2023-02-08 280 7863 0 0
2023-02-09 281 7863 0 0
2023-02-10 281 7863 0 0
2023-02-11 279 7863 0 0
2023-02-12 279 7863 0 0
2023-02-13 283 7863 0 0
2023-02-14 284 7863 0 0
2023-02-15 287 7863 0 0
2023-02-16 282 7863 0 0
2023-02-17 282 7863 0 0
2023-02-18 282 7863 0 0
2023-02-19 282 7863 0 0
2023-02-20 282 7863 0 0
2023-02-21 280 7863 0 0
2023-02-22 278 7863 0 0
2023-02-23 279 7863 0 0
2023-02-24 276 7863 0 0
2023-02-25 275 7863 0 0
2023-02-27 274 7863 0 0
2023-03-02 272 7863 0 0
2023-03-03 273 7863 0 0
2023-03-04 274 7863 0 0
2023-03-06 272 7863 0 0
2023-03-07 272 7863 0 0
2023-03-08 270 7863 0 0
2023-03-09 264 7863 0 0
2023-03-10 261 7863 0 0
2023-03-11 263 7863 0 0
2023-03-12 263 7863 0 0
2023-03-13 261 7863 0 0
2023-03-16 265 7863 0 0
2023-03-18 268 7863 0 0
2023-03-19 268 7863 0 0
2023-03-20 266 7863 0 0
2023-03-21 270 7863 0 0
2023-03-22 268 7863 0 0
2023-03-23 267 7863 0 0
2023-03-25 270 7863 0 0
2023-03-27 271 7863 0 0
2023-03-30 270 7863 0 0
2023-04-01 272 7863 0 0
2023-04-02 272 7863 0 0
2023-04-03 270 7863 0 0
2023-04-06 282 7863 0 0
2023-04-07 282 7863 0 0
2023-04-08 281 7863 0 0
2023-04-09 281 7863 0 0
2023-04-10 280 7863 0 0
2023-04-11 283 7863 0 0
2023-04-12 283 7863 0 0
2023-04-13 283 7863 0 0
2023-04-14 285 7863 0 0
2023-04-15 283 7863 0 0
2023-04-16 283 7863 0 0
2023-04-17 285 7863 0 0
2023-04-18 284 7863 0 0
2023-04-19 284 7863 0 0
2023-04-20 283 7863 0 0
2023-04-21 280 7863 0 0
2023-04-22 280 7863 0 0
2023-04-23 280 7863 0 0
2023-04-24 280 7863 0 0
2023-04-25 276 7863 0 0
2023-04-26 279 7863 0 0
2023-04-27 276 7863 0 0
2023-04-28 276 7863 0 0
2023-04-29 276 7863 0 0
2023-05-01 277 7863 0 0
2023-05-02 276 7863 0 0
2023-05-03 275 7863 0 0
2023-05-04 279 7863 0 0
2023-05-06 279 7863 0 0
2023-05-07 279 7863 0 0
2023-05-08 280 7863 0 0
2023-05-09 278 7863 0 0
2023-05-10 275 7863 0 0
2023-05-11 276 7863 0 0
2023-05-12 269 7863 0 0
2023-05-13 270 7863 0 0
2023-05-14 270 7863 0 0
2023-05-15 274 7863 0 0
2023-05-16 275 7863 0 0
2023-05-17 272 7863 0 0
2023-05-19 276 7863 0 0
2023-05-20 277 7863 0 0
2023-05-21 277 7863 0 0
2023-05-22 278 7863 0 0
2023-05-23 277 7863 0 0
2023-05-24 275 7863 0 0
2023-05-25 273 7863 0 0
2023-05-26 274 7863 0 0
2023-05-27 274 7863 0 0
2023-05-28 274 7863 0 0
2023-05-29 274 7863 0 0
2023-05-30 275 7863 0 0
2023-05-31 275 7863 0 0
2023-06-01 274 7863 0 0
2023-06-02 277 7863 0 0
2023-06-03 279 7863 0 0
2023-06-04 279 7863 0 0
2023-06-05 279 7863 0 0
2023-06-06 280 7863 0 0
2023-06-07 278 7863 0 0
2023-06-08 279 7863 0 0
2023-06-09 281 7863 0 0
2023-06-10 283 7863 0 0
2023-06-11 284 7863 0 0
2023-06-12 285 7863 0 0
2023-06-13 286 7863 0 0
2023-06-14 287 7863 0 0
2023-06-16 288 7863 0 0
2023-06-17 288 7863 0 0
2023-06-18 288 7863 0 0
2023-06-19 288 7863 0 0
2023-06-20 288 7863 0 0
2023-06-21 284 7863 0 0
2023-06-22 282 7863 0 0
2023-06-23 281 7863 0 0
2023-06-24 281 7863 0 0
2023-06-25 281 7863 0 0
2023-06-26 281 7863 0 0
2023-06-27 280 7863 0 0
2023-06-28 282 7863 0 0
2023-06-29 283 7863 0 0
2023-06-30 284 7863 0 0
2023-07-01 284 7863 0 0
2023-07-02 284 7863 0 0
2023-07-03 286 7863 0 0
2023-07-04 288 7863 0 0
2023-07-06 282 7863 0 0
2023-07-07 284 7863 0 0
2023-07-08 284 7863 0 0
2023-07-09 284 7863 0 0
2023-07-10 284 7863 0 0
2023-07-11 287 7863 0 0
2023-07-12 288 7863 0 0
2023-07-13 295 7863 0 0
2023-07-14 293 7863 0 0
2023-07-15 293 7863 0 0
2023-07-16 293 7863 0 0
2023-07-17 295 7863 0 0
2023-07-18 294 7863 0 0
2023-07-19 295 7863 0 0
2023-07-20 292 7863 0 0
2023-07-21 291 7863 0 0
2023-07-22 291 7863 0 0
2023-07-23 291 7863 0 0
2023-07-24 291 7863 0 0
2023-07-25 292 7863 0 0
2023-07-26 293 7863 0 0
2023-07-27 293 7863 0 0
2023-07-28 296 7863 0 0
2023-07-29 296 7863 0 0
2023-07-30 296 7863 0 0
2023-07-31 297 7863 0 0
2023-08-01 298 7863 0 0
2023-08-02 295 7863 0 0
2023-08-04 294 7863 0 0
2023-08-05 294 7863 0 0
2023-08-06 294 7863 0 0
2023-08-07 294 7863 0 0
2023-08-08 298 7863 0 0
2023-08-09 295 7863 0 0
2023-08-10 295 7863 0 0
2023-08-11 292 7863 0 0
2023-08-12 289 7863 0 0
2023-08-13 289 7863 0 0
2023-08-14 290 7863 0 0
2023-08-15 288 7863 0 0
2023-08-16 288 7863 0 0
2023-08-17 284 7863 0 0
2023-08-18 282 7863 0 0
2023-08-19 283 7863 0 0
2023-08-20 283 7863 0 0
2023-08-21 283 7863 0 0
2023-08-22 283 7863 0 0
2023-08-23 282 7863 0 0
2023-08-24 284 7863 0 0
2023-08-26 286 7863 0 0
2023-08-27 286 7863 0 0
2023-08-28 288 7863 0 0
2023-08-29 295 7863 0 0
2023-08-30 295 7863 0 0
2023-08-31 294 7863 0 0
2023-09-01 293 7863 0 0
2023-09-02 293 7863 0 0
2023-09-03 293 7863 0 0
2023-09-04 294 7863 0 0
2023-09-05 293 7863 0 0
2023-09-06 291 7863 0 0
2023-09-07 291 7863 0 0
2023-09-08 292 7863 0 0
2023-09-09 250 8690 827 10.518
2023-09-10 253 8690 0 0
2023-09-12 253 8690 0 0
2023-09-14 255 8690 0 0
2023-09-15 254 8690 0 0
2023-09-17 253 8690 0 0
2023-09-18 254 8690 0 0
2023-09-19 255 8690 0 0
2023-09-20 254 8690 0 0
2023-09-21 249 8690 0 0
2023-09-22 248 8690 0 0
2023-09-23 248 8690 0 0
2023-09-24 248 8690 0 0
2023-09-25 249 8690 0 0
2023-09-26 247 8690 0 0
2023-09-27 249 8690 0 0
2023-09-28 249 8690 0 0
2023-09-29 250 8690 0 0
2023-10-01 250 8690 0 0
2023-10-02 250 8690 0 0
2023-10-03 246 8690 0 0
2023-10-04 248 8690 0 0
2023-10-05 248 8690 0 0
2023-10-06 247 8690 0 0
2023-10-07 247 8690 0 0
2023-10-08 247 8690 0 0
2023-10-09 248 8690 0 0
2023-10-10 251 8690 0 0
2023-10-11 252 8690 0 0
2023-10-12 251 8690 0 0
2023-10-13 239 8690 0 0
2023-10-14 239 8690 0 0
2023-10-15 239 8690 0 0
2023-10-16 237 8690 0 0
2023-10-17 244 8690 0 0
2023-10-18 242 8690 0 0
2023-10-19 238 8690 0 0
2023-10-21 238 8690 0 0
2023-10-26 235 8690 0 0
2023-10-27 236 8690 0 0
2023-10-28 233 8690 0 0
2023-10-29 233 8690 0 0
2023-10-30 235 8690 0 0
2023-10-31 236 8690 0 0
2023-11-01 236 8690 0 0
2023-11-02 237 8690 0 0
2023-11-03 243 8690 0 0
2023-11-04 247 8690 0 0
2023-11-05 247 8690 0 0
2023-11-06 249 8690 0 0
2023-11-07 249 8690 0 0
2023-11-08 249 8690 0 0
2023-11-09 252 8690 0 0
2023-11-10 250 8690 0 0
2023-11-11 250 8690 0 0
2023-11-13 251 8690 0 0
2023-11-15 256 8690 0 0
2023-11-16 256 8690 0 0
2023-11-17 259 8690 0 0
2023-11-18 260 8690 0 0
2023-11-20 260 8690 0 0
2023-11-21 260 8690 0 0
2023-11-22 259 8690 0 0
2023-11-24 262 8690 0 0
2023-11-25 264 8690 0 0
2023-11-26 264 8690 0 0
2023-11-27 263 8690 0 0
2023-11-28 263 8690 0 0
2023-11-29 263 8690 0 0
2023-11-30 267 8690 0 0
2023-12-01 267 8690 0 0
2023-12-03 267 8690 0 0
2023-12-04 266 8690 0 0
2023-12-05 263 8690 0 0
2023-12-06 263 8690 0 0
2023-12-07 266 8690 0 0
2023-12-08 266 8690 0 0
2023-12-09 266 8690 0 0
2023-12-10 266 8690 0 0
2023-12-12 264 8690 0 0
2023-12-13 265 8690 0 0
2023-12-14 266 8690 0 0
2023-12-15 269 8690 0 0
2023-12-16 267 8690 0 0
2023-12-17 267 8690 0 0
2023-12-18 266 8690 0 0
2023-12-19 266 8690 0 0
2023-12-20 268 8690 0 0
2023-12-21 269 8690 0 0
2023-12-22 268 8690 0 0
2023-12-23 268 8690 0 0
2023-12-25 268 8690 0 0
2023-12-28 269 8690 0 0
2023-12-29 271 8690 0 0
2023-12-30 270 8690 0 0
2023-12-31 270 8690 0 0
2024-01-01 270 8690 0 0
2024-01-02 271 8690 0 0
2024-01-03 269 8690 0 0
2024-01-04 269 8690 0 0
2024-01-05 267 8690 0 0
2024-01-06 266 8690 0 0
2024-01-07 266 8690 0 0
2024-01-08 267 8690 0 0
2024-01-09 270 8690 0 0
2024-01-10 270 8690 0 0
2024-01-11 270 8690 0 0
2024-01-12 272 8690 0 0
2024-01-13 272 8690 0 0
2024-01-14 272 8690 0 0
2024-01-15 273 8690 0 0
2024-01-16 271 8690 0 0
2024-01-17 269 8690 0 0
2024-01-18 270 8690 0 0
2024-01-19 270 8690 0 0
2024-01-20 267 8690 0 0
2024-01-21 267 8690 0 0
2024-01-22 267 8690 0 0
2024-01-23 269 8690 0 0
2024-01-24 268 8690 0 0
2024-01-25 269 8690 0 0
2024-01-26 268 8690 0 0
2024-01-27 270 8690 0 0
2024-01-28 270 8690 0 0
2024-01-29 271 8690 0 0
2024-01-30 272 8690 0 0
2024-01-31 271 8690 0 0
2024-02-01 272 8690 0 0
2024-02-02 272 8690 0 0
2024-02-03 269 8690 0 0
2024-02-04 268 8690 0 0
2024-02-05 269 8690 0 0
2024-02-06 269 8690 0 0
2024-02-07 270 8690 0 0
2024-02-08 270 8690 0 0
2024-02-09 270 8690 0 0
2024-02-10 272 8690 0 0
2024-02-11 272 8690 0 0
2024-02-12 272 8690 0 0
2024-02-13 272 8690 0 0
2024-02-14 267 8690 0 0
2024-02-15 272 8690 0 0
2024-02-16 273 8690 0 0
2024-02-17 273 8690 0 0
2024-02-18 273 8690 0 0
2024-02-19 275 8690 0 0
2024-02-20 276 8690 0 0
2024-02-21 277 8690 0 0
2024-02-22 277 8690 0 0
2024-02-23 280 8690 0 0
2024-02-24 280 8690 0 0
2024-02-25 280 8690 0 0
2024-02-26 281 8690 0 0
2024-02-27 284 8690 0 0
2024-02-28 285 8690 0 0
2024-02-29 285 8690 0 0
2024-03-01 285 8690 0 0
2024-03-02 285 8690 0 0
2024-03-03 286 8690 0 0
2024-03-04 287 8690 0 0
2024-03-05 287 8690 0 0
2024-03-06 287 8690 0 0
2024-03-07 286 8690 0 0
2024-03-08 286 8690 0 0
2024-03-09 288 8690 0 0
2024-03-10 286 8690 0 0
2024-03-11 289 8690 0 0
2024-03-12 289 8690 0 0
2024-03-13 289 8690 0 0
2024-03-14 286 8690 0 0
2024-03-15 290 8690 0 0
2024-03-16 290 8690 0 0
2024-03-17 290 8690 0 0
2024-03-18 290 8690 0 0
2024-03-19 289 8690 0 0
2024-03-20 290 8690 0 0
2024-03-21 291 8690 0 0
2024-03-22 289 8690 0 0
2024-03-23 288 8690 0 0
2024-03-24 288 8690 0 0
2024-03-25 290 8690 0 0
2024-03-26 291 8690 0 0
2024-03-27 292 8690 0 0
2024-03-28 291 8690 0 0
2024-03-29 291 8690 0 0
2024-03-30 296 8690 0 0
2024-03-31 296 8690 0 0
2024-04-01 290 8690 0 0
2024-04-02 294 8690 0 0
2024-04-03 294 8690 0 0
2024-04-04 293 8690 0 0
2024-04-05 294 8690 0 0
2024-04-06 294 8690 0 0
2024-04-07 294 8690 0 0
2024-04-08 294 8690 0 0
2024-04-09 295 8690 0 0
2024-04-10 294 8690 0 0
2024-04-11 290 8690 0 0
2024-04-12 287 8690 0 0
2024-04-13 287 8690 0 0
2024-04-14 287 8690 0 0
2024-04-15 288 8690 0 0
2024-04-16 286 8690 0 0
2024-04-17 286 8690 0 0
2024-04-18 286 8690 0 0
2024-04-19 286 8690 0 0
2024-04-20 287 8690 0 0
2024-04-21 287 8690 0 0
2024-04-22 286 8690 0 0
2024-04-23 287 8690 0 0
2024-04-24 289 8690 0 0
2024-04-25 289 8690 0 0
2024-04-26 290 8690 0 0
2024-04-27 290 8690 0 0
2024-04-28 290 8690 0 0
2024-04-29 291 8690 0 0
2024-04-30 289 8690 0 0
2024-05-01 288 8690 0 0
2024-05-02 284 8690 0 0
2024-05-03 291 8690 0 0
2024-05-04 292 8690 0 0
2024-05-05 292 8690 0 0
2024-05-06 293 8690 0 0
2024-05-07 294 8690 0 0
2024-05-08 291 8690 0 0
2024-05-09 293 8690 0 0
2024-05-10 294 8690 0 0
2024-05-11 295 8690 0 0
2024-05-12 295 8690 0 0
2024-05-13 295 8690 0 0
2024-05-14 295 8690 0 0
2024-05-15 295 8690 0 0
2024-05-16 295 8690 0 0
2024-05-17 296 8690 0 0
2024-05-18 295 8690 0 0
2024-05-19 295 8690 0 0
2024-05-20 295 8690 0 0
2024-05-21 294 8690 0 0
2024-05-22 293 8690 0 0
2024-05-23 294 8690 0 0
2024-05-24 294 8690 0 0
2024-05-25 295 8690 0 0
2024-05-26 295 8690 0 0
2024-05-27 296 8690 0 0
2024-05-28 296 8690 0 0
2024-05-29 292 8690 0 0
2024-05-30 287 8690 0 0
2024-05-31 288 8690 0 0
2024-06-01 291 8690 0 0
2024-06-02 291 8690 0 0
2024-06-03 293 8690 0 0
2024-06-04 292 8690 0 0
2024-06-05 295 8690 0 0
2024-06-06 294 8690 0 0
2024-06-07 293 8690 0 0
2024-06-09 290 8690 0 0
2024-06-10 291 8690 0 0
2024-06-11 288 8690 0 0
2024-06-12 290 8690 0 0
2024-06-13 290 8690 0 0
2024-06-14 287 8690 0 0
2024-06-15 287 8690 0 0
2024-06-16 287 8690 0 0
2024-06-17 288 8690 0 0
2024-06-18 290 8690 0 0
2024-06-19 288 8690 0 0
2024-06-20 288 8690 0 0
2024-06-21 288 8690 0 0
2024-06-22 288 8690 0 0
2024-06-23 288 8690 0 0
2024-06-24 288 8690 0 0
2024-06-25 289 8690 0 0
2024-06-26 288 8690 0 0
2024-06-27 288 8690 0 0
2024-06-28 288 8690 0 0
2024-06-29 289 8690 0 0
2024-06-30 289 8690 0 0
2024-07-01 288 8690 0 0
2024-07-02 287 8690 0 0
2024-07-03 287 8690 0 0
2024-07-04 286 8690 0 0
2024-07-05 288 8690 0 0
2024-07-06 289 8690 0 0
2024-07-07 289 8690 0 0
2024-07-08 288 8690 0 0
2024-07-09 292 8690 0 0
2024-07-10 294 8690 0 0
2024-07-11 293 8690 0 0
2024-07-12 297 8690 0 0
2024-07-13 297 8690 0 0
2024-07-14 297 8690 0 0
2024-07-15 299 8690 0 0
2024-07-16 299 8690 0 0
2024-07-17 298 8690 0 0
2024-07-18 299 8690 0 0
2024-07-19 295 8690 0 0
2024-07-20 295 8690 0 0
2024-07-21 295 8690 0 0
2024-07-22 297 8690 0 0
2024-07-23 294 8690 0 0
2024-07-24 290 8690 0 0
2024-07-25 289 8690 0 0
2024-07-26 293 8690 0 0
2024-07-27 294 8690 0 0
2024-07-28 294 8690 0 0
2024-07-29 292 8690 0 0
2024-07-30 293 8690 0 0
2024-07-31 295 8690 0 0
2024-08-01 298 8690 0 0
2024-08-02 292 8690 0 0
2024-08-03 292 8690 0 0
2024-08-04 292 8690 0 0
2024-08-05 283 8690 0 0
2024-08-06 284 8690 0 0
2024-08-07 286 8690 0 0
2024-08-08 287 8690 0 0
2024-08-09 289 8690 0 0
2024-08-10 290 8690 0 0
2024-08-11 290 8690 0 0
2024-08-12 291 8690 0 0
2024-08-13 290 8690 0 0
2024-08-14 291 8690 0 0
2024-08-15 293 8690 0 0
2024-08-16 297 8690 0 0
2024-08-17 296 8690 0 0
2024-08-18 296 8690 0 0
2024-08-19 297 8690 0 0
2024-08-20 300 8690 0 0
2024-08-21 304 8690 0 0
2024-08-22 302 8690 0 0
2024-08-23 303 8690 0 0
2024-08-24 303 8690 0 0
2024-08-25 303 8690 0 0
2024-08-26 305 8690 0 0
2024-08-27 300 8690 0 0
2024-08-28 301 8690 0 0
2024-08-29 305 8690 0 0
2024-08-30 306 8690 0 0
2024-08-31 249 9840.477 1150.477 13.239
2024-09-01 250 9830.477 -10 -0.102
2024-09-02 250 9830.477 0 0
2024-09-03 250 9830.477 0 0
2024-09-04 247 9830.477 0 0
2024-09-05 247 9830.477 0 0
2024-09-06 243 9830.477 0 0
2024-09-07 245 9830.477 0 0
2024-09-08 245 9830.477 0 0
2024-09-09 250 9830.477 0 0
2024-09-10 250 9830.477 0 0
2024-09-11 251 9830.477 0 0
2024-09-12 251 9830.477 0 0
2024-09-13 251 9830.477 0 0
2024-09-14 252 9830.477 0 0
2024-09-15 252 9830.477 0 0
2024-09-16 252 9830.477 0 0
2024-09-17 252 9830.477 0 0
2024-09-18 251 9830.477 0 0
2024-09-19 254 9830.477 0 0
2024-09-20 254 9830.477 0 0
2024-09-21 256 9830.477 0 0
2024-09-22 256 9830.477 0 0
2024-09-23 256 9830.477 0 0
2024-09-24 257 9830.477 0 0
2024-09-25 253 9830.477 0 0
2024-09-26 256 9830.477 0 0
2024-09-27 258 9830.477 0 0
2024-09-28 258 9830.477 0 0
2024-09-29 258 9830.477 0 0
2024-09-30 264 9830.477 0 0
2024-10-01 261 9830.477 0 0
2024-10-02 264 9830.477 0 0
2024-10-03 258 9830.477 0 0
2024-10-04 266 9830.477 0 0
2024-10-05 265 9830.477 0 0
2024-10-06 265 9830.477 0 0
2024-10-07 262 9830.477 0 0
2024-10-08 267 9830.477 0 0
2024-10-09 264 9830.477 0 0
2024-10-10 264 9830.477 0 0
2024-10-11 263 9830.477 0 0
2024-10-12 263 9830.477 0 0
2024-10-13 263 9830.477 0 0
2024-10-14 264 9830.477 0 0
2024-10-15 263 9830.477 0 0
2024-10-16 261 9830.477 0 0
2024-10-17 259 9830.477 0 0
2024-10-18 260 9830.477 0 0
2024-10-19 261 9830.477 0 0
2024-10-20 260 9830.477 0 0
2024-10-21 260 9830.477 0 0
2024-10-22 258 9830.477 0 0
2024-10-23 256 9830.477 0 0
2024-10-24 258 9830.477 0 0
2024-10-25 256 9830.477 0 0
2024-10-26 256 9830.477 0 0
2024-10-27 256 9830.477 0 0
2024-10-28 260 9830.477 0 0
2024-10-29 261 9830.477 0 0
2024-10-30 261 9830.477 0 0
2024-10-31 257 9830.477 0 0
2024-11-01 258 9830.477 0 0
2024-11-02 259 9830.477 0 0
2024-11-03 259 9830.477 0 0
2024-11-04 258 9830.477 0 0
2024-11-05 259 9830.477 0 0
2024-11-06 262 9830.477 0 0
2024-11-07 262 9830.477 0 0
2024-11-08 261 9830.477 0 0
2024-11-09 263 9830.477 0 0
2024-11-10 263 9830.477 0 0
2024-11-11 264 9830.477 0 0
2024-11-12 262 9830.477 0 0
2024-11-13 263 9830.477 0 0
2024-11-14 263 9830.477 0 0
2024-11-15 260 9830.477 0 0
2024-11-16 258 9830.477 0 0
2024-11-17 258 9830.477 0 0
2024-11-18 256 9830.477 0 0
2024-11-19 261 9830.477 0 0
2024-11-20 263 9830.477 0 0
2024-11-21 261 9830.477 0 0
2024-11-22 264 9830.477 0 0
2024-11-23 264 9830.477 0 0
2024-11-24 264 9830.477 0 0
2024-11-25 263 9830.477 0 0
2024-11-26 263 9830.477 0 0
2024-11-27 266 9830.477 0 0
2024-11-28 265 9830.477 0 0
2024-11-29 265 9830.477 0 0
2024-11-30 265 9830.477 0 0
2024-12-01 265 9830.477 0 0
2024-12-02 267 9830.477 0 0
2024-12-03 265 9830.477 0 0
2024-12-04 267 9830.477 0 0
2024-12-05 266 9830.477 0 0
2024-12-06 267 9830.477 0 0
2024-12-07 267 9830.477 0 0
2024-12-08 267 9830.477 0 0
2024-12-09 268 9830.477 0 0
2024-12-10 266 9830.477 0 0
2024-12-11 267 9830.477 0 0
2024-12-12 267 9830.477 0 0
2024-12-13 264 9830.477 0 0
2024-12-14 263 9830.477 0 0
2024-12-15 263 9830.477 0 0
2024-12-16 264 9830.477 0 0
2024-12-17 260 9830.477 0 0
2024-12-18 261 9830.477 0 0
2024-12-19 261 9830.477 0 0
2024-12-20 259 9830.477 0 0
2024-12-21 258 9830.477 0 0
2024-12-22 258 9830.477 0 0
2024-12-23 258 9830.477 0 0
2024-12-24 260 9830.477 0 0
2024-12-25 262 9830.477 0 0
2024-12-26 262 9830.477 0 0
2024-12-27 260 9830.477 0 0
2024-12-28 259 9830.477 0 0
2024-12-29 259 9830.477 0 0
2024-12-30 259 9830.477 0 0
2024-12-31 256 9830.477 0 0
2025-01-01 256 9830.477 0 0
2025-01-02 256 9830.477 0 0
2025-01-03 254 9830.477 0 0
2025-01-04 254 9830.477 0 0
2025-01-05 254 9830.477 0 0
2025-01-06 256 9830.477 0 0
2025-01-07 256 9830.477 0 0
2025-01-08 255 9830.477 0 0
2025-01-09 255 9830.477 0 0
2025-01-10 252 9830.477 0 0
2025-01-11 252 9830.477 0 0
2025-01-12 252 9830.477 0 0
2025-01-13 251 9830.477 0 0
2025-01-14 251 9830.477 0 0
2025-01-15 256 9830.477 0 0
2025-01-16 256 9830.477 0 0
2025-01-17 259 9830.477 0 0
2025-01-18 260 9830.477 0 0
2025-01-19 259 9830.477 0 0
2025-01-20 262 9830.477 0 0
2025-01-21 257 9830.477 0 0
2025-01-22 256 9830.477 0 0
2025-01-23 257 9830.477 0 0
2025-01-24 257 9830.477 0 0
2025-01-25 257 9830.477 0 0
2025-01-26 257 9830.477 0 0
2025-01-27 257 9830.477 0 0
2025-01-28 258 9830.477 0 0
2025-01-29 259 9830.477 0 0
2025-01-30 261 9830.477 0 0
2025-01-31 260 9830.477 0 0
2025-02-01 261 9830.477 0 0
2025-02-02 261 9830.477 0 0
2025-02-03 260 9830.477 0 0
2025-02-04 262 9830.477 0 0
2025-02-05 259 9830.477 0 0
2025-02-06 262 9830.477 0 0
2025-02-07 265 9830.477 0 0
2025-02-08 266 9830.477 0 0
2025-02-09 266 9830.477 0 0
2025-02-10 266 9830.477 0 0
2025-02-11 265 9830.477 0 0
2025-02-12 267 9830.477 0 0
2025-02-13 267 9830.477 0 0
2025-02-14 269 9830.477 0 0
2025-02-15 270 9830.477 0 0
2025-02-16 270 9830.477 0 0
2025-02-17 271 9830.477 0 0
2025-02-18 274 9830.477 0 0
2025-02-19 275 9830.477 0 0
2025-02-20 275 9830.477 0 0
2025-02-21 276 9830.477 0 0
2025-02-22 276 9830.477 0 0
2025-02-23 276 9830.477 0 0
2025-02-24 271 9830.477 0 0
2025-02-25 269 9830.477 0 0
2025-02-26 269 9830.477 0 0
2025-02-27 269 9830.477 0 0
2025-02-28 265 9830.477 0 0
2025-03-01 267 9830.477 0 0
2025-03-02 267 9830.477 0 0
2025-03-03 271 9830.477 0 0
2025-03-04 267 9830.477 0 0
2025-03-05 272 9830.477 0 0
2025-03-06 276 9830.477 0 0
2025-03-07 274 9830.477 0 0
2025-03-08 274 9830.477 0 0
2025-03-09 274 9830.477 0 0
2025-03-10 274 9830.477 0 0
2025-03-11 272 9830.477 0 0
2025-03-12 274 9830.477 0 0
2025-03-13 275 9830.477 0 0
2025-03-14 275 9830.477 0 0
2025-03-15 275 9830.477 0 0
2025-03-16 275 9830.477 0 0
2025-03-17 275 9830.477 0 0
2025-03-18 274 9830.477 0 0
2025-03-19 276 9830.477 0 0
2025-03-20 273 9830.477 0 0
2025-03-21 273 9830.477 0 0
2025-03-22 272 9830.477 0 0
2025-03-23 272 9830.477 0 0
2025-03-24 273 9830.477 0 0
2025-03-25 274 9830.477 0 0
2025-03-26 275 9830.477 0 0
2025-03-27 274 9830.477 0 0
2025-03-28 273 9830.477 0 0
2025-03-29 273 9830.477 0 0
2025-03-30 273 9830.477 0 0
2025-03-31 270 9830.477 0 0
2025-04-01 274 9830.477 0 0
2025-04-02 280 9830.477 0 0
2025-04-03 276 9830.477 0 0
2025-04-04 266 9830.477 0 0
2025-04-05 262 9830.477 0 0
2025-04-06 262 9830.477 0 0
2025-04-07 253 9830.477 0 0
2025-04-08 252 9830.477 0 0
2025-04-09 257 9830.477 0 0
2025-04-10 260 9830.477 0 0
2025-04-11 265 9830.477 0 0
2025-04-12 270 9830.477 0 0
2025-04-13 270 9830.477 0 0
2025-04-14 271 9830.477 0 0
2025-04-15 274 9830.477 0 0
2025-04-16 273 9830.477 0 0
2025-04-17 275 9830.477 0 0
2025-04-18 274 9830.477 0 0
2025-04-19 274 9830.477 0 0
2025-04-20 274 9830.477 0 0
2025-04-21 274 9830.477 0 0
2025-04-22 278 9830.477 0 0
2025-04-23 279 9830.477 0 0
2025-04-24 277 9830.477 0 0
2025-04-25 275 9830.477 0 0
2025-04-26 275 9830.477 0 0
2025-04-27 275 9830.477 0 0
2025-04-28 274 9830.477 0 0
2025-04-29 278 9830.477 0 0
2025-04-30 276 9830.477 0 0
2025-05-01 279 9830.477 0 0
2025-05-02 278 9830.477 0 0
2025-05-03 283 9830.477 0 0
2025-05-04 283 9830.477 0 0
2025-05-05 283 9830.477 0 0
2025-05-06 286 9830.477 0 0
2025-05-07 283 9830.477 0 0
2025-05-08 282 9830.477 0 0
2025-05-09 283 9830.477 0 0
2025-05-10 282 9830.477 0 0
2025-05-11 282 9830.477 0 0
2025-05-12 282 9830.477 0 0
2025-05-13 288 9830.477 0 0
2025-05-14 290 9830.477 0 0
2025-05-15 287 9830.477 0 0
2025-05-16 287 9830.477 0 0
2025-05-17 287 9830.477 0 0
2025-05-18 287 9830.477 0 0
2025-05-19 291 9830.477 0 0
2025-05-20 292 9830.477 0 0
2025-05-21 293 9830.477 0 0
2025-05-22 291 9830.477 0 0
2025-05-23 288 9830.477 0 0
2025-05-24 288 9830.477 0 0
2025-05-25 288 9830.477 0 0
2025-05-26 288 9830.477 0 0
