2020-01-19 2184 1007.537 0 0
2020-02-07 2154 1004.697 -2.84 -0.282
2020-05-13  996.142 -8.555 -0.852
2020-07-08 2233 1000.384 4.242 0.426
2020-07-09  940.641 -59.743 -5.972
2021-02-25 1944 1464.293 523.652 55.67
2021-02-26 1933 1471.367 7.074 0.483
2021-02-27 1931 1469.19 -2.177 -0.148
2021-02-28 1932 1469.19 0 0
2021-03-01 1913 1501.594 32.404 2.206
2021-03-02 1906 1505.681 4.087 0.272
2021-03-03 1919 1493.064 -12.617 -0.838
2021-03-04 1927 1490.648 -2.416 -0.162
2021-03-05 1957 1451.91 -38.738 -2.599
2021-03-06 1963 1445.48 -6.43 -0.443
2021-03-07 1961 1445.48 0 0
2021-03-08 1947 1450.089 4.609 0.319
2021-03-09 1945 1449.482 -0.607 -0.042
2021-03-11 1915 1490.035 40.553 2.798
2021-03-12 1926 1491.024 0.989 0.066
2021-03-13 1926 1487.13 -3.894 -0.261
2021-03-14 1927 1487.13 0 0
2021-03-15 1923 1499.452 12.322 0.829
2021-03-16 1905 1510.345 10.893 0.726
2021-03-18 1911 1503.405 -6.94 -0.459
2021-03-19 1911 1503.405 0 0
2021-03-20 1898 1515.286 11.881 0.79
2021-03-21 1898 1515.286 0 0
2021-03-22 1906 1509.132 -6.154 -0.406
2021-03-23 1907 1504.158 -4.974 -0.33
2021-03-24 1917 1489.955 -14.203 -0.944
2021-03-25 1928 1469.679 -20.276 -1.361
2021-03-26 1929 1480.387 10.708 0.729
2021-03-27 1928 1475.627 -4.76 -0.322
2021-03-28 1928 1475.627 0 0
2021-03-29 1947 1448.983 -26.644 -1.806
2021-03-30 1944 1455.834 6.851 0.473
2021-03-31 1948 1447.131 -8.703 -0.598
