2026-06-13 2682 1442.0 0 0
2026-06-14 2689 1442.0 0 0
2026-06-16 2375 1729.227 0 0
2026-06-17 2293 1813.893 0 0
2026-06-18 2379 1723.036 0 0
2026-06-19 2442 1660.948 0 0
2026-06-20 2439 1660.948 0 0
2026-06-21 2440 1660.948 0 0
2026-06-22 2439 1660.948 0 0
2026-06-23 2771 1384.191 0 0
2026-06-24 2756 1397.937 0 0
2026-06-25 2766 1383.644 0 0
2026-06-26 2780 1369.624 0 0
2026-06-27 2786 1371.718 0 0
2026-06-28 2786 1371.718 0 0
2026-06-29 2785 1371.718 0 0
2026-06-30 2657 1471.497 0 0
2026-07-01 2583 1532.219 0 0
2026-07-02 2745 1410.956 0 0
2026-07-03 2693 1451.559 0 0
2026-07-04 2695 1451.559 0 0
2026-07-05 2695 1451.559 0 0
2026-07-06 2695 1451.559 0 0
2026-07-07 2714 1437.175 0 0
2026-07-08 2836 1337.488 0 0
2026-07-09 2829 1326.836 0 0
