2022-03-13 2299 1147.426 0 0
2022-03-14 2272 1155.548 8.122 0.708
2022-03-15 2260 1146 -9.548 -0.826
2022-03-16 2296 1138.072 -7.928 -0.692
2022-03-17 2317 1147.751 9.679 0.85
2022-03-18 2332 1144.625 -3.126 -0.272
2022-03-19 2338 1141.324 -3.301 -0.288
2022-03-20 2338 1141.324 0 0
2022-03-21 2326 1143.466 2.142 0.188
2022-03-22 2337 1139.625 -3.841 -0.336
2022-03-23 2342 1138.36 -1.265 -0.111
2022-03-24 2376 1116.543 -21.817 -1.917
2022-03-26 2357 1119.519 2.976 0.267
2022-03-27 2357 1119.519 0 0
2022-03-28 2345 1121.647 2.128 0.19
2022-03-29 2379 1098.757 -22.89 -2.041
2022-03-30 2384 1098.596 -0.161 -0.015
2022-04-01 2372 1108.181 9.585 0.872
2022-04-02 2387 1097.803 -10.378 -0.936
2022-04-03 2387 1097.803 0 0
2022-04-05 2538 1115.022 17.219 1.568
2022-04-06 2527 1118.903 3.881 0.348
2022-04-07 2512 1116.766 -2.137 -0.191
2022-04-08 2512 1113.269 -3.497 -0.313
2022-04-09 2518 1109.228 -4.041 -0.363
2022-04-10 2519 1109.228 0 0
2022-04-11 2494 1117.725 8.497 0.766
2022-04-12 2484 1121.552 3.827 0.342
2022-04-13 2487 1118.623 -2.929 -0.261
2022-04-14 2488 1118.623 0 0
2022-04-15 2487 1118.623 0 0
2022-04-16 2487 1118.623 0 0
2022-04-17 2487 1118.623 0 0
2022-04-18 2497 1110.134 -8.489 -0.759
2022-04-19 2498 1111.413 1.279 0.115
2022-04-20 2466 1125.348 13.935 1.254
2022-04-21 2449 1129.011 3.663 0.325
2022-04-22 2440 1125.517 -3.494 -0.309
2022-04-23 2439 1122.041 -3.476 -0.309
2022-04-24 2439 1122.041 0 0
2022-04-25 2424 1119.938 -2.103 -0.187
2022-04-26 2380 1128.978 9.04 0.807
2022-04-27 2416 1111.543 -17.435 -1.544
2022-04-28 2431 1106.385 -5.158 -0.464
2022-04-29 2458 1082.672 -23.713 -2.143
2022-04-30 2452 1089.96 7.288 0.673
