2020-01-19 591 4022.838 0 0
2020-02-07 581 4039.516 16.678 0.413
2020-02-15 592 4015.97 -23.546 -0.586
2020-02-16 592 4015.97 0 0
2020-02-17 585 4037.86 21.89 0.542
2020-02-18 582 4037.032 -0.828 -0.021
2020-02-19 588 4003.305 -33.727 -0.842
2020-02-20 587 4009.358 6.053 0.151
2020-02-21 585 4019.29 9.932 0.247
2020-02-22 583 4021.4 2.11 0.052
2020-02-23 582 4021.4 0 0
2020-02-24 576 4015.728 -5.672 -0.141
2020-02-25 588 3920.797 -94.931 -2.421
2020-02-26 595 3867.711 -53.086 -1.373
2020-02-27 583 3830.093 -37.618 -0.982
2020-02-28 613 3678.106 -151.987 -4.132
2020-02-29 694 3369.534 -308.572 -9.158
2020-03-01 694 3369.534 0 0
2020-03-02 701 3373.011 3.477 0.103
2020-03-03 655 3540.054 167.043 4.719
2020-03-04 672 3502.271 -37.783 -1.079
2020-03-05 641 3640.56 138.289 3.799
2020-03-06 648 3566.72 -73.84 -2.07
2020-03-07 650 3572.477 5.757 0.161
2020-03-08 650 3572.477 0 0
2020-03-09 632 3567.158 -5.319 -0.149
2020-03-10 664 3430.335 -136.823 -3.989
2020-03-11 635 3515.492 85.157 2.422
2020-03-12 663 3309.278 -206.214 -6.231
2020-03-13 711 3071.703 -237.575 -7.734
2020-03-14 644 3336.627 264.924 7.94
2020-03-15 644 3336.627 0 0
2020-03-16 619 3319.334 -17.293 -0.521
2020-03-17 650 3160.962 -158.372 -5.01
2020-03-18 585 3387.873 226.911 6.698
2020-03-19 587 3344.429 -43.444 -1.299
2020-03-20 625 3235.506 -108.923 -3.366
2020-03-21 671 3050.65 -184.856 -6.06
2020-03-22 671 3050.65 0 0
2020-03-23 657 3045.855 -4.795 -0.157
2020-03-24 688 2933.256 -112.599 -3.839
2020-03-25 681 3056.4 123.144 4.029
2020-03-26 705 3033.51 -22.89 -0.755
2020-03-27 668 3202.216 168.706 5.268
2020-03-28 660 3219.658 17.442 0.542
2020-03-29 660 3219.658 0 0
2020-03-30 660 3219.658 0 0
2020-03-31 633 3319.279 99.621 3.001
2020-04-01 663 3221.165 -98.114 -3.046
2020-04-02 662 3184.688 -36.477 -1.145
2020-04-03 629 3281.249 96.561 2.943
2020-04-04 619 3295.358 14.109 0.428
2020-04-05 619 3295.358 0 0
2020-04-06 619 3295.358 0 0
2020-04-07 621 3388.85 93.492 2.759
2020-04-08 654 3319.964 -68.886 -2.075
2020-04-10 651 3377.881 57.917 1.715
2020-04-11 651 3377.881 0 0
2020-04-12 651 3377.881 0 0
2020-04-13 652 3371.882 -5.999 -0.178
2020-04-14 652 3381.663 9.781 0.289
2020-04-15 622 3502.715 121.052 3.456
2020-04-17 624 3503.6 0.885 0.025
2020-04-18 614 3576.542 72.942 2.039
2020-04-19 614 3576.542 0 0
2020-04-20 610 3572.331 -4.211 -0.118
2020-04-21 624 3486.732 -85.599 -2.455
2020-04-23 630 3470.507 -16.225 -0.468
2020-04-24 634 3461.908 -8.599 -0.248
2020-04-25 632 3467.354 5.446 0.157
2020-04-26 632 3467.354 0 0
2020-04-27 636 3471.226 3.872 0.112
2020-04-28 648 3450.903 -20.323 -0.589
2020-04-29 649 3449.443 -1.46 -0.042
2020-04-30 654 3449.493 0.05 0.001
