2019-11-07 1979 1140.947 0 0
2020-01-19 1883 1286.666 145.719 12.772
2020-02-07 2015 1121.104 -165.562 -12.868
2020-02-15 1992 1158.925 37.821 3.374
2020-02-16 1994 1158.925 0 0
2020-02-17 1966 1192.62 33.695 2.907
2020-02-18 1965 1195.508 2.888 0.242
2020-02-19 1979 1174.505 -21.003 -1.757
2020-02-20 1917 1226.333 51.828 4.413
2020-02-21 1919 1216.809 -9.524 -0.777
2020-02-22 1925 1212.764 -4.045 -0.332
2020-02-23 1924 1212.764 0 0
2020-02-24 1886 1233.768 21.004 1.732
2020-02-25 1924 1198.596 -35.172 -2.851
2020-02-26 1938 1177.847 -20.749 -1.731
2020-02-27 1920 1190.675 12.828 1.089
2020-02-28 1988 1112.752 -77.923 -6.544
2020-02-29 1973 1116.891 4.139 0.372
2020-03-01 1973 1116.891 0 0
2020-03-02 1942 1149.577 32.686 2.927
2020-03-03 1947 1153.448 3.871 0.337
2020-03-04 1958 1150.594 -2.854 -0.247
2020-03-05 1883 1210.328 59.734 5.192
2020-03-06 1880 1202.053 -8.275 -0.684
2020-03-07 1882 1202.399 0.346 0.029
2020-03-08 1878 1202.399 0 0
2020-03-09 1913 1153.986 -48.413 -4.026
2020-03-10 1846 1202.93 48.944 4.241
2020-03-11 1824 1211.793 8.863 0.737
2020-03-12 1842 1155.726 -56.067 -4.627
2020-03-13 1873 1114.789 -40.937 -3.542
2020-03-14 1875 1113.593 -1.196 -0.107
2020-03-15 1876 1113.593 0 0
2020-03-16 1893 1063.142 -50.451 -4.53
2020-03-17 1913 1042.186 -20.956 -1.971
2020-03-18 1914 1024.83 -17.356 -1.665
2020-03-19 1901 1016.006 -8.824 -0.861
2020-03-20 1902 1017.59 1.584 0.156
2020-03-21 1914 1021.191 3.601 0.354
2020-03-22 1914 1021.191 0 0
2020-03-23  995.038 -26.153 -2.561
2020-03-25 1912 1020.553 25.515 2.564
2020-03-26 1924 1031.414 10.861 1.064
2020-03-27 1943 1019.384 -12.03 -1.166
2020-03-28 1918 1039.015 19.631 1.926
2020-03-29 1918 1039.015 0 0
2020-03-30 1918 1039.015 0 0
2020-03-31 1956 1004.534 -34.481 -3.319
