2019-11-07 1764 1358.665 0 0
2020-01-19 1798 1383.058 24.393 1.795
2020-02-07 1802 1350.149 -32.909 -2.379
2020-02-15 1811 1344.822 -5.327 -0.395
2020-02-16 1811 1344.822 0 0
2020-02-17 1810 1344.822 0 0
2020-02-18 1809 1344.822 0 0
2020-02-19 1811 1336.786 -8.036 -0.598
2020-02-20 1808 1340.575 3.789 0.283
2020-02-21 1809 1336.758 -3.817 -0.285
2020-02-22 1805 1338.887 2.129 0.159
2020-02-23 1805 1338.887 0 0
2020-02-24 1796 1338.887 0 0
2020-02-25 1790 1333.205 -5.682 -0.424
2020-02-26 1797 1325.943 -7.262 -0.545
2020-02-27 1782 1323.784 -2.159 -0.163
2020-02-28 1776 1323.418 -0.366 -0.028
2020-02-29 1774 1313.33 -10.088 -0.762
2020-03-01 1777 1313.33 0 0
2020-03-02 1784 1313.33 0 0
2020-03-03 1778 1330.339 17.009 1.295
2020-03-04 1766 1349.622 19.283 1.449
2020-03-05 1775 1343.819 -5.803 -0.43
2020-03-06 1768 1340.142 -3.677 -0.274
2020-03-07 1768 1343.253 3.111 0.232
2020-03-08 1763 1343.253 0 0
2020-03-09 1730 1343.253 0 0
2020-03-10 1744 1313.982 -29.271 -2.179
2020-03-11 1743 1295.724 -18.258 -1.39
2020-03-12 1706 1292.439 -3.285 -0.254
2020-03-13 1750 1219.628 -72.811 -5.634
2020-03-14 1738 1233.023 13.395 1.098
2020-03-15 1738 1233.023 0 0
2020-03-16 1709 1233.023 0 0
2020-03-17 1720 1210.514 -22.509 -1.826
2020-03-18 1716 1192.664 -17.85 -1.475
2020-03-19 1780 1122.586 -70.078 -5.876
2020-03-20 1811 1105.418 -17.168 -1.529
2020-03-21 1855 1065.071 -40.347 -3.65
2020-03-22 1855 1065.071 0 0
2020-03-23 1833 1065.071 0 0
2020-03-24 1788 1100.528 35.457 3.329
2020-03-25 1803 1121.675 21.147 1.922
2020-03-26 1798 1141.363 19.688 1.755
2020-03-27 1764 1194.943 53.58 4.694
2020-03-28 1765 1183.901 -11.042 -0.924
2020-03-29 1765 1183.901 0 0
2020-03-30 1765 1183.901 0 0
2020-03-31 1776 1173.902 -9.999 -0.845
