2019-11-07 1963 1147.513 0 0
2020-01-19 2020 1144.939 -2.574 -0.224
2020-02-07 2025 1114.189 -30.75 -2.686
2020-02-15 2024 1122.242 8.053 0.723
2020-02-16 2026 1122.242 0 0
2020-02-17 2031 1122.242 0 0
2020-02-18 2029 1122.242 0 0
2020-02-19 2038 1116.109 -6.133 -0.546
2020-02-20 2036 1116.156 0.047 0.004
2020-02-21 2041 1107.681 -8.475 -0.759
2020-02-22 2051 1097.879 -9.802 -0.885
2020-02-23 2051 1097.879 0 0
2020-02-24 2045 1097.879 0 0
2020-02-25 2039 1087.758 -10.121 -0.922
2020-02-26 2028 1096.835 9.077 0.834
2020-02-27 2020 1090.842 -5.993 -0.546
2020-02-28 2011 1090.618 -0.224 -0.021
2020-02-29 1995 1093.042 2.424 0.222
2020-03-01 1991 1093.042 0 0
2020-03-02 1998 1093.042 0 0
2020-03-03 1983 1112.042 19 1.738
2020-03-04 1999 1110.6 -1.442 -0.13
2020-03-05 1994 1117.612 7.012 0.631
2020-03-06 1974 1123.857 6.245 0.559
2020-03-07 1988 1113.441 -10.416 -0.927
2020-03-08 1984 1113.441 0 0
2020-03-09 1954 1113.441 0 0
2020-03-10 1956 1102.3 -11.141 -1.001
2020-03-11 1930 1112.601 10.301 0.935
2020-03-12 1889 1112.601 0 0
2020-03-13 1887 1100.244 -12.357 -1.111
2020-03-14 1898 1088.695 -11.549 -1.05
2020-03-15 1898 1088.695 0 0
2020-03-16 1865 1088.695 0 0
2020-03-17 1860 1082.745 -5.95 -0.547
2020-03-18 1858 1067.38 -15.365 -1.419
2020-03-19 1842 1065.751 -1.629 -0.153
2020-03-20 1881 1032.511 -33.24 -3.119
2020-03-21 1858 1064.043 31.532 3.054
2020-03-22 1858 1064.043 0 0
2020-03-23 1836 1064.043 0 0
2020-03-24 1842 1048.288 -15.755 -1.481
2020-03-25 1855 1062.382 14.094 1.344
2020-03-26 1866 1079.312 16.93 1.594
2020-03-27 1882 1077.123 -2.189 -0.203
2020-03-28 1864 1096.609 19.486 1.809
2020-03-29 1864 1096.609 0 0
2020-03-30 1864 1096.609 0 0
2020-03-31 1868 1084.205 -12.404 -1.131
2020-04-01 1875 1090.483 6.278 0.579
2020-04-02 1860 1078.874 -11.609 -1.065
2020-04-03 1863 1080.542 1.668 0.155
2020-04-04 1857 1078.523 -2.019 -0.187
2020-04-05 1857 1078.523 0 0
2020-04-06 1857 1078.523 0 0
2020-04-07 1887 1079.883 1.36 0.126
2020-04-08 2031 1087.046 7.163 0.663
2020-04-09 2034 1087.357 0.311 0.029
2020-04-10 2035 1088.472 1.115 0.103
2020-04-11 2035 1088.472 0 0
2020-04-12 2034 1088.472 0 0
2020-04-13 2037 1088.472 0 0
2020-04-14 2041 1090.08 1.608 0.148
2020-04-15 2037 1090.439 0.359 0.033
2020-04-16 2040 1090.439 0 0
2020-04-17 2047 1080.41 -10.029 -0.92
2020-04-18 2041 1089.901 9.491 0.878
2020-04-19 2041 1089.901 0 0
2020-04-20 2042 1089.901 0 0
2020-04-21 2034 1087.535 -2.366 -0.217
2020-04-23 2051 1077.385 -10.15 -0.933
2020-04-24 2044 1079.444 2.059 0.191
2020-04-25 2051 1074.507 -4.937 -0.457
2020-04-26 2052 1074.507 0 0
2020-04-27 2053 1074.507 0 0
2020-04-28 2045 1082.701 8.194 0.763
2020-04-29 2054 1083.585 0.884 0.082
2020-04-30 2063 1089.499 5.914 0.546
