2020-01-19 1813 1365.805 0 0
2020-02-07 1799 1354.384 -11.421 -0.843
2020-02-15 1820 1335.141 -19.243 -1.441
2020-02-16 1821 1335.141 0 0
2020-02-17 1823 1335.141 0 0
2020-02-18 1816 1335.141 0 0
2020-02-19 1820 1332.251 -2.89 -0.217
2020-02-20 1821 1328.513 -3.738 -0.281
2020-02-21 1816 1329.948 1.435 0.108
2020-02-22 1811 1335.865 5.917 0.443
2020-02-23 1811 1335.865 0 0
2020-02-24 1803 1335.865 0 0
2020-02-25 1711 1429.812 93.947 6.571
2020-02-26 1704 1430.9 1.088 0.076
2020-02-27 1693 1431.055 0.155 0.011
2020-02-28 1662 1446.935 15.88 1.097
2020-02-29 1654 1446.617 -0.318 -0.022
2020-03-01 1660 1446.617 0 0
2020-03-02 1667 1446.617 0 0
2020-03-03 1659 1465.939 19.322 1.318
2020-03-04 1654 1472.166 6.227 0.423
2020-03-05 1658 1467.246 -4.92 -0.335
2020-03-06 1641 1473.649 6.403 0.434
2020-03-07 1626 1489.65 16.001 1.074
2020-03-08 1622 1489.65 0 0
2020-03-09 1596 1489.65 0 0
2020-03-10 1572 1503.768 14.118 0.939
2020-03-11 1569 1494.044 -9.724 -0.651
2020-03-12 1539 1485.283 -8.761 -0.59
2020-03-13 1538 1459.441 -25.842 -1.771
2020-03-14 1538 1457.826 -1.615 -0.111
2020-03-15 1537 1457.826 0 0
2020-03-16 1503 1457.826 0 0
2020-03-17 1491 1466.919 9.093 0.62
2020-03-18 1479 1445.03 -21.889 -1.515
2020-03-19 1481 1426.714 -18.316 -1.284
2020-03-20 1504 1409.461 -17.253 -1.224
2020-03-21 1514 1407.803 -1.658 -0.118
2020-03-22 1514 1407.803 0 0
2020-03-23 1484 1407.803 0 0
2020-03-24 1467 1417.043 9.24 0.652
2020-03-25 1504 1421.939 4.896 0.344
2020-03-26 1518 1426.714 4.775 0.335
2020-03-27 1513 1451.88 25.166 1.733
2020-03-28 1501 1456.375 4.495 0.309
2020-03-29 1501 1456.375 0 0
2020-03-30 1501 1456.375 0 0
2020-03-31 1513 1452.52 -3.855 -0.265
