2019-11-07 1047 2377.158 0 0
2020-01-19 1092 2378.906 1.748 0.074
2020-02-07 1083 2379.033 0.127 0.005
2020-02-15 1096 2378.96 -0.073 -0.003
2020-02-16 1096 2378.96 0 0
2020-02-17 1095 2378.96 0 0
2020-02-18 1093 2378.96 0 0
2020-02-19 1093 2378.916 -0.044 -0.002
2020-02-20 1089 2378.805 -0.111 -0.005
2020-02-21 1081 2378.422 -0.383 -0.016
2020-02-22 1086 2378.27 -0.152 -0.006
2020-02-23 1085 2378.27 0 0
2020-02-24 1074 2378.27 0 0
2020-02-25 1061 2378.034 -0.236 -0.01
2020-02-26 1054 2378.154 0.12 0.005
2020-02-27 1049 2378.091 -0.063 -0.003
2020-02-28 1025 2378.072 -0.019 -0.001
2020-02-29 532 4074.667 1696.595 71.343
