2024-03-30 2696 1038.227 0 0
2024-03-31 2696 1038.227 0 0
2024-04-02 2730 1013.193 -25.034 -2.411
2024-04-03 2696 1038.439 25.246 2.492
2024-04-04 2634 1085.444 47.005 4.527
2024-04-05 2609 1103.778 18.334 1.689
2024-04-06 2608 1103.778 0 0
2024-04-07 2608 1103.778 0 0
2024-04-08 2604 1104.004 0.226 0.02
2024-04-09 2635 1087.375 -16.629 -1.506
2024-04-10 2631 1085.233 -2.142 -0.197
2024-04-11 2572 1121.916 36.683 3.38
2024-04-12 2606 1093.743 -28.173 -2.511
2024-04-13 2600 1093.743 0 0
2024-04-14 2600 1093.743 0 0
2024-04-15 2655 1054.932 -38.811 -3.548
2024-04-16 2656 1049.228 -5.704 -0.541
2024-04-17 2640 1048.624 -0.604 -0.058
2024-04-18 2620 1072.964 24.34 2.321
2024-04-19 2650 1045.29 -27.674 -2.579
2024-04-20 2650 1045.29 0 0
2024-04-21 2650 1045.29 0 0
2024-04-22 2652 1048.006 2.716 0.26
2024-04-23 2610 1076.284 28.278 2.698
2024-04-24 2615 1076.224 -0.06 -0.006
2024-04-25 2650 1052.623 -23.601 -2.193
2024-04-26 2664 1045.124 -7.499 -0.712
2024-04-27 2666 1045.124 0 0
2024-04-28 2666 1045.124 0 0
2024-04-29 2664 1052.714 7.59 0.726
2024-04-30 2725 1005.497 -47.217 -4.485
2024-05-01 2720 1007.338 1.841 0.183
2024-05-02  984.402 -22.936 -2.277
2024-05-07 2726 1021.478 37.076 3.766
2024-05-08  983.134 -38.344 -3.754
2024-05-16 2743 1013.782 30.648 3.117
2024-05-17 2738 1021.297 7.515 0.741
2024-05-18 2738 1021.297 0 0
2024-05-19 2738 1021.297 0 0
2024-05-20 2730 1028.313 7.016 0.687
2024-05-21 2742 1014.672 -13.641 -1.327
2024-05-22 2738 1017.494 2.822 0.278
2024-05-23  990.392 -27.102 -2.664
2024-05-29 2641 1070.927 80.535 8.132
2024-05-30 2724 1007.595 -63.332 -5.914
2024-05-31 2715 1014.823 7.228 0.717
2024-06-01 2711 1014.823 0 0
2024-06-02 2711 1014.823 0 0
2024-06-03  993.848 -20.975 -2.067
2024-06-05 2724 1006.478 12.63 1.271
2024-06-06  995.9 -10.578 -1.051
2024-11-08 2689 1083.497 87.597 8.796
2024-11-09 2686 1083.497 0 0
2024-11-10 2686 1083.497 0 0
2024-11-11 2642 1120.06 36.563 3.375
2024-11-12 2593 1151.07 31.01 2.769
2024-11-13 2589 1149.289 -1.781 -0.155
2024-11-14 2591 1143.465 -5.824 -0.507
2024-11-15 2619 1114.447 -29.018 -2.538
2024-11-16 2617 1114.447 0 0
2024-11-17 2617 1114.447 0 0
2024-11-18 2624 1101.243 -13.204 -1.185
2024-11-19 2605 1122.686 21.443 1.947
2024-11-20 2588 1140.718 18.032 1.606
2024-11-21 2539 1179.228 38.51 3.376
2024-11-22 2479 1213.346 34.118 2.893
2024-11-23 2474 1213.346 0 0
2024-11-24 2474 1213.346 0 0
2024-11-25 2504 1197.064 -16.282 -1.342
2024-11-26 2510 1194.061 -3.003 -0.251
2024-11-27 2536 1183.393 -10.668 -0.893
2024-11-28 2531 1183.393 0 0
2024-11-29 2540 1180.812 -2.581 -0.218
2024-11-30 2539 1180.812 0 0
2024-12-01 2539 1180.812 0 0
