2020-01-19 2141 1056.807 0 0
2020-02-07 1768 1384.342 327.535 23.66
2020-02-15 1791 1367.552 -16.79 -1.228
2020-02-16 1790 1367.552 0 0
2020-02-17 1793 1367.917 0.365 0.027
2020-02-18 1792 1364.981 -2.936 -0.215
2020-02-19 1787 1364.627 -0.354 -0.026
2020-02-20 1794 1358.717 -5.91 -0.435
2020-02-21 1792 1355.426 -3.291 -0.243
2020-02-22 1789 1360.561 5.135 0.377
2020-02-23 1788 1360.561 0 0
2020-02-24 1790 1346.413 -14.148 -1.051
2020-02-25 1783 1339.194 -7.219 -0.539
2020-02-26 1781 1340.05 0.856 0.064
2020-02-27 1779 1326.003 -14.047 -1.059
2020-02-28 1773 1331.273 5.27 0.396
2020-02-29 1765 1330.665 -0.608 -0.046
2020-03-01 1768 1330.665 0 0
2020-03-02 1763 1337.457 6.792 0.508
2020-03-03 1760 1349.508 12.051 0.893
2020-03-04 1760 1362.157 12.649 0.929
2020-03-05 1769 1347.543 -14.614 -1.084
2020-03-06 1767 1342.768 -4.775 -0.356
2020-03-07 1757 1355.017 12.249 0.904
2020-03-08 1752 1355.017 0 0
2020-03-09 1746 1324.441 -30.576 -2.309
2020-03-10 1716 1342.229 17.788 1.325
2020-03-11 1717 1329.584 -12.645 -0.951
2020-03-12 1710 1290.674 -38.91 -3.015
2020-03-13 1688 1285.783 -4.891 -0.38
2020-03-14 1691 1284.158 -1.625 -0.127
2020-03-15 1691 1284.158 0 0
2020-03-16 1685 1263.211 -20.947 -1.658
2020-03-17 1653 1278.608 15.397 1.204
2020-03-18 1659 1248.789 -29.819 -2.388
2020-03-19 1655 1233.741 -15.048 -1.22
2020-03-20 1668 1219.866 -13.875 -1.137
2020-03-21 1674 1218.947 -0.919 -0.075
2020-03-22 1674 1218.947 0 0
2020-03-23 1664 1214.822 -4.125 -0.34
2020-03-24 1650 1220.634 5.812 0.476
2020-03-25 1659 1250.023 29.389 2.351
2020-03-26 1671 1260.529 10.506 0.833
2020-03-27 1664 1286.979 26.45 2.055
2020-03-28 1666 1278.725 -8.254 -0.645
2020-03-29 1666 1278.725 0 0
2020-03-30 1666 1278.725 0 0
2020-03-31 1658 1279.928 1.203 0.094
