2020-01-19 2061 1116.963 0 0
2020-02-07 2149 1013.372 -103.591 -10.222
2020-02-15 2138 1030.394 17.022 1.652
2020-02-16 2139 1030.394 0 0
2020-02-17 2102 1057.489 27.095 2.562
2020-02-18 2086 1073.061 15.572 1.451
2020-02-19 2074 1078.587 5.526 0.512
2020-02-20 2080 1075.326 -3.261 -0.303
2020-02-21 2077 1076.973 1.647 0.153
2020-02-22 2081 1073.392 -3.581 -0.334
2020-02-23 2081 1073.392 0 0
2020-02-24 2054 1089.143 15.751 1.446
2020-02-25 2004 1120.136 30.993 2.767
2020-02-26 2062 1066.595 -53.541 -5.02
2020-02-27 2080 1039.241 -27.354 -2.632
2020-02-28 2115 996.292 -42.949 -4.311
2020-03-03 2049 1055.864 59.572 5.642
2020-03-04 2051 1064.826 8.962 0.842
2020-03-05 2063 1053.936 -10.89 -1.033
2020-03-06 2052 1055.136 1.2 0.114
2020-03-07 2051 1055.44 0.304 0.029
2020-03-08 2050 1055.44 0 0
2020-03-09 2065 1019.105 -36.335 -3.565
2020-03-10 2048 1030.016 10.911 1.059
2020-03-11 2047 1016.797 -13.219 -1.3
2020-03-12 2030 992.943 -23.854 -2.402
2020-04-14 2120 1023.802 30.859 3.014
2020-04-15 2125 1022.033 -1.769 -0.173
2020-04-17 2117 1030.896 8.863 0.86
2020-04-18 2120 1030.488 -0.408 -0.04
2020-04-19 2120 1030.488 0 0
2020-04-20 2102 1044.312 13.824 1.324
2020-04-21 2106 1035.286 -9.026 -0.872
2020-04-23 2090 1044.711 9.425 0.902
2020-04-24 2076 1053.23 8.519 0.809
2020-04-25 2074 1052.62 -0.61 -0.058
2020-04-26 2074 1052.62 0 0
2020-04-27 2055 1073.798 21.178 1.972
2020-04-28 1995 1130.098 56.3 4.982
2020-04-29 2017 1115.163 -14.935 -1.339
2020-04-30 2016 1123.822 8.659 0.77
