2020-01-19 2096 1094.388 0 0
2020-02-07 2082 1072.375 -22.013 -2.053
2020-02-15 2082 1075.401 3.026 0.281
2020-02-16 2084 1075.401 0 0
2020-02-17 2082 1075.401 0 0
2020-02-18 2080 1075.401 0 0
2020-02-19 2085 1071.609 -3.792 -0.354
2020-02-20 2082 1073.31 1.701 0.158
2020-02-21 2085 1070.005 -3.305 -0.309
2020-02-22 2090 1066.448 -3.557 -0.334
2020-02-23 2090 1066.448 0 0
2020-02-24 2076 1066.448 0 0
2020-02-25 2067 1067.434 0.986 0.092
2020-02-26 2059 1069.853 2.419 0.226
2020-02-27 2045 1069.761 -0.092 -0.009
2020-02-28 2036 1069.883 0.122 0.011
2020-02-29 2021 1073.863 3.98 0.371
