2021-01-29 2318 1040 0 0
2021-01-30 2319 1040 0 0
2021-01-31 2319 1040 0 0
2021-02-01 2321 1040 0 0
2021-02-02 2318 1040 0 0
2021-02-03 2321 1040 0 0
2021-02-04 2318 1040 0 0
2021-02-05 2318 1040 0 0
2021-02-06 2322 1040 0 0
2021-02-07 2323 1040 0 0
2021-02-08 2326 1040 0 0
2021-02-09 2333 1040 0 0
2021-02-10 2334 1040 0 0
2021-02-11 2339 1040 0 0
2021-02-12 2337 1040 0 0
2021-02-13 2335 1040 0 0
2021-02-14 2335 1040 0 0
2021-02-15 2335 1040 0 0
2021-02-16 2337 1040 0 0
2021-02-17 2340 1040 0 0
2021-02-19 2341 1040 0 0
2021-02-20 2342 1040 0 0
2021-02-21 2345 1040 0 0
2021-02-22 2343 1040 0 0
2021-02-23 2345 1040 0 0
2021-02-24 2343 1040 0 0
2021-02-25 2341 1040 0 0
2021-02-26 2340 1040 0 0
2021-02-27 2337 1040 0 0
2021-02-28 2339 1040 0 0
2021-03-01 2338 1040 0 0
2021-03-02 2335 1040 0 0
2021-03-03 2337 1040 0 0
2021-03-04 2338 1040 0 0
2021-03-05 2335 1040 0 0
2021-03-06 2342 1040 0 0
2021-03-07 2338 1040 0 0
2021-03-08 2333 1040 0 0
2021-03-09 2322 1040 0 0
2021-03-11 2320 1040 0 0
2021-03-12 2326 1040 0 0
2021-03-13 2327 1040 0 0
2021-03-14 2328 1040 0 0
2021-03-15 2325 1040 0 0
2021-03-16 2330 1040 0 0
2021-03-18 2327 1040 0 0
2021-03-19 2327 1040 0 0
2021-03-20 2326 1040 0 0
2021-03-21 2326 1040 0 0
2021-03-22 2327 1040 0 0
2021-03-23 2325 1040 0 0
2021-03-24 2319 1040 0 0
2021-03-26 2320 1040 0 0
2021-03-27 2315 1040 0 0
2021-03-28 2315 1040 0 0
2021-03-29 2318 1040 0 0
2021-03-30 2314 1040 0 0
2021-03-31 2313 1040 0 0
