2026-02-24 222 13164.953 0 0
2026-02-25 227 13013.88 -151.073 -1.148
2026-02-26 229 12981.254 -32.626 -0.251
2026-02-27 227 13061.992 80.738 0.622
2026-02-28 228 13055.209 -6.783 -0.052
2026-03-01 227 13055.209 0 0
2026-03-02 227 12886.997 -168.212 -1.288
2026-03-03 230 12684.99 -202.007 -1.568
2026-03-04 239 12216.643 -468.347 -3.692
2026-03-05 242 12262.704 46.061 0.377
2026-03-06 243 12171.682 -91.022 -0.742
2026-03-07 243 12156.413 -15.269 -0.125
2026-03-08 243 12156.413 0 0
2026-03-09 244 11973.259 -183.154 -1.507
2026-03-10 249 12094.011 120.752 1.009
2026-03-11 245 12012.337 -81.674 -0.675
2026-03-12 243 12015.085 2.748 0.023
2026-03-13 258 11631.241 -383.844 -3.195
2026-03-14 258 11601.439 -29.802 -0.256
2026-03-15 258 11601.439 0 0
2026-03-16 262 11498.098 -103.341 -0.891
2026-03-17 256 11725.869 227.771 1.981
2026-03-18 257 11748.168 22.299 0.19
2026-03-19 256 11698.521 -49.647 -0.423
2026-03-20 253 11708.421 9.9 0.085
2026-03-21 253 11708.339 -0.082 -0.001
2026-03-22 253 11708.339 0 0
2026-03-23 252 11655.59 -52.749 -0.451
2026-03-24 250 11703.084 47.494 0.407
2026-03-25 247 11899.048 195.964 1.674
2026-03-27 250 11763.881 -135.167 -1.136
2026-03-28 249 11768.248 4.367 0.037
2026-03-29 249 11768.248 0 0
2026-03-30 246 11874.425 106.177 0.902
2026-03-31 250 11750.606 -123.819 -1.043
2026-04-01 247 11900.713 0 0
2026-04-02 253 11716.657 0 0
2026-04-03 252 11593.736 0 0
2026-04-04 253 11584.925 0 0
2026-04-05 253 11584.925 0 0
2026-04-06 252 11676.172 0 0
2026-04-07 253 11695.635 0 0
2026-04-08 248 11845.931 0 0
2026-04-09 253 11885.615 0 0
2026-04-10 253 11972.229 0 0
2026-04-11 252 11997.758 0 0
2026-04-12 253 11996.135 0 0
2026-04-13 255 11944.953 0 0
2026-04-14 255 12023.437 0 0
2026-04-15 254 12186.023 0 0
2026-04-16 256 12038.897 0 0
2026-04-17 258 12025.36 0 0
2026-04-18 255 12091.37 0 0
2026-04-19 256 12061.239 0 0
2026-04-20 256 12045.749 0 0
2026-04-21 258 11954.031 0 0
2026-04-22 261 11978.928 0 0
2026-04-23 264 11945.027 0 0
2026-04-24 265 11820.579 0 0
2026-04-25 267 11704.317 0 0
2026-04-26 263 11753.774 0 0
2026-04-27 262 11799.189 0 0
