2025-12-03 2414 1533.511 0 0
2025-12-04 2303 1624.187 90.676 5.913
2025-12-05 2310 1621.156 -3.031 -0.187
2025-12-06 2308 1620.766 -0.39 -0.024
2025-12-07 2308 1620.766 0 0
2025-12-08 2294 1627.122 6.356 0.392
2025-12-09 2280 1645.215 18.093 1.112
2025-12-10 2222 1693.815 48.6 2.954
2025-12-11 2301 1633.278 -60.537 -3.574
2025-12-12 2310 1626.675 -6.603 -0.404
2025-12-13 2308 1627.298 0.623 0.038
2025-12-14 2308 1627.298 0 0
2025-12-15 2420 1533.425 -93.873 -5.769
2025-12-16 2415 1536.547 3.122 0.204
2025-12-17 2398 1551.874 15.327 0.997
2025-12-18 2441 1511.678 -40.196 -2.59
2025-12-19 2446 1522.446 10.768 0.712
2025-12-20 2445 1522.576 0.13 0.009
2025-12-21 2445 1522.576 0 0
2025-12-22 2418 1554.154 31.578 2.074
2025-12-23 2455 1517.533 -36.621 -2.356
2025-12-24 2456 1524.062 6.529 0.43
2025-12-25 2263 1678.845 154.783 10.156
2025-12-26 2187 1752.17 73.325 4.368
2025-12-27 2186 1754.145 1.975 0.113
2025-12-28 2186 1754.145 0 0
2025-12-29 2130 1813.209 59.064 3.367
2025-12-30 1968 1993.718 180.509 9.955
2025-12-31 1992 1963.07 -30.648 -1.537
2026-01-01 1991 1963.491 0.421 0.021
2026-01-02 1998 1963.491 0 0
2026-01-03 1998 1963.491 0 0
2026-01-05 1998 1973.138 9.647 0.491
2026-01-06 2060 1906.106 -67.032 -3.397
2026-01-07 2093 1877.874 -28.232 -1.481
2026-01-08 2161 1804.137 -73.737 -3.927
2026-01-09 2076 1899.132 94.995 5.265
2026-01-10 2077 1898.724 -0.408 -0.021
2026-01-11 2077 1898.724 0 0
2026-01-12 1978 2009.331 110.607 5.825
2026-01-13 1980 2000.22 -9.111 -0.453
2026-01-14 2026 1946.385 -53.835 -2.691
2026-01-15 2087 1890.49 -55.895 -2.872
2026-01-16 1968 2027.872 137.382 7.267
2026-01-17 1968 2028.105 0.233 0.011
2026-01-18 1967 2028.105 0 0
2026-01-19 1973 2011.472 -16.633 -0.82
2026-01-20 2006 1953.258 -58.214 -2.894
2026-01-21 1938 2062.07 108.812 5.571
2026-01-22 1987 2002.237 -59.833 -2.902
2026-01-23 1931 2077.946 75.709 3.781
2026-01-24 1933 2077.558 -0.388 -0.019
2026-01-25 1933 2077.558 0 0
2026-01-26 2110 1870.374 -207.184 -9.972
2026-01-27 2083 1901.467 31.093 1.662
2026-01-28 2214 1783.833 -117.634 -6.186
2026-01-29 2258 1741.083 -42.75 -2.397
2026-01-30 2177 1805.072 63.989 3.675
2026-01-31 2178 1804.5 -0.572 -0.032
2026-02-01 2176 1804.5 0 0
2026-02-02 2195 1775.565 -28.935 -1.603
2026-02-03 2188 1793.802 18.237 1.027
2026-02-04 2230 1752.404 -41.398 -2.308
2026-02-05 2281 1690.267 -62.137 -3.546
2026-02-06 2229 1750.586 60.319 3.569
2026-02-07 2229 1750.763 0.177 0.01
2026-02-08 2229 1750.763 0 0
2026-02-09 2274 1714.635 -36.128 -2.064
2026-02-10 2274 1729.726 15.091 0.88
2026-02-11 2292 1708.454 -21.272 -1.23
2026-02-12 2288 1706.012 -2.442 -0.143
2026-02-13 2273 1711.201 5.189 0.304
2026-02-14 2275 1708.849 -2.352 -0.137
2026-02-15 2274 1708.849 0 0
2026-02-16 2271 1708.849 0 0
2026-02-17 2278 1708.849 0 0
2026-02-18 2282 1708.849 0 0
2026-02-19 2278 1708.849 0 0
2026-02-20 2288 1708.849 0 0
2026-02-21 2299 1708.849 0 0
2026-02-22 2300 1708.849 0 0
2026-02-23 2295 1708.849 0 0
2026-02-24 2384 1629.958 -78.891 -4.617
2026-02-25 2377 1646.296 16.338 1.002
2026-02-26 2400 1624.925 -21.371 -1.298
2026-02-27 2399 1624.101 -0.824 -0.051
2026-02-28 2403 1620.358 -3.743 -0.23
2026-03-01 2404 1620.358 0 0
2026-03-02 2450 1578.955 -41.403 -2.555
2026-03-03 2515 1503.608 -75.347 -4.772
2026-03-04 2524 1487.165 -16.443 -1.094
2026-03-05 2533 1488.646 1.481 0.1
2026-03-06 2535 1485.128 -3.518 -0.236
2026-03-07 2539 1485.516 0.388 0.026
2026-03-08 2539 1485.516 0 0
2026-03-09 2565 1437.339 -48.177 -3.243
2026-03-10 2561 1542.295 104.956 7.302
2026-03-11 2595 1518.671 -23.624 -1.532
2026-03-12 2613 1498.865 -19.806 -1.304
2026-03-13 2670 1441.716 -57.149 -3.813
2026-03-14 2668 1435.951 -5.765 -0.4
2026-03-15 2668 1435.951 0 0
2026-03-16 2749 1388.661 -47.29 -3.293
2026-03-17 2778 1367.244 -21.417 -1.542
2026-03-18 2770 1372.729 5.485 0.401
2026-03-19 2836 1307.993 -64.736 -4.716
2026-03-20 2881 1280.517 -27.476 -2.101
2026-03-21 2874 1284.071 3.554 0.278
2026-03-22 2874 1284.071 0 0
2026-03-23 2951 1220.827 -63.244 -4.925
2026-03-24 2957 1221.551 0.724 0.059
2026-03-25 2893 1273.833 52.282 4.28
2026-03-27 2864 1286.025 12.192 0.957
2026-03-28 2869 1281.819 -4.206 -0.327
2026-03-29 2869 1281.819 0 0
2026-03-30 2862 1281.819 0 0
2026-03-31 2913 1250.425 -31.394 -2.449
2026-04-01 2889 1276.938 26.513 2.12
2026-04-02 2959 1231.105 -45.833 -3.589
2026-04-03 2995 1210.176 -20.929 -1.7
2026-04-04 2995 1210.176 0 0
2026-04-05 2995 1210.176 0 0
2026-04-06 2996 1210.176 0 0
2026-04-07 2948 1227.162 16.986 1.404
2026-04-08 2878 1298.705 71.543 5.83
2026-04-09 2893 1289.798 -8.907 -0.686
2026-04-10 2883 1299.49 9.692 0.751
2026-04-11 2876 1300.935 1.445 0.111
2026-04-12 2876 1300.935 0 0
2026-04-13 2879 1301.974 1.039 0.08
2026-04-14 2824 1343.106 41.132 3.159
2026-04-15 2813 1360.396 17.29 1.287
2026-04-16 2786 1389.371 28.975 2.13
2026-04-17 2815 1371.377 -17.994 -1.295
2026-04-18 2817 1369.99 -1.387 -0.101
2026-04-19 2817 1369.99 0 0
2026-04-20 2879 1330.317 -39.673 -2.896
2026-04-21 2782 1398.431 68.114 5.12
2026-04-22 2785 1393.964 -4.467 -0.319
2026-04-23 2825 1354.291 -39.673 -2.846
2026-04-24 2824 1359.587 5.296 0.391
2026-04-25 2822 1359.448 -0.139 -0.01
2026-04-26 2821 1359.448 0 0
2026-04-27 2846 1338.336 -21.112 -1.553
2026-04-28 2917 1295.159 -43.177 -3.226
2026-04-29 2893 1303.67 8.511 0.657
2026-04-30 2715 1434.092 130.422 10.004
2026-05-01 2716 1434.008 -0.084 -0.006
2026-05-02 2716 1434.008 0 0
2026-05-04 2722 1434.008 0 0
2026-05-05 2722 1434.008 0 0
2026-05-06 2691 1468.276 0 0
2026-05-07 2609 1535.947 0 0
2026-05-08 2501 1620.932 0 0
2026-05-09 2508 1616.577 0 0
2026-05-10 2508 1616.506 0 0
2026-05-11 2511 1613.723 0 0
2026-05-12 2527 1597.205 0 0
2026-05-13 2495 1622.901 0 0
2026-05-14 2525 1583.278 0 0
2026-05-15 2933 1298.201 0 0
2026-05-16 2457 1654.471 0 0
2026-05-17 2459 1649.973 0 0
2026-05-18 2412 1689.061 0 0
2026-05-19 2402 1697.195 0 0
2026-05-20 2449 1656.599 0 0
2026-05-21 2249 1856.784 0 0
2026-05-22 2299 1803.296 0 0
2026-05-23 2300 1810.976 0 0
2026-05-24 2301 1814.015 0 0
2026-05-25 2299 1814.467 0 0
2026-05-26 2229 1882.125 0 0
2026-05-27 2378 1729.838 0 0
2026-05-28 2518 1591.051 0 0
2026-05-29 2618 1519.158 0 0
2026-05-30 2641 1499.312 0 0
2026-05-31 2633 1501.859 0 0
2026-06-01 2569 1557.284 0 0
2026-06-02 2601 1527.982 0 0
2026-06-03 2459 1647.838 0 0
2026-06-04 2443 1652.434 0 0
2026-06-05 2423 1682.513 0 0
2026-06-06 2416 1678.24 0 0
2026-06-07 2411 1679.604 0 0
2026-06-09 2434 1643.272 0 0
2026-06-10 2449 1622.027 0 0
2026-06-11 2500 1578.013 0 0
2026-06-12 2423 1664.081 0 0
2026-06-13 2410 1684.774 0 0
2026-06-14 2411 1688.785 0 0
2026-06-16 2509 1603.285 0 0
2026-06-17 2477 1628.4 0 0
2026-06-18 2459 1641.752 0 0
2026-06-19 2380 1721.767 0 0
2026-06-20 2371 1720.468 0 0
2026-06-21 2371 1720.468 0 0
2026-06-22 2511 1592.456 0 0
2026-06-23 2542 1570.855 0 0
2026-06-24 2572 1539.428 0 0
2026-06-25 2597 1515.751 0 0
2026-06-26 2652 1465.035 0 0
2026-06-27 2662 1462.742 0 0
2026-06-28 2663 1462.484 0 0
2026-06-29 2702 1428.118 0 0
2026-06-30 2587 1527.371 0 0
2026-07-01 2509 1602.14 0 0
2026-07-02 2486 1629.563 0 0
2026-07-03 2456 1661.972 0 0
2026-07-04 2416 1700.84 0 0
2026-07-05 2416 1700.84 0 0
2026-07-06 2489 1627.892 0 0
2026-07-07 2595 1540.898 0 0
2026-07-08 2707 1433.153 0 0
2026-07-09 2827 1329.126 0 0
2026-07-10 2715 1428.78 0 0
