2020-01-19 589 4028.808 0 0
2020-02-07 589 4023.323 -5.485 -0.136
2020-02-15 590 4017.631 -5.692 -0.142
2020-02-16 590 4017.631 0 0
2020-02-17 602 3992.131 -25.5 -0.639
2020-02-18 602 3992.131 0 0
2020-02-19 609 3956.95 -35.181 -0.889
2020-02-20 611 3932.004 -24.946 -0.634
2020-02-21 604 3954.474 22.47 0.568
2020-02-22 603 3953.191 -1.283 -0.032
2020-02-23 602 3953.191 0 0
2020-02-24 597 3953.191 0 0
2020-02-25 603 3870.542 -82.649 -2.135
2020-02-26 618 3743.506 -127.036 -3.394
2020-02-27 622 3687.53 -55.976 -1.518
2020-02-28 641 3556.766 -130.764 -3.676
2020-02-29 688 3381.858 -174.908 -5.172
2020-03-01 688 3381.858 0 0
2020-03-02 698 3381.858 0 0
2020-03-03 681 3462.24 80.382 2.322
2020-03-04 699 3400.078 -62.162 -1.828
2020-03-05 681 3477.813 77.735 2.235
2020-03-06 700 3378.74 -99.073 -2.932
2020-03-07 708 3326.92 -51.82 -1.558
2020-03-08 693 3406 79.08 2.322
2020-03-09 678 3406 0 0
2020-03-10 715 3225.224 -180.776 -5.605
2020-03-11 696 3305.866 80.642 2.439
2020-03-12 709 3165.313 -140.553 -4.44
2020-03-13 776 2894.452 -270.861 -9.358
2020-03-14 723 3055.569 161.117 5.273
2020-03-15 723 3055.569 0 0
2020-03-16 701 3055.569 0 0
2020-03-17 763 2832.386 -223.183 -7.88
2020-03-18 706 2966.778 134.392 4.53
2020-03-19 767 2720.729 -246.049 -9.043
2020-03-20 756 2793.238 72.509 2.596
2020-03-21 780 2715.892 -77.346 -2.848
2020-03-22 780 2715.892 0 0
2020-03-23 768 2715.892 0 0
2020-03-24 774 2689.209 -26.683 -0.992
2020-03-25 750 2851.859 162.65 5.703
2020-03-26 754 2897.619 45.76 1.579
2020-03-27 719 3040.714 143.095 4.706
2020-03-28 727 3005.282 -35.432 -1.179
2020-03-29 727 3005.282 0 0
2020-03-30 727 3005.282 0 0
2020-03-31 695 3120.051 114.769 3.678
