2025-09-19  987.652 0 0
2025-10-17 2978 1085.741 98.089 9.932
2025-10-18 2982 1083.372 -2.369 -0.218
2025-10-19 2983 1083.372 0 0
2025-10-20 3012 1064.6 -18.772 -1.733
2025-10-21 3038 1055.775 -8.825 -0.829
2025-10-22 2959 1107.742 51.967 4.922
2025-10-23 2942 1122.612 14.87 1.342
2025-10-24 2832 1201.124 78.512 6.994
2025-10-25 2830 1203.465 2.341 0.195
2025-10-26 2831 1203.465 0 0
2025-10-27 2810 1215.19 11.725 0.974
2025-10-28 2729 1267.668 52.478 4.319
2025-10-29 2667 1311.875 44.207 3.487
2025-10-30 2697 1290.707 -21.168 -1.614
2025-10-31 2625 1352.473 61.766 4.785
2025-11-01 2622 1354.466 1.993 0.147
2025-11-02 2622 1354.466 0 0
2025-11-03 2598 1377.729 23.263 1.718
2025-11-04 2583 1372.476 -5.253 -0.381
2025-11-05 2735 1251.735 -120.741 -8.797
2025-11-06 2672 1297.678 45.943 3.67
2025-11-07 2765 1231.12 -66.558 -5.129
2025-11-08 2774 1223.389 -7.731 -0.628
2025-11-09 2774 1223.389 0 0
2025-11-10 2617 1348.763 125.374 10.248
2025-11-11 2627 1334.443 -14.32 -1.062
2025-11-12 2610 1354.184 19.741 1.479
2025-11-13 2600 1360.897 6.713 0.496
2025-11-14 2715 1265.444 -95.453 -7.014
2025-11-15 2698 1274.735 9.291 0.734
2025-11-16 2698 1274.735 0 0
2025-11-17 2478 1461.569 186.834 14.657
2025-11-18 2574 1383.277 -78.292 -5.357
2025-11-19 2547 1406.665 23.388 1.691
2025-11-20 2482 1453.334 46.669 3.318
2025-11-21 2613 1339.25 -114.084 -7.85
2025-11-22 2619 1332.443 -6.807 -0.508
2025-11-23 2619 1332.443 0 0
2025-11-24 2581 1361.913 29.47 2.212
2025-11-25 2460 1485.967 124.054 9.109
2025-11-26 2429 1514.347 28.38 1.91
2025-11-27 2381 1558.034 43.687 2.885
2025-11-28 2405 1542.583 -15.451 -0.992
2025-11-29 2409 1537.391 -5.192 -0.337
2025-11-30 2409 1537.391 0 0
2025-12-01 2489 1469.607 -67.784 -4.409
2025-12-02 2469 1488.218 18.611 1.266
2025-12-03 2442 1507.162 18.944 1.273
2025-12-04 2478 1478.183 -28.979 -1.923
2025-12-05 2502 1459.177 -19.006 -1.286
2025-12-06 2496 1463.646 4.469 0.306
2025-12-07 2496 1463.646 0 0
2025-12-08 2377 1566.739 103.093 7.044
2025-12-09 2284 1641.542 74.803 4.774
2025-12-10 2269 1656.751 15.209 0.927
2025-12-11 2291 1642.781 -13.97 -0.843
2025-12-12 2439 1525.363 -117.418 -7.148
2025-12-13 2440 1524.846 -0.517 -0.034
2025-12-14 2440 1524.846 0 0
2025-12-15 2470 1488.57 -36.276 -2.379
2025-12-16 2548 1415.343 -73.227 -4.919
2025-12-17 2551 1417.392 2.049 0.145
2025-12-18 2609 1360.658 -56.734 -4.003
2025-12-19 2623 1356.462 -4.196 -0.308
2025-12-20 2622 1357.15 0.688 0.051
2025-12-21 2622 1357.15 0 0
2025-12-22 2606 1382.077 24.927 1.837
2025-12-23 2633 1356.852 -25.225 -1.825
2025-12-24 2658 1333.748 -23.104 -1.703
2025-12-25 2638 1363.942 30.194 2.264
2025-12-26 2621 1379.355 15.413 1.13
2025-12-27 2615 1388.637 9.282 0.673
2025-12-28 2615 1388.637 0 0
2025-12-29 2543 1440.9 52.263 3.764
2025-12-30 2595 1405.595 -35.305 -2.45
2025-12-31 2605 1395.301 -10.294 -0.732
2026-01-01 2601 1395.301 0 0
2026-01-02 2606 1396.891 1.59 0.114
2026-01-03 2611 1395.1 -1.791 -0.128
2026-01-05 2623 1391.508 -3.592 -0.257
2026-01-06 2670 1351.655 -39.853 -2.864
2026-01-07 2737 1298.635 -53.02 -3.923
2026-01-08 2748 1287.557 -11.078 -0.853
2026-01-09 2750 1292.474 4.917 0.382
2026-01-10 2760 1285.693 -6.781 -0.525
2026-01-11 2760 1285.693 0 0
2026-01-12 2727 1307.223 21.53 1.675
2026-01-13 2667 1365.071 57.848 4.425
2026-01-14 2688 1338.38 -26.691 -1.955
2026-01-15 2626 1402.381 64.001 4.782
2026-01-16 2643 1386.033 -16.348 -1.166
2026-01-17 2650 1382.459 -3.574 -0.258
2026-01-18 2649 1382.459 0 0
2026-01-19 2581 1448.634 66.175 4.787
2026-01-20 2561 1448.853 0.219 0.015
2026-01-21 2600 1421.658 -27.195 -1.877
2026-01-22 2434 1565.22 143.562 10.098
2026-01-23 2399 1589.361 24.141 1.542
2026-01-24 2388 1593.644 4.283 0.269
2026-01-25 2388 1593.644 0 0
2026-01-26 2381 1599.887 6.243 0.392
2026-01-27 2329 1657.169 57.282 3.58
2026-01-28 2270 1717.917 60.748 3.666
2026-01-29 2320 1670.115 -47.802 -2.783
2026-01-30 2305 1672.785 2.67 0.16
2026-01-31 2323 1657.329 -15.456 -0.924
2026-02-01 2321 1657.329 0 0
2026-02-02 2402 1581.547 -75.782 -4.573
2026-02-03 2334 1644.181 62.634 3.96
2026-02-04 2179 1809.506 165.325 10.055
2026-02-05 2315 1661.42 -148.086 -8.184
2026-02-06 2440 1563.202 -98.218 -5.912
2026-02-07 2443 1562.191 -1.011 -0.065
2026-02-08 2442 1562.191 0 0
2026-02-09 2429 1576.757 14.566 0.932
2026-02-10 2488 1542.103 -34.654 -2.198
2026-02-11 2522 1508.749 -33.354 -2.163
2026-02-12 2481 1543.66 34.911 2.314
2026-02-13 2549 1482.13 -61.53 -3.986
2026-02-14 2551 1477.309 -4.821 -0.325
2026-02-15 2550 1477.309 0 0
2026-02-16 2550 1477.309 0 0
2026-02-17 2554 1477.309 0 0
2026-02-18 2555 1477.309 0 0
2026-02-19 2545 1486.075 8.766 0.593
2026-02-20 2567 1458.95 -27.125 -1.825
2026-02-21 2573 1458.042 -0.908 -0.062
2026-02-22 2573 1458.042 0 0
2026-02-23 2519 1504.994 46.952 3.22
2026-02-24 2462 1560.096 55.102 3.661
2026-02-25 2393 1631.328 71.232 4.566
2026-02-26 2335 1681.205 49.877 3.057
2026-02-27 2213 1811.238 130.033 7.735
2026-02-28 2246 1795.436 -15.802 -0.872
2026-03-01 2244 1795.436 0 0
2026-03-02 2250 1795.436 0 0
2026-03-03 2381 1626.792 -168.644 -9.393
2026-03-04 2680 1340.549 -286.243 -17.596
2026-03-05 2465 1542.479 201.93 15.063
2026-03-06 2405 1588.538 46.059 2.986
2026-03-07 2414 1580.733 -7.805 -0.491
2026-03-08 2414 1580.733 0 0
2026-03-09 2567 1436.658 -144.075 -9.114
2026-03-10 2591 1518.422 81.764 5.691
2026-03-11 2606 1507.484 -10.938 -0.72
2026-03-12 2615 1497.818 -9.666 -0.641
2026-03-13 2665 1443.809 -54.009 -3.606
2026-03-14 2680 1431.531 -12.278 -0.85
2026-03-15 2681 1431.531 0 0
2026-03-16 2725 1401.135 -30.396 -2.123
2026-03-17 2621 1476.62 75.485 5.387
2026-03-18 2478 1587.703 111.083 7.523
2026-03-19 2430 1621.843 34.14 2.15
2026-03-20 2469 1576.074 -45.769 -2.822
2026-03-21 2466 1576.232 0.158 0.01
2026-03-22 2466 1576.232 0 0
2026-03-23 2603 1446.55 -129.682 -8.227
2026-03-24 2567 1496.17 49.62 3.43
2026-03-25 2541 1527.428 31.258 2.089
2026-03-27 2602 1465.623 -61.805 -4.046
2026-03-28 2609 1452.364 -13.259 -0.905
2026-03-29 2612 1450.499 -1.865 -0.128
2026-03-30 2695 1389 -61.499 -4.24
2026-03-31 2801 1315.471 -73.529 -5.294
2026-04-01 2656 1420.046 104.575 7.95
2026-04-02 2744 1368.275 -51.771 -3.646
2026-04-03 2739 1366.253 -2.022 -0.148
2026-04-04 2739 1366.253 0 0
2026-04-05 2739 1366.253 0 0
2026-04-06 2682 1407.902 41.649 3.048
2026-04-07 2665 1417.74 9.838 0.699
2026-04-08 2532 1560.198 142.458 10.048
2026-04-09 2529 1566.893 6.695 0.429
2026-04-10 2573 1522.832 -44.061 -2.812
2026-04-11 2576 1522.832 0 0
2026-04-12 2576 1522.832 0 0
2026-04-13 2538 1562.474 39.642 2.603
2026-04-14 2496 1599.939 37.465 2.398
2026-04-15 2464 1644.268 44.329 2.771
2026-04-16 2478 1639.148 -5.12 -0.311
2026-04-17 2465 1668.681 29.533 1.802
2026-04-18 2476 1659.395 -9.286 -0.556
2026-04-19 2476 1659.395 0 0
2026-04-20 2348 1766.674 107.279 6.465
2026-04-21 2243 1859.155 92.481 5.235
2026-04-22 1985 2121.397 262.242 14.105
2026-04-23 2129 1963.906 -157.491 -7.424
2026-04-24 2100 1991.965 28.059 1.429
2026-04-25 2104 1987.402 -4.563 -0.229
2026-04-26 2104 1987.402 0 0
2026-04-27 2075 2007.304 19.902 1.001
2026-04-28 2105 1992.937 -14.367 -0.716
2026-04-29 2117 1975.899 -17.038 -0.855
2026-04-30 2111 1977.063 1.164 0.059
2026-05-01 2125 1970.665 -6.398 -0.324
2026-05-02 2130 1970.665 0 0
2026-05-04 2130 1972.138 1.473 0.075
2026-05-05 2130 1972.138 0 0
2026-05-06 2114 1987.397 0 0
2026-05-07 2185 1924.073 0 0
2026-05-08 2239 1874.885 0 0
2026-05-09 2235 1891.315 0 0
2026-05-10 2254 1869.901 0 0
2026-05-11 2273 1845.08 0 0
2026-05-12 2434 1700.886 0 0
2026-05-13 2389 1727.959 0 0
2026-05-14 2420 1696.833 0 0
2026-05-15 2401 1716.656 0 0
2026-05-16 2448 1661.663 0 0
2026-05-17 2460 1649.933 0 0
2026-05-18 2441 1659.867 0 0
2026-05-19 2550 1564.664 0 0
2026-05-20 2582 1540.863 0 0
2026-05-21 2467 1645.301 0 0
2026-05-22 2453 1656.18 0 0
2026-05-23 2445 1661.387 0 0
2026-05-24 2462 1650.598 0 0
2026-05-25 2461 1650.598 0 0
2026-05-26 2361 1751.852 0 0
2026-05-27 2409 1706.133 0 0
2026-05-28 2457 1652.055 0 0
2026-05-29 2440 1663.429 0 0
2026-05-30 2454 1645.799 0 0
2026-05-31 2458 1641.212 0 0
2026-06-01 2417 1697.439 0 0
2026-06-02 2470 1638.366 0 0
2026-06-03 2450 1656.699 0 0
2026-06-04 2464 1630.321 0 0
2026-06-05 2624 1502.566 0 0
2026-06-06 2652 1484.469 0 0
2026-06-07 2658 1474.305 0 0
