2022-01-05 2193 1369.749 0 0
2022-01-06 2186 1376.382 6.633 0.482
2022-01-07 2205 1350.389 -25.993 -1.925
2022-01-08 2205 1351.004 0.615 0.046
2022-01-09 2205 1351.004 0 0
2022-01-10 2226 1337.381 -13.623 -1.019
2022-01-11 2242 1317.498 -19.883 -1.509
2022-01-12 2237 1332.463 14.965 1.123
2022-01-13 2258 1311.528 -20.935 -1.596
2022-01-14 2238 1328.351 16.823 1.266
2022-01-15 2222 1331.911 3.56 0.267
2022-01-16 2238 1331.911 0 0
2022-01-17 2215 1352.664 20.753 1.534
2022-01-18 2193 1372.534 19.87 1.448
2022-01-19 2199 1350.392 -22.142 -1.64
2022-01-20 2223 1335.714 -14.678 -1.099
2022-01-22 2243 1305.717 -29.997 -2.297
2022-01-23 2243 1305.717 0 0
2022-01-24 2219 1318.088 12.371 0.939
2022-01-25 2307 1235.242 -82.846 -6.707
2022-01-26 2289 1256.438 21.196 1.687
2022-01-27 2296 1227.717 -28.721 -2.339
2022-01-28 2289 1235.917 8.2 0.663
2022-01-29 2287 1235.703 -0.214 -0.017
2022-01-30 2290 1235.703 0 0
2022-01-31 2298 1235.703 0 0
