2020-01-19 1002 2606.895 0 0
2020-02-07 988 2622.838 15.943 0.608
2020-02-15 982 2641.497 18.659 0.706
2020-02-16 982 2641.497 0 0
2020-02-17 986 2641.497 0 0
2020-02-18 972 2662.046 20.549 0.772
2020-02-19 981 2639.017 -23.029 -0.873
2020-02-20 980 2639.135 0.118 0.004
2020-02-21 975 2649.646 10.511 0.397
2020-02-22 976 2649.646 0 0
2020-02-23 977 2649.646 0 0
2020-02-24 978 2622.956 -26.69 -1.018
2020-02-25 973 2600.163 -22.793 -0.877
2020-02-26 965 2592.959 -7.204 -0.278
2020-02-27 972 2557.752 -35.207 -1.376
2020-02-28 965 2525.629 -32.123 -1.272
2020-02-29 965 2525.629 0 0
