2019-11-07 2076 1064.403 0 0
2020-01-19 2133 1064.4 -0.003 0
2020-02-07 2091 1064.363 -0.037 -0.003
2020-02-15 2091 1064.373 0.01 0.001
2020-02-16 2093 1064.373 0 0
2020-02-17 2093 1064.373 0 0
2020-02-18 2094 1064.373 0 0
2020-02-19 2096 1064.365 -0.008 -0.001
2020-02-20 2097 1064.365 0 0
2020-02-21 2093 1064.355 -0.01 -0.001
2020-02-22 2093 1064.343 -0.012 -0.001
2020-02-23 2093 1064.343 0 0
2020-02-24 2078 1064.343 0 0
2020-02-25 2075 1064.33 -0.013 -0.001
2020-02-26 2067 1064.341 0.011 0.001
2020-02-27 2055 1064.334 -0.007 -0.001
2020-02-28 2044 1064.334 0 0
2020-02-29 2038 1064.337 0.003 0
