2022-04-05 394 6688.434 0 0
2022-04-06 398 6551.786 -136.648 -2.043
2022-04-07 395 6553.736 1.95 0.03
2022-04-08 389 6612.746 59.01 0.9
2022-04-09 391 6630.578 17.832 0.27
2022-04-10 391 6630.578 0 0
2022-04-11 383 6689.511 58.933 0.889
2022-04-12 381 6671.257 -18.254 -0.273
2022-04-13 379 6764.826 93.569 1.403
2022-04-14 378 6773.226 8.4 0.124
2022-04-15 377 6729.31 -43.916 -0.648
2022-04-16 377 6729.31 0 0
2022-04-17 377 6729.31 0 0
2022-04-18 376 6758.603 29.293 0.435
2022-04-19 381 6671.974 -86.629 -1.282
2022-04-20 385 6624.431 -47.543 -0.713
2022-04-21 388 6553.953 -70.478 -1.064
2022-04-22 380 6561.089 7.136 0.109
2022-04-23 385 6521.778 -39.311 -0.599
2022-04-24 385 6521.778 0 0
2022-04-25 387 6482.177 -39.601 -0.607
2022-04-26 392 6342.54 -139.637 -2.154
2022-04-27 398 6283.581 -58.959 -0.93
2022-04-28 400 6244.309 -39.272 -0.625
2022-04-29 401 6259 14.691 0.235
2022-04-30 398 6303.796 44.796 0.716
