2019-11-07 2042 1088.782 0 0
2020-01-19 2143 1056.607 -32.175 -2.955
2020-02-07 2097 1059.973 3.366 0.319
2020-02-15 2117 1042.945 -17.028 -1.606
2020-02-16 2118 1042.945 0 0
2020-02-17 2118 1042.945 0 0
2020-02-18 2101 1059.676 16.731 1.604
2020-02-19 2109 1052.944 -6.732 -0.635
2020-02-20 2102 1055.914 2.97 0.282
2020-02-21 2103 1051.261 -4.653 -0.441
2020-02-22 2105 1051.261 0 0
2020-02-23 2105 1051.261 0 0
2020-02-24 2106 1041.262 -9.999 -0.951
2020-02-25 2105 1035.223 -6.039 -0.58
2020-02-26 2102 1029.58 -5.643 -0.545
2020-02-27 2095 1025.917 -3.663 -0.356
2020-02-28 2090 1017.205 -8.712 -0.849
2020-02-29 2087 1017.205 0 0
2020-03-01 2085 1017.205 0 0
2020-03-02 2078 1032.946 15.741 1.547
2020-03-03 2078 1033.342 0.396 0.038
2020-03-04 2093 1033.639 0.297 0.029
2020-03-05 2097 1020.868 -12.771 -1.236
2020-03-06 2090 1016.116 -4.752 -0.465
2020-03-07 2097 1016.116 0 0
2020-03-08 2094 1016.116 0 0
2020-03-09  994.93 -21.186 -2.085
2020-03-10 1911 1143.105 148.175 14.893
2020-03-11 1902 1133.25 -9.855 -0.862
2020-03-12 1881 1118.358 -14.892 -1.314
2020-03-13 1851 1128.213 9.855 0.881
2020-03-14 1854 1128.213 0 0
2020-03-15 1855 1128.213 0 0
2020-03-16 1825 1125.658 -2.555 -0.226
2020-03-17 1799 1143.178 17.52 1.556
2020-03-18 1777 1140.55 -2.628 -0.23
2020-03-19 1760 1137.849 -2.701 -0.237
2020-03-20 1792 1119.38 -18.469 -1.623
2020-03-21 1797 1119.38 0 0
2020-03-22 1797 1119.38 0 0
2020-03-23 1787 1107.7 -11.68 -1.043
2020-03-24 1777 1107.7 0 0
2020-03-25 1806 1116.898 9.198 0.83
2020-03-26 1824 1118.577 1.679 0.15
2020-03-27 1833 1129.016 10.439 0.933
2020-03-28 1836 1122.665 -6.351 -0.563
2020-03-29 1836 1122.665 0 0
2020-03-30 1836 1122.665 0 0
2020-03-31 1830 1125.658 2.993 0.267
