2026-03-10 2907 1293.535 0 0
2026-03-11 2872 1317.618 24.083 1.862
2026-03-12 2856 1317.685 0.067 0.005
2026-03-13 2856 1314.061 -3.624 -0.275
2026-03-14 2847 1314.934 0.873 0.066
2026-03-15 2847 1314.934 0 0
2026-03-16 2843 1314.934 0 0
2026-03-17 2843 1315.796 0.862 0.066
2026-03-18 2838 1315.796 0 0
2026-03-19 2822 1320.066 4.27 0.325
2026-03-20 2794 1332.351 12.285 0.931
2026-03-21 2794 1329.613 -2.738 -0.206
2026-03-22 2794 1329.613 0 0
2026-03-23 2778 1329.613 0 0
2026-03-24 2802 1320.533 -9.08 -0.683
2026-03-25 2809 1322.955 2.422 0.183
2026-03-27 2795 1322.955 0 0
2026-03-28 2783 1324.072 1.117 0.084
2026-03-29 2783 1324.072 0 0
2026-03-30 2780 1324.072 0 0
2026-03-31 2766 1334.607 10.535 0.796
2026-04-01 2783 1335.729 0 0
2026-04-02 2778 1335.729 0 0
2026-04-03 2791 1327.211 0 0
2026-04-04 2787 1329.772 0 0
2026-04-05 2787 1329.772 0 0
2026-04-06 2787 1329.772 0 0
2026-04-07 2791 1329.772 0 0
2026-04-08 2799 1330.174 0 0
2026-04-09 2812 1330.174 0 0
2026-04-10 2838 1323.463 0 0
2026-04-11 2832 1324.597 0 0
2026-04-12 2855 1313.104 0 0
2026-04-13 2855 1313.104 0 0
2026-04-14 2867 1313.104 0 0
2026-04-15 2879 1313.212 0 0
2026-04-16 2901 1308.211 0 0
2026-04-17 2901 1305.187 0 0
2026-04-18 2908 1307.4 0 0
2026-04-19 2910 1306.199 0 0
2026-04-20 2918 1306.199 0 0
2026-04-21 2914 1306.199 0 0
2026-04-22 2912 1306.163 0 0
