2019-11-07 31 30005.588 0 0
2020-01-19 28 32874.649 2869.061 9.562
2020-02-07 33 29435.938 -3438.711 -10.46
2020-02-15 30 30912.135 1476.197 5.015
2020-02-16 30 30912.135 0 0
2020-02-17 30 31252.337 340.202 1.101
2020-02-18 32 30781.287 -471.05 -1.507
2020-02-19 30 31068.816 287.529 0.934
2020-02-20 32 30805.976 -262.84 -0.846
2020-02-21 32 30409.122 -396.854 -1.288
2020-02-22 32 30373.548 -35.574 -0.117
2020-02-23 32 30373.548 0 0
2020-02-24 33 29407.989 -965.559 -3.179
2020-02-25 33 29495.666 87.677 0.298
2020-02-26 33 29338.491 -157.175 -0.533
2020-02-27 32 29384.18 45.689 0.156
2020-02-28 32 28991.979 -392.201 -1.335
2020-02-29 30 29019.478 27.499 0.095
2020-03-01 30 29019.478 0 0
2020-03-02 30 29358.52 339.042 1.168
2020-03-03 30 29365.163 6.643 0.023
2020-03-04 30 29619.697 254.534 0.867
2020-03-05 32 29709.378 89.681 0.303
2020-03-06 32 29174.404 -534.974 -1.801
2020-03-07 30 29182.401 7.997 0.027
2020-03-08 30 29182.401 0 0
2020-03-09 32 27900.791 -1281.61 -4.392
2020-03-10 30 27987.177 86.386 0.31
2020-03-11 32 27736.244 -250.933 -0.897
2020-03-12 32 26533.331 -1202.913 -4.337
2020-03-13 30 25911.403 -621.928 -2.344
2020-03-14 30 25937.603 26.2 0.101
2020-03-15 30 25937.603 0 0
2020-03-16 33 24734.862 -1202.741 -4.637
2020-03-17 34 23117.18 -1617.682 -6.54
2020-03-18 34 21809.586 -1307.594 -5.656
2020-03-19 37 20582.573 -1227.013 -5.626
2020-03-20 35 21771.392 1188.819 5.776
2020-03-21 35 21803.421 32.029 0.147
2020-03-22 35 21803.421 0 0
2020-03-23 41 19156.592 -2646.829 -12.14
2020-03-24 41 19110.495 -46.097 -0.241
2020-03-25 43 19591.468 480.973 2.517
2020-03-26 36 22354.835 2763.367 14.105
2020-03-27 35 23488.984 1134.149 5.073
2020-03-28 35 23023.539 -465.445 -1.982
2020-03-29 35 23023.539 0 0
2020-03-30 35 23023.539 0 0
2020-03-31 38 22356.833 -666.706 -2.896
2020-04-01 37 22969.103 612.27 2.739
2020-04-02 35 23214.606 245.503 1.069
2020-04-03 37 23305.079 90.473 0.39
2020-04-04 36 23308.65 3.571 0.015
2020-04-05 36 23308.65 0 0
2020-04-06 36 23308.65 0 0
2020-04-07 36 24200.694 892.044 3.827
2020-04-08 36 23735.15 -465.544 -1.924
2020-04-09 37 24220.154 485.004 2.043
2020-04-10 37 24227.146 6.992 0.029
2020-04-11 37 24227.146 0 0
2020-04-12 37 24227.146 0 0
2020-04-13 36 24227.146 0 0
2020-04-14 38 24236.173 9.027 0.037
2020-04-15 37 23965.625 -270.548 -1.116
2020-04-16 37 23835.57 -130.055 -0.543
2020-04-17 38 24087.363 251.793 1.056
2020-04-18 38 24086.081 -1.282 -0.005
2020-04-19 38 24086.081 0 0
2020-04-20 40 23614.058 -472.023 -1.96
2020-04-21 39 22959.604 -654.454 -2.771
2020-04-23 40 23109.771 150.167 0.654
2020-04-24 39 23035.619 -74.152 -0.321
2020-04-25 39 23030.964 -4.655 -0.02
2020-04-26 39 23030.964 0 0
2020-04-27 40 23398.074 367.11 1.594
2020-04-28 39 23765.818 367.744 1.572
2020-04-29 39 24157.824 392.006 1.649
2020-04-30 40 24165.912 8.088 0.033
