2021-04-09 1953 1612.825 0 0
2021-04-10 1952 1610.391 -2.434 -0.151
2021-04-11 1953 1610.391 0 0
2021-04-12 2053 1509.257 -101.134 -6.28
2021-04-13 1988 1572.037 62.78 4.16
2021-04-14 1922 1653.698 81.661 5.195
2021-04-15 1916 1671.932 18.234 1.103
2021-04-16 1985 1589.553 -82.379 -4.927
2021-04-17 1986 1591.917 2.364 0.149
2021-04-18 1986 1591.917 0 0
2021-04-19 1849 1742.3 150.383 9.447
2021-04-20 1889 1701.537 -40.763 -2.34
2021-04-21 1906 1689.476 -12.061 -0.709
2021-04-22 1907 1687.416 -2.06 -0.122
2021-04-23 1865 1734.563 47.147 2.794
2021-04-24 1865 1734.563 0 0
2021-04-25 1864 1733.227 -1.336 -0.077
2021-04-26 1892 1713.317 -19.91 -1.149
2021-04-27 1895 1711.002 -2.315 -0.135
2021-04-28 1860 1754.135 43.133 2.521
2021-04-29 1847 1763.399 9.264 0.528
2021-04-30 1756 1866.029 102.63 5.82
2021-05-01 1754 1864.501 -1.528 -0.082
2021-05-02 1753 1864.501 0 0
2021-05-03 1747 1864.501 0 0
2021-05-04 1742 1864.501 0 0
2021-05-05 1742 1864.501 0 0
2021-05-06 1740 1864.066 -0.435 -0.023
2021-05-07 1772 1825.113 -38.953 -2.09
2021-05-08 1773 1829.437 4.324 0.237
2021-05-09 1773 1829.437 0 0
2021-05-10 1722 1896.671 67.234 3.675
2021-05-11 1763 1839.534 -57.137 -3.012
2021-05-12 1769 1814.054 -25.48 -1.385
2021-05-13 1873 1701.133 -112.921 -6.225
2021-05-14 1861 1728.757 27.624 1.624
2021-05-15 1857 1734.13 5.373 0.311
2021-05-16 1857 1734.13 0 0
2021-05-17 1714 1898.592 164.462 9.484
2021-05-18 1697 1925.297 26.705 1.407
2021-05-19 1587 2047.266 121.969 6.335
2021-05-20 1613 2025.478 -21.788 -1.064
2021-05-21 1581 2075.051 49.573 2.447
2021-05-22 1578 2075.664 0.613 0.03
2021-05-23 1578 2075.664 0 0
2021-05-24 1554 2122.844 47.18 2.273
2021-05-25 1543 2143.594 20.75 0.977
2021-05-26 1587 2085.662 -57.932 -2.703
2021-05-27 1587 2100.869 15.207 0.729
2021-05-28 1480 2266.318 165.449 7.875
2021-05-29 1477 2269.914 3.596 0.159
2021-05-30 1477 2269.914 0 0
2021-05-31 1419 2369.701 99.787 4.396
2021-06-01 1425 2362.195 -7.506 -0.317
2021-06-02 1439 2337.037 -25.158 -1.065
2021-06-03 1454 2310.052 -26.985 -1.155
2021-06-04 1415 2375.775 65.723 2.845
2021-06-05 1416 2369.881 -5.894 -0.248
2021-06-06 1416 2369.881 0 0
2021-06-07 1483 2275.812 -94.069 -3.969
2021-06-08 1533 2203.467 -72.345 -3.179
2021-06-09 1535 2198.729 -4.738 -0.215
2021-06-10 1482 2288.711 89.982 4.092
2021-06-11 1513 2246.995 -41.716 -1.823
2021-06-12 1509 2247.066 0.071 0.003
2021-06-13 1508 2247.066 0 0
2021-06-14 1510 2247.066 0 0
2021-06-16 1632 2039.562 -207.504 -9.234
2021-06-17 1643 2038.332 -1.23 -0.06
2021-06-18 1520 2222.311 183.979 9.026
2021-06-19 1520 2222.311 0 0
2021-06-20 1519 2217.964 -4.347 -0.196
2021-06-21 1545 2177.164 -40.8 -1.84
2021-06-22 1583 2130.015 -47.149 -2.166
2021-06-23 1499 2242.17 112.155 5.265
2021-06-24 1514 2231.255 -10.915 -0.487
2021-06-25 1419 2387.806 156.551 7.016
2021-06-26 1417 2394.687 6.881 0.288
2021-06-27 1417 2394.687 0 0
2021-06-28 1396 2436.054 41.367 1.727
2021-06-29 1414 2421.407 -14.647 -0.601
2021-06-30 1316 2574.24 152.833 6.312
2021-07-01 1369 2481.377 -92.863 -3.607
2021-07-02 1359 2486.646 5.269 0.212
2021-07-03 1361 2479.664 -6.982 -0.281
2021-07-04 1361 2479.664 0 0
2021-07-05 1242 2694.291 214.627 8.655
2021-07-06 1239 2696.242 1.951 0.072
2021-07-07 1164 2851.288 155.046 5.75
2021-07-08 1143 2879.413 28.125 0.986
2021-07-09 1067 3037.436 158.023 5.488
2021-07-10 1071 3035.609 -1.827 -0.06
2021-07-11 1071 3035.609 0 0
2021-07-12 987 3330.332 294.723 9.709
2021-07-13 1004 3253.721 -76.611 -2.3
2021-07-14 1061 3056.134 -197.587 -6.073
2021-07-15 1045 3111.434 55.3 1.809
2021-07-16 1067 3035.698 -75.736 -2.434
2021-07-17 1069 3032.694 -3.004 -0.099
2021-07-18 1069 3032.694 0 0
2021-07-19 1129 2904.927 -127.767 -4.213
2021-07-20 1083 2991.535 86.608 2.981
2021-07-21 1018 3208.347 216.812 7.248
2021-07-22 1032 3149.062 -59.285 -1.848
2021-07-23 1046 3094.64 -54.422 -1.728
2021-07-24 1047 3089.814 -4.826 -0.156
2021-07-25 1047 3089.814 0 0
2021-07-26 1046 3080.049 -9.765 -0.316
2021-07-27 1148 2842.532 -237.517 -7.711
2021-07-28 1192 2756.567 -85.965 -3.024
2021-07-29 1079 3004.685 248.118 9.001
2021-07-30 1115 2937.573 -67.112 -2.234
2021-07-31 1110 2940.485 2.912 0.099
2021-08-01 1110 2940.485 0 0
2021-08-02 1087 2999.474 58.989 2.006
2021-08-03 1239 2709.565 -289.909 -9.665
2021-08-04 1132 2899.619 190.054 7.014
2021-08-05 1121 2932.753 33.134 1.143
2021-08-06 1117 2938.599 5.846 0.199
2021-08-07 1112 2935.646 -2.953 -0.1
2021-08-08 1112 2935.646 0 0
2021-08-09 1167 2841.129 -94.517 -3.22
2021-08-10 1221 2741.938 -99.191 -3.491
2021-08-11 1222 2746.048 4.11 0.15
2021-08-13 1182 2811.708 65.66 2.391
2021-08-14 1187 2809.192 -2.516 -0.089
2021-08-15 1187 2809.192 0 0
2021-08-16 1232 2726.817 -82.375 -2.932
2021-08-17 1174 2815.696 88.879 3.259
2021-08-18 1166 2830.272 14.576 0.518
2021-08-19 1109 2926.993 96.721 3.417
2021-08-20 1209 2746.341 -180.652 -6.172
2021-08-21 1207 2743.384 -2.957 -0.108
2021-08-22 1207 2743.384 0 0
2021-08-23 1231 2719.601 -23.783 -0.867
2021-08-24 1120 2952.193 232.592 8.552
2021-08-25 1103 3002.675 50.482 1.71
2021-08-26 1117 2957.01 -45.665 -1.521
2021-08-27 1080 3039.762 82.752 2.799
2021-08-28 1083 3041.779 2.017 0.066
2021-08-29 1083 3041.779 0 0
2021-08-30 1039 3171.476 129.697 4.264
2021-08-31 1051 3136.054 -35.422 -1.117
