2020-01-19 416 5170.879 0 0
2020-02-07 410 5133.544 -37.335 -0.727
2020-02-15 417 5061.164 -72.38 -1.43
2020-02-16 417 5061.164 0 0
2020-02-17 417 5061.164 0 0
2020-02-18 416 5052.002 -9.162 -0.181
2020-02-19 416 5101.477 49.475 0.97
2020-02-20 420 5080.175 -21.302 -0.419
2020-02-21 422 5048.108 -32.067 -0.635
2020-02-22 422 5048.108 0 0
2020-02-23 422 5048.108 0 0
2020-02-24 432 4911.594 -136.514 -2.779
2020-02-25 437 4801.192 -110.402 -2.299
2020-02-26 451 4690.561 -110.631 -2.359
2020-02-27 459 4568.706 -121.855 -2.667
2020-02-28 455 4559.773 -8.933 -0.196
2020-02-29 451 4559.773 0 0
2020-03-01 453 4559.773 0 0
2020-03-02 450 4613.142 53.369 1.157
2020-03-03 473 4532.287 -80.855 -1.784
2020-03-04 466 4594.818 62.531 1.361
2020-03-05 482 4475.712 -119.106 -2.661
2020-03-06 477 4505.259 29.547 0.656
2020-03-07 474 4505.259 0 0
2020-03-08 475 4505.259 0 0
2020-03-09 486 4255.137 -250.122 -5.878
2020-03-10 471 4417.991 162.854 3.686
2020-03-11 478 4281.707 -136.284 -3.183
2020-03-12 503 3967.908 -313.799 -7.908
2020-03-13 456 4213.221 245.313 5.822
2020-03-14 460 4213.221 0 0
2020-03-15 460 4213.221 0 0
2020-03-16 470 4041.204 -172.017 -4.257
2020-03-17 471 4007.305 -33.899 -0.846
2020-03-18 481 3898.964 -108.341 -2.779
2020-03-19 456 4039.372 140.408 3.476
2020-03-20 492 3834.372 -205 -5.346
2020-03-21 490 3834.372 0 0
2020-03-22 490 3834.372 0 0
2020-03-23 481 3829.333 -5.039 -0.132
2020-03-24 474 3829.333 0 0
2020-03-25 444 4112.439 283.106 6.884
2020-03-26 443 4172.221 59.782 1.433
2020-03-27 442 4278.271 106.05 2.479
2020-03-28 471 4073.042 -205.229 -5.039
2020-03-29 471 4073.042 0 0
2020-03-30 471 4073.042 0 0
2020-03-31 455 4150.919 77.877 1.876
