2019-11-07 2152 1002.7 0 0
2020-11-25  947.541 -55.159 -5.501
2021-02-05 2276 1103.395 155.854 16.448
2021-02-06 2274 1107.754 4.359 0.395
2021-02-07 2274 1107.754 0 0
2021-02-08 2309 1066.621 -41.133 -3.713
2021-02-09 2305 1073.045 6.424 0.602
2021-02-10 2321 1052.304 -20.741 -1.933
2021-02-11 2309 1078.923 26.619 2.53
2021-02-12 2282 1111.523 32.6 3.022
2021-02-13 2282 1110.023 -1.5 -0.135
2021-02-14 2282 1110.023 0 0
2021-02-15 2282 1110.023 0 0
2021-02-16 2283 1108.597 -1.426 -0.128
2021-02-17 2279 1121.729 13.132 1.185
2021-02-18 2246 1152.321 30.592 2.727
2021-02-19 2262 1145.311 -7.01 -0.608
2021-02-20 2253 1153.237 7.926 0.692
2021-02-21 2254 1153.237 0 0
2021-02-22 2251 1161.059 7.822 0.678
2021-02-23 2260 1146.35 -14.709 -1.267
2021-02-24 2223 1178.243 31.893 2.782
2021-02-25 2225 1181.015 2.772 0.235
2021-02-26 2232 1162.398 -18.617 -1.576
2021-02-27 2241 1151.963 -10.435 -0.898
2021-02-28 2242 1151.963 0 0
2021-03-01 2220 1185.195 33.232 2.885
2021-03-02 2219 1175.398 -9.797 -0.827
2021-03-03 2238 1164.19 -11.208 -0.954
2021-03-04 2240 1163.971 -0.219 -0.019
2021-03-05 2237 1156.821 -7.15 -0.614
2021-03-06 2241 1151.144 -5.677 -0.491
2021-03-07 2241 1151.144 0 0
2021-03-08 2235 1155.11 3.966 0.345
2021-03-09 2218 1156.979 1.869 0.162
2021-03-11 2238 1138.145 -18.834 -1.628
2021-03-12 2257 1125.698 -12.447 -1.094
2021-03-13 2251 1130.913 5.215 0.463
2021-03-14 2252 1130.913 0 0
2021-03-15 2259 1122.858 -8.055 -0.712
2021-03-16 2273 1112.803 -10.055 -0.895
2021-03-18 2279 1100.662 -12.141 -1.091
2021-03-19 2279 1100.662 0 0
2021-03-20 2257 1124.722 24.06 2.186
2021-03-21 2257 1124.722 0 0
2021-03-22 2255 1123.274 -1.448 -0.129
2021-03-23 2286 1087.86 -35.414 -3.153
2021-03-24 2305 1060.465 -27.395 -2.518
2021-03-25 2298 1070.534 10.069 0.949
2021-03-26 2301 1069.892 -0.642 -0.06
2021-03-27 2301 1068.056 -1.836 -0.172
2021-03-28 2301 1068.056 0 0
2021-03-29 2320 1038.776 -29.28 -2.741
2021-03-30 2317 1038.776 0 0
2021-03-31 2324 1031.296 -7.48 -0.72
2021-04-01 2308 1055.229 23.933 2.321
2021-04-02 2311 1055.036 -0.193 -0.018
2021-04-03 2311 1055.036 0 0
2021-04-04 2312 1055.036 0 0
2021-04-05 2317 1050.392 -4.644 -0.44
2021-04-06 2296 1072.359 21.967 2.091
2021-04-07 2296 1083.055 10.696 0.997
2021-04-08 2296 1083.055 0 0
2021-04-09 2616 1095.946 12.891 1.19
2021-04-10 2611 1098.116 2.17 0.198
2021-04-11 2612 1098.116 0 0
2021-04-12 2568 1106.294 8.178 0.745
2021-04-13 2568 1106.294 0 0
2021-04-14 2644 1055.781 -50.513 -4.566
2021-04-15 2650 1057.714 1.933 0.183
2021-04-16 2645 1063.725 6.011 0.568
2021-04-17 2647 1065.952 2.227 0.209
2021-04-18 2647 1065.952 0 0
2021-04-19 2652 1056.449 -9.503 -0.892
2021-04-20 2671 1044.279 -12.17 -1.152
2021-04-21 2642 1071.167 26.888 2.575
2021-04-22 2641 1075.997 4.83 0.451
2021-04-23 2624 1095.985 19.988 1.858
2021-04-24 2624 1095.985 0 0
2021-04-25 2628 1095.985 0 0
2021-04-26 2636 1090.512 -5.473 -0.499
2021-04-27 2622 1098.129 7.617 0.698
2021-04-28 2629 1096.148 -1.981 -0.18
2021-04-29 2619 1101.16 5.012 0.457
2021-04-30 2625 1095.457 -5.703 -0.518
2021-05-01 2624 1094.904 -0.553 -0.05
