2024-03-30 940 3478.552 0 0
2024-03-31 940 3478.552 0 0
2024-04-02 1062 3185.057 -293.495 -8.437
2024-04-03 1133 2986.134 -198.923 -6.246
2024-04-04 1133 2986.051 -0.083 -0.003
2024-04-05 1135 2986.051 0 0
2024-04-06 1133 2986.051 0 0
2024-04-07 1133 2986.051 0 0
2024-04-08 1136 2984.961 -1.09 -0.037
2024-04-09 1136 2990.19 5.229 0.175
2024-04-10 1158 2940.985 -49.205 -1.646
2024-04-11 1118 3013.304 72.319 2.459
2024-04-12 1072 3122.97 109.666 3.639
2024-04-13 1070 3122.711 -0.259 -0.008
2024-04-14 1070 3122.711 0 0
2024-04-15 1055 3154.326 31.615 1.012
2024-04-16 1019 3215.977 61.651 1.954
2024-04-17 924 3441.18 225.203 7.003
2024-04-18 983 3277.421 -163.759 -4.759
2024-04-19 1028 3188.551 -88.87 -2.712
2024-04-20 1028 3187.802 -0.749 -0.023
2024-04-21 1028 3187.802 0 0
2024-04-22 1053 3147.484 -40.318 -1.265
2024-04-23 1057 3145.134 -2.35 -0.075
2024-04-24 956 3362.635 217.501 6.915
2024-04-25 962 3335.737 -26.898 -0.8
2024-04-26 935 3455.984 120.247 3.605
2024-04-27 934 3456.414 0.43 0.012
2024-04-28 934 3456.414 0 0
2024-04-29 927 3503.233 46.819 1.355
2024-04-30 926 3512.887 9.654 0.276
