2023-05-14 2306 1217.685 0 0
2023-05-15 2310 1217.685 0 0
2023-05-16 2298 1221.555 3.87 0.317
2023-05-17 2294 1219.84 -1.715 -0.141
2023-05-18 2310 1208.971 -10.869 -0.899
2023-05-19 2315 1208.971 0 0
2023-05-20 2315 1201.294 -7.677 -0.639
2023-05-21 2312 1201.294 0 0
2023-05-22 2317 1201.294 0 0
2023-05-23 2312 1201.294 0 0
2023-05-24 2292 1208.362 7.068 0.585
2023-05-25 2284 1210.581 2.219 0.183
2023-05-26 2307 1198.844 -11.737 -0.979
2023-05-27 2309 1197.193 -1.651 -0.138
2023-05-28 2309 1197.193 0 0
2023-05-29 2308 1197.193 0 0
2023-05-30 2308 1197.193 0 0
2023-05-31 2314 1185.572 -11.621 -0.98
2023-06-01 2327 1170.85 -14.722 -1.257
2023-06-02 2317 1190.727 19.877 1.669
2023-06-03 2300 1209.922 19.195 1.586
2023-06-04 2300 1209.922 0 0
2023-06-05 2297 1209.922 0 0
2023-06-06 2288 1218.056 8.134 0.668
2023-06-07 2288 1218.626 0.57 0.047
2023-06-08 2284 1218.626 0 0
2023-06-09 2287 1217.685 -0.941 -0.077
2023-06-10 2272 1229.468 11.783 0.958
2023-06-11 2273 1229.468 0 0
2023-06-12 2285 1229.468 0 0
2023-06-13 2284 1227.757 -1.711 -0.139
2023-06-14 2284 1227.757 0 0
2023-06-15 2287 1238.789 11.032 0.891
2023-06-16 2288 1245.142 6.353 0.51
2023-06-17 2294 1242.949 -2.193 -0.176
2023-06-18 2294 1242.949 0 0
2023-06-19 2293 1242.949 0 0
2023-06-20 2289 1242.949 0 0
2023-06-21 2263 1252.083 9.134 0.73
2023-06-22 2255 1257.36 5.277 0.42
2023-06-23 2252 1255.806 -1.554 -0.124
2023-06-24 2246 1255.596 -0.21 -0.017
2023-06-25 2245 1255.596 0 0
2023-06-26 2242 1255.596 0 0
2023-06-27 2246 1255.596 0 0
2023-06-28 2258 1249.422 -6.174 -0.494
2023-06-29 2270 1234.886 -14.536 -1.177
2023-06-30 2276 1231.817 -3.069 -0.249
2023-07-01 2268 1243.155 11.338 0.912
2023-07-02 2268 1243.155 0 0
2023-07-03 2269 1243.155 0 0
2023-07-04 2256 1252.999 9.844 0.786
2023-07-05 2252 1252.999 0 0
2023-07-06 2271 1234.607 -18.392 -1.49
2023-07-07 2274 1223.174 -11.433 -0.935
2023-07-08 2268 1232.222 9.048 0.734
2023-07-09 2268 1232.222 0 0
2023-07-10 2268 1232.222 0 0
2023-07-11 2284 1230.351 -1.871 -0.152
2023-07-12 2307 1224.748 -5.603 -0.457
2023-07-13 2287 1247.343 22.595 1.811
2023-07-14 2296 1247.992 0.649 0.052
2023-07-15 2295 1249.24 1.248 0.1
2023-07-16 2295 1249.24 0 0
2023-07-17 2296 1249.24 0 0
2023-07-18 2313 1240.198 -9.042 -0.729
2023-07-19 2310 1249.396 9.198 0.736
2023-07-20 2302 1250.778 1.382 0.11
2023-07-21 2307 1249.162 -1.616 -0.129
2023-07-22 2288 1255.991 6.829 0.544
2023-07-23 2291 1255.991 0 0
2023-07-24 2288 1255.991 0 0
2023-07-25 2279 1266.708 10.717 0.846
2023-07-26 2293 1265.612 -1.096 -0.087
2023-07-27 2289 1267.485 1.873 0.148
2023-07-28 2289 1267.699 0.214 0.017
2023-07-29 2286 1270.116 2.417 0.19
2023-07-30 2286 1270.116 0 0
2023-07-31 2295 1270.116 0 0
