2021-04-09 2141 1449.983 0 0
2021-04-10 2138 1449.983 0 0
2021-04-11 2139 1449.983 0 0
2021-04-12 2260 1333.183 -116.8 -8.055
2021-04-13 2256 1333.183 0 0
2021-04-14 2280 1320.579 -12.604 -0.945
2021-04-15 2353 1268.481 -52.098 -3.945
2021-04-16 2359 1269.321 0.84 0.066
2021-04-17 2361 1269.321 0 0
2021-04-18 2361 1269.321 0 0
2021-04-19 2473 1185.293 -84.028 -6.62
2021-04-20 2653 1054.208 -131.085 -11.059
2021-04-21 2194 1407.968 353.76 33.557
2021-04-22 2213 1392.003 -15.965 -1.134
2021-04-23 2061 1526.449 134.446 9.658
2021-04-24 2061 1526.449 0 0
2021-04-25 2058 1526.449 0 0
2021-04-26 1824 1777.694 251.245 16.459
2021-04-27 1947 1654.047 -123.647 -6.955
2021-04-28 2040 1556.49 -97.557 -5.898
2021-04-29 2095 1505.065 -51.425 -3.304
2021-04-30 2141 1474.058 -31.007 -2.06
2021-05-01 2139 1474.058 0 0
