2025-07-08 2409 1464.062 0 0
2025-07-09 2395 1483.406 19.344 1.321
2025-07-10 2422 1452.905 -30.501 -2.056
2025-07-11 2420 1458.555 5.65 0.389
2025-07-12 2425 1453.466 -5.089 -0.349
2025-07-13 2425 1453.466 0 0
2025-07-14 2350 1522.105 68.639 4.722
2025-07-15 2339 1532.875 10.77 0.708
2025-07-16 2371 1499.985 -32.89 -2.146
2025-07-17 2321 1542.453 42.468 2.831
2025-07-18 2411 1467.903 -74.55 -4.833
2025-07-19 2413 1467.481 -0.422 -0.029
2025-07-20 2413 1467.481 0 0
2025-07-21 2395 1485.504 18.023 1.228
2025-07-22 2337 1539.675 54.171 3.647
2025-07-23 2317 1553.376 13.701 0.89
2025-07-24 2374 1514.709 -38.667 -2.489
2025-07-25 2378 1509.766 -4.943 -0.326
2025-07-26 2390 1497.554 -12.212 -0.809
2025-07-27 2390 1497.554 0 0
2025-07-28 2424 1461.131 -36.423 -2.432
2025-07-29 2275 1576.631 115.5 7.905
2025-07-30 2364 1509.197 -67.434 -4.277
2025-07-31 2231 1596.465 87.268 5.782
2025-08-01 2371 1491.123 -105.342 -6.598
2025-08-02 2389 1475.588 -15.535 -1.042
2025-08-03 2389 1475.588 0 0
2025-08-04 2319 1531.886 56.298 3.815
2025-08-05 2232 1606.098 74.212 4.844
2025-08-06 2048 1803.926 197.828 12.317
2025-08-07 1985 1897.077 93.151 5.164
2025-08-08 1896 1999.943 102.866 5.422
2025-08-09 1905 1987.605 -12.338 -0.617
2025-08-10 1905 1987.605 0 0
2025-08-11 1935 1953.186 -34.419 -1.732
2025-08-12 1988 1899.264 -53.922 -2.761
2025-08-13 2058 1801.72 -97.544 -5.136
2025-08-14 2029 1855.671 53.951 2.994
2025-08-15 2035 1855.268 -0.403 -0.022
2025-08-16 2034 1855.268 0 0
2025-08-17 2034 1855.268 0 0
2025-08-18 2029 1863.918 8.65 0.466
2025-08-19 2006 1881.594 17.676 0.948
2025-08-20 2044 1839.364 -42.23 -2.244
2025-08-21 2015 1875.313 35.949 1.954
2025-08-22 1941 1957.461 82.148 4.38
2025-08-23 1941 1964.882 7.421 0.379
2025-08-24 1941 1964.882 0 0
2025-08-25 1961 1947.721 -17.161 -0.873
2025-08-26 1950 1955.245 7.524 0.386
2025-08-27 2011 1883.826 -71.419 -3.653
2025-08-28 1979 1922.223 38.397 2.038
2025-08-29 1938 1964.435 42.212 2.196
2025-08-30 1944 1960.337 -4.098 -0.209
2025-08-31 1944 1960.337 0 0
2025-09-01 1961 1947.44 -12.897 -0.658
2025-09-02 1992 1900.148 -47.292 -2.428
2025-09-03 2062 1830.373 -69.775 -3.672
2025-09-04 2026 1875.953 45.58 2.49
2025-09-05 2042 1858.447 -17.506 -0.933
2025-09-06 2045 1861.12 2.673 0.144
2025-09-07 2045 1861.12 0 0
2025-09-08 1984 1925.597 64.477 3.464
2025-09-09 1933 1985.49 59.893 3.11
2025-09-10 1944 1968.071 -17.419 -0.877
2025-09-11 1935 1987.337 19.266 0.979
2025-09-12 2043 1880.787 -106.55 -5.361
2025-09-13 2038 1885.528 4.741 0.252
2025-09-14 2038 1885.528 0 0
2025-09-15 2054 1864.003 -21.525 -1.142
2025-09-16 2073 1841.085 -22.918 -1.23
2025-09-17 2049 1889.722 48.637 2.642
2025-09-18 2047 1888.001 -1.721 -0.091
2025-09-19 1994 1933.645 45.644 2.418
2025-09-20 2001 1924.891 -8.754 -0.453
2025-09-21 2001 1924.891 0 0
2025-09-22 1992 1937.753 12.862 0.668
2025-09-23 2048 1879.716 -58.037 -2.995
2025-09-24 2053 1875.414 -4.302 -0.229
2025-09-25 2006 1919.954 44.54 2.375
2025-09-26 1989 1928.919 8.965 0.467
2025-09-27 2007 1912.193 -16.726 -0.867
2025-09-28 2010 1912.193 0 0
2025-09-29 1852 2094.116 181.923 9.514
2025-09-30 1826 2144.527 50.411 2.407
2025-10-01 1757 2232.134 87.607 4.085
2025-10-02 1800 2180.78 -51.354 -2.301
2025-10-03 1792 2185.609 4.829 0.221
2025-10-04 1794 2185.609 0 0
2025-10-05 1794 2185.609 0 0
2025-10-06 1795 2185.609 0 0
2025-10-07 1796 2185.609 0 0
2025-10-08 1796 2185.609 0 0
2025-10-09 1798 2185.609 0 0
2025-10-10 1765 2202.685 17.076 0.781
2025-10-11 1790 2170.67 -32.015 -1.453
2025-10-12 1790 2170.67 0 0
2025-10-13 1775 2187.497 16.827 0.775
2025-10-14 1868 2078.485 -109.012 -4.983
2025-10-15 1876 2079.431 0.946 0.046
2025-10-16 1895 2047.804 -31.627 -1.521
2025-10-17 1904 2027.78 -20.024 -0.978
2025-10-18 1905 2023.356 -4.424 -0.218
2025-10-19 1906 2023.356 0 0
2025-10-20 1956 1981.288 -42.068 -2.079
2025-10-21 1978 1958.46 -22.828 -1.152
2025-10-22 1957 1988.041 29.581 1.51
2025-10-23 1910 2035.701 47.66 2.397
2025-10-24 1956 1988.974 -46.727 -2.295
2025-10-25 1955 1992.851 3.877 0.195
2025-10-26 1955 1992.851 0 0
2025-10-27 1929 2026.136 33.285 1.67
2025-10-28 1895 2066.739 40.603 2.004
2025-10-29 1961 1996.178 -70.561 -3.414
2025-10-30 1843 2124.919 128.741 6.449
2025-10-31 1820 2144.634 19.715 0.928
2025-11-01 1814 2147.795 3.161 0.147
2025-11-02 1813 2147.795 0 0
2025-11-03 1703 2294.624 146.829 6.836
2025-11-04 1681 2318.07 23.446 1.022
2025-11-05 1787 2181.281 -136.789 -5.901
2025-11-06 1978 1938.336 -242.945 -11.138
2025-11-07 1979 1940.144 1.808 0.093
2025-11-08 1990 1927.96 -12.184 -0.628
2025-11-09 1989 1927.96 0 0
2025-11-10 2100 1817.198 -110.762 -5.745
2025-11-11 2152 1758.199 -58.999 -3.247
2025-11-12 2171 1731.531 -26.668 -1.517
2025-11-13 2167 1748.486 16.955 0.979
2025-11-14 2121 1795.378 46.892 2.682
2025-11-15 2105 1808.559 13.181 0.734
2025-11-16 2105 1808.559 0 0
2025-11-17 2112 1800.357 -8.202 -0.454
2025-11-18 2126 1770.372 -29.985 -1.666
2025-11-19 2062 1839.977 69.605 3.932
2025-11-20 1969 1941.447 101.47 5.515
2025-11-21 1958 1945.886 4.439 0.229
2025-11-22 1961 1935.996 -9.89 -0.508
2025-11-23 1961 1935.996 0 0
2025-11-24 1903 2012.954 76.958 3.975
2025-11-25 1893 2035.877 22.923 1.139
2025-11-26 1898 2037.487 1.61 0.079
2025-11-27 1795 2177.502 140.015 6.872
2025-11-28 1860 2091.866 -85.636 -3.933
2025-11-29 1873 2084.825 -7.041 -0.337
2025-11-30 1873 2084.825 0 0
2025-12-01 1894 2060.44 -24.385 -1.17
2025-12-02 1922 2019.798 -40.642 -1.972
2025-12-03 1935 2002.336 -17.462 -0.865
2025-12-04 1927 2023.444 21.108 1.054
2025-12-05 1890 2072.61 49.166 2.43
2025-12-06 1884 2078.959 6.349 0.306
2025-12-07 1885 2078.959 0 0
2025-12-08 1776 2201.017 122.058 5.871
2025-12-09 1841 2126.826 -74.191 -3.371
2025-12-10 1899 2054.35 -72.476 -3.408
2025-12-11 1891 2068.779 14.429 0.702
2025-12-12 1927 2016.37 -52.409 -2.533
2025-12-13 1930 2015.686 -0.684 -0.034
2025-12-14 1930 2015.686 0 0
2025-12-15 1906 2044.078 28.392 1.409
2025-12-16 1821 2153.457 109.379 5.351
2025-12-17 1878 2083.814 -69.643 -3.234
2025-12-18 1958 1975.063 -108.751 -5.219
2025-12-19 1963 1972.824 -2.239 -0.113
2025-12-20 1963 1973.825 1.001 0.051
2025-12-21 1963 1973.825 0 0
2025-12-22 1966 1981.915 8.09 0.41
2025-12-23 2025 1914.346 -67.569 -3.409
2025-12-24 2062 1884.89 -29.456 -1.539
2025-12-25 2015 1927.56 42.67 2.264
2025-12-26 2037 1902.847 -24.713 -1.282
2025-12-27 2027 1915.652 12.805 0.673
2025-12-28 2027 1915.652 0 0
2025-12-29 1996 1952.972 37.32 1.948
2025-12-30 2008 1939.283 -13.689 -0.701
2025-12-31 2019 1925.081 -14.202 -0.732
2026-01-01 2017 1925.081 0 0
2026-01-02 2009 1941.677 16.596 0.862
2026-01-03 2013 1939.187 -2.49 -0.128
2026-01-05 2011 1955.762 16.575 0.855
2026-01-06 2163 1800.382 -155.38 -7.945
2026-01-07 2142 1823.449 23.067 1.281
2026-01-08 2164 1801.776 -21.673 -1.189
2026-01-09 2079 1891.272 89.496 4.967
2026-01-10 2091 1881.35 -9.922 -0.525
2026-01-11 2091 1881.35 0 0
2026-01-12 2145 1836.26 -45.09 -2.397
2026-01-13 2148 1827.264 -8.996 -0.49
2026-01-14 2100 1873.411 46.147 2.525
2026-01-15 2053 1929.396 55.985 2.988
2026-01-16 2013 1963.968 34.572 1.792
2026-01-17 2016 1958.903 -5.065 -0.258
2026-01-18 2015 1958.903 0 0
2026-01-19 2040 1930.512 -28.391 -1.449
2026-01-20 1973 2011.63 81.118 4.202
2026-01-21 1923 2081.771 70.141 3.487
2026-01-22 1738 2331.235 249.464 11.983
2026-01-23 1798 2256.825 -74.41 -3.192
2026-01-24 1796 2262.907 6.082 0.269
2026-01-25 1796 2262.907 0 0
2026-01-26 1778 2275.139 12.232 0.541
2026-01-27 1775 2297.544 22.405 0.985
2026-01-28 1817 2248.581 -48.963 -2.131
2026-01-29 1759 2331.786 83.205 3.7
2026-01-30 1794 2271.496 -60.29 -2.586
2026-01-31 1815 2250.508 -20.988 -0.924
2026-02-01 1813 2250.508 0 0
2026-02-02 1772 2283.734 33.226 1.476
2026-02-03 1802 2254.657 -29.077 -1.273
2026-02-04 1841 2217.515 -37.142 -1.647
2026-02-05 1748 2325.555 108.04 4.872
2026-02-06 1912 2122.034 -203.521 -8.752
2026-02-07 1912 2120.662 -1.372 -0.065
2026-02-08 1912 2120.662 0 0
2026-02-09 1871 2197.945 77.283 3.644
2026-02-10 1802 2288.622 90.677 4.126
2026-02-11 1761 2344.941 56.319 2.461
2026-02-12 1751 2357.952 13.011 0.555
2026-02-13 1796 2292.306 -65.646 -2.784
2026-02-14 1802 2284.85 -7.456 -0.325
2026-02-15 1801 2284.85 0 0
2026-02-16 1803 2284.85 0 0
2026-02-17 1806 2284.85 0 0
2026-02-18 1807 2284.85 0 0
2026-02-19 1718 2396.535 111.685 4.888
2026-02-20 1700 2420.014 23.479 0.98
2026-02-21 1709 2418.508 -1.506 -0.062
2026-02-22 1706 2418.508 0 0
2026-02-23 1656 2492.877 74.369 3.075
2026-02-24 1668 2483.119 -9.758 -0.391
2026-02-25 1642 2537.253 54.134 2.18
2026-02-26 1556 2686.039 148.786 5.864
2026-02-27 1565 2654.813 -31.226 -1.163
2026-02-28 1588 2631.652 -23.161 -0.872
2026-03-01 1591 2631.652 0 0
2026-03-02 1581 2631.652 0 0
2026-03-03 1713 2407.281 -224.371 -8.526
2026-03-04 1859 2211.649 -195.632 -8.127
2026-03-05 1769 2325.715 114.066 5.158
2026-03-06 1630 2525.236 199.521 8.579
2026-03-07 1635 2512.829 -12.407 -0.491
2026-03-08 1636 2512.829 0 0
2026-03-09 1689 2435.868 -76.961 -3.063
2026-03-10 1711 2444.239 8.371 0.344
2026-03-11 1588 2629.459 185.22 7.578
2026-03-12 1565 2663.192 33.733 1.283
2026-03-13 1491 2798.751 135.559 5.09
2026-03-14 1502 2774.951 -23.8 -0.85
2026-03-15 1501 2774.951 0 0
2026-03-16 1548 2662.891 -112.06 -4.038
2026-03-17 1484 2819.71 156.819 5.889
2026-03-18 1432 2923.498 103.788 3.681
2026-03-19 1382 3007.809 84.311 2.884
2026-03-20 1424 2897.154 -110.655 -3.679
2026-03-21 1424 2897.443 0.289 0.01
2026-03-22 1424 2897.443 0 0
2026-03-23 1543 2618.6 -278.843 -9.624
2026-03-24 1533 2652.81 34.21 1.306
2026-03-25 1542 2659.864 7.054 0.266
2026-03-27 1539 2647.871 -11.993 -0.451
2026-03-28 1552 2623.916 -23.955 -0.905
2026-03-29 1552 2623.916 0 0
2026-03-30 1553 2615.993 -7.923 -0.302
2026-03-31 1504 2690.75 74.757 2.858
2026-04-01 1507 2721.352 30.602 1.137
2026-04-02 1501 2736.19 14.838 0.545
2026-04-03 1563 2604.753 -131.437 -4.804
2026-04-04 1563 2604.753 0 0
2026-04-05 1563 2604.753 0 0
2026-04-06 1535 2675.538 70.785 2.718
2026-04-07 1586 2557.101 -118.437 -4.427
2026-04-08 1544 2695.995 138.894 5.432
2026-04-09 1393 3003.802 307.807 11.417
2026-04-10 1304 3202.11 198.308 6.602
2026-04-11 1304 3202.11 0 0
2026-04-12 1304 3202.11 0 0
2026-04-13 1288 3254.513 52.403 1.637
2026-04-14 1353 3131.63 -122.883 -3.776
2026-04-15 1266 3366.756 235.126 7.508
2026-04-16 1260 3395.366 28.61 0.85
2026-04-17 1244 3435.448 40.082 1.18
2026-04-18 1253 3416.33 -19.118 -0.556
2026-04-19 1253 3416.33 0 0
2026-04-20 1275 3376.013 -40.317 -1.18
2026-04-21 1278 3351.597 -24.416 -0.723
2026-04-22 1209 3564.87 213.273 6.363
2026-04-23 1199 3564.524 -0.346 -0.01
2026-04-24 1167 3666.344 101.82 2.856
2026-04-25 1168 3657.946 -8.398 -0.229
2026-04-26 1168 3657.946 0 0
2026-04-27 1171 3649.892 -8.054 -0.22
2026-04-28 1142 3760.581 110.689 3.033
2026-04-29 1166 3692.62 -67.961 -1.807
2026-04-30 1232 3466.233 -226.387 -6.131
2026-05-01 1237 3455.016 -11.217 -0.324
2026-05-02 1240 3455.016 0 0
2026-05-04 1236 3487.254 32.238 0.933
2026-05-05 1236 3487.254 0 0
2026-05-06 1256 3421.238 0 0
2026-05-07 1291 3339.621 0 0
2026-05-08 1184 3645.466 0 0
2026-05-09 1205 3602.753 0 0
2026-05-10 1217 3561.961 0 0
2026-05-11 1182 3663.573 0 0
2026-05-12 1259 3427.834 0 0
2026-05-13 1308 3283.947 0 0
2026-05-14 1260 3413.344 0 0
2026-05-15 1296 3309.328 0 0
2026-05-16 1302 3272.693 0 0
2026-05-17 1307 3249.59 0 0
2026-05-18 1302 3253.571 0 0
2026-05-19 1317 3217.746 0 0
2026-05-20 1378 3082.84 0 0
2026-05-21 1335 3190.851 0 0
2026-05-22 1364 3119.164 0 0
2026-05-23 1358 3135.03 0 0
2026-05-24 1371 3114.67 0 0
2026-05-25 1369 3114.67 0 0
2026-05-26 1359 3138.315 0 0
2026-05-27 1404 3031.913 0 0
2026-05-28 1323 3215.089 0 0
2026-05-29 1357 3143.476 0 0
2026-05-30 1339 3179.274 0 0
2026-05-31 1347 3170.413 0 0
2026-06-01 1268 3412.349 0 0
2026-06-02 1334 3210.075 0 0
2026-06-03 1329 3219.917 0 0
2026-06-04 1315 3249.621 0 0
2026-06-05 1378 3088.001 0 0
2026-06-06 1372 3071.467 0 0
2026-06-07 1379 3050.436 0 0
2026-06-09 1342 3143.536 0 0
2026-06-10 1289 3288.553 0 0
2026-06-11 1296 3257.786 0 0
2026-06-12 1314 3204.066 0 0
2026-06-13 1358 3111.848 0 0
2026-06-14 1350 3132.016 0 0
2026-06-16 1319 3250.003 0 0
2026-06-17 1304 3307.067 0 0
2026-06-18 1385 3073.267 0 0
2026-06-19 1404 3023.526 0 0
2026-06-20 1393 3050.305 0 0
2026-06-21 1393 3050.305 0 0
2026-06-22 1433 2932.89 0 0
2026-06-23 1458 2882.01 0 0
2026-06-24 1441 2909.827 0 0
2026-06-25 1403 3000.981 0 0
2026-06-26 1487 2789.847 0 0
2026-06-27 1465 2844.843 0 0
2026-06-28 1460 2860.229 0 0
2026-06-29 1415 2965.39 0 0
2026-06-30 1375 3078.34 0 0
2026-07-01 1337 3170.116 0 0
2026-07-02 1296 3296.036 0 0
2026-07-03 1392 3044.663 0 0
2026-07-04 1428 2971.274 0 0
2026-07-05 1428 2971.274 0 0
2026-07-06 1448 2905.96 0 0
2026-07-07 1361 3121.112 0 0
2026-07-08 1400 2990.222 0 0
2026-07-09 1444 2860.287 0 0
2026-07-10 1390 3024.31 0 0
2026-07-11 1396 3009.698 0 0
2026-07-12 1393 3017.713 0 0
2026-07-13 1353 3113.215 0 0
2026-07-14 1410 2969.962 0 0
2026-07-15 1389 3031.612 0 0
2026-07-16 1389 3015.484 0 0
2026-07-17 1319 3195.321 0 0
2026-07-18 1310 3207.301 0 0
