2019-11-07 1962 1147.557 0 0
2020-01-19 2032 1137.866 -9.691 -0.844
2020-02-07 1932 1201.419 63.553 5.585
2020-02-15 1915 1228.349 26.93 2.242
2020-02-16 1915 1228.349 0 0
2020-02-17 1936 1212.282 -16.067 -1.308
2020-02-18 1936 1209.667 -2.615 -0.216
2020-02-19 1970 1183.806 -25.861 -2.138
2020-02-20 1968 1188.669 4.863 0.411
2020-02-21 1964 1183.893 -4.776 -0.402
2020-02-22 1966 1179.957 -3.936 -0.332
2020-02-23 1964 1179.957 0 0
2020-02-24 1940 1192.926 12.969 1.099
2020-02-25 1909 1203.301 10.375 0.87
2020-02-26 1924 1187.07 -16.231 -1.349
2020-02-27 1921 1189.57 2.5 0.211
2020-02-28 1914 1182.271 -7.299 -0.614
2020-02-29 1898 1186.669 4.398 0.372
2020-03-01 1900 1186.669 0 0
2020-03-02 1897 1196.743 10.074 0.849
2020-03-03 1884 1207.529 10.786 0.901
2020-03-04 1905 1199.797 -7.732 -0.64
2020-03-05 1892 1204.632 4.835 0.403
2020-03-06 1890 1199.758 -4.874 -0.405
2020-03-07 1886 1200.104 0.346 0.029
2020-03-08 1882 1200.104 0 0
2020-03-09 1877 1189.582 -10.522 -0.877
2020-03-10 1872 1183.964 -5.618 -0.472
2020-03-11 1856 1185.721 1.757 0.148
2020-03-12 1824 1175.128 -10.593 -0.893
2020-03-13 1818 1162.486 -12.642 -1.076
2020-03-14 1822 1161.239 -1.247 -0.107
2020-03-15 1823 1161.239 0 0
2020-03-16 1797 1156.763 -4.476 -0.385
2020-03-17 1790 1151.431 -5.332 -0.461
2020-03-18 1774 1141.758 -9.673 -0.84
2020-03-19 1764 1134.56 -7.198 -0.63
2020-03-20 1768 1132.252 -2.308 -0.203
2020-03-21 1769 1136.258 4.006 0.354
2020-03-22 1769 1136.258 0 0
2020-03-23 1757 1127.399 -8.859 -0.78
2020-03-24 1759 1119.069 -8.33 -0.739
2020-03-25 1794 1125.279 6.21 0.555
2020-03-26 1813 1130.785 5.506 0.489
2020-03-27 1827 1134.187 3.402 0.301
2020-03-28 1829 1128.317 -5.87 -0.518
2020-03-29 1829 1128.317 0 0
2020-03-30 1829 1128.317 0 0
2020-03-31 1833 1124.807 -3.51 -0.311
2020-04-01 1835 1120.518 -4.289 -0.381
2020-04-02 1824 1115.946 -4.572 -0.408
2020-04-03 1822 1120.112 4.166 0.373
2020-04-04 1814 1122.432 2.32 0.207
2020-04-05 1814 1122.432 0 0
2020-04-06 1814 1122.432 0 0
2020-04-07 1822 1130.892 8.46 0.754
2020-04-08 1967 1134.333 3.441 0.304
2020-04-09 1976 1139.594 5.261 0.464
2020-04-10 1981 1131.907 -7.687 -0.675
2020-04-11 1981 1131.907 0 0
2020-04-12 1981 1131.907 0 0
2020-04-13 1976 1132.276 0.369 0.033
2020-04-14 1979 1136.891 4.615 0.408
2020-04-15 1965 1142.684 5.793 0.51
2020-04-16 1960 1143.066 0.382 0.033
2020-04-17 1973 1136.88 -6.186 -0.541
2020-04-18 1979 1136.431 -0.449 -0.039
2020-04-19 1979 1136.431 0 0
2020-04-20 1982 1138.642 2.211 0.195
2020-04-21 1967 1133.69 -4.952 -0.435
2020-04-23 1936 1163.543 29.853 2.633
2020-04-24 1951 1160.796 -2.747 -0.236
2020-04-25 1947 1160.124 -0.672 -0.058
2020-04-26 1947 1160.124 0 0
2020-04-27 1963 1150.549 -9.575 -0.825
2020-04-28 1972 1150.371 -0.178 -0.015
2020-04-29 1984 1143.166 -7.205 -0.626
2020-04-30 1988 1148.853 5.687 0.497
2020-05-01 1983 1152.551 3.698 0.322
2020-05-02 1982 1152.551 0 0
2020-05-03 1982 1152.551 0 0
2020-05-04 1977 1152.551 0 0
2020-05-05 1973 1152.551 0 0
2020-05-06 1977 1156.619 4.068 0.353
2020-05-07 1983 1144.447 -12.172 -1.052
2020-05-08 1990 1147.25 2.803 0.245
2020-05-09 1997 1149.195 1.945 0.17
2020-05-10 1997 1149.195 0 0
2020-05-11 1985 1159.142 9.947 0.866
2020-05-12 1980 1158.013 -1.129 -0.097
2020-05-13 1979 1156.534 -1.479 -0.128
2020-05-14 1976 1150.187 -6.347 -0.549
2020-05-15 1978 1147.901 -2.286 -0.199
2020-05-16 1979 1146.979 -0.922 -0.08
2020-05-17 1979 1146.979 0 0
2020-05-18 1981 1151.02 4.041 0.352
2020-05-19 1991 1152.404 1.384 0.12
2020-05-20 2000 1147.349 -5.055 -0.439
2020-05-21 2000 1142.595 -4.754 -0.414
2020-05-23 2002 1127.945 -14.65 -1.282
2020-05-24 2002 1127.945 0 0
2020-05-25 2007 1124.292 -3.653 -0.324
2020-05-26 2015 1129.04 4.748 0.422
2020-05-27 2030 1127.018 -2.022 -0.179
2020-05-28 2034 1119.698 -7.32 -0.65
2020-05-29 2028 1125.837 6.139 0.548
2020-05-30 2027 1127.98 2.143 0.19
2020-05-31 2027 1127.98 0 0
2020-06-01 2037 1133.09 5.11 0.453
2020-06-02 2050 1134.058 0.968 0.085
2020-06-03 2051 1139.417 5.359 0.473
2020-06-04 2056 1138.046 -1.371 -0.12
2020-06-05 2065 1134.966 -3.08 -0.271
2020-06-06 2062 1140.683 5.717 0.504
2020-06-07 2062 1140.683 0 0
2020-06-08 2064 1137.371 -3.312 -0.29
2020-06-09 2068 1140.678 3.307 0.291
2020-06-10 2067 1139.083 -1.595 -0.14
2020-06-11 2052 1144.216 5.133 0.451
2020-06-12 2042 1147.083 2.867 0.251
2020-06-13 2036 1146.369 -0.714 -0.062
2020-06-14 2036 1146.369 0 0
2020-06-15 2029 1151.162 4.793 0.418
2020-06-16 2041 1147.868 -3.294 -0.286
2020-06-17 2029 1159.133 11.265 0.981
2020-06-18 2044 1152.136 -6.997 -0.604
2020-06-19 2036 1157.668 5.532 0.48
2020-06-20 2036 1157.815 0.147 0.013
2020-06-21 2036 1157.815 0 0
2020-06-22 2039 1154.131 -3.684 -0.318
2020-06-23 2045 1150.707 -3.424 -0.297
2020-06-24 2045 1150.707 0 0
2020-06-25 2044 1147.074 -3.633 -0.316
2020-06-26 2040 1147.074 0 0
2020-06-27 2036 1147.074 0 0
2020-06-28 2036 1147.074 0 0
2020-06-29 2034 1149.655 2.581 0.225
2020-06-30 2040 1148.013 -1.642 -0.143
2020-07-01 2045 1144.174 -3.839 -0.334
2020-07-07 2033 1164.082 19.908 1.74
2020-07-08 2041 1176.841 12.759 1.096
2020-07-09 1997 1211.362 34.521 2.933
2020-07-10 1977 1225.695 14.333 1.183
2020-07-11 1980 1222.371 -3.324 -0.271
2020-07-12 1980 1222.371 0 0
2020-07-13 1963 1240.985 18.614 1.523
2020-07-14 1963 1242.474 1.489 0.12
2020-07-15 1988 1217.471 -25.003 -2.012
2020-07-16 1986 1214.499 -2.972 -0.244
2020-07-17 2007 1199.491 -15.008 -1.236
2020-07-18 2007 1199.491 0 0
2020-07-20 2001 1206.921 7.43 0.619
2020-07-21 1990 1217.353 10.432 0.864
2020-07-22 2000 1212.518 -4.835 -0.397
2020-07-23 2006 1213.904 1.386 0.114
2020-07-24 2021 1191.599 -22.305 -1.837
2020-07-25 2027 1187.999 -3.6 -0.302
2020-07-26 2023 1187.999 0 0
2020-07-27 2017 1192.83 4.831 0.407
2020-07-28 2016 1195.184 2.354 0.197
2020-07-29 2003 1207.828 12.644 1.058
2020-07-30 1994 1217.405 9.577 0.793
2020-07-31 1984 1230.446 13.041 1.071
2020-08-04 1982 1236.779 6.333 0.515
2020-08-05 1988 1231.556 -5.223 -0.422
2020-08-06 1989 1232.44 0.884 0.072
2020-08-07 1999 1221.091 -11.349 -0.921
2020-08-08 2001 1218.389 -2.702 -0.221
2020-08-09 2001 1218.389 0 0
2020-08-10 2002 1217.265 -1.124 -0.092
2020-08-12 2019 1202.651 -14.614 -1.201
2020-08-13 2019 1205.109 2.458 0.204
2020-08-14 2019 1206.121 1.012 0.084
2020-08-15 2019 1205.149 -0.972 -0.081
2020-08-16 2019 1205.149 0 0
2020-08-17 2018 1209.652 4.503 0.374
2020-08-18 2017 1212.173 2.521 0.208
2020-08-19 2022 1204.754 -7.419 -0.612
2020-08-20 2015 1209.263 4.509 0.374
2020-08-21 2019 1208.14 -1.123 -0.093
2020-08-22 2017 1209.591 1.451 0.12
2020-08-23 2017 1209.591 0 0
2020-08-24 2011 1217.135 7.544 0.624
2020-08-25 2008 1218.031 0.896 0.074
2020-08-26 2014 1208.791 -9.24 -0.759
2020-08-27 2019 1204.695 -4.096 -0.339
2020-08-28 2022 1206.039 1.344 0.112
2020-08-29 2024 1208.498 2.459 0.204
2020-08-30 2024 1208.498 0 0
2020-08-31 2022 1203.56 -4.938 -0.409
2020-09-01 2016 1210.835 7.275 0.604
2020-09-02 2018 1212.896 2.061 0.17
2020-09-03 2011 1213.634 0.738 0.061
2020-09-04 2012 1208.531 -5.103 -0.42
2020-09-05 2013 1207.806 -0.725 -0.06
2020-09-06 2013 1207.806 0 0
2020-09-07 2029 1199.799 -8.007 -0.663
2020-09-09 2026 1193.828 -5.971 -0.498
2020-09-10 2035 1184.963 -8.865 -0.743
2020-09-11 2039 1188.325 3.362 0.284
2020-09-12 2039 1188.881 0.556 0.047
2020-09-13 2039 1188.881 0 0
2020-09-14 2043 1193.459 4.578 0.385
2020-09-15 2040 1195.368 1.909 0.16
2020-09-16 2034 1199.929 4.561 0.382
2020-09-17 2031 1201.314 1.385 0.115
2020-09-18 2026 1205.912 4.598 0.383
2020-09-19 2027 1207.214 1.302 0.108
2020-09-21 2014 1208.372 1.158 0.096
2020-09-22 2013 1203.7 -4.672 -0.387
2020-09-23 2003 1206.614 2.914 0.242
2020-09-24 2011 1198.625 -7.989 -0.662
2020-09-25 2019 1190.589 -8.036 -0.67
2020-09-26 2019 1191.514 0.925 0.078
2020-09-27 2019 1191.514 0 0
2020-09-28 2037 1182.718 -8.796 -0.738
2020-09-29 2029 1183.987 1.269 0.107
2020-09-30 2038 1181.833 -2.154 -0.182
2020-10-01 2039 1183.846 2.013 0.17
2020-10-03 2038 1183.846 0 0
2020-10-04 2038 1183.846 0 0
2020-10-05 2040 1183.846 0 0
2020-10-06 2047 1183.846 0 0
2020-10-07 2047 1183.846 0 0
2020-10-08 2051 1183.846 0 0
2020-10-09 2039 1197.249 13.403 1.132
2020-10-10 2009 1214.529 17.28 1.443
2020-10-11 2011 1214.529 0 0
2020-10-12 2011 1220.356 5.827 0.48
2020-10-13 2015 1216.46 -3.896 -0.319
2020-10-14 2007 1221.283 4.823 0.396
2020-10-16 1988 1235.983 14.7 1.204
2020-10-17 1988 1235.983 0 0
2020-10-18 1988 1235.983 0 0
2020-10-19 2004 1228.704 -7.279 -0.589
2020-10-20 1992 1240.793 12.089 0.984
2020-10-21 1993 1237.762 -3.031 -0.244
2020-10-22 1989 1246.588 8.826 0.713
2020-10-23 1990 1240.566 -6.022 -0.483
2020-10-24 1992 1240.547 -0.019 -0.002
2020-10-25 1991 1240.547 0 0
2020-10-26 1989 1238.983 -1.564 -0.126
2020-10-27 2000 1228.576 -10.407 -0.84
2020-10-28 2002 1224.689 -3.887 -0.316
2020-10-29 1997 1227.627 2.938 0.24
2020-10-30 2005 1213.183 -14.444 -1.177
2020-10-31 2005 1215.03 1.847 0.152
2020-11-01 2005 1215.03 0 0
2020-11-02 2016 1206.466 -8.564 -0.705
2020-11-03 2011 1213.491 7.025 0.582
2020-11-04 2017 1212.195 -1.296 -0.107
2020-11-05 2030 1210.771 -1.424 -0.117
2020-11-06 2029 1219.761 8.99 0.743
2020-11-07 2028 1223.169 3.408 0.279
2020-11-08 2028 1223.169 0 0
2020-11-09 2028 1229.471 6.302 0.515
2020-11-10 2019 1237.011 7.54 0.613
2020-11-12 2031 1222.264 -14.747 -1.192
2020-11-13 2041 1217.329 -4.935 -0.404
2020-11-14 2031 1220.145 2.816 0.231
2020-11-15 2031 1220.145 0 0
2020-11-17 2030 1232.238 12.093 0.991
2020-11-18 2023 1235.411 3.173 0.257
2020-11-19 2027 1237.047 1.636 0.132
2020-11-20 2034 1227.554 -9.493 -0.767
2020-11-21 2033 1230.169 2.615 0.213
2020-11-22 2033 1230.169 0 0
2020-11-23 2031 1233.345 3.176 0.258
2020-11-24 2029 1230.166 -3.179 -0.258
2020-11-25 2037 1225.268 -4.898 -0.398
2020-11-26 2040 1225.558 0.29 0.024
2020-11-27 2041 1225.955 0.397 0.032
2020-11-28 2045 1225.265 -0.69 -0.056
2020-11-30 2035 1233.586 8.321 0.679
2020-12-01 2038 1234.038 0.452 0.037
2020-12-02 2043 1233.42 -0.618 -0.05
2020-12-03 2040 1237.897 4.477 0.363
2020-12-04 2045 1236.813 -1.084 -0.088
2020-12-05 2043 1242.21 5.397 0.436
2020-12-06 2043 1242.21 0 0
2020-12-07 2042 1237.019 -5.191 -0.418
2020-12-08 2053 1232.77 -4.249 -0.343
2020-12-09 2062 1228.35 -4.42 -0.359
2020-12-10 2076 1219.356 -8.994 -0.732
2020-12-11 2061 1226.979 7.623 0.625
2020-12-12 2058 1228.255 1.276 0.104
2020-12-13 2058 1228.255 0 0
2020-12-14 2074 1222.274 -5.981 -0.487
2020-12-15 2074 1221.75 -0.524 -0.043
2020-12-16 2083 1214.968 -6.782 -0.555
2020-12-17 2087 1216.239 1.271 0.105
2020-12-18 2098 1208.87 -7.369 -0.606
2020-12-19 2098 1207.373 -1.497 -0.124
2020-12-20 2098 1207.373 0 0
2020-12-21 2101 1205.38 -1.993 -0.165
2020-12-22 2092 1207.963 2.583 0.214
2020-12-23 2142 1200.691 -7.272 -0.602
2020-12-24 2159 1190.56 -10.131 -0.844
2020-12-25 2157 1193.778 3.218 0.27
2020-12-26 2157 1193.778 0 0
2020-12-27 2157 1193.778 0 0
2020-12-28 2159 1193.778 0 0
2020-12-29 2152 1196.2 2.422 0.203
2020-12-31 2148 1201.783 5.583 0.467
