2020-04-08 1436 1616.698 0 0
2020-04-10 1424 1658.171 41.473 2.501
2020-04-11 1424 1658.171 0 0
2020-04-12 1424 1658.171 0 0
2020-04-13 1419 1658.171 0 0
2020-04-14 1429 1652.369 -5.802 -0.351
2020-04-15 1442 1632.981 -19.388 -1.187
2020-04-17 1454 1616.758 -16.223 -1.003
2020-04-18 1456 1622.568 5.81 0.358
2020-04-19 1456 1622.568 0 0
2020-04-20 1448 1629.051 6.483 0.398
2020-04-21 1466 1595.754 -33.297 -2.087
2020-04-23 1466 1602.389 6.635 0.414
2020-04-24 1440 1623.06 20.671 1.274
2020-04-25 1442 1620.603 -2.457 -0.152
2020-04-26 1443 1620.603 0 0
2020-04-27 1443 1647.427 26.824 1.628
2020-04-28 1409 1693.238 45.811 2.706
2020-04-29 1423 1690.858 -2.38 -0.141
2020-04-30 1421 1698.411 7.553 0.445
