2025-04-08  925.218 0 0
2025-04-24 2932 1015.351 90.133 9.742
2025-04-25  990.908 -24.443 -2.407
2025-04-29  999.692 8.784 0.886
2025-05-03 2954 1016.496 16.804 1.681
2025-05-04 2954 1016.496 0 0
2025-05-05  993.581 -22.915 -2.254
2025-05-06  970.284 -23.297 -2.345
2025-05-14 2980 1016.115 45.831 4.723
2025-05-15  947.751 -68.364 -6.728
2025-06-06  981.36 33.609 3.546
2025-06-10 3006 1016.496 35.136 3.58
2025-06-11  980.596 -35.9 -3.532
2025-07-02 3031 1016.115 35.519 3.622
2025-07-03 3042 1008.476 -7.639 -0.752
2025-07-04 3041 1008.476 0 0
2025-07-05 3041 1008.476 0 0
2025-07-06 3041 1008.476 0 0
2025-07-07  998.164 -10.312 -1.023
2025-07-09 2988 1041.321 43.157 4.324
2025-07-10 2961 1058.508 17.187 1.65
2025-07-11 2987 1041.321 -17.187 -1.624
2025-07-12 2990 1041.321 0 0
2025-07-13 2990 1041.321 0 0
2025-07-14 3003 1033.301 -8.02 -0.77
2025-07-15  974.103 -59.198 -5.729
2025-07-17 3056 1004.275 30.172 3.097
2025-07-18  984.415 -19.86 -1.978
2025-07-22 2951 1072.639 88.224 8.962
2025-07-23 2907 1108.157 35.518 3.311
2025-07-24 3004 1040.557 -67.6 -6.1
2025-07-25 3029 1028.718 -11.839 -1.138
2025-07-26 3027 1028.718 0 0
2025-07-27 3026 1028.718 0 0
2025-07-28 3019 1031.009 2.291 0.223
2025-07-29 3050 1015.733 -15.276 -1.482
2025-07-30  986.325 -29.408 -2.895
