2020-01-19 815 3155.836 0 0
2020-02-07 926 2807.883 -347.953 -12.392
2020-02-15 905 2889.208 81.325 2.815
2020-02-16 905 2889.208 0 0
2020-02-17 891 2915.424 26.216 0.899
2020-02-18 892 2915.424 0 0
2020-02-19 899 2885.402 -30.022 -1.04
2020-02-20 893 2892.008 6.606 0.228
2020-02-21 903 2863.901 -28.107 -0.981
2020-02-22 911 2840.539 -23.362 -0.822
2020-02-23 912 2840.539 0 0
2020-02-24 904 2840.539 0 0
2020-02-25 901 2801.179 -39.36 -1.405
2020-02-26 896 2798.484 -2.695 -0.096
2020-02-27 886 2793.274 -5.21 -0.187
2020-02-28 876 2799.859 6.585 0.235
2020-02-29 900 2723.674 -76.185 -2.797
