2024-03-30 2607 1101.189 0 0
2024-03-31 2607 1101.189 0 0
2024-04-02 2607 1101.189 0 0
2024-04-03 2611 1101.189 0 0
2024-04-04 2608 1101.189 0 0
2024-04-05 2613 1101.189 0 0
2024-04-06 2611 1101.189 0 0
2024-04-07 2611 1101.189 0 0
2024-04-08 2608 1101.189 0 0
2024-04-09 2611 1101.189 0 0
2024-04-10 2612 1101.189 0 0
2024-04-11 2601 1101.189 0 0
2024-04-12 2593 1101.189 0 0
2024-04-13 2588 1101.189 0 0
2024-04-14 2588 1101.189 0 0
2024-04-15 2594 1101.189 0 0
2024-04-16 2579 1101.189 0 0
2024-04-17 2578 1101.189 0 0
2024-04-18 2581 1101.189 0 0
2024-04-19 2575 1101.189 0 0
2024-04-20 2576 1101.189 0 0
2024-04-21 2576 1101.189 0 0
2024-04-22 2577 1101.189 0 0
2024-04-23 2587 1101.189 0 0
2024-04-24 2590 1101.189 0 0
2024-04-25 2586 1101.189 0 0
2024-04-26 2595 1101.189 0 0
2024-04-27 2593 1101.189 0 0
2024-04-28 2593 1101.189 0 0
2024-04-29 2601 1101.189 0 0
2024-04-30 2597 1101.189 0 0
