2019-11-07 1098 2269.92 0 0
2020-01-19 1232 2138.314 -131.606 -5.798
2020-02-07 1300 1999.273 -139.041 -6.502
2020-02-15 1337 1951.031 -48.242 -2.413
2020-02-16 1338 1951.031 0 0
2020-02-17 1337 1957.745 6.714 0.344
2020-02-18 1336 1951.691 -6.054 -0.309
2020-02-19 1323 1982.154 30.463 1.561
2020-02-20 1329 1975.65 -6.504 -0.328
2020-02-21 1354 1917.036 -58.614 -2.967
2020-02-22 1351 1926.199 9.163 0.478
2020-02-23 1350 1926.199 0 0
2020-02-24 1389 1861.243 -64.956 -3.372
2020-02-25 1396 1837.36 -23.883 -1.283
2020-02-26 1382 1852.725 15.365 0.836
2020-02-27 1398 1792.337 -60.388 -3.259
2020-02-28 1420 1750.381 -41.956 -2.341
2020-02-29 1420 1741.191 -9.19 -0.525
2020-03-01 1421 1741.191 0 0
2020-03-02 1423 1749.688 8.497 0.488
2020-03-03 1397 1794.122 44.434 2.54
2020-03-04 1390 1808.444 14.322 0.798
2020-03-05 1422 1764.863 -43.581 -2.41
2020-03-06 1453 1706.005 -58.858 -3.335
2020-03-07 1438 1721.809 15.804 0.926
2020-03-08 1433 1721.809 0 0
2020-03-09 1527 1581.357 -140.452 -8.157
2020-03-10 1499 1580.328 -1.029 -0.065
2020-03-11 1508 1555.033 -25.295 -1.601
2020-03-12 1561 1455.829 -99.204 -6.38
2020-03-13 1555 1428.362 -27.467 -1.887
2020-03-14 1562 1425.948 -2.414 -0.169
2020-03-15 1562 1425.948 0 0
2020-03-16 1565 1391.139 -34.809 -2.441
2020-03-17 1519 1430.574 39.435 2.835
2020-03-18 1530 1394.205 -36.369 -2.542
2020-03-19 1538 1368.581 -25.624 -1.838
2020-03-20 1545 1368.78 0.199 0.015
2020-03-21 1545 1366.954 -1.826 -0.133
2020-03-22 1545 1366.954 0 0
2020-03-23 1526 1360.169 -6.785 -0.496
2020-03-24 1515 1365.133 4.964 0.365
2020-03-25 1481 1448.002 82.869 6.07
2020-03-26 1480 1478.05 30.048 2.075
2020-03-27 1466 1512.659 34.609 2.342
2020-03-28 1465 1502.788 -9.871 -0.653
2020-03-29 1465 1502.788 0 0
2020-03-30 1465 1502.788 0 0
2020-03-31 1457 1506.787 3.999 0.266
