2020-01-19 729 3477.184 0 0
2020-02-07 719 3440.062 -37.122 -1.079
2020-02-15 681 3597.049 156.987 4.364
2020-02-16 681 3597.049 0 0
2020-02-17 683 3597.049 0 0
2020-02-18 696 3543.96 -53.089 -1.498
2020-02-19 681 3601.819 57.859 1.606
2020-02-20 702 3516.793 -85.026 -2.418
2020-02-21 695 3519.904 3.111 0.088
2020-02-22 692 3519.904 0 0
2020-02-23 692 3519.904 0 0
2020-02-24 702 3457.068 -62.836 -1.818
2020-02-25 695 3450.639 -6.429 -0.186
2020-02-26 692 3435.708 -14.931 -0.435
2020-02-27 687 3412.481 -23.227 -0.681
2020-02-28 707 3314.183 -98.298 -2.966
2020-02-29 712 3314.183 0 0
