2020-01-19 1613 1599.612 0 0
2020-02-07 1578 1612.879 13.267 0.823
2020-02-15 1550 1643.644 30.765 1.872
2020-02-16 1551 1643.644 0 0
2020-02-17 1549 1653.864 10.22 0.618
2020-02-18 1549 1653.864 0 0
2020-02-19 1557 1648.309 -5.555 -0.337
2020-02-20 1544 1665.958 17.649 1.059
2020-02-21 1539 1670.304 4.346 0.26
2020-02-22 1551 1654.16 -16.144 -0.976
2020-02-23 1547 1654.16 0 0
2020-02-24 1538 1654.16 0 0
2020-02-25 1560 1608.373 -45.787 -2.847
2020-02-26 1597 1561.56 -46.813 -2.998
2020-02-27 1607 1531.469 -30.091 -1.965
2020-02-28 1655 1451.399 -80.07 -5.517
2020-02-29 1669 1426.025 -25.374 -1.779
2020-03-01 1676 1426.025 0 0
2020-03-02 1684 1426.025 0 0
2020-03-03 1649 1474.81 48.785 3.308
2020-03-04 1660 1468.826 -5.984 -0.407
2020-03-05 1617 1515.335 46.509 3.069
2020-03-06 1643 1472.407 -42.928 -2.915
2020-03-07 1660 1453.774 -18.633 -1.282
2020-03-08 1653 1453.774 0 0
2020-03-09 1620 1453.774 0 0
2020-03-10 1715 1342.483 -111.291 -8.29
2020-03-11 1697 1347.337 4.854 0.36
2020-03-12 1725 1275.704 -71.633 -5.615
2020-03-13 1855 1125.166 -150.538 -13.379
2020-03-14 1801 1182.49 57.324 4.848
2020-03-15 1801 1182.49 0 0
2020-03-16 1772 1182.49 0 0
2020-03-17 1827 1117.894 -64.596 -5.778
2020-03-18 1708 1198.58 80.686 6.732
2020-03-19 1758 1138.391 -60.189 -5.287
2020-03-20 1743 1155.073 16.682 1.444
2020-03-21 1853 1066.476 -88.597 -8.307
2020-03-22 1853 1066.476 0 0
2020-03-23 1829 1066.476 0 0
2020-03-25 1835 1091.204 24.728 2.266
2020-03-26 1814 1129.539 38.335 3.394
2020-03-27 1738 1214.279 84.74 6.979
2020-03-28 1724 1220.186 5.907 0.484
2020-03-29 1724 1220.186 0 0
2020-03-30 1724 1220.186 0 0
2020-03-31 1678 1254.778 34.592 2.757
2020-04-01 1713 1229.574 -25.204 -2.05
2020-04-02 1749 1183.377 -46.197 -3.904
2020-04-03 1752 1181.588 -1.789 -0.151
2020-04-04 1735 1194.685 13.097 1.096
2020-04-05 1735 1194.685 0 0
2020-04-06 1735 1194.685 0 0
2020-04-07 1700 1256.026 61.341 4.884
2020-04-08 1772 1296.492 40.466 3.121
2020-04-10 1658 1413.521 117.029 8.279
2020-04-11 1658 1413.521 0 0
2020-04-12 1658 1413.521 0 0
2020-04-13 1656 1413.521 0 0
2020-04-14 1732 1341.979 -71.542 -5.331
2020-04-15 1647 1418.717 76.738 5.409
2020-04-17 1679 1382.866 -35.851 -2.593
2020-04-18 1666 1400.527 17.661 1.261
2020-04-19 1666 1400.527 0 0
2020-04-20 1672 1400.527 0 0
2020-04-21 1707 1354.883 -45.644 -3.369
2020-04-23 1739 1333.255 -21.628 -1.622
2020-04-24 1740 1331.045 -2.21 -0.166
2020-04-25 1699 1362.628 31.583 2.318
2020-04-26 1699 1362.628 0 0
2020-04-27 1710 1362.628 0 0
2020-04-28 1690 1383.888 21.26 1.536
2020-04-29 1649 1434.714 50.826 3.543
2020-04-30 1658 1436.13 1.416 0.099
2020-05-01 1714 1390.461 -45.669 -3.284
2020-05-02 1743 1360.044 -30.417 -2.236
2020-05-03 1743 1360.044 0 0
2020-05-04 1731 1360.044 0 0
2020-05-05 1706 1375.777 15.733 1.144
2020-05-06 1710 1384.014 8.237 0.595
2020-05-07 1685 1405.955 21.941 1.561
2020-05-08 1695 1401.999 -3.956 -0.282
2020-05-09 1680 1424.107 22.108 1.552
2020-05-10 1680 1424.107 0 0
2020-05-11 1684 1424.107 0 0
2020-05-12 1682 1420.002 -4.105 -0.289
2020-05-13 1698 1406.939 -13.063 -0.928
2020-05-14 1726 1375.489 -31.45 -2.286
2020-05-15 1707 1385.666 10.177 0.734
2020-05-16 1704 1393.789 8.123 0.583
2020-05-17 1704 1393.789 0 0
2020-05-18 1707 1393.789 0 0
2020-05-19 1667 1449.648 55.859 3.853
2020-05-20 1671 1446.903 -2.745 -0.19
2020-05-21 1648 1474.799 27.896 1.892
2020-05-22 1682 1436.439 -38.36 -2.67
2020-05-23 1681 1434.7 -1.739 -0.121
2020-05-24 1681 1434.7 0 0
2020-05-25 1683 1434.7 0 0
2020-05-26 1695 1434.7 0 0
2020-05-27 1700 1439.533 4.833 0.336
2020-05-28 1651 1483.311 43.778 2.951
2020-05-29 1677 1466.506 -16.805 -1.146
2020-05-30 1683 1458.757 -7.749 -0.531
2020-05-31 1683 1458.757 0 0
