2020-01-19 581 4047.303 0 0
2020-02-07 580 4042.235 -5.068 -0.125
2020-02-15 577 4070.485 28.25 0.694
2020-02-16 576 4070.485 0 0
2020-02-17 583 4056.848 -13.637 -0.336
2020-02-18 581 4048.43 -8.418 -0.208
2020-02-19 584 4048.644 0.214 0.005
2020-02-20 584 4049.334 0.69 0.017
2020-02-21 581 4033.679 -15.655 -0.388
2020-02-22 579 4044.562 10.883 0.269
2020-02-23 578 4044.562 0 0
2020-02-24 575 4019.946 -24.616 -0.612
2020-02-25 569 3997.357 -22.589 -0.565
2020-02-26 890 2819.923 -1177.434 -41.754
2020-02-27 839 2928.523 108.6 3.708
2020-02-28 382 5182.644 2254.121 43.494
2020-02-29 383 5161.043 -21.601 -0.419
