2020-06-05 2207 1028.9 0 0
2020-06-06 2211 1028.913 0.013 0.001
2020-06-07 2211 1028.913 0 0
2020-06-08 2206 1036.424 7.511 0.725
2020-06-09 2215 1027.424 -9 -0.876
2020-06-10 2186 1045.436 18.012 1.723
2020-06-11 2175 1040.93 -4.506 -0.433
2020-06-12 2180 1033.406 -7.524 -0.728
2020-06-13 2176 1033.419 0.013 0.001
2020-06-14 2176 1033.419 0 0
2020-06-15 2190 1018.399 -15.02 -1.475
2020-06-16 2136 1058.914 40.515 3.826
2020-06-17 2084 1108.523 49.609 4.475
2020-06-18 2098 1096.506 -12.017 -1.096
2020-06-19 2084 1113.029 16.523 1.485
2020-06-20 2086 1113.014 -0.015 -0.001
2020-06-21 2086 1113.014 0 0
2020-06-22 2118 1082.974 -30.04 -2.774
2020-06-23 2071 1123.529 40.555 3.61
2020-06-24 2071 1123.529 0 0
2020-06-25 2078 1117.521 -6.008 -0.538
2020-06-26 2101 1096.45 -21.071 -1.922
2020-06-27 2100 1096.464 0.014 0.001
2020-06-28 2100 1096.464 0 0
2020-06-29 2098 1097.966 1.502 0.137
2020-06-30 2099 1096.45 -1.516 -0.138
