2020-01-19 856 3013.731 0 0
2020-02-07 878 2919.713 -94.018 -3.22
2020-02-15 857 3010.834 91.121 3.026
2020-02-16 857 3010.834 0 0
2020-02-17 857 3010.834 0 0
2020-02-18 879 2941.769 -69.065 -2.348
2020-02-19 885 2928.625 -13.144 -0.449
2020-02-20 905 2873.373 -55.252 -1.923
2020-02-21 928 2768.662 -104.711 -3.782
2020-02-22 930 2768.662 0 0
2020-02-23 931 2768.662 0 0
2020-02-24 939 2715.415 -53.247 -1.961
2020-02-25 922 2752.843 37.428 1.36
2020-02-26 955 2620.061 -132.782 -5.068
2020-02-27 964 2560.353 -59.708 -2.332
2020-02-28 933 2641.448 81.095 3.07
2020-02-29 932 2667.935 26.487 0.993
2020-03-01 932 2667.935 0 0
2020-03-02 921 2690.314 22.379 0.832
2020-03-03 974 2554.921 -135.393 -5.299
2020-03-04 969 2577.077 22.156 0.86
2020-03-05 986 2506.135 -70.942 -2.831
2020-03-06 1022 2407.22 -98.915 -4.109
2020-03-07 1020 2407.22 0 0
2020-03-08 1020 2407.22 0 0
2020-03-09 1066 2278.317 -128.903 -5.658
2020-03-10 1035 2301.591 23.274 1.011
2020-03-11 1124 2152.323 -149.268 -6.935
2020-03-12 1238 1887.803 -264.52 -14.012
2020-03-13 1199 1935.695 47.892 2.474
2020-03-14 1200 1935.695 0 0
2020-03-15 1200 1935.695 0 0
2020-03-16 1418 1552.79 -382.905 -24.659
2020-03-17 1329 1678.56 125.77 7.493
2020-03-18 1329 1634.697 -43.863 -2.683
2020-03-19 1225 1782.846 148.149 8.31
2020-03-20 1197 1827.828 44.982 2.461
2020-03-21 1195 1827.828 0 0
2020-03-22 1195 1827.828 0 0
2020-03-23 998 2126.14 298.312 14.031
2020-03-24 991 2126.14 0 0
2020-03-25 931 2299.353 173.213 7.533
2020-03-26 970 2246.763 -52.59 -2.341
2020-03-27 1054 2132.63 -114.133 -5.352
2020-03-28 1073 2081.158 -51.472 -2.473
2020-03-29 1073 2081.158 0 0
2020-03-30 1073 2081.158 0 0
2020-03-31 1043 2129.497 48.339 2.27
2020-04-01 1077 2081.829 -47.668 -2.29
2020-04-02 1133 1968.592 -113.237 -5.752
2020-04-03 1129 1971.053 2.461 0.125
2020-04-04 1134 1947.108 -23.945 -1.23
2020-04-05 1134 1947.108 0 0
2020-04-06 1134 1947.108 0 0
2020-04-07 1087 2088.991 141.883 6.792
2020-04-08 1118 2089.214 0.223 0.011
2020-04-10 1064 2193.053 103.839 4.735
2020-04-11 1064 2193.053 0 0
2020-04-12 1064 2193.053 0 0
2020-04-13 1007 2285.031 91.978 4.025
2020-04-14 923 2508.149 223.118 8.896
2020-04-15 868 2652.941 144.792 5.458
2020-04-17 776 2961.772 308.831 10.427
2020-04-18 782 2961.772 0 0
2020-04-19 782 2961.772 0 0
2020-04-20 759 3034.28 72.508 2.39
2020-04-21 791 2889.264 -145.016 -5.019
2020-04-23 797 2878.074 -11.19 -0.389
2020-04-24 788 2917.685 39.611 1.358
2020-04-25 787 2917.685 0 0
2020-04-26 787 2917.685 0 0
2020-04-27 766 3002.725 85.04 2.832
2020-04-28 828 2795.272 -207.453 -7.422
2020-04-29 834 2798.853 3.581 0.128
2020-04-30 830 2837.121 38.268 1.349
