2021-12-15 2312 1269.158 0 0
2021-12-16 2314 1267.89 -1.268 -0.1
2021-12-17 2342 1242.532 -25.358 -2
2021-12-18 2339 1242.532 0 0
2021-12-19 2340 1242.532 0 0
2021-12-20 2460 1133.494 -109.038 -8.775
2021-12-21 2420 1170.262 36.768 3.244
2021-12-22 2449 1156.316 -13.946 -1.192
2021-12-23 2343 1246.336 90.02 7.785
2021-12-24 2344 1246.336 0 0
2021-12-25 2353 1246.336 0 0
2021-12-26 2353 1246.336 0 0
2021-12-27 2367 1234.925 -11.411 -0.916
2021-12-28 2420 1191.817 -43.108 -3.491
2021-12-29 2426 1181.673 -10.144 -0.851
2021-12-30 2407 1204.496 22.823 1.931
2021-12-31 2429 1189.281 -15.215 -1.263
