2021-04-09 2523 1144.188 0 0
2021-04-10 2522 1142.461 -1.727 -0.151
2021-04-11 2523 1142.461 0 0
2021-04-12 2561 1111.598 -30.863 -2.701
2021-04-13 2576 1102.286 -9.312 -0.838
2021-04-14 2602 1091.628 -10.658 -0.967
2021-04-15 2618 1075.588 -16.04 -1.469
2021-04-16 2586 1104.186 28.598 2.659
2021-04-17 2586 1105.828 1.642 0.149
2021-04-18 2586 1105.828 0 0
2021-04-19 2542 1135.657 29.829 2.697
2021-04-20 2560 1127.596 -8.061 -0.71
2021-04-21 2551 1131.834 4.238 0.376
2021-04-22 2506 1170.323 38.489 3.401
2021-04-23 2515 1170.805 0.482 0.041
2021-04-24 2515 1170.805 0 0
2021-04-25 2516 1169.903 -0.902 -0.077
2021-04-26 2519 1172.053 2.15 0.184
2021-04-27 2501 1188.2 16.147 1.378
2021-04-28 2503 1192.547 4.347 0.366
2021-04-29 2532 1157.148 -35.399 -2.968
2021-04-30 2384 1267.059 109.911 9.498
2021-05-01 2384 1266.021 -1.038 -0.082
