2019-11-07 2029 1099.874 0 0
2020-01-19 1947 1214.102 114.228 10.386
2020-02-07 2095 1062.104 -151.998 -12.519
2020-02-15 2084 1073.35 11.246 1.059
2020-02-16 2086 1073.35 0 0
2020-02-17 2058 1090.044 16.694 1.555
2020-02-18 2071 1081.035 -9.009 -0.826
2020-02-19 2083 1072.264 -8.771 -0.811
2020-02-20 2090 1067.491 -4.773 -0.445
2020-02-21 2054 1094.722 27.231 2.551
2020-02-22 2052 1097.621 2.899 0.265
2020-02-23 2052 1097.621 0 0
2020-02-24 2046 1097.621 0 0
2020-02-25 2035 1095.745 -1.876 -0.171
2020-02-26 2109 1022.379 -73.366 -6.696
2020-02-27 2107 1010.151 -12.228 -1.196
2020-03-03 2081 1032.745 22.594 2.237
2020-03-04 1972 1132.857 100.112 9.694
2020-03-05 2023 1089.241 -43.616 -3.85
2020-03-06 2108 1000.689 -88.552 -8.13
2020-03-07 2107 1007.3 6.611 0.661
2020-03-08 2103 1007.3 0 0
2020-03-09  955.856 -51.444 -5.107
2020-08-07 2236 1000.398 44.542 4.66
2020-08-13 2233 1009.368 8.97 0.897
2020-08-14 2160 1088.571 79.203 7.847
2020-08-15 2163 1084.39 -4.181 -0.384
2020-08-16 2163 1084.39 0 0
2020-08-17 2158 1094.771 10.381 0.957
2020-08-18 2143 1101.401 6.63 0.606
2020-08-19 2180 1069.615 -31.786 -2.886
2020-08-20 2143 1100.442 30.827 2.882
2020-08-21 2177 1067.564 -32.878 -2.988
2020-08-22 2161 1075.288 7.724 0.724
2020-08-23 2161 1075.288 0 0
2020-08-24 2164 1075.288 0 0
2020-08-25 2187 1054.675 -20.613 -1.917
2020-08-26 2173 1069.143 14.468 1.372
2020-08-27 2172 1070.641 1.498 0.14
2020-08-28 2194 1053.845 -16.796 -1.569
2020-08-29 2165 1082.153 28.308 2.686
2020-08-30 2165 1082.153 0 0
2020-08-31 2183 1065.613 -16.54 -1.528
2020-09-01 2174 1078.527 12.914 1.212
2020-09-02 2197 1057.984 -20.543 -1.905
2020-09-03 2221 1037.279 -20.705 -1.957
2020-09-04 2217 1037.663 0.384 0.037
2020-09-05 2212 1040.407 2.744 0.264
2020-09-06 2212 1040.407 0 0
2020-09-07 2210 1040.407 0 0
2020-09-09 2228 1017.405 -23.002 -2.211
2020-09-10 2231 1013.554 -3.851 -0.379
2020-09-11  988.168 -25.386 -2.505
2020-09-15 2184 1068.213 80.045 8.1
2020-09-16 2213 1043.221 -24.992 -2.34
2020-09-17 2176 1081.625 38.404 3.681
2020-09-18 2157 1102.164 20.539 1.899
2020-09-19 2169 1094.544 -7.62 -0.691
2020-09-21 2191 1061.76 -32.784 -2.995
2020-09-22 2241 1005.037 -56.723 -5.342
2020-09-23  995.232 -9.805 -0.976
2020-09-26 2237 1000.884 5.652 0.568
2020-09-27 2237 1000.884 0 0
2020-09-28  989.817 -11.067 -1.106
2020-10-07  0 -989.817 -100
2020-10-09 2242 1009.997 0 0
2020-10-10 2230 1025.547 15.55 1.54
2020-10-11 2232 1025.547 0 0
2020-10-12 2236 1025.547 0 0
2020-10-13 2237 1024.694 -0.853 -0.083
2020-10-14  999.04 -25.654 -2.504
2020-10-17  0 -999.04 -100
2020-10-18  0 0 0
2020-10-19 2228 1029.414 0 0
2020-10-20 2210 1047.747 18.333 1.781
2020-10-21 2224 1038.462 -9.285 -0.886
2020-10-22 2202 1066.549 28.087 2.705
2020-10-23 2203 1062.619 -3.93 -0.368
2020-10-24 2209 1054.714 -7.905 -0.744
2020-10-25 2208 1054.714 0 0
2020-10-26 2213 1050.447 -4.267 -0.405
2020-10-27 2227 1032.693 -17.754 -1.69
2020-10-28  994.869 -37.824 -3.663
2020-10-30 2239 1002.338 7.469 0.751
2020-10-31 2235 1004.945 2.607 0.26
2020-11-01 2235 1004.945 0 0
2020-11-02 2235 1004.945 0 0
2020-11-03 2189 1060.817 55.872 5.56
2020-11-04 2202 1047.479 -13.338 -1.257
2020-11-05 2211 1047.151 -0.328 -0.031
2020-11-06 2228 1040.858 -6.293 -0.601
2020-11-07 2218 1053.633 12.775 1.227
2020-11-08 2218 1053.633 0 0
2020-11-09 2252 1028.228 -25.405 -2.411
2020-11-10 2247 1040.055 11.827 1.15
2020-11-12 2244 1042.981 2.926 0.281
2020-11-13 2178 1110.739 67.758 6.497
2020-11-14 2192 1089.122 -21.617 -1.946
2020-11-15 2192 1089.122 0 0
2020-11-17 2203 1093.737 4.615 0.424
2020-11-18 2205 1095.929 2.192 0.2
2020-11-19 2203 1098.202 2.273 0.207
2020-11-20 2170 1116.178 17.976 1.637
2020-11-21 2191 1103.671 -12.507 -1.121
2020-11-22 2191 1103.671 0 0
2020-11-23 2213 1090.706 -12.965 -1.175
2020-11-24 2233 1069.678 -21.028 -1.928
2020-11-25 2216 1086.003 16.325 1.526
2020-11-26 2124 1156.422 70.419 6.484
2020-11-27 2076 1201.954 45.532 3.937
2020-11-28 2074 1205.045 3.091 0.257
2020-11-30 2045 1225.833 20.788 1.725
