2021-01-22 2313 1055.783 0 0
2021-01-23 2315 1055.302 -0.481 -0.046
2021-01-24 2315 1055.302 0 0
2021-01-25  952.211 -103.091 -9.769
2021-02-03 2331 1026.533 74.322 7.805
2021-02-04 2330 1029.822 3.289 0.32
2021-02-05  971.468 -58.354 -5.666
2021-02-10 2347 1020.323 48.855 5.029
2021-02-11 2358 1004.462 -15.861 -1.555
2021-02-12 2355 1004.398 -0.064 -0.006
2021-02-13 2355 1004.388 -0.01 -0.001
2021-02-14 2355 1004.388 0 0
2021-02-15 2353 1004.388 0 0
2021-02-16 2264 1133.37 128.982 12.842
2021-02-17 2274 1123.769 -9.601 -0.847
2021-02-18 2282 1120.532 -3.237 -0.288
2021-06-02  964.966 -155.566 -13.883
