2019-11-07 870 2843.422 0 0
2020-01-19 854 3025.087 181.665 6.389
2020-02-07 880 2917.769 -107.318 -3.548
2020-02-15 771 3240.878 323.109 11.074
2020-02-16 771 3240.878 0 0
2020-02-17 757 3294.215 53.337 1.646
2020-02-18 754 3314.507 20.292 0.616
2020-02-19 742 3361.552 47.045 1.419
2020-02-20 746 3347.385 -14.167 -0.421
2020-02-21 738 3381.073 33.688 1.006
2020-02-22 736 3386.459 5.386 0.159
2020-02-23 736 3386.459 0 0
2020-02-24 780 3186.7 -199.759 -5.899
2020-02-25 779 3167.428 -19.272 -0.605
2020-02-26 797 3075.295 -92.133 -2.909
2020-02-27 826 2967.565 -107.73 -3.503
2020-02-28 835 2909.691 -57.874 -1.95
2020-02-29 848 2887.512 -22.179 -0.762
2020-03-01 850 2887.512 0 0
2020-03-02 859 2866.564 -20.948 -0.725
2020-03-03 828 2979.391 112.827 3.936
2020-03-04 801 3065.05 85.659 2.875
2020-03-05 804 3050.713 -14.337 -0.468
2020-03-06 830 2947.617 -103.096 -3.379
2020-03-07 827 2954.46 6.843 0.232
2020-03-08 828 2954.46 0 0
2020-03-09 805 2945.774 -8.686 -0.294
2020-03-10 805 2943.892 -1.882 -0.064
2020-03-11 840 2809.702 -134.19 -4.558
2020-03-12 885 2550.182 -259.52 -9.237
2020-03-13 861 2614.724 64.542 2.531
2020-03-14 862 2643.44 28.716 1.098
2020-03-15 861 2643.44 0 0
2020-03-16 854 2597.726 -45.714 -1.729
2020-03-17 877 2462.11 -135.616 -5.221
2020-03-18 872 2453.569 -8.541 -0.347
2020-03-19 868 2435.23 -18.339 -0.747
2020-03-20 901 2356.528 -78.702 -3.232
2020-03-21 931 2270.516 -86.012 -3.65
2020-03-22 931 2270.516 0 0
2020-03-23 952 2200.725 -69.791 -3.074
2020-03-24 917 2273.99 73.265 3.329
2020-03-25 924 2323.004 49.014 2.155
2020-03-26 978 2226.006 -96.998 -4.176
2020-03-27 968 2291.869 65.863 2.959
2020-03-28 1038 2150.751 -141.118 -6.157
2020-03-29 1038 2150.751 0 0
2020-03-30 1038 2150.751 0 0
2020-03-31 1038 2142.707 -8.044 -0.374
