2025-05-28 3009 1002.354 0 0
2025-05-29 3006 1001.218 -1.136 -0.113
2025-05-30 3008 1001.152 -0.066 -0.007
2025-05-31 3007 1001.152 0 0
2025-06-01 3007 1001.152 0 0
2025-06-02  995.219 -5.933 -0.593
2025-06-07 3013 1005.337 10.118 1.017
2025-06-08 3013 1005.337 0 0
2025-06-09 3009 1010.727 5.39 0.536
2025-06-10 3007 1016.328 5.601 0.554
2025-06-11 3012 1013.34 -2.988 -0.294
2025-06-12 3013 1009.527 -3.813 -0.376
2025-06-13 3009 1007.173 -2.354 -0.233
2025-06-14 3008 1007.173 0 0
2025-06-15 3007 1007.173 0 0
2025-06-16 3003 1011.854 4.681 0.465
2025-06-17 3000 1010.014 -1.84 -0.182
2025-06-18 3012 1004.234 -5.78 -0.572
2025-06-19 3005 1004.234 0 0
2025-06-20  989.414 -14.82 -1.476
2025-06-27 3016 1016.165 26.751 2.704
2025-06-28 3016 1016.165 0 0
2025-06-29 3015 1016.165 0 0
2025-06-30 3021 1011.082 -5.083 -0.5
2025-07-01 3030 1010.266 -0.816 -0.081
2025-07-02 3030 1016.453 6.187 0.612
2025-07-03 3027 1018.539 2.086 0.205
2025-07-04 3027 1018.539 0 0
2025-07-05 3027 1018.539 0 0
2025-07-06 3027 1018.539 0 0
2025-07-07 3032 1012.531 -6.008 -0.59
2025-07-08 3047 1006.811 -5.72 -0.565
2025-07-09 3040 1011.833 5.022 0.499
2025-07-10 3038 1013.827 1.994 0.197
2025-07-11 3032 1019.521 5.694 0.562
2025-07-12 3033 1019.521 0 0
2025-07-13 3033 1019.521 0 0
2025-07-14 3025 1022.759 3.238 0.318
2025-07-15 3025 1023.695 0.936 0.092
2025-07-16 3026 1025.835 2.14 0.209
2025-07-17 3028 1027.193 1.358 0.132
2025-07-18 3020 1030.5 3.307 0.322
2025-07-19 3023 1030.5 0 0
2025-07-20 3023 1030.5 0 0
2025-07-21 3002 1041.856 11.356 1.102
2025-07-22 2999 1044.653 2.797 0.268
2025-07-23 3006 1042.148 -2.505 -0.24
2025-07-24 2999 1046.604 4.456 0.428
2025-07-25 2997 1048.973 2.369 0.226
2025-07-26 2996 1048.973 0 0
2025-07-27 2996 1048.973 0 0
2025-07-28 2994 1047.648 -1.325 -0.126
2025-07-29 2982 1054.831 7.183 0.686
2025-07-30 2982 1056.484 1.653 0.157
2025-07-31 2987 1046.172 -10.312 -0.976
2025-08-01 2986 1040.037 -6.135 -0.586
2025-08-02 2990 1040.037 0 0
2025-08-03 2991 1040.037 0 0
2025-08-04 2976 1053.4 13.363 1.285
2025-08-05 2983 1052.537 -0.863 -0.082
2025-08-06 2981 1056.221 3.684 0.35
2025-08-07 2981 1057.153 0.932 0.088
2025-08-08 2968 1068.194 11.041 1.044
2025-08-09 2969 1068.194 0 0
2025-08-10 2969 1068.194 0 0
2025-08-11 2975 1067.28 -0.914 -0.086
2025-08-12 2968 1072.477 5.197 0.487
2025-08-13 2981 1069.06 -3.417 -0.319
2025-08-14 2983 1071.236 2.176 0.204
2025-08-15 2980 1073.278 2.042 0.191
2025-08-16 2984 1073.278 0 0
2025-08-17 2984 1073.278 0 0
2025-08-18 2992 1072.47 -0.808 -0.075
2025-08-19 2996 1068.225 -4.245 -0.396
2025-08-20 3001 1063.35 -4.875 -0.456
2025-08-21 3001 1063.736 0.386 0.036
2025-08-22 2990 1077.782 14.046 1.32
2025-08-23 2994 1077.782 0 0
2025-08-24 2994 1077.782 0 0
2025-08-25 2988 1083.058 5.276 0.49
2025-08-26 2990 1080.034 -3.024 -0.279
2025-08-27 2983 1080.799 0.765 0.071
2025-08-28 2976 1090.112 9.313 0.862
2025-08-29 2979 1093.062 2.95 0.271
2025-08-30 2978 1093.062 0 0
2025-08-31 2978 1093.062 0 0
2025-09-01 2982 1093.062 0 0
2025-09-02 2979 1089.68 -3.382 -0.309
2025-09-03 2916 1133.09 43.41 3.984
2025-09-04 2904 1136.946 3.856 0.34
2025-09-05 2906 1142.936 5.99 0.527
2025-09-06 2909 1142.936 0 0
2025-09-07 2909 1142.936 0 0
2025-09-08 2908 1141.009 -1.927 -0.169
2025-09-09 2893 1153.519 12.51 1.096
2025-09-10 2900 1152.255 -1.264 -0.11
2025-09-11 2907 1155.22 2.965 0.257
2025-09-12 2902 1156.287 1.067 0.092
2025-09-13 2902 1156.287 0 0
2025-09-14 2902 1156.287 0 0
2025-09-15 2868 1180.502 24.215 2.094
2025-09-16 2869 1179.462 -1.04 -0.088
2025-09-17 2884 1175.92 -3.542 -0.3
2025-09-18 2886 1181.431 5.511 0.469
2025-09-19 2864 1187.292 5.861 0.496
2025-09-20 2864 1187.292 0 0
2025-09-21 2865 1187.292 0 0
2025-09-22 2877 1182.452 -4.84 -0.408
2025-09-23 2876 1180.468 -1.984 -0.168
2025-09-24 2896 1170.38 -10.088 -0.855
2025-09-25 2893 1167.399 -2.981 -0.255
2025-09-26 2886 1169.091 1.692 0.145
2025-09-27 2884 1169.091 0 0
2025-09-28 2884 1169.091 0 0
2025-09-29 2896 1163.509 -5.582 -0.477
2025-09-30 2900 1161.38 -2.129 -0.183
2025-10-01 2899 1165.271 3.891 0.335
2025-10-02 2901 1167.006 1.735 0.149
2025-10-03 2903 1166.291 -0.715 -0.061
2025-10-04 2904 1166.291 0 0
2025-10-05 2905 1166.291 0 0
2025-10-06 2889 1177.738 11.447 0.981
2025-10-07 2904 1167.355 -10.383 -0.882
2025-10-08 2908 1164.762 -2.593 -0.222
2025-10-09 2917 1157.706 -7.056 -0.606
2025-10-10 2913 1146.615 -11.091 -0.958
2025-10-11 2912 1146.615 0 0
2025-10-12 2911 1146.615 0 0
2025-10-13 2893 1163.612 16.997 1.482
2025-10-14 2873 1167.158 3.546 0.305
2025-10-15 2860 1179.872 12.714 1.089
2025-10-16 2853 1180.514 0.642 0.054
2025-10-17 2840 1184.789 4.275 0.362
2025-10-18 2839 1184.789 0 0
2025-10-19 2840 1184.789 0 0
2025-10-20 2834 1191.977 7.188 0.607
2025-10-21 2862 1178.245 -13.732 -1.152
2025-10-22 2857 1181.113 2.868 0.243
2025-10-23 2851 1184.188 3.075 0.26
2025-10-24 2841 1199.408 15.22 1.285
2025-10-25 2842 1199.408 0 0
2025-10-26 2843 1199.408 0 0
2025-10-27 2803 1220.119 20.711 1.727
2025-10-28 2810 1215.928 -4.191 -0.343
2025-10-29 2789 1231.727 15.799 1.299
2025-10-30 2762 1247.161 15.434 1.253
2025-10-31 2758 1246.381 -0.78 -0.063
2025-11-01 2758 1246.381 0 0
2025-11-02 2758 1246.381 0 0
2025-11-03 2749 1252.094 5.713 0.458
2025-11-04 2762 1238.35 -13.744 -1.098
2025-11-05 2730 1253.399 15.049 1.215
2025-11-06 2736 1254.41 1.011 0.081
2025-11-07 2753 1241.276 -13.134 -1.047
2025-11-08 2754 1241.276 0 0
2025-11-09 2754 1241.276 0 0
2025-11-10 2720 1266.475 25.199 2.03
2025-11-11 2713 1269.31 2.835 0.224
2025-11-12 2726 1259.016 -10.294 -0.811
2025-11-13 2756 1240.688 -18.328 -1.456
2025-11-14 2758 1235.847 -4.841 -0.39
2025-11-15 2758 1235.847 0 0
2025-11-16 2758 1235.847 0 0
2025-11-17 2734 1255.173 19.326 1.564
2025-11-18 2726 1253.322 -1.851 -0.147
2025-11-19 2694 1272.313 18.991 1.515
2025-11-20 2704 1265.606 -6.707 -0.527
2025-11-21 2678 1288.23 22.624 1.788
2025-11-22 2680 1288.23 0 0
2025-11-23 2680 1288.23 0 0
2025-11-24 2623 1330.411 42.181 3.274
2025-11-25 2619 1341.654 11.243 0.845
2025-11-26 2641 1334.107 -7.547 -0.563
2025-11-27 2640 1334.107 0 0
2025-11-28 2641 1334.798 0.691 0.052
2025-11-29 2643 1334.798 0 0
2025-11-30 2643 1334.798 0 0
2025-12-01 2659 1323.087 -11.711 -0.877
2025-12-02 2654 1325.256 2.169 0.164
2025-12-03 2642 1334.054 8.798 0.664
2025-12-04 2645 1329.61 -4.444 -0.333
2025-12-05 2641 1337.812 8.202 0.617
2025-12-06 2642 1337.812 0 0
2025-12-07 2642 1337.812 0 0
2025-12-08 2664 1320.723 -17.089 -1.277
2025-12-09 2644 1328.429 7.706 0.583
2025-12-10 2641 1335.198 6.769 0.51
2025-12-11 2658 1318.081 -17.117 -1.282
2025-12-12 2677 1311.202 -6.879 -0.522
2025-12-13 2677 1311.202 0 0
2025-12-14 2677 1311.202 0 0
2025-12-15 2679 1308.819 -2.383 -0.182
2025-12-16 2680 1304.955 -3.864 -0.295
2025-12-17 2708 1282.944 -22.011 -1.687
2025-12-18 2697 1295.685 12.741 0.993
2025-12-19 2694 1306.143 10.458 0.807
2025-12-20 2693 1306.143 0 0
2025-12-21 2693 1306.143 0 0
2025-12-22 2689 1311.786 5.643 0.432
2025-12-23 2675 1321.8 10.014 0.763
2025-12-24 2678 1321.307 -0.493 -0.037
2025-12-25 2691 1321.307 0 0
2025-12-26 2693 1320.025 -1.282 -0.097
2025-12-27 2694 1320.025 0 0
2025-12-28 2694 1320.025 0 0
2025-12-29 2696 1320.236 0.211 0.016
2025-12-30 2688 1320.809 0.573 0.043
2025-12-31 2693 1318.843 -1.966 -0.149
2026-01-01 2692 1318.843 0 0
2026-01-02 2691 1323.823 4.98 0.378
2026-01-03 2691 1323.823 0 0
2026-01-05 2698 1326.927 3.104 0.234
2026-01-06 2707 1322.208 -4.719 -0.356
2026-01-07 2688 1339.102 16.894 1.278
2026-01-08 2677 1346.888 7.786 0.581
2026-01-09 2676 1354.075 7.187 0.534
2026-01-10 2675 1354.075 0 0
2026-01-11 2675 1354.075 0 0
2026-01-12 2676 1361.867 7.792 0.575
2026-01-13 2657 1371.363 9.496 0.697
2026-01-14 2660 1371.032 -0.331 -0.024
2026-01-15 2669 1364.079 -6.953 -0.507
2026-01-16 2674 1357.921 -6.158 -0.451
2026-01-17 2674 1357.921 0 0
2026-01-18 2673 1357.921 0 0
2026-01-19 2673 1357.921 0 0
2026-01-20 2683 1339.895 -18.026 -1.327
2026-01-21 2677 1354.253 14.358 1.072
2026-01-22 2678 1358.896 4.643 0.343
2026-01-23 2691 1353.043 -5.853 -0.431
2026-01-24 2693 1353.043 0 0
2026-01-25 2693 1353.043 0 0
2026-01-26 2680 1364.959 11.916 0.881
2026-01-27 2682 1367.758 2.799 0.205
2026-01-28 2688 1370.979 3.221 0.235
2026-01-29 2680 1376.096 5.117 0.373
2026-01-30 2671 1375.753 -0.343 -0.025
2026-01-31 2668 1375.753 0 0
2026-02-01 2667 1375.753 0 0
2026-02-02 2643 1389.101 13.348 0.97
2026-02-03 2649 1380.651 -8.45 -0.608
2026-02-04 2661 1365.761 -14.89 -1.078
2026-02-05 2656 1361.623 -4.138 -0.303
2026-02-06 2693 1343.378 -18.245 -1.34
2026-02-07 2693 1343.378 0 0
2026-02-08 2694 1343.378 0 0
2026-02-09 2698 1346.376 2.998 0.223
2026-02-10 2725 1333.241 -13.135 -0.976
2026-02-11 2742 1316.448 -16.793 -1.26
2026-02-12 2747 1312.671 -3.777 -0.287
2026-02-13 2756 1305.362 -7.309 -0.557
2026-02-14 2757 1305.362 0 0
2026-02-15 2756 1305.362 0 0
2026-02-16 2760 1305.362 0 0
2026-02-17 2774 1296.452 -8.91 -0.683
2026-02-18 2778 1299.105 2.653 0.205
2026-02-19 2774 1297.812 -1.293 -0.1
2026-02-20 2729 1324.721 26.909 2.073
2026-02-21 2733 1324.721 0 0
2026-02-22 2734 1324.721 0 0
2026-02-23 2693 1354.409 29.688 2.241
2026-02-24 2705 1353.358 -1.051 -0.078
2026-02-25 2699 1357.206 3.848 0.284
2026-02-26 2709 1346.053 -11.153 -0.822
2026-02-27 2707 1355.224 9.171 0.681
2026-02-28 2707 1355.224 0 0
2026-03-01 2706 1355.224 0 0
2026-03-02 2720 1344.691 -10.533 -0.777
2026-03-03 2702 1338.949 -5.742 -0.427
2026-03-04 2687 1338.041 -0.908 -0.068
2026-03-05 2695 1332.981 -5.06 -0.378
2026-03-06 2703 1328.35 -4.631 -0.347
2026-03-07 2699 1328.35 0 0
2026-03-08 2699 1328.35 0 0
2026-03-09 2674 1344.014 15.664 1.179
2026-03-10 2819 1345.468 1.454 0.108
2026-03-11 2824 1348.558 3.09 0.23
2026-03-12 2828 1338.554 -10.004 -0.742
2026-03-13 2821 1336.183 -2.371 -0.177
2026-03-14 2816 1336.183 0 0
2026-03-15 2816 1336.183 0 0
2026-03-16 2806 1342.638 6.455 0.483
2026-03-17 2790 1353.18 10.542 0.785
2026-03-18 2801 1346.353 -6.827 -0.505
2026-03-19 2788 1345.123 -1.23 -0.091
2026-03-20 2793 1332.662 -12.461 -0.926
2026-03-21 2792 1332.662 0 0
2026-03-22 2792 1332.662 0 0
2026-03-23 2772 1334.991 2.329 0.175
2026-03-24 2817 1312.052 -22.939 -1.718
2026-03-25 2823 1313.064 1.012 0.077
2026-03-27 2875 1280.138 -33.02 -2.515
2026-03-28 2872 1280.138 0 0
2026-03-29 2872 1280.138 0 0
2026-03-30 2867 1278.547 -1.591 -0.124
2026-03-31 2824 1306.613 28.066 2.195
2026-04-01 2800 1326.225 19.612 1.501
2026-04-02 2806 1323.139 -3.086 -0.233
2026-04-03 2803 1323.139 0 0
2026-04-04 2803 1323.139 0 0
2026-04-05 2803 1323.139 0 0
2026-04-06 2788 1331.663 8.524 0.644
2026-04-07 2776 1341.984 10.321 0.775
2026-04-08 2772 1366.193 24.209 1.804
2026-04-09 2775 1368.764 2.571 0.188
2026-04-10 2789 1365.97 -2.794 -0.204
2026-04-11 2787 1365.97 0 0
2026-04-12 2787 1365.97 0 0
2026-04-13 2785 1373.78 7.81 0.572
2026-04-14 2754 1396.914 23.134 1.684
2026-04-15 2754 1405.25 8.336 0.597
2026-04-16 2763 1403.07 -2.18 -0.155
2026-04-17 2754 1414.677 11.607 0.827
2026-04-18 2753 1414.677 0 0
2026-04-19 2753 1414.677 0 0
2026-04-20 2768 1406.258 -8.419 -0.595
2026-04-21 2784 1396.273 -9.985 -0.71
2026-04-22 2756 1410.305 14.032 1.005
2026-04-23 2746 1409.716 -0.589 -0.042
2026-04-24 2730 1420.401 10.685 0.758
2026-04-25 2729 1420.401 0 0
2026-04-26 2729 1420.401 0 0
2026-04-27 2718 1431.913 11.512 0.81
2026-04-28 2720 1430.799 -1.114 -0.078
2026-04-29 2720 1431.172 0.373 0.026
2026-04-30 2625 1501.018 69.846 4.88
2026-05-01 2626 1502.745 1.727 0.115
2026-05-02 2627 1502.745 0 0
2026-05-04 2640 1497.727 -5.018 -0.334
2026-05-05 2639 1497.727 0 0
2026-05-06 2626 1508.09 0 0
2026-05-07 2624 1527.112 0 0
2026-05-08 2624 1527.028 0 0
2026-05-09 2628 1532.647 0 0
2026-05-10 2622 1532.647 0 0
2026-05-11 2629 1532.647 0 0
2026-05-12 2657 1508.092 0 0
2026-05-13 2640 1505.885 0 0
2026-05-14 2595 1536.402 0 0
2026-05-15 2608 1533.448 0 0
2026-05-16 2613 1524.784 0 0
2026-05-17 2608 1524.784 0 0
2026-05-18 2610 1524.784 0 0
2026-05-19 2609 1525.348 0 0
2026-05-20 2623 1507.002 0 0
2026-05-21 2629 1509.052 0 0
2026-05-22 2627 1505.33 0 0
2026-05-23 2653 1495.862 0 0
2026-05-24 2652 1495.862 0 0
2026-05-25 2653 1495.862 0 0
2026-05-26 2650 1495.862 0 0
2026-05-27 2634 1507.396 0 0
2026-05-28 2628 1507.293 0 0
2026-05-29 2625 1509.926 0 0
2026-05-30 2654 1490.044 0 0
2026-05-31 2655 1490.044 0 0
2026-06-01 2660 1490.044 0 0
2026-06-02 2666 1481.998 0 0
2026-06-03 2694 1452.917 0 0
2026-06-04 2698 1447.727 0 0
2026-06-05 2661 1474.092 0 0
2026-06-06 2663 1466.961 0 0
2026-06-07 2661 1466.961 0 0
