2026-03-10 3118 1167.983 0 0
2026-03-11 3085 1192.691 24.708 2.115
2026-03-12 3155 1146.599 -46.092 -3.865
2026-03-13 3158 1136.029 -10.57 -0.922
2026-03-14 3158 1133.466 -2.563 -0.226
2026-03-15 3157 1133.466 0 0
2026-03-16 3157 1135.601 2.135 0.188
2026-03-17 3196 1108.483 -27.118 -2.388
2026-03-18 3141 1146.01 37.527 3.385
2026-03-19 3199 1101.53 -44.48 -3.881
2026-03-20 3172 1110.828 9.298 0.844
2026-03-21 3182 1103.19 -7.638 -0.688
2026-03-22 3182 1103.19 0 0
2026-03-23 3222 1067.79 -35.4 -3.209
2026-03-24 3199 1089.47 21.68 2.03
2026-03-25 3146 1127.063 37.593 3.451
2026-03-27 3226 1068.192 -58.871 -5.223
2026-03-28 3241 1059.921 -8.271 -0.774
2026-03-29 3241 1059.921 0 0
2026-03-30 3300 1016.981 -42.94 -4.051
2026-03-31 3298 1021.064 4.083 0.401
2026-04-08 2922 1261.063 0 0
2026-04-09 2935 1256.796 0 0
2026-04-10 2518 1576.689 0 0
2026-04-11 2537 1567.43 0 0
2026-04-12 2535 1568.415 0 0
2026-04-13 2553 1547.78 0 0
