2025-11-19 2055 1848.272 0 0
2025-11-20 2045 1848.791 0.519 0.028
2025-11-21 2050 1846.344 -2.447 -0.132
2025-11-22 2059 1830.275 -16.069 -0.87
2025-11-23 2059 1830.275 0 0
2025-11-24 2068 1830.275 0 0
2025-11-25 2074 1835.249 4.974 0.272
2025-11-26 2078 1835.712 0.463 0.025
2025-11-27 2084 1834.71 -1.002 -0.055
2025-11-28 2088 1834.71 0 0
2025-11-29 2097 1831.043 -3.667 -0.2
2025-11-30 2096 1831.043 0 0
2025-12-01 2102 1831.043 0 0
2025-12-02 2098 1831.043 0 0
2025-12-03 2113 1822.131 -8.912 -0.487
2025-12-04 2119 1815.767 -6.364 -0.349
2025-12-05 2117 1820.231 4.464 0.246
2025-12-06 2115 1819.877 -0.354 -0.019
2025-12-07 2114 1819.877 0 0
2025-12-08 2114 1819.877 0 0
2025-12-09 2302 1623.762 -196.115 -10.776
2025-12-10 2393 1551.954 -71.808 -4.422
2025-12-11 2420 1529.53 -22.424 -1.445
2025-12-12 2344 1592.527 62.997 4.119
2025-12-13 2346 1591.426 -1.101 -0.069
2025-12-14 2346 1591.426 0 0
2025-12-15 2400 1548.552 -42.874 -2.694
2025-12-16 2315 1602.399 53.847 3.477
2025-12-17 2385 1558.488 -43.911 -2.74
2025-12-18 2424 1532.737 -25.751 -1.652
2025-12-19 2411 1554.734 21.997 1.435
2025-12-20 2386 1570.788 16.054 1.033
2025-12-21 2386 1570.788 0 0
2025-12-22 2314 1626.332 55.544 3.536
2025-12-23 2366 1586.645 -39.687 -2.44
2025-12-24 2403 1564.408 -22.237 -1.402
2025-12-25 2410 1562.383 -2.025 -0.129
2025-12-26 2428 1552.596 -9.787 -0.626
2025-12-27 2429 1551.387 -1.209 -0.078
2025-12-28 2429 1551.387 0 0
2025-12-29 2443 1540.457 -10.93 -0.705
2025-12-30 2463 1522.743 -17.714 -1.15
2025-12-31 2400 1566.835 44.092 2.896
2026-01-01 2408 1562.999 -3.836 -0.245
2026-01-02 2433 1544.597 -18.402 -1.177
2026-01-03 2442 1539.127 -5.47 -0.354
2026-01-05 2472 1521.363 -17.764 -1.154
2026-01-06 2478 1513.593 -7.77 -0.511
2026-01-07 2487 1506.31 -7.283 -0.481
2026-01-08 2487 1513.196 6.886 0.457
2026-01-09 2474 1520.813 7.617 0.503
2026-01-10 2479 1518.494 -2.319 -0.152
2026-01-11 2479 1518.494 0 0
2026-01-12 2500 1510.468 -8.026 -0.529
2026-01-13 2498 1509.959 -0.509 -0.034
2026-01-14 2459 1540.72 30.761 2.037
2026-01-15 2462 1539.205 -1.515 -0.098
2026-01-16 2525 1492.265 -46.94 -3.05
2026-01-17 2537 1482.741 -9.524 -0.638
2026-01-18 2536 1482.741 0 0
2026-01-19 2614 1418.47 -64.271 -4.335
2026-01-20 2641 1384.912 -33.558 -2.366
2026-01-21 2711 1327.106 -57.806 -4.174
2026-01-22 2473 1534.18 207.074 15.603
2026-01-23 2561 1463.915 -70.265 -4.58
2026-01-24 2568 1458.651 -5.264 -0.36
2026-01-25 2568 1458.651 0 0
2026-01-26 2561 1458.651 0 0
2026-01-27 2646 1397.942 -60.709 -4.162
2026-01-28 2583 1443.089 45.147 3.23
2026-01-29 2632 1408.271 -34.818 -2.413
2026-01-30 2666 1378.698 -29.573 -2.1
2026-01-31 2663 1378.277 -0.421 -0.031
2026-02-01 2660 1380.524 2.247 0.163
2026-02-02 2667 1360.296 -20.228 -1.465
2026-02-03 2641 1386.485 26.189 1.925
2026-02-04 2576 1433.279 46.794 3.375
2026-02-05 2581 1427.757 -5.522 -0.385
2026-02-06 2661 1366.127 -61.63 -4.317
2026-02-07 2663 1361.325 -4.802 -0.352
2026-02-08 2663 1361.325 0 0
2026-02-09 2700 1345.363 -15.962 -1.173
2026-02-10 2809 1273.783 -71.58 -5.32
2026-02-11 2822 1261.066 -12.717 -0.998
2026-02-12 2946 1180.639 -80.427 -6.378
2026-02-13 2825 1260.491 79.852 6.763
2026-02-14 2823 1260.179 -0.312 -0.025
2026-02-15 2822 1260.179 0 0
2026-02-16 2863 1230.527 -29.652 -2.353
2026-02-17 2871 1224.254 -6.273 -0.51
2026-02-18 2905 1204.3 -19.954 -1.63
2026-02-19 2948 1171.893 -32.407 -2.691
2026-02-20 2930 1181.013 9.12 0.778
2026-02-21 2940 1176.957 -4.056 -0.343
2026-02-22 2939 1176.957 0 0
2026-02-23 2992 1139.465 -37.492 -3.186
2026-02-24 3093 1071.952 -67.513 -5.925
2026-02-25 3083 1079.682 7.73 0.721
2026-02-26 3123 1050.684 -28.998 -2.686
2026-02-27 3160 1022.727 -27.957 -2.661
2026-02-28 3160 1022.032 -0.695 -0.068
2026-03-01 3154 1022.032 0 0
2026-03-02  954.651 -67.381 -6.593
2026-03-19  997.901 43.25 4.53
2026-03-21 3301 1026.401 28.5 2.856
2026-03-22 3301 1026.401 0 0
2026-03-23  992.208 -34.193 -3.331
2026-03-25  982.843 -9.365 -0.944
2026-03-27 3293 1020.617 37.774 3.843
2026-03-28 3317 1010.565 -10.052 -0.985
2026-03-29 3316 1010.565 0 0
2026-03-30  989.083 -21.482 -2.126
2026-04-02 3320 1015.29 26.207 2.65
2026-04-03 3284 1034.277 18.987 1.87
2026-04-04 3284 1034.277 0 0
2026-04-05 3284 1034.277 0 0
2026-04-06 3231 1068.251 33.974 3.285
2026-04-07 3191 1091.916 23.665 2.215
2026-04-08 3145 1135.462 43.546 3.988
2026-04-09 3097 1167.367 31.905 2.81
2026-04-10 3096 1170.886 3.519 0.301
2026-04-11 3103 1170.065 -0.821 -0.07
2026-04-12 3103 1170.065 0 0
2026-04-13 3133 1158.025 -12.04 -1.029
2026-04-14 3154 1149.871 -8.154 -0.704
2026-04-15 3076 1201.567 51.696 4.496
2026-04-16 3080 1203.245 1.678 0.14
2026-04-17 3023 1235.547 32.302 2.685
2026-04-18 3023 1239.27 3.723 0.301
2026-04-19 3023 1239.27 0 0
2026-04-20 3039 1226.921 -12.349 -0.996
2026-04-21 3000 1249.048 22.127 1.803
2026-04-22 3023 1234.744 -14.304 -1.145
2026-04-23 3037 1218.26 -16.484 -1.335
2026-04-24 3000 1234.414 16.154 1.326
2026-04-25 3004 1232.58 -1.834 -0.149
2026-04-26 3004 1232.58 0 0
2026-04-27 3030 1213.605 -18.975 -1.539
2026-04-28 3052 1203.893 -9.712 -0.8
2026-04-29 2980 1244.398 40.505 3.365
2026-04-30 3020 1217.945 -26.453 -2.126
2026-05-01 3024 1217.176 -0.769 -0.063
2026-05-02 3029 1217.176 0 0
2026-05-04 3082 1189.294 -27.882 -2.291
2026-05-05 3085 1187.66 0 0
2026-05-06 3090 1185.49 0 0
2026-05-07 3056 1209.951 0 0
2026-05-08 3029 1235.66 0 0
2026-05-09 3041 1225.074 0 0
2026-05-10 3044 1222.075 0 0
2026-05-11 3047 1222.075 0 0
2026-05-12 3011 1243.957 0 0
2026-05-13 3085 1197.875 0 0
2026-05-14 3017 1234.863 0 0
2026-05-15 2998 1251.847 0 0
2026-05-16 2975 1263.444 0 0
2026-05-17 2973 1260.86 0 0
2026-05-18 2995 1242.546 0 0
2026-05-19 3026 1222.617 0 0
2026-05-20 2981 1250.342 0 0
2026-05-21 2999 1244.376 0 0
2026-05-22 3063 1204.756 0 0
2026-05-23 3061 1206.891 0 0
2026-05-24 3035 1220.87 0 0
2026-05-25 3006 1235.45 0 0
2026-05-26 3002 1233.29 0 0
2026-05-27 2993 1243.55 0 0
2026-05-28 2990 1243.972 0 0
2026-05-29 2965 1273.059 0 0
2026-05-30 3100 1187.177 0 0
2026-05-31 3081 1195.831 0 0
2026-06-01 3056 1212.697 0 0
2026-06-02 3213 1115.307 0 0
2026-06-03 3314 1049.487 0 0
2026-06-04 3334 1026.995 0 0
2026-06-05 3070 1190.138 0 0
2026-06-06 3138 1142.246 0 0
2026-06-07 3117 1152.533 0 0
2026-06-09 3057 1182.478 0 0
2026-06-10 3024 1195.601 0 0
2026-06-11 3047 1181.064 0 0
2026-06-12 3032 1196.751 0 0
2026-06-13 3050 1188.53 0 0
2026-06-14 3042 1196.622 0 0
2026-06-16 3036 1209.121 0 0
2026-06-17 2992 1234.305 0 0
2026-06-18 2945 1269.738 0 0
2026-06-19 2909 1295.26 0 0
