2022-04-05 1541 2061.682 0 0
2022-04-06 1560 2032.549 -29.133 -1.413
2022-04-07 1560 2022.791 -9.758 -0.48
2022-04-08 1570 2007.439 -15.352 -0.759
2022-04-09 1574 2005.498 -1.941 -0.097
2022-04-10 1574 2005.498 0 0
2022-04-11 1558 2007.433 1.935 0.096
2022-04-12 1566 1996.179 -11.254 -0.561
2022-04-13 1551 2017.807 21.628 1.083
2022-04-14 1575 1989.597 -28.21 -1.398
2022-04-15 1570 1989.908 0.311 0.016
2022-04-16 1570 1989.908 0 0
2022-04-17 1570 1989.908 0 0
2022-04-18 1581 1978.272 -11.636 -0.585
2022-04-19 1555 2003.677 25.405 1.284
2022-04-20 1532 2030.655 26.978 1.346
2022-04-21 1557 1992.324 -38.331 -1.888
2022-04-22 1571 1958.324 -34 -1.707
2022-04-23 1567 1949.797 -8.527 -0.435
2022-04-24 1567 1949.797 0 0
2022-04-25 1548 1953.092 3.295 0.169
2022-04-26 1561 1905.963 -47.129 -2.413
2022-04-27 1580 1884.465 -21.498 -1.128
2022-04-28 1574 1898.899 14.434 0.766
2022-04-29 1600 1863.589 -35.31 -1.859
2022-04-30 1604 1867.78 4.191 0.225
