2020-01-19 182 9602.879 0 0
2020-02-07 174 9778.829 175.95 1.799
2020-02-15 156 10500.224 721.395 6.87
2020-02-16 155 10500.224 0 0
2020-02-17 155 10500.224 0 0
2020-02-18 160 10296.122 -204.102 -1.982
2020-02-19 159 10549.49 253.368 2.402
2020-02-20 160 10384.097 -165.393 -1.593
2020-02-21 158 10561.806 177.709 1.683
2020-02-22 155 10561.806 0 0
2020-02-23 155 10561.806 0 0
2020-02-24 163 10231.02 -330.786 -3.233
2020-02-25 164 10053.311 -177.709 -1.768
2020-02-26 165 10004.045 -49.266 -0.492
2020-02-27 169 9803.462 -200.583 -2.046
2020-02-28 168 9667.981 -135.481 -1.401
2020-02-29 162 9667.981 0 0
2020-03-01 161 9667.981 0 0
2020-03-02 154 10303.16 635.179 6.165
2020-03-03 153 10357.705 54.545 0.527
2020-03-04 154 10250.375 -107.33 -1.047
2020-03-05 152 10389.376 139.001 1.338
2020-03-06 158 10037.475 -351.901 -3.506
2020-03-07 159 10037.475 0 0
2020-03-08 158 10037.475 0 0
2020-03-09 157 9717.247 -320.228 -3.295
2020-03-10 159 9641.588 -75.659 -0.785
2020-03-11 156 9539.537 -102.051 -1.07
2020-03-12 157 9073.27 -466.267 -5.139
2020-03-13 152 9351.27 278 2.973
2020-03-14 153 9351.27 0 0
2020-03-15 153 9351.27 0 0
2020-03-16 161 8615.8 -735.47 -8.536
2020-03-17 150 9215.789 599.989 6.51
2020-03-18 155 8828.699 -387.09 -4.384
2020-03-19 161 8557.736 -270.963 -3.166
2020-03-20 159 8607.002 49.266 0.572
2020-03-21 158 8607.002 0 0
2020-03-22 158 8607.002 0 0
2020-03-23 160 8367.71 -239.292 -2.86
2020-03-24 158 8367.71 0 0
2020-03-25 146 9416.372 1048.662 11.137
2020-03-26 142 9882.64 466.268 4.718
2020-03-27 144 9903.753 21.113 0.213
2020-03-28 150 9500.828 -402.925 -4.241
2020-03-29 150 9500.828 0 0
2020-03-30 150 9500.828 0 0
2020-03-31 155 9247.46 -253.368 -2.74
