2026-03-10 2335 1746.143 0 0
2026-03-11 2304 1768.812 22.669 1.298
2026-03-12 2361 1716.16 -52.652 -2.977
2026-03-13 2374 1690.705 -25.455 -1.483
2026-03-14 2390 1670.428 -20.277 -1.199
2026-03-15 2390 1670.428 0 0
2026-03-16 2395 1662.324 -8.104 -0.485
2026-03-17 2361 1706.402 44.078 2.652
2026-03-18 2362 1707.04 0.638 0.037
2026-03-19 2357 1704.264 -2.776 -0.163
2026-03-20 2354 1697.572 -6.692 -0.393
2026-03-21 2344 1701.042 3.47 0.204
2026-03-22 2344 1701.042 0 0
2026-03-23 2326 1709.628 8.586 0.505
2026-03-24 2305 1728.681 19.053 1.114
2026-03-25 2303 1736.248 7.567 0.438
2026-03-27 2332 1706.359 -29.889 -1.721
2026-03-28 2326 1708.514 2.155 0.126
2026-03-29 2326 1708.514 0 0
2026-03-30 2351 1689.467 -19.047 -1.115
2026-03-31 2345 1692.161 2.694 0.159
2026-04-01 2274 1764.776 72.615 4.291
2026-04-02 2265 1782.434 17.658 1.001
2026-04-03 2275 1766.424 -16.01 -0.898
2026-04-04 2275 1766.424 0 0
2026-04-05 2275 1766.424 0 0
2026-04-06 2279 1766.424 0 0
2026-04-07 2238 1803.154 36.73 2.079
2026-04-08 2196 1864.121 60.967 3.381
2026-04-09 2175 1892.576 28.455 1.526
2026-04-10 2118 1957.062 64.486 3.407
2026-04-11 2107 1973.184 16.122 0.824
2026-04-12 2107 1973.184 0 0
2026-04-13 1978 2093.572 120.388 6.101
2026-04-14 1957 2131.244 37.672 1.799
2026-04-15 1946 2159.001 27.757 1.302
2026-04-16 1987 2109.444 -49.557 -2.295
2026-04-17 1962 2147.013 37.569 1.781
2026-04-18 1941 2181.412 34.399 1.602
2026-04-19 1941 2181.412 0 0
2026-04-20 1966 2147.555 -33.857 -1.552
2026-04-21 2013 2095.197 -52.358 -2.438
2026-04-22 2019 2076.833 -18.364 -0.876
2026-04-23 2048 2039.318 -37.515 -1.806
2026-04-24 2041 2036.897 -2.421 -0.119
2026-04-25 2042 2035.267 -1.63 -0.08
2026-04-26 2042 2035.267 0 0
2026-04-27 2038 2036.465 1.198 0.059
2026-04-28 2024 2052.343 15.878 0.78
2026-04-29 2033 2040.562 -11.781 -0.574
2026-04-30 2046 2033.434 -7.128 -0.349
2026-05-01 2034 2042.23 8.796 0.433
2026-05-02 2026 2063.845 21.615 1.058
2026-05-04 2014 2074.019 10.174 0.493
2026-05-05 2006 2091.072 0 0
2026-05-06 2009 2087.298 0 0
2026-05-07 2016 2088.121 0 0
2026-05-08 2006 2106.075 0 0
2026-05-09 1998 2120.255 0 0
2026-05-10 1992 2125.2 0 0
2026-05-11 1997 2125.2 0 0
2026-05-12 1980 2135.582 0 0
2026-05-13 2005 2099.891 0 0
2026-05-14 2039 2051.609 0 0
2026-05-15 2023 2076.967 0 0
2026-05-16 2037 2050.751 0 0
2026-05-17 2062 2023.505 0 0
2026-05-18 2054 2023.505 0 0
2026-05-19 2053 2024.754 0 0
2026-05-20 2059 2015.723 0 0
2026-05-21 2128 1970.191 0 0
2026-05-22 2105 1986.434 0 0
2026-05-23 2117 1979.035 0 0
2026-05-24 2113 1980.713 0 0
2026-05-25 2116 1980.713 0 0
2026-05-26 2121 1980.713 0 0
2026-05-27 2090 2002.606 0 0
2026-05-28 2060 2024.877 0 0
2026-05-29 2060 2025.419 0 0
2026-05-30 2021 2071.977 0 0
2026-05-31 2021 2075.717 0 0
2026-06-01 2022 2075.717 0 0
2026-06-02 2031 2057.588 0 0
2026-06-03 2017 2070.495 0 0
2026-06-04 2012 2057.007 0 0
2026-06-05 2034 2034.712 0 0
2026-06-06 2020 2047.155 0 0
2026-06-07 2040 2024.463 0 0
2026-06-09 2039 2012.951 0 0
2026-06-10 2049 2006.435 0 0
2026-06-11 2048 2001.051 0 0
2026-06-12 2029 2028.535 0 0
2026-06-13 1997 2069.889 0 0
2026-06-14 1982 2099.202 0 0
2026-06-16 1955 2140.143 0 0
2026-06-17 1917 2181.816 0 0
2026-06-18 1889 2201.55 0 0
2026-06-19 1906 2186.266 0 0
2026-06-20 1953 2129.728 0 0
2026-06-21 1954 2129.728 0 0
2026-06-22 1950 2129.728 0 0
2026-06-23 1923 2161.144 0 0
2026-06-24 1911 2159.838 0 0
2026-06-25 1935 2128.412 0 0
2026-06-26 1915 2135.568 0 0
2026-06-27 1909 2149.952 0 0
2026-06-28 1904 2156.356 0 0
2026-06-29 1912 2156.356 0 0
2026-06-30 1925 2147.532 0 0
2026-07-01 1921 2160.641 0 0
2026-07-02 1925 2155.928 0 0
2026-07-03 1913 2184.428 0 0
2026-07-04 1890 2211.078 0 0
2026-07-05 1892 2211.078 0 0
2026-07-06 1894 2211.078 0 0
2026-07-07 1880 2212.337 0 0
2026-07-08 1905 2169.938 0 0
2026-07-09 1909 2156.775 0 0
2026-07-10 1919 2156.807 0 0
2026-07-11 1918 2162.15 0 0
2026-07-12 1911 2167.259 0 0
2026-07-13 1906 2167.259 0 0
2026-07-14 1918 2146.598 0 0
2026-07-15 1908 2158.433 0 0
2026-07-16 1950 2117.617 0 0
2026-07-17 1925 2139.956 0 0
