2026-01-17 2817 1248.23 0 0
2026-01-18 2816 1248.23 0 0
2026-01-19 2819 1248.23 0 0
2026-01-20 2814 1248.23 0 0
2026-01-21 2823 1248.23 0 0
2026-01-22 2828 1248.23 0 0
2026-01-23 2833 1248.23 0 0
2026-01-24 2835 1248.23 0 0
2026-01-25 2835 1248.23 0 0
2026-01-26 2834 1248.23 0 0
2026-01-27 2836 1248.23 0 0
2026-01-28 2843 1248.23 0 0
2026-01-29 2841 1248.23 0 0
2026-01-30 2831 1248.23 0 0
2026-01-31 2828 1248.23 0 0
2026-02-01 2825 1248.23 0 0
2026-02-02 2815 1248.23 0 0
2026-02-03 2816 1248.23 0 0
2026-02-04 2822 1248.23 0 0
2026-02-05 2816 1248.23 0 0
2026-02-06 2820 1248.23 0 0
2026-02-07 2821 1248.23 0 0
2026-02-08 2823 1248.23 0 0
2026-02-09 2830 1248.23 0 0
2026-02-10 2842 1248.23 0 0
2026-02-11 2849 1248.23 0 0
2026-02-12 2842 1248.23 0 0
2026-02-13 2842 1248.23 0 0
2026-02-14 2842 1248.23 0 0
2026-02-15 2841 1248.23 0 0
2026-02-16 2839 1248.23 0 0
2026-02-17 2839 1248.23 0 0
2026-02-18 2842 1248.23 0 0
2026-02-19 2839 1248.23 0 0
2026-02-20 2834 1248.23 0 0
2026-02-21 2835 1248.23 0 0
2026-02-22 2834 1248.23 0 0
2026-02-23 2830 1248.23 0 0
2026-02-24 2834 1248.23 0 0
2026-02-25 2842 1248.23 0 0
2026-02-26 2848 1248.23 0 0
2026-02-27 2855 1248.23 0 0
2026-02-28 2854 1248.23 0 0
2026-03-01 2853 1248.23 0 0
2026-03-02 2853 1248.23 0 0
2026-03-03 2826 1248.23 0 0
2026-03-04 2805 1248.23 0 0
2026-03-05 2808 1248.23 0 0
2026-03-06 2813 1248.23 0 0
2026-03-07 2813 1248.23 0 0
2026-03-08 2813 1248.23 0 0
2026-03-09 2805 1248.23 0 0
2026-03-10 2974 1248.23 0 0
2026-03-11 2982 1248.23 0 0
2026-03-12 2968 1248.23 0 0
2026-03-13 2956 1248.23 0 0
2026-03-14 2951 1248.23 0 0
2026-03-15 2951 1248.23 0 0
2026-03-16 2955 1248.23 0 0
2026-03-17 2953 1248.23 0 0
2026-03-18 2964 1248.23 0 0
2026-03-19 2943 1248.23 0 0
2026-03-20 2927 1248.23 0 0
2026-03-21 2927 1248.23 0 0
2026-03-22 2927 1248.23 0 0
2026-03-23 2915 1248.23 0 0
2026-03-24 2924 1248.23 0 0
2026-03-25 2932 1248.23 0 0
2026-03-27 2927 1248.23 0 0
2026-03-28 2921 1248.23 0 0
2026-03-29 2921 1248.23 0 0
2026-03-30 2914 1248.23 0 0
2026-03-31 2916 1248.23 0 0
2026-04-01 2939 1248.23 0 0
2026-04-02 2928 1248.23 0 0
2026-04-03 2926 1248.23 0 0
2026-04-04 2926 1248.23 0 0
2026-04-05 2926 1248.23 0 0
2026-04-06 2928 1248.23 0 0
2026-04-07 2922 1248.23 0 0
2026-04-08 2954 1248.23 0 0
2026-04-09 2950 1248.23 0 0
2026-04-10 2951 1248.23 0 0
2026-04-11 2951 1248.23 0 0
2026-04-12 2951 1248.23 0 0
2026-04-13 2954 1248.23 0 0
2026-04-14 2968 1248.23 0 0
2026-04-15 2975 1248.23 0 0
2026-04-16 2988 1248.23 0 0
2026-04-17 2997 1248.23 0 0
2026-04-18 3001 1248.23 0 0
2026-04-19 3001 1248.23 0 0
2026-04-20 3005 1248.23 0 0
2026-04-21 3002 1248.23 0 0
2026-04-22 2995 1248.23 0 0
2026-04-23 2980 1248.23 0 0
2026-04-24 2971 1248.23 0 0
2026-04-25 2971 1248.23 0 0
2026-04-26 2971 1248.23 0 0
2026-04-27 2975 1248.23 0 0
2026-04-28 2976 1248.23 0 0
2026-04-29 2973 1248.23 0 0
2026-04-30 2978 1248.23 0 0
2026-05-01 2980 1248.23 0 0
2026-05-02 2982 1248.23 0 0
2026-05-04 2986 1248.23 0 0
2026-05-05 2986 1248.23 0 0
2026-05-06 2987 1248.23 0 0
2026-05-07 2992 1248.23 0 0
2026-05-08 3004 1248.23 0 0
2026-05-09 3010 1248.23 0 0
2026-05-10 3008 1248.23 0 0
2026-05-11 3009 1248.23 0 0
2026-05-12 3003 1248.23 0 0
2026-05-13 2998 1248.23 0 0
2026-05-14 2990 1248.23 0 0
2026-05-15 3002 1248.23 0 0
2026-05-16 2997 1248.23 0 0
2026-05-17 2989 1248.23 0 0
2026-05-18 2981 1248.23 0 0
2026-05-19 2982 1248.23 0 0
2026-05-20 2985 1248.23 0 0
2026-05-21 2992 1248.23 0 0
2026-05-22 2990 1248.23 0 0
2026-05-23 2992 1248.23 0 0
2026-05-24 2993 1248.23 0 0
2026-05-25 2991 1248.23 0 0
2026-05-26 2988 1248.23 0 0
2026-05-27 2988 1248.23 0 0
2026-05-28 2983 1248.23 0 0
2026-05-29 2989 1248.23 0 0
2026-05-30 2983 1248.23 0 0
2026-05-31 2986 1248.23 0 0
2026-06-01 2992 1248.23 0 0
2026-06-02 2982 1248.23 0 0
2026-06-03 2979 1248.23 0 0
2026-06-04 2975 1248.23 0 0
2026-06-05 2962 1248.23 0 0
2026-06-06 2958 1248.23 0 0
2026-06-07 2956 1248.23 0 0
2026-06-09 2950 1248.23 0 0
2026-06-10 2948 1248.23 0 0
2026-06-11 2948 1248.23 0 0
2026-06-12 2955 1248.23 0 0
2026-06-13 2956 1248.23 0 0
2026-06-14 2961 1248.23 0 0
2026-06-16 2966 1248.23 0 0
2026-06-17 2974 1248.23 0 0
2026-06-18 2974 1248.23 0 0
2026-06-19 2977 1248.23 0 0
2026-06-20 2975 1248.23 0 0
2026-06-21 2975 1248.23 0 0
2026-06-22 2971 1248.23 0 0
2026-06-23 2974 1248.23 0 0
2026-06-24 2963 1248.23 0 0
2026-06-25 2960 1248.23 0 0
2026-06-26 2941 1248.23 0 0
2026-06-27 2950 1248.23 0 0
2026-06-28 2952 1248.23 0 0
2026-06-29 2960 1248.23 0 0
2026-06-30 2961 1248.23 0 0
2026-07-01 2969 1248.23 0 0
2026-07-02 2976 1248.23 0 0
2026-07-03 2978 1248.23 0 0
2026-07-04 2987 1248.23 0 0
2026-07-05 2987 1248.23 0 0
2026-07-06 2988 1248.23 0 0
