2019-11-07 1353 1837.247 0 0
2020-01-19 1046 2484.608 647.361 35.235
2020-02-07 1052 2440.553 -44.055 -1.773
2020-02-15 987 2629.52 188.967 7.743
2020-02-16 987 2629.52 0 0
2020-02-17 989 2629.52 0 0
2020-02-18 984 2647.468 17.948 0.683
2020-02-19 956 2697.802 50.334 1.901
2020-02-20 1003 2585.109 -112.693 -4.177
2020-02-21 1025 2505.946 -79.163 -3.062
2020-02-22 1027 2505.946 0 0
2020-02-23 1027 2505.946 0 0
2020-02-24 1033 2469.151 -36.795 -1.468
2020-02-25 1053 2414.517 -54.634 -2.213
2020-02-26 1032 2438.489 23.972 0.993
2020-02-27 1056 2354.388 -84.101 -3.449
2020-02-28 1035 2364.662 10.274 0.436
2020-02-29 1034 2364.662 0 0
2020-03-01 1037 2364.662 0 0
2020-03-02 1012 2438.808 74.146 3.136
2020-03-03 1047 2361.874 -76.934 -3.155
2020-03-04 1016 2452.586 90.712 3.841
2020-03-05 1064 2361.556 -91.03 -3.712
2020-03-06 1116 2245.678 -115.878 -4.907
2020-03-07 1116 2245.678 0 0
2020-03-08 1112 2245.678 0 0
2020-03-09 1213 2031.682 -213.996 -9.529
2020-03-10 1207 2020.85 -10.832 -0.533
2020-03-11 1294 1871.125 -149.725 -7.409
2020-03-12 1391 1642.554 -228.571 -12.216
2020-03-13 1212 1918.432 275.878 16.796
2020-03-14 1213 1918.432 0 0
2020-03-15 1213 1918.432 0 0
2020-03-16 1335 1676.72 -241.712 -12.599
2020-03-17 1217 1839.826 163.106 9.728
2020-03-18 1320 1645.819 -194.007 -10.545
2020-03-19 1280 1686.914 41.095 2.497
2020-03-20 1308 1649.164 -37.75 -2.238
2020-03-21 1312 1649.164 0 0
2020-03-22 1312 1649.164 0 0
2020-03-23 1363 1538.702 -110.462 -6.698
2020-03-24 1357 1538.702 0 0
2020-03-25 1272 1719.328 180.626 11.739
2020-03-26 1249 1791.244 71.916 4.183
2020-03-27 1180 1939.059 147.815 8.252
2020-03-28 1262 1777.626 -161.433 -8.325
2020-03-29 1262 1777.626 0 0
2020-03-30 1262 1777.626 0 0
2020-03-31 1243 1810.916 33.29 1.873
