2020-02-15 2132 1035.747 0 0
2020-02-16 2133 1035.747 0 0
2020-02-17 2139 1031.481 -4.266 -0.414
2020-02-18 2140 1018.162 -13.319 -1.308
2020-02-19 2140 1023.563 5.401 0.528
2020-02-20 2149 1017.334 -6.229 -0.612
2020-02-21 2143 1016.092 -1.242 -0.122
2020-02-22 2144 1016.092 0 0
2020-02-23 2144 1016.092 0 0
2020-02-24 2159 990.659 -25.433 -2.567
2020-04-08 1993 1118.11 127.451 11.399
2020-04-10 2034 1089.795 -28.315 -2.598
2020-04-11 2034 1089.795 0 0
2020-04-12 2033 1089.795 0 0
2020-04-13 1983 1127.349 37.554 3.331
2020-04-14 1994 1127.608 0.259 0.023
2020-04-15 1963 1145.282 17.674 1.543
2020-04-17 1931 1174.27 28.988 2.469
2020-04-18 1930 1181.784 7.514 0.636
2020-04-19 1930 1181.784 0 0
2020-04-20 1957 1155.373 -26.411 -2.286
2020-04-21 1886 1204.085 48.712 4.046
2020-04-23 1895 1205.154 1.069 0.089
2020-04-24 1895 1207.599 2.445 0.202
2020-04-25 1898 1201.4 -6.199 -0.516
2020-04-26 1898 1201.4 0 0
2020-04-27 1916 1194.697 -6.703 -0.561
2020-04-28 1931 1188.684 -6.013 -0.506
2020-04-29 1962 1169.381 -19.303 -1.651
2020-04-30 1942 1194.232 24.851 2.081
