2026-03-10 2812 1348.955 0 0
2026-03-11 2812 1356.539 7.584 0.562
2026-03-12 2813 1353.259 -3.28 -0.242
2026-03-13 2804 1351.112 -2.147 -0.159
2026-03-14 2804 1347.185 -3.927 -0.291
2026-03-15 2804 1347.185 0 0
2026-03-16 2802 1347.185 0 0
2026-03-17 2797 1347.586 0.401 0.03
2026-03-18 2799 1347.586 0 0
2026-03-19 2790 1344.531 -3.055 -0.227
2026-03-20 2774 1344.531 0 0
2026-03-21 2797 1328.984 -15.547 -1.156
2026-03-22 2797 1328.984 0 0
2026-03-23 2781 1328.984 0 0
2026-03-24 2792 1325.36 -3.624 -0.273
2026-03-25 2800 1326.913 1.553 0.117
2026-03-27 2783 1326.913 0 0
2026-03-28 2807 1313.844 -13.069 -0.985
2026-03-29 2807 1313.844 0 0
2026-03-30 2810 1313.844 0 0
2026-03-31 2808 1313.186 -0.658 -0.05
2026-04-01 2830 1313.186 0 0
2026-04-02 2821 1313.186 0 0
2026-04-03 2816 1313.186 0 0
2026-04-04 2778 1337.744 0 0
2026-04-05 2778 1337.744 0 0
2026-04-06 2778 1337.744 0 0
2026-04-07 2782 1337.744 0 0
2026-04-08 2787 1338.444 0 0
2026-04-09 2802 1338.444 0 0
2026-04-10 2805 1345.385 0 0
2026-04-11 2806 1344.168 0 0
2026-04-12 2809 1343.226 0 0
2026-04-13 2808 1343.226 0 0
2026-04-14 2822 1343.226 0 0
2026-04-15 2846 1333.769 0 0
2026-04-16 2859 1333.769 0 0
2026-04-17 2853 1333.787 0 0
2026-04-18 2860 1336.398 0 0
2026-04-19 2855 1340.425 0 0
2026-04-20 2858 1340.425 0 0
2026-04-21 2862 1340.425 0 0
2026-04-22 2871 1337.672 0 0
