2019-11-07 1072 2326.33 0 0
2020-01-19 1127 2326.33 0 0
2020-02-07 1113 2326.33 0 0
2020-02-15 1124 2326.33 0 0
2020-02-16 1124 2326.33 0 0
2020-02-17 1121 2326.33 0 0
2020-02-18 1124 2326.33 0 0
2020-02-19 1124 2326.33 0 0
2020-02-20 1122 2326.33 0 0
2020-02-21 1121 2326.33 0 0
2020-02-22 1125 2326.33 0 0
2020-02-23 1125 2326.33 0 0
2020-02-24 1103 2326.33 0 0
2020-02-25 1093 2326.33 0 0
2020-02-26 1083 2326.33 0 0
2020-02-27 1070 2326.33 0 0
2020-02-28 1052 2326.33 0 0
2020-02-29 1049 2326.33 0 0
2020-03-01 1052 2326.33 0 0
2020-03-02 1059 2326.33 0 0
2020-03-03 1065 2326.33 0 0
2020-03-04 1079 2326.33 0 0
2020-03-05 1086 2326.33 0 0
2020-03-06 1072 2326.33 0 0
2020-03-07 1075 2326.33 0 0
2020-03-08 1071 2326.33 0 0
2020-03-09 1038 2326.33 0 0
