2019-11-07 1227 2040.456 0 0
2020-01-19 1219 2156.063 115.607 5.666
2020-02-07 1204 2157.291 1.228 0.057
2020-02-15 1216 2156.585 -0.706 -0.033
2020-02-16 1217 2156.585 0 0
2020-02-17 1224 2156.585 0 0
2020-02-18 1219 2156.585 0 0
2020-02-19 1219 2156.155 -0.43 -0.02
2020-02-20 1216 2155.083 -1.072 -0.05
2020-02-21 1217 2151.381 -3.702 -0.172
2020-02-22 1219 2149.916 -1.465 -0.068
2020-02-23 1218 2149.916 0 0
2020-02-24 1208 2149.916 0 0
2020-02-25 1200 2147.63 -2.286 -0.106
2020-02-26 1195 2148.788 1.158 0.054
2020-02-27 1180 2148.178 -0.61 -0.028
2020-02-28 1162 2147.995 -0.183 -0.009
2020-02-29 1164 2148.452 0.457 0.021
2020-03-01 1162 2148.452 0 0
2020-03-02 1171 2148.452 0 0
2020-03-03 1179 2151.534 3.082 0.143
2020-03-04 1178 2155.634 4.1 0.191
2020-03-05 1183 2155.083 -0.551 -0.026
2020-03-06 1174 2154.654 -0.429 -0.02
2020-03-07 1173 2155.297 0.643 0.03
2020-03-08 1169 2155.297 0 0
2020-03-09 1143 2155.297 0 0
2020-03-10 1131 2154.378 -0.919 -0.043
2020-03-11 1118 2155.174 0.796 0.037
2020-03-12 1076 2155.481 0.307 0.014
2020-03-13 1058 2150.526 -4.955 -0.23
2020-03-14 1069 2154.501 3.975 0.185
2020-03-15 1069 2154.501 0 0
2020-03-16 1029 2154.501 0 0
2020-03-17 1004 2155.634 1.133 0.053
2020-03-18 992 2157.536 1.902 0.088
2020-03-19 984 2155.91 -1.626 -0.075
2020-03-20 991 2158.365 2.455 0.114
2020-03-21 994 2159.933 1.568 0.073
2020-03-22 994 2159.933 0 0
2020-03-23 982 2159.933 0 0
2020-03-24 968 2159.841 -0.092 -0.004
2020-03-25 999 2159.749 -0.092 -0.004
2020-03-26 1017 2160.61 0.861 0.04
2020-03-27 1035 2160.949 0.339 0.016
2020-03-28 1027 2161.288 0.339 0.016
2020-03-29 1027 2161.288 0 0
2020-03-30 1027 2161.288 0 0
2020-03-31 1027 2160.395 -0.893 -0.041
2020-04-01 1030 2161.349 0.954 0.044
2020-04-02 1014 2160.549 -0.8 -0.037
2020-04-03 1021 2161.257 0.708 0.033
2020-04-04 1010 2160.826 -0.431 -0.02
2020-04-05 1010 2160.826 0 0
2020-04-06 1010 2160.826 0 0
2020-04-07 1044 2160.918 0.092 0.004
2020-04-08 1075 2161.165 0.247 0.011
2020-04-09 1084 2160.949 -0.216 -0.01
2020-04-10 1091 2160.764 -0.185 -0.009
2020-04-11 1091 2160.764 0 0
2020-04-12 1091 2160.764 0 0
2020-04-13 1089 2160.764 0 0
2020-04-14 1100 2160.764 0 0
2020-04-15 1091 2161.072 0.308 0.014
2020-04-16 1085 2161.473 0.401 0.019
2020-04-17 1093 2161.349 -0.124 -0.006
2020-04-18 1096 2161.503 0.154 0.007
2020-04-19 1096 2161.503 0 0
2020-04-20 1095 2161.503 0 0
2020-04-21 1084 2161.503 0 0
2020-04-23 1085 2161.596 0.093 0.004
2020-04-24 1082 2161.534 -0.062 -0.003
2020-04-25 1079 2161.38 -0.154 -0.007
2020-04-26 1079 2161.38 0 0
2020-04-27 1086 2161.38 0 0
2020-04-28 1095 2161.596 0.216 0.01
2020-04-29 1104 2161.565 -0.031 -0.001
2020-04-30 1107 2161.473 -0.092 -0.004
