2019-11-07 2120 1036 0 0
2020-01-19 2164 1036 0 0
2020-02-07 2132 1036 0 0
2020-02-15 2131 1036 0 0
2020-02-16 2132 1036 0 0
2020-02-17 2131 1036 0 0
2020-02-18 2129 1036 0 0
2020-02-19 2128 1036 0 0
2020-02-20 2130 1036 0 0
2020-02-21 2126 1036 0 0
2020-02-22 2127 1036 0 0
2020-02-23 2127 1036 0 0
2020-02-24 2117 1036 0 0
2020-02-25 2103 1036 0 0
2020-02-26 1957 1160 124 11.969
2020-02-27 1896 1203 43 3.707
2020-02-28 1882 1203 0 0
2020-02-29 1868 1203 0 0
2020-03-01 1871 1203 0 0
2020-03-02 1885 1203 0 0
2020-03-03 1887 1203 0 0
2020-03-04 1894 1203 0 0
2020-03-05 1894 1203 0 0
2020-03-06 1879 1203 0 0
2020-03-07 1880 1203 0 0
2020-03-08 1876 1203 0 0
2020-03-09 1856 1203 0 0
2020-03-10 1845 1203 0 0
2020-03-11 1835 1203 0 0
2020-03-12 1795 1203 0 0
2020-03-13 1775 1203 0 0
2020-03-14 1775 1203 0 0
2020-03-15 1775 1203 0 0
2020-03-16 1744 1203 0 0
2020-03-17 1731 1203 0 0
2020-03-18 1699 1203 0 0
2020-03-19 1684 1203 0 0
2020-03-20 1685 1203 0 0
2020-03-21 1689 1203 0 0
2020-03-22 1689 1203 0 0
2020-03-23 1673 1203 0 0
2020-03-24 1665 1203 0 0
2020-03-25 1713 1203 0 0
2020-03-26 1728 1203 0 0
2020-03-27 1749 1203 0 0
2020-03-28 1738 1203 0 0
2020-03-29 1738 1203 0 0
2020-03-30 1738 1203 0 0
2020-03-31 1736 1203 0 0
2020-04-01 1741 1203 0 0
2020-04-02 1724 1203 0 0
2020-04-03 1724 1203 0 0
2020-04-04 1724 1203 0 0
2020-04-05 1724 1203 0 0
2020-04-06 1724 1203 0 0
2020-04-07 1752 1203 0 0
2020-04-08 1876 1203 0 0
2020-04-09 1889 1203 0 0
2020-04-10 1893 1203 0 0
2020-04-11 1893 1203 0 0
2020-04-12 1893 1203 0 0
2020-04-13 1889 1203 0 0
2020-04-14 1895 1203 0 0
2020-04-15 1895 1203 0 0
2020-04-16 1887 1203 0 0
2020-04-17 1894 1203 0 0
2020-04-18 1897 1203 0 0
2020-04-19 1897 1203 0 0
2020-04-20 1901 1203 0 0
2020-04-21 1891 1203 0 0
2020-04-23 1898 1203 0 0
2020-04-24 1898 1203 0 0
2020-04-25 1896 1203 0 0
2020-04-26 1896 1203 0 0
2020-04-27 1905 1203 0 0
2020-04-28 1911 1203 0 0
2020-04-29 1918 1203 0 0
2020-04-30 1926 1203 0 0
2020-05-01 1930 1203 0 0
2020-05-02 1929 1203 0 0
2020-05-03 1929 1203 0 0
2020-05-04 1929 1203 0 0
2020-05-05 1917 1203 0 0
2020-05-06 1920 1203 0 0
2020-05-07 1922 1203 0 0
2020-05-08 1924 1203 0 0
2020-05-09 1932 1203 0 0
2020-05-10 1932 1203 0 0
2020-05-11 1933 1203 0 0
2020-05-12 1930 1203 0 0
2020-05-13 1929 1203 0 0
2020-05-14 1923 1203 0 0
2020-05-15 1918 1203 0 0
2020-05-16 1918 1203 0 0
2020-05-17 1918 1203 0 0
2020-05-18 1925 1203 0 0
2020-05-19 1934 1203 0 0
2020-05-20 1938 1203 0 0
2020-05-21 1940 1203 0 0
2020-05-23 1931 1203 0 0
2020-05-24 1931 1203 0 0
2020-05-25 1931 1203 0 0
2020-05-26 1939 1203 0 0
2020-05-27 1946 1203 0 0
2020-05-28 1942 1203 0 0
2020-05-29 1949 1203 0 0
2020-05-30 1950 1203 0 0
2020-05-31 1949 1203 0 0
2020-06-01 1954 1203 0 0
2020-06-02 1961 1203 0 0
2020-06-03 1967 1203 0 0
2020-06-04 1971 1203 0 0
2020-06-05 1979 1203 0 0
2020-06-06 1982 1203 0 0
2020-06-07 1982 1203 0 0
2020-06-08 1985 1203 0 0
2020-06-09 1991 1203 0 0
2020-06-10 1987 1203 0 0
2020-06-11 1979 1203 0 0
2020-06-12 1973 1203 0 0
2020-06-13 1967 1203 0 0
2020-06-14 1967 1203 0 0
2020-06-15 1966 1203 0 0
2020-06-16 1971 1203 0 0
2020-06-17 1976 1203 0 0
2020-06-18 1975 1203 0 0
2020-06-19 1973 1203 0 0
2020-06-20 1973 1203 0 0
2020-06-21 1973 1203 0 0
2020-06-22 1974 1203 0 0
2020-06-23 1974 1203 0 0
2020-06-24 1974 1203 0 0
2020-06-25 1971 1203 0 0
2020-06-26 1963 1203 0 0
2020-06-27 1964 1203 0 0
2020-06-28 1964 1203 0 0
2020-06-29 1965 1203 0 0
2020-06-30 1973 1203 0 0
2020-07-01 1977 1203 0 0
2020-07-07 1993 1203 0 0
2020-07-08 2008 1203 0 0
2020-07-09 2009 1203 0 0
2020-07-10 2004 1203 0 0
2020-07-11 2001 1203 0 0
2020-07-12 2001 1203 0 0
2020-07-13 2007 1203 0 0
2020-07-14 2008 1203 0 0
2020-07-15 2007 1203 0 0
2020-07-16 2002 1203 0 0
2020-07-17 2000 1203 0 0
2020-07-18 2000 1203 0 0
2020-07-20 2006 1203 0 0
2020-07-21 2006 1203 0 0
2020-07-22 2010 1203 0 0
2020-07-23 2015 1203 0 0
2020-07-24 2002 1203 0 0
2020-07-25 2000 1203 0 0
2020-07-26 1996 1203 0 0
2020-07-27 1999 1203 0 0
2020-07-28 2000 1203 0 0
2020-07-29 2009 1203 0 0
2020-07-30 2012 1203 0 0
2020-07-31 2012 1203 0 0
2020-08-04 2012 1203 0 0
2020-08-05 2014 1203 0 0
2020-08-06 2017 1203 0 0
2020-08-07 2017 1203 0 0
2020-08-08 2016 1203 0 0
2020-08-09 2016 1203 0 0
2020-08-10 2018 1203 0 0
2020-08-12 2018 1203 0 0
2020-08-13 2021 1203 0 0
2020-08-14 2022 1203 0 0
2020-08-15 2022 1203 0 0
2020-08-16 2022 1203 0 0
2020-08-17 2022 1203 0 0
2020-08-18 2026 1203 0 0
2020-08-19 2026 1203 0 0
2020-08-20 2025 1203 0 0
2020-08-21 2022 1203 0 0
2020-08-22 2022 1203 0 0
2020-08-23 2022 1203 0 0
2020-08-24 2024 1203 0 0
2020-08-25 2025 1203 0 0
2020-08-26 2020 1203 0 0
2020-08-27 2020 1203 0 0
2020-08-28 2027 1203 0 0
2020-08-29 2029 1203 0 0
2020-08-30 2029 1203 0 0
2020-08-31 2024 1203 0 0
