2020-01-19 1572 1642.255 0 0
2020-02-07 1533 1651.03 8.775 0.531
2020-02-15 1527 1672.602 21.572 1.29
2020-02-16 1527 1672.602 0 0
2020-02-17 1531 1672.676 0.074 0.004
2020-02-18 1532 1670.465 -2.211 -0.132
2020-02-19 1535 1676.06 5.595 0.334
2020-02-20 1528 1682.048 5.988 0.356
2020-02-21 1533 1675.892 -6.156 -0.367
2020-02-22 1538 1669.289 -6.603 -0.396
2020-02-23 1533 1669.289 0 0
2020-02-24 1536 1655.083 -14.206 -0.858
2020-02-25 1549 1618.825 -36.258 -2.24
2020-02-26 1568 1582.949 -35.876 -2.266
2020-02-27 1590 1543.54 -39.409 -2.553
2020-02-28 1598 1513.822 -29.718 -1.963
2020-02-29 1600 1506.71 -7.112 -0.472
2020-03-01 1607 1506.71 0 0
2020-03-02 1578 1551.546 44.836 2.89
2020-03-03 1580 1555.788 4.242 0.273
2020-03-04 1578 1570.835 15.047 0.958
2020-03-05 1584 1555.611 -15.224 -0.979
2020-03-06 1585 1533.168 -22.443 -1.464
2020-03-07 1599 1519.401 -13.767 -0.906
2020-03-08 1596 1519.401 0 0
2020-03-09 1664 1406.798 -112.603 -8.004
2020-03-10 1681 1381.131 -25.667 -1.858
2020-03-11 1677 1368.612 -12.519 -0.915
2020-03-12 1700 1296.463 -72.149 -5.565
2020-03-13 1663 1314.618 18.155 1.381
2020-03-14 1641 1341.438 26.82 1.999
2020-03-15 1641 1341.438 0 0
2020-03-16 1678 1270.81 -70.628 -5.558
2020-03-17 1690 1233.789 -37.021 -3.001
2020-03-18 1778 1139.542 -94.247 -8.271
2020-03-19 1746 1149.682 10.14 0.882
2020-03-20 1707 1191.727 42.045 3.528
2020-03-21 1730 1171.508 -20.219 -1.726
2020-03-22 1729 1171.508 0 0
2020-03-23 1759 1125.103 -46.405 -4.125
2020-03-24 1774 1108.626 -16.477 -1.486
2020-03-25 1688 1220.803 112.177 9.189
2020-03-26 1661 1271.418 50.615 3.981
2020-03-27 1625 1326.6 55.182 4.16
2020-03-28 1661 1287.704 -38.896 -3.021
2020-03-29 1661 1287.704 0 0
2020-03-30 1661 1287.704 0 0
2020-03-31 1654 1285.95 -1.754 -0.136
