2021-10-06 2331 1273.732 0 0
2021-10-07 2267 1324.287 50.555 3.969
2021-10-08 2299 1302.49 -21.797 -1.646
2021-10-09 2300 1301.757 -0.733 -0.056
2021-10-10 2300 1301.757 0 0
2021-10-11 2330 1279.594 -22.163 -1.703
2021-10-12 2385 1231.603 -47.991 -3.75
2021-10-13 2381 1242.776 11.173 0.907
2021-10-14 2328 1292.232 49.456 3.979
2021-10-15 2344 1284.173 -8.059 -0.624
2021-10-16 2349 1284.173 0 0
2021-10-17 2348 1284.173 0 0
2021-10-18 2251 1368.248 84.075 6.547
2021-10-19 2213 1395.174 26.926 1.968
2021-10-20 2269 1353.594 -41.58 -2.98
2021-10-21 2215 1398.288 44.694 3.302
2021-10-22 2295 1324.287 -74.001 -5.292
2021-10-23 2294 1324.287 0 0
2021-10-25 2221 1391.877 67.59 5.104
2021-10-26 2252 1364.951 -26.926 -1.935
2021-10-27 2304 1313.114 -51.837 -3.798
2021-10-28 2185 1405.431 92.317 7.03
2021-10-29 2186 1413.308 7.877 0.56
2021-10-30 2185 1413.308 0 0
2021-10-31 2185 1413.308 0 0
2021-11-01 2174 1421.459 8.151 0.577
2021-11-02 2260 1348.466 -72.993 -5.135
2021-11-03 2170 1430.892 82.426 6.113
2021-11-04 2176 1430.892 0 0
2021-11-05 2061 1531.819 100.927 7.053
2021-11-06 2062 1531.819 0 0
2021-11-07 2062 1531.819 0 0
2021-11-08 2064 1531.819 0 0
2021-11-09 2017 1577.611 45.792 2.989
2021-11-10 2016 1577.611 0 0
2021-11-11 2010 1587.686 10.075 0.639
2021-11-12 2003 1595.379 7.693 0.485
2021-11-13 2006 1595.379 0 0
2021-11-14 2006 1595.379 0 0
2021-11-15 2038 1567.903 -27.476 -1.722
2021-11-16 1975 1636.592 68.689 4.381
2021-11-17 2000 1603.255 -33.337 -2.037
2021-11-18 1931 1654.726 51.471 3.21
2021-11-19 1988 1614.245 -40.481 -2.446
2021-11-20 1986 1614.245 0 0
2021-11-21 1986 1614.245 0 0
2021-11-22 2030 1562.958 -51.287 -3.177
2021-11-23 2061 1520.279 -42.679 -2.731
2021-11-24 2023 1554.349 34.07 2.241
2021-11-25 2023 1554.349 0 0
2021-11-26 2086 1489.14 -65.209 -4.195
2021-11-27 2084 1489.14 0 0
2021-11-28 2084 1489.14 0 0
2021-11-29 2047 1522.294 33.154 2.226
2021-11-30 2148 1434.006 -88.288 -5.8
