2020-01-19 694 3620.144 0 0
2020-02-07 758 3309.665 -310.479 -9.381
2020-02-15 633 3779.315 469.65 12.427
2020-02-16 633 3779.315 0 0
2020-02-17 641 3762.899 -16.416 -0.436
2020-02-18 629 3817.617 54.718 1.433
2020-02-19 640 3767.641 -49.976 -1.326
2020-02-20 649 3744.116 -23.525 -0.628
2020-02-21 657 3727.389 -16.727 -0.449
2020-02-22 652 3725.063 -2.326 -0.062
2020-02-23 652 3725.063 0 0
2020-02-24 660 3637.76 -87.303 -2.4
2020-02-25 648 3645.217 7.457 0.205
2020-02-26 643 3636.104 -9.113 -0.251
2020-02-27 613 3711.515 75.411 2.032
2020-02-28 608 3716.686 5.171 0.139
2020-02-29 609 3717.455 0.769 0.021
2020-03-01 609 3717.455 0 0
2020-03-02 580 3875.595 158.14 4.08
2020-03-03 605 3793.284 -82.311 -2.17
2020-03-04 600 3870.804 77.52 2.003
2020-03-05 555 4050.485 179.681 4.436
2020-03-06 553 4000.536 -49.949 -1.249
2020-03-07 549 4001.611 1.075 0.027
2020-03-08 549 4001.611 0 0
2020-03-09 529 4031.034 29.423 0.73
2020-03-10 545 3936.218 -94.816 -2.409
2020-03-11 532 3959.38 23.162 0.585
2020-03-12 521 3894.318 -65.062 -1.671
2020-03-13 520 3815.344 -78.974 -2.07
2020-03-14 520 3821.637 6.293 0.165
2020-03-15 520 3821.637 0 0
2020-03-16 606 3373.832 -447.805 -13.273
2020-03-17 706 3025.734 -348.098 -11.505
2020-03-18 727 2915.991 -109.743 -3.763
2020-03-19 717 2905.8 -10.191 -0.351
2020-03-20 706 2933.215 27.415 0.935
2020-03-21 710 2935.175 1.96 0.067
2020-03-22 710 2935.175 0 0
2020-03-23 723 2858.546 -76.629 -2.681
2020-03-24 715 2858.316 -0.23 -0.008
2020-03-25 686 3049.86 191.544 6.28
2020-03-26 689 3083.743 33.883 1.099
2020-03-27 673 3193.704 109.961 3.443
2020-03-28 602 3410.488 216.784 6.356
2020-03-29 602 3410.488 0 0
2020-03-30 602 3410.488 0 0
2020-03-31 684 3157.384 -253.104 -8.016
