2022-04-05 2150 1421.542 0 0
2022-04-06 1947 1563.278 141.736 9.971
2022-04-07 1891 1605.348 42.07 2.691
2022-04-08 1865 1631.369 26.021 1.621
2022-04-09 1866 1631.395 0.026 0.002
2022-04-10 1866 1631.395 0 0
2022-04-11 1701 1794.065 162.67 9.971
2022-04-12 1684 1824.157 30.092 1.677
2022-04-13 1587 1962.692 138.535 7.594
2022-04-14 1692 1802.536 -160.156 -8.16
2022-04-15 1630 1895.866 93.33 5.178
2022-04-16 1630 1895.866 0 0
2022-04-17 1630 1895.866 0 0
2022-04-18 1680 1816.392 -79.474 -4.192
2022-04-19 1650 1861.873 45.481 2.504
2022-04-20 1807 1675.44 -186.433 -10.013
2022-04-21 1663 1822.558 147.118 8.781
2022-04-22 1820 1631.913 -190.645 -10.46
2022-04-23 1827 1622.606 -9.307 -0.57
2022-04-24 1824 1622.606 0 0
2022-04-25 1798 1626.831 4.225 0.26
2022-04-26 1985 1449.784 -177.047 -10.883
2022-04-27 1858 1548.562 98.778 6.813
2022-04-28 1732 1681.844 133.282 8.607
2022-04-29 1671 1770.724 88.88 5.285
2022-04-30 1667 1777.498 6.774 0.383
