2022-10-12 646 4051.27 0 0
2022-10-13 658 4012.103 -39.167 -0.967
2022-10-14 622 4222.56 210.457 5.246
2022-10-15 621 4223.38 0.82 0.019
2022-10-16 619 4223.38 0 0
2022-10-17 628 4188.713 -34.667 -0.821
2022-10-18 629 4213.074 24.361 0.582
2022-10-19 641 4140.266 -72.808 -1.728
2022-10-20 781 3462.609 -677.657 -16.367
2022-10-21 781 3460.044 -2.565 -0.074
2022-10-22 781 3455.13 -4.914 -0.142
2022-10-23 779 3455.13 0 0
2022-10-24 800 3355.366 -99.764 -2.887
2022-10-25 783 3427.606 72.24 2.153
2022-10-26 781 3501.899 74.293 2.167
2022-10-27 767 3572.726 70.827 2.023
2022-10-28 774 3502.72 -70.006 -1.959
2022-10-29 780 3483.813 -18.907 -0.54
2022-10-30 779 3483.813 0 0
2022-10-31 796 3426.969 -56.844 -1.632
2022-11-01 767 3544.398 117.429 3.427
2022-11-02 758 3580.569 36.171 1.021
2022-11-03 766 3524.776 -55.793 -1.558
2022-11-04 746 3623.731 98.955 2.807
2022-11-05 747 3646.254 22.523 0.622
2022-11-06 747 3646.254 0 0
2022-11-07 754 3629.099 -17.155 -0.47
2022-11-08 765 3610.649 -18.45 -0.508
2022-11-09 777 3572.331 -38.318 -1.061
2022-11-10 779 3561.217 -11.114 -0.311
2022-11-11 786 3599.577 38.36 1.077
2022-11-12 780 3658.97 59.393 1.65
2022-11-13 780 3658.97 0 0
2022-11-14 782 3651.911 -7.059 -0.193
2022-11-15 774 3726.405 74.494 2.04
2022-11-16 778 3696.991 -29.414 -0.789
2022-11-17 780 3675.948 -21.043 -0.569
2022-11-18 774 3683.617 7.669 0.209
2022-11-19 776 3683.487 -0.13 -0.004
2022-11-20 776 3683.487 0 0
2022-11-21 778 3667.453 -16.034 -0.435
2022-11-22 786 3598.978 -68.475 -1.867
2022-11-23 788 3598.935 -0.043 -0.001
2022-11-24 796 3582.973 -15.962 -0.444
2022-11-25 800 3563.628 -19.345 -0.54
2022-11-26 800 3563.628 0 0
2022-11-27 802 3560.413 -3.215 -0.09
2022-11-28 810 3518.892 -41.521 -1.166
2022-11-29 799 3570.382 51.49 1.463
2022-11-30 797 3605.809 35.427 0.992
