2022-01-05 944 3495.274 0 0
2022-01-06 940 3477.707 -17.567 -0.503
2022-01-07 932 3486.07 8.363 0.24
2022-01-08 933 3487.656 1.586 0.045
2022-01-09 933 3487.656 0 0
2022-01-10 946 3428.137 -59.519 -1.707
2022-01-11 946 3428.998 0.861 0.025
2022-01-12 948 3462.571 33.573 0.979
2022-01-13 955 3427.922 -34.649 -1.001
2022-01-14 966 3375.321 -52.601 -1.534
2022-01-15 962 3384.367 9.046 0.268
2022-01-16 966 3384.367 0 0
2022-01-17 959 3391.906 7.539 0.223
2022-01-18 937 3504.983 113.077 3.334
2022-01-19 931 3480.162 -24.821 -0.708
2022-01-20 1092 2931.697 -548.465 -15.76
2022-01-22 1095 2918.925 -12.772 -0.436
2022-01-23 1095 2918.925 0 0
2022-01-24 1105 2877.883 -41.042 -1.406
2022-01-25 1087 2884.729 6.846 0.238
2022-01-26 1106 2838.006 -46.723 -1.62
2022-01-27 1263 2563.336 -274.67 -9.678
2022-01-28 1243 2606.769 43.433 1.694
2022-01-29 1240 2606.319 -0.45 -0.017
2022-01-30 1240 2606.319 0 0
2022-01-31 1249 2606.319 0 0
2022-02-01 1256 2606.319 0 0
2022-02-02 1262 2606.319 0 0
2022-02-03 1256 2606.319 0 0
2022-02-04 1259 2606.319 0 0
2022-02-05 1258 2606.319 0 0
2022-02-06 1258 2606.319 0 0
2022-02-07 1253 2616.436 10.117 0.388
2022-02-08 1266 2597.766 -18.67 -0.714
2022-02-09 1259 2637.98 40.214 1.548
2022-02-10 1261 2624.684 -13.296 -0.504
2022-02-11 1241 2654.187 29.503 1.124
2022-02-12 1228 2654.104 -0.083 -0.003
2022-02-13 1230 2654.104 0 0
2022-02-14 1240 2631.825 -22.279 -0.839
2022-02-15 1187 2724.799 92.974 3.533
2022-02-16 1139 2823.349 98.55 3.617
2022-02-17 1129 2842.879 19.53 0.692
2022-02-18 1127 2827.392 -15.487 -0.545
2022-02-19 1124 2832.085 4.693 0.166
2022-02-20 1124 2832.085 0 0
2022-02-21 1144 2797.882 -34.203 -1.208
2022-02-22 1160 2742.912 -54.97 -1.965
2022-02-23 1138 2802.772 59.86 2.182
2022-02-24 1130 2795.264 -7.508 -0.268
2022-02-25 1142 2775.161 -20.103 -0.719
2022-02-26 1155 2778.941 3.78 0.136
2022-02-27 1156 2778.941 0 0
2022-02-28 1157 2777.309 -1.632 -0.059
