2020-01-19 67 17926.56 0 0
2020-02-07 60 19173.769 1247.209 6.505
2020-02-15 60 19538.654 364.885 1.868
2020-02-16 60 19538.654 0 0
2020-02-17 60 19545.23 6.576 0.034
2020-02-18 60 19382.887 -162.343 -0.838
2020-02-19 61 19381.145 -1.742 -0.009
2020-02-20 61 19397.024 15.879 0.082
2020-02-21 58 19381.559 -15.465 -0.08
2020-02-22 57 19503.458 121.899 0.625
2020-02-23 57 19503.458 0 0
2020-02-24 61 18754.137 -749.321 -3.995
2020-02-25 60 18542.547 -211.59 -1.141
2020-02-26 63 18500.165 -42.382 -0.229
2020-02-27 64 18118.118 -382.047 -2.109
2020-02-28 65 17831.872 -286.246 -1.605
2020-02-29 64 17776.374 -55.498 -0.312
2020-03-01 64 17776.374 0 0
2020-03-02 63 17847.032 70.658 0.396
2020-03-03 63 18076.837 229.805 1.271
2020-03-04 64 18387.462 310.625 1.689
2020-03-05 64 17998.047 -389.415 -2.164
2020-03-06 68 17637.169 -360.878 -2.046
2020-03-07 67 17758.055 120.886 0.681
2020-03-08 67 17758.055 0 0
2020-03-09 65 17412.26 -345.795 -1.986
2020-03-10 66 17125.819 -286.441 -1.673
2020-03-11 68 16628.32 -497.499 -2.992
2020-03-12 72 15544.727 -1083.593 -6.971
2020-03-13 74 15340.447 -204.28 -1.332
2020-03-14 75 15362.349 21.902 0.143
2020-03-15 75 15362.349 0 0
2020-03-16 75 14587.775 -774.574 -5.31
2020-03-17 77 14314.719 -273.056 -1.908
2020-03-18 80 13736.992 -577.727 -4.206
2020-03-19 76 13856.584 119.592 0.863
2020-03-20 78 13726.013 -130.571 -0.951
2020-03-21 79 13766.914 40.901 0.297
2020-03-22 79 13766.914 0 0
2020-03-23 78 13505.708 -261.206 -1.934
2020-03-24 77 13518.022 12.314 0.091
2020-03-25 74 14438.719 920.697 6.377
2020-03-26 74 15006.345 567.626 3.783
2020-03-27 73 15041.6 35.255 0.234
2020-03-28 76 14637.586 -404.014 -2.76
2020-03-29 76 14637.586 0 0
2020-03-30 76 14637.586 0 0
2020-03-31 78 14518.08 -119.506 -0.823
2020-04-01 74 14972.675 454.595 3.036
2020-04-02 73 14577.806 -394.869 -2.709
2020-04-03 80 14085.669 -492.137 -3.494
2020-04-04 82 13960.197 -125.472 -0.899
2020-04-05 82 13960.197 0 0
2020-04-06 82 13960.197 0 0
2020-04-07 75 15112.948 1152.751 7.628
2020-04-08 73 15372.514 259.566 1.689
2020-04-10 72 15424.082 51.568 0.334
2020-04-11 72 15424.082 0 0
2020-04-12 72 15424.082 0 0
2020-04-13 73 15424.082 0 0
2020-04-14 74 15549.56 125.478 0.807
2020-04-15 77 15259.734 -289.826 -1.899
2020-04-17 77 15288.718 28.984 0.19
2020-04-18 77 15350.941 62.223 0.405
2020-04-19 77 15350.941 0 0
2020-04-20 78 15352.941 2 0.013
2020-04-21 79 14999.905 -353.036 -2.354
2020-04-23 80 14866.387 -133.518 -0.898
2020-04-24 81 14704.147 -162.24 -1.103
2020-04-25 81 14673.557 -30.59 -0.208
2020-04-26 81 14673.557 0 0
2020-04-27 79 14939.384 265.827 1.779
2020-04-28 79 15169.166 229.782 1.515
2020-04-29 77 15752.011 582.845 3.7
2020-04-30 77 15523.317 -228.694 -1.473
