2020-09-01  970.271 0 0
2022-03-23 2334 1141.53 171.259 17.651
2022-03-24 2414 1072.379 -69.151 -6.058
2022-03-26 2423 1059.241 -13.138 -1.225
2022-03-27 2423 1059.241 0 0
2022-03-28 2442 1036.037 -23.204 -2.191
2022-03-29  983.21 -52.827 -5.099
2022-04-01 2446 1046.843 63.633 6.472
2022-04-02 2409 1080.732 33.889 3.237
2022-04-03 2409 1080.732 0 0
2022-04-05 2584 1080.732 0 0
2022-04-06 2539 1106.865 26.133 2.418
2022-04-07 2613 1039.247 -67.618 -6.109
2022-04-08 2471 1138.018 98.771 9.504
2022-04-09 2470 1138.036 0.018 0.002
2022-04-10 2471 1138.036 0 0
2022-04-11 2495 1117.724 -20.312 -1.785
2022-04-12 2587 1041.233 -76.491 -6.843
2022-04-13  942.466 -98.767 -9.486
2022-05-14 2429 1062.287 119.821 12.714
2022-05-15 2430 1062.287 0 0
2022-05-16 2293 1163.018 100.731 9.482
2022-05-17 2390 1097.893 -65.125 -5.6
2022-05-18 2453 1051.737 -46.156 -4.204
2022-05-19 2423 1070.264 18.527 1.762
2022-05-20 2499 1020.971 -49.293 -4.606
2022-05-21 2493 1035.197 14.226 1.393
2022-05-22 2493 1035.197 0 0
2022-05-23 2531 1010.298 -24.899 -2.405
2022-05-24 2372 1109.102 98.804 9.78
2022-05-25 2448 1060.826 -48.276 -4.353
2022-05-26 2499 1027.205 -33.621 -3.169
2022-05-27 2512 1030.83 3.625 0.353
2022-05-28 2511 1035.301 4.471 0.434
2022-05-29 2510 1035.301 0 0
2022-05-30  996.772 -38.529 -3.722
2022-05-31 2558 1002.276 5.504 0.552
