2021-04-09 2077 1504.233 0 0
2021-04-10 2073 1501.962 -2.271 -0.151
2021-04-11 2074 1501.962 0 0
2021-04-12 2131 1446.389 -55.573 -3.842
2021-04-13 2136 1445.574 -0.815 -0.056
2021-04-14 2149 1433.895 -11.679 -0.814
2021-04-15 2217 1374.651 -59.244 -4.31
2021-04-16 2282 1331.69 -42.961 -3.226
2021-04-17 2284 1333.671 1.981 0.149
2021-04-18 2284 1333.671 0 0
2021-04-19 2228 1376.512 42.841 3.112
2021-04-20 2253 1359.889 -16.623 -1.222
2021-04-21 2234 1376.686 16.797 1.22
2021-04-22 2200 1398.844 22.158 1.584
2021-04-23 2248 1377.454 -21.39 -1.553
2021-04-24 2248 1377.454 0 0
2021-04-25 2252 1376.394 -1.06 -0.077
2021-04-26 2242 1383.803 7.409 0.535
2021-04-27 2262 1377.592 -6.211 -0.451
2021-04-28 2179 1447.263 69.671 4.814
2021-04-29 2007 1591.696 144.433 9.074
2021-04-30 1977 1614.814 23.118 1.432
2021-05-01 1973 1613.491 -1.323 -0.082
2021-05-02 1972 1613.491 0 0
2021-05-03 1973 1613.491 0 0
2021-05-04 1977 1613.491 0 0
2021-05-05 1978 1613.491 0 0
2021-05-06 1902 1680.78 67.289 4.003
2021-05-07 1915 1669.745 -11.035 -0.661
2021-05-08 1913 1673.701 3.956 0.236
2021-05-09 1913 1673.701 0 0
2021-05-10 1901 1691.685 17.984 1.063
2021-05-11 1887 1714.025 22.34 1.303
2021-05-12 1830 1765.747 51.722 2.929
2021-05-13 1899 1677.839 -87.908 -5.239
2021-05-14 1883 1700.868 23.029 1.354
2021-05-15 1881 1706.155 5.287 0.31
2021-05-16 1881 1706.155 0 0
2021-05-17 1862 1741.73 35.575 2.043
2021-05-18 1882 1721.401 -20.329 -1.181
2021-05-19 1767 1847.351 125.95 6.818
2021-05-20 1796 1826.086 -21.265 -1.165
2021-05-21 1837 1773.671 -52.415 -2.955
2021-05-22 1836 1774.195 0.524 0.03
2021-05-24 1828 1793.985 19.79 1.103
2021-05-25 1806 1823.444 29.459 1.616
2021-05-26 1808 1830.161 6.717 0.367
2021-05-27 1807 1838.767 8.606 0.468
2021-05-28 1793 1852.285 13.518 0.73
2021-05-29 1790 1855.224 2.939 0.158
2021-05-30 1790 1855.224 0 0
2021-05-31 1800 1851.941 -3.283 -0.177
