2020-04-08 1987 1122.495 0 0
2020-04-09 1925 1177.864 55.369 4.933
2020-04-10 1964 1149.34 -28.524 -2.422
2020-04-11 1964 1149.34 0 0
2020-04-12 1964 1149.34 0 0
2020-04-13 1949 1153.572 4.232 0.368
2020-04-14 1934 1173.054 19.482 1.689
2020-04-15 1932 1171.365 -1.689 -0.144
2020-04-16 1896 1199.079 27.714 2.366
2020-04-17 1914 1188.956 -10.123 -0.844
2020-04-18 1921 1188.485 -0.471 -0.04
2020-04-19 1921 1188.485 0 0
2020-04-20 1927 1178.863 -9.622 -0.81
2020-04-21 1884 1209.641 30.778 2.611
2020-04-23 1800 1283.653 74.012 6.119
2020-04-24 1876 1218.697 -64.956 -5.06
2020-04-25 1876 1217.992 -0.705 -0.058
2020-04-26 1876 1217.992 0 0
2020-04-27 1854 1247.003 29.011 2.382
2020-04-28 1868 1244.786 -2.217 -0.178
2020-04-29 1884 1232.249 -12.537 -1.007
2020-04-30 1930 1200.405 -31.844 -2.584
