2020-01-19 435 4946.582 0 0
2020-02-07 443 4847.319 -99.263 -2.048
2020-02-15 441 4860.964 13.645 0.281
2020-02-16 440 4860.964 0 0
2020-02-17 443 4860.964 0 0
2020-02-18 442 4860.964 0 0
2020-02-19 445 4843.862 -17.102 -0.353
2020-02-20 441 4851.526 7.664 0.158
2020-02-21 444 4836.606 -14.92 -0.308
2020-02-22 444 4820.558 -16.048 -0.333
2020-02-23 444 4820.558 0 0
2020-02-24 440 4820.558 0 0
2020-02-25 434 4824.992 4.434 0.092
2020-02-26 427 4835.905 10.913 0.226
2020-02-27 426 4835.49 -0.415 -0.009
2020-02-28 421 4836.039 0.549 0.011
2020-02-29 413 4853.987 17.948 0.37
2020-03-01 414 4853.987 0 0
2020-03-02 419 4853.987 0 0
2020-03-03 424 4876.412 22.425 0.46
2020-03-04 431 4860.334 -16.078 -0.331
2020-03-05 428 4893.55 33.216 0.679
2020-03-06 418 4887.5 -6.05 -0.124
2020-03-07 419 4888.908 1.408 0.029
2020-03-08 422 4888.908 0 0
2020-03-09 415 4888.908 0 0
2020-03-10 410 4881.255 -7.653 -0.157
2020-03-11 408 4883.853 2.598 0.053
2020-03-12 386 4881.961 -1.892 -0.039
2020-03-13 373 4857.394 -24.567 -0.506
2020-03-14 378 4852.216 -5.178 -0.107
2020-03-15 378 4852.216 0 0
2020-03-16 363 4852.216 0 0
2020-03-17 364 4848.624 -3.592 -0.074
2020-03-18 354 4839.251 -9.373 -0.194
2020-03-19 347 4829.211 -10.04 -0.208
2020-03-20 365 4785.061 -44.15 -0.923
2020-03-21 362 4801.958 16.897 0.352
2020-03-22 362 4801.958 0 0
2020-03-23 348 4801.958 0 0
2020-03-24 351 4766.561 -35.397 -0.743
2020-03-25 367 4794.511 27.95 0.583
2020-03-26 375 4778.887 -15.624 -0.327
2020-03-27 390 4782.383 3.496 0.073
2020-03-28 385 4785.547 3.164 0.066
2020-03-29 385 4785.547 0 0
2020-03-30 385 4785.547 0 0
2020-03-31 389 4781.573 -3.974 -0.083
2020-04-01 388 4783.662 2.089 0.044
2020-04-02 377 4775.129 -8.533 -0.179
2020-04-03 375 4780.368 5.239 0.11
2020-04-04 373 4785.544 5.176 0.108
2020-04-05 373 4785.544 0 0
2020-04-06 373 4785.544 0 0
2020-04-07 382 4785.545 0.001 0
2020-04-08 388 4809.433 23.888 0.497
2020-04-10 399 4806.984 -2.449 -0.051
2020-04-11 399 4806.984 0 0
2020-04-12 399 4806.984 0 0
2020-04-13 398 4806.984 0 0
2020-04-14 400 4813.992 7.008 0.146
2020-04-15 404 4805.695 -8.297 -0.173
2020-04-17 404 4796.818 -8.877 -0.185
2020-04-18 410 4794.925 -1.893 -0.039
2020-04-19 410 4794.925 0 0
2020-04-20 410 4794.925 0 0
2020-04-21 405 4795.804 0.879 0.018
2020-04-23 404 4789.726 -6.078 -0.127
2020-04-24 403 4793.574 3.848 0.08
2020-04-25 407 4790.805 -2.769 -0.058
2020-04-26 407 4790.805 0 0
2020-04-27 407 4790.805 0 0
2020-04-28 411 4790.064 -0.741 -0.015
2020-04-29 414 4789.187 -0.877 -0.018
2020-04-30 417 4796.007 6.82 0.142
2020-05-01 414 4811.405 15.398 0.32
2020-05-02 411 4811.405 0 0
2020-05-03 411 4811.405 0 0
2020-05-04 408 4811.405 0 0
2020-05-05 405 4811.402 -0.003 0
2020-05-06 405 4811.403 0.001 0
2020-05-07 411 4782.249 -29.154 -0.61
2020-05-08 414 4784.739 2.49 0.052
2020-05-09 415 4792.828 8.089 0.169
2020-05-10 415 4792.828 0 0
2020-05-11 417 4792.828 0 0
2020-05-12 415 4788.175 -4.653 -0.097
2020-05-13 418 4786.624 -1.551 -0.032
2020-05-14 411 4783.192 -3.432 -0.072
2020-05-15 414 4782.855 -0.337 -0.007
2020-05-16 413 4779.024 -3.831 -0.08
2020-05-17 413 4779.024 0 0
2020-05-18 411 4779.024 0 0
2020-05-19 423 4769.575 -9.449 -0.198
2020-05-20 427 4774.463 4.888 0.102
2020-05-21 430 4774.531 0.068 0.001
2020-05-22 425 4778.683 4.152 0.087
2020-05-23 431 4751.512 -27.171 -0.572
2020-05-24 431 4751.512 0 0
2020-05-25 433 4751.512 0 0
2020-05-26 438 4751.512 0 0
2020-05-27 440 4755.303 3.791 0.08
2020-05-28 445 4742.904 -12.399 -0.261
2020-05-29 446 4739.599 -3.305 -0.07
2020-05-30 446 4748.601 9.002 0.19
2020-05-31 446 4748.601 0 0
2020-06-01 449 4748.601 0 0
2020-06-02 451 4755.704 7.103 0.149
2020-06-03 454 4771.985 16.281 0.341
2020-06-04 457 4772.387 0.402 0.008
2020-06-05 465 4764.099 -8.288 -0.174
2020-06-06 466 4788.041 23.942 0.5
2020-06-07 466 4788.041 0 0
2020-06-08 465 4788.041 0 0
2020-06-09 465 4795.737 7.696 0.16
2020-06-10 465 4787.502 -8.235 -0.172
2020-06-11 458 4801.288 13.786 0.287
2020-06-12 453 4799.391 -1.897 -0.04
2020-06-13 452 4796.413 -2.978 -0.062
2020-06-14 452 4796.413 0 0
2020-06-15 452 4796.413 0 0
2020-06-16 460 4782.721 -13.692 -0.286
2020-06-17 460 4791.278 8.557 0.179
2020-06-18 459 4791.278 0 0
2020-06-19 460 4792.831 1.553 0.032
2020-06-20 462 4793.439 0.608 0.013
2020-06-21 462 4793.439 0 0
2020-06-22 464 4793.439 0 0
2020-06-23 461 4794.52 1.081 0.023
2020-06-24 461 4794.52 0 0
2020-06-25 456 4796.278 1.758 0.037
2020-06-26 448 4796.277 -0.001 0
2020-06-27 446 4796.277 0 0
2020-06-28 446 4796.277 0 0
2020-06-29 446 4796.277 0 0
2020-06-30 454 4794.046 -2.231 -0.047
2020-07-01 458 4796.48 2.434 0.051
2020-07-07 454 4796.48 0 0
2020-07-08 459 4830.61 34.13 0.707
2020-07-09 459 4835.005 4.395 0.091
2020-07-10 459 4856.407 21.402 0.441
2020-07-11 461 4843.266 -13.141 -0.271
2020-07-12 461 4843.266 0 0
2020-07-13 467 4843.266 0 0
2020-07-14 465 4844.715 1.449 0.03
2020-07-15 469 4834.18 -10.535 -0.218
2020-07-16 468 4834.18 0 0
2020-07-17 467 4848.579 14.399 0.297
2020-07-18 467 4848.579 0 0
2020-07-20 470 4846.989 -1.59 -0.033
2020-07-21 471 4846.989 0 0
2020-07-22 474 4851.487 4.498 0.093
2020-07-23 472 4845.128 -6.359 -0.131
2020-07-24 462 4849.827 4.699 0.097
2020-07-25 465 4835.208 -14.619 -0.302
2020-07-26 463 4835.208 0 0
2020-07-27 464 4835.208 0 0
2020-07-28 471 4846.233 11.025 0.227
2020-07-29 474 4841.681 -4.552 -0.094
2020-07-30 471 4847.202 5.521 0.114
2020-07-31 473 4847.202 0 0
2020-08-04 472 4847.202 0 0
2020-08-05 473 4858.905 11.703 0.241
2020-08-06 472 4880.099 21.194 0.434
2020-08-07 470 4885.708 5.609 0.115
2020-08-08 471 4874.923 -10.785 -0.221
2020-08-09 471 4874.923 0 0
2020-08-10 474 4874.923 0 0
2020-08-12 476 4874.923 0 0
2020-08-13 478 4884.865 9.942 0.204
2020-08-14 475 4885.918 1.053 0.022
2020-08-15 476 4881.99 -3.928 -0.08
2020-08-16 476 4881.99 0 0
2020-08-17 480 4881.99 0 0
2020-08-18 481 4887.604 5.614 0.115
2020-08-19 478 4898.656 11.052 0.226
2020-08-20 474 4910.823 12.167 0.248
2020-08-21 480 4901.692 -9.131 -0.186
2020-08-22 476 4907.563 5.871 0.12
2020-08-23 476 4907.563 0 0
2020-08-24 482 4907.563 0 0
2020-08-25 486 4908.13 0.567 0.012
2020-08-26 484 4908.909 0.779 0.016
2020-08-27 484 4922.978 14.069 0.286
2020-08-28 488 4931.545 8.567 0.174
2020-08-29 487 4941.577 10.032 0.203
2020-08-30 487 4941.577 0 0
2020-08-31 483 4941.577 0 0
