2021-04-09 2641 1068.795 0 0
2021-04-10 2640 1067.181 -1.614 -0.151
2021-04-11 2641 1067.181 0 0
2021-04-12  974.577 -92.604 -8.677
2021-04-13  991.799 17.222 1.767
2021-04-21 2684 1037.56 45.761 4.614
2021-04-22 2544 1142.519 104.959 10.116
2021-04-23 2502 1182.391 39.872 3.49
2021-04-24 2502 1182.391 0 0
2021-04-25 2502 1181.48 -0.911 -0.077
2021-04-26 2380 1274.011 92.531 7.832
2021-04-27 2374 1281.995 7.984 0.627
2021-04-28 2309 1339.325 57.33 4.472
2021-04-29 2378 1275.509 -63.816 -4.765
2021-04-30 2250 1382.486 106.977 8.387
2021-05-01 2244 1381.354 -1.132 -0.082
2021-05-02 2243 1381.354 0 0
2021-05-03 2248 1381.354 0 0
2021-05-04 2248 1381.354 0 0
2021-05-05 2246 1381.354 0 0
2021-05-06 2483 1182.695 -198.659 -14.381
2021-05-07 2504 1170.351 -12.344 -1.044
2021-05-08 2505 1173.123 2.772 0.237
2021-05-09 2505 1173.123 0 0
2021-05-10 2363 1273.204 100.081 8.531
2021-05-11 2359 1280.498 7.294 0.573
2021-05-12 2343 1296.933 16.435 1.283
2021-05-13 2310 1312.602 15.669 1.208
2021-05-14 2260 1373.219 60.617 4.618
2021-05-15 2260 1377.488 4.269 0.311
2021-05-16 2260 1377.488 0 0
2021-05-17 2229 1407.038 29.55 2.145
2021-05-18 2319 1326.818 -80.22 -5.701
2021-05-19 2126 1497.133 170.315 12.836
2021-05-20 2120 1504.603 7.47 0.499
2021-05-21 2032 1576.892 72.289 4.805
2021-05-22 2031 1577.358 0.466 0.03
2021-05-23 2031 1577.358 0 0
2021-05-24 2138 1491.707 -85.651 -5.43
2021-05-25 2096 1525.329 33.622 2.254
2021-05-26 2111 1514.481 -10.848 -0.711
2021-05-27 2079 1552.527 38.046 2.512
2021-05-28 2104 1527.281 -25.246 -1.626
2021-05-29 2103 1529.704 2.423 0.159
2021-05-30 2103 1529.704 0 0
2021-05-31 2071 1570.112 40.408 2.642
