2021-12-12 900 3645.503 0 0
2021-12-13 903 3642.507 -2.996 -0.082
2021-12-14 888 3673.641 31.134 0.855
2021-12-15 898 3622.465 -51.176 -1.393
2021-12-16 914 3578.296 -44.169 -1.219
2021-12-17 927 3544.422 -33.874 -0.947
2021-12-18 924 3541.03 -3.392 -0.096
2021-12-19 924 3541.03 0 0
2021-12-20 904 3568.971 27.941 0.789
2021-12-21 890 3616.71 47.739 1.338
2021-12-22 885 3647.157 30.447 0.842
2021-12-23 891 3644.842 -2.315 -0.063
2021-12-24 951 3493.12 -151.722 -4.163
2021-12-25 952 3494.491 1.371 0.039
2021-12-26 952 3494.491 0 0
2021-12-27 963 3473.521 -20.97 -0.6
2021-12-28 967 3443.32 -30.201 -0.869
2021-12-29 946 3515.687 72.367 2.102
2021-12-30 954 3507.645 -8.042 -0.229
2021-12-31 943 3539.642 31.997 0.912
2022-01-02 944 3541.419 1.777 0.05
2022-01-03 949 3541.419 0 0
2022-01-04 907 3629.243 87.824 2.48
2022-01-05 929 3543.913 -85.33 -2.351
2022-01-06 931 3502.471 -41.442 -1.169
2022-01-07 945 3442.939 -59.532 -1.7
2022-01-08 945 3444.505 1.566 0.045
2022-01-09 945 3444.505 0 0
2022-01-10 930 3508.375 63.87 1.854
2022-01-11 938 3470.326 -38.049 -1.085
2022-01-12 947 3466.387 -3.939 -0.114
2022-01-13 951 3442.326 -24.061 -0.694
2022-01-14 954 3432.869 -9.457 -0.275
2022-01-15 950 3442.07 9.201 0.268
2022-01-16 954 3442.07 0 0
2022-01-17 948 3466.136 24.066 0.699
2022-01-18 951 3455.106 -11.03 -0.318
2022-01-19 966 3354.291 -100.815 -2.918
2022-01-20 964 3358.981 4.69 0.14
2022-01-22 952 3374.793 15.812 0.471
2022-01-23 952 3374.793 0 0
2022-01-24 956 3343.689 -31.104 -0.922
2022-01-25 959 3302.654 -41.035 -1.227
2022-01-26 966 3268.84 -33.814 -1.024
2022-01-27 979 3195.736 -73.104 -2.236
2022-01-28 980 3165.702 -30.034 -0.94
2022-01-29 984 3165.155 -0.547 -0.017
2022-01-30 984 3165.155 0 0
2022-01-31 1001 3165.155 0 0
