2024-03-30 2610 1099.291 0 0
2024-03-31 2610 1099.291 0 0
2024-04-02 2628 1089.065 -10.226 -0.93
2024-04-03 2625 1089.604 0.539 0.049
2024-04-04 2638 1083.511 -6.093 -0.559
2024-04-05 2624 1094.611 11.1 1.024
2024-04-06 2626 1089.324 -5.287 -0.483
2024-04-07 2626 1089.324 0 0
2024-04-08 2624 1089.324 0 0
2024-04-09 2624 1091.311 1.987 0.182
2024-04-10 2613 1099.027 7.716 0.707
2024-04-11 2624 1086.206 -12.821 -1.167
2024-04-12 2623 1082.403 -3.803 -0.35
2024-04-13 2633 1069.652 -12.751 -1.178
2024-04-14 2633 1069.652 0 0
2024-04-15 2631 1069.652 0 0
2024-04-16 2634 1062.136 -7.516 -0.703
2024-04-17 2655 1042.141 -19.995 -1.883
2024-04-18 2645 1050.177 8.036 0.771
2024-04-19 2645 1048.396 -1.781 -0.17
2024-04-20 2636 1055.272 6.876 0.656
2024-04-21 2636 1055.272 0 0
2024-04-22 2640 1055.272 0 0
2024-04-23 2637 1059.376 4.104 0.389
2024-04-24 2630 1067.204 7.828 0.739
2024-04-25 2629 1065.592 -1.612 -0.151
2024-04-26 2636 1064.273 -1.319 -0.124
2024-04-27 2624 1073.115 8.842 0.831
2024-04-28 2624 1073.115 0 0
2024-04-29 2638 1073.115 0 0
2024-04-30 2632 1076.263 3.148 0.293
2024-05-01 2645 1061.645 -14.618 -1.358
2024-05-02 2651 1059.417 -2.228 -0.21
2024-05-03 2633 1076.495 17.078 1.612
2024-05-04 2625 1085.135 8.64 0.803
2024-05-05 2625 1085.135 0 0
2024-05-06 2630 1085.135 0 0
2024-05-07 2637 1085.456 0.321 0.03
2024-05-08 2625 1089.453 3.997 0.368
2024-05-09 2637 1082.552 -6.901 -0.633
2024-05-10 2660 1067.245 -15.307 -1.414
2024-05-11 2657 1068.821 1.576 0.148
2024-05-12 2657 1068.821 0 0
2024-05-13 2658 1068.821 0 0
2024-05-14 2659 1070.318 1.497 0.14
2024-05-15 2658 1071.986 1.668 0.156
2024-05-16 2669 1071.944 -0.042 -0.004
2024-05-17 2671 1073.261 1.317 0.123
2024-05-18 2667 1076.221 2.96 0.276
2024-05-19 2667 1076.221 0 0
2024-05-20 2663 1076.221 0 0
2024-05-21 2654 1080.405 4.184 0.389
2024-05-22 2662 1076.853 -3.552 -0.329
2024-05-23 2654 1067.452 -9.401 -0.873
2024-05-24 2652 1067.887 0.435 0.041
2024-05-25 2652 1068.157 0.27 0.025
2024-05-26 2652 1068.157 0 0
2024-05-27 2652 1068.157 0 0
2024-05-28 2647 1068.157 0 0
2024-05-29 2653 1066.563 -1.594 -0.149
2024-05-30 2659 1059.335 -7.228 -0.678
2024-05-31 2656 1057.564 -1.771 -0.167
2024-06-01 2673 1046.96 -10.604 -1.003
2024-06-02 2673 1046.96 0 0
2024-06-03 2671 1046.96 0 0
2024-06-04 2664 1051.722 4.762 0.455
2024-06-05 2671 1044.02 -7.702 -0.732
2024-06-06 2677 1039.955 -4.065 -0.389
2024-06-07 2673 1045.488 5.533 0.532
2024-06-09 2676 1042.615 -2.873 -0.275
2024-06-10 2677 1042.615 0 0
2024-06-11 2692 1025.497 -17.118 -1.642
2024-06-12 2693 1029.353 3.856 0.376
2024-06-13 2709 1018.436 -10.917 -1.061
2024-06-14 2702 1018.568 0.132 0.013
2024-06-15 2689 1027.45 8.882 0.872
2024-06-16 2689 1027.45 0 0
2024-06-17 2685 1027.45 0 0
2024-06-18 2703 1015.992 -11.458 -1.115
2024-06-19 2703 1017.024 1.032 0.102
2024-06-20 2700 1017.024 0 0
2024-06-21 2705 1013.391 -3.633 -0.357
2024-06-22 2706 1010.636 -2.755 -0.272
2024-06-23 2705 1010.636 0 0
2024-06-24 2700 1010.636 0 0
2024-06-25 2688 1020.495 9.859 0.976
2024-06-26 2698 1012.496 -7.999 -0.784
2024-07-06 2722 1002.26 -10.236 -1.011
2024-07-07 2722 1002.26 0 0
2024-07-08 2715 1002.26 0 0
2024-07-09 2716 1004.328 2.068 0.206
2024-07-10 2699 1011.546 7.218 0.719
2024-07-11 2698 1019.058 7.512 0.743
2024-07-12 2718 1014.399 -4.659 -0.457
2024-07-13 2733 1007.822 -6.577 -0.648
2024-07-14 2733 1007.822 0 0
2024-07-15 2726 1007.822 0 0
2024-07-16 2721 1009.153 1.331 0.132
2024-07-17 2707 1015.841 6.688 0.663
2024-07-18 2717 1007.177 -8.664 -0.853
