2021-10-06  952.971 0 0
2021-10-08 2675 1008.797 55.826 5.858
2021-10-09 2683 1004.473 -4.324 -0.429
2021-10-10 2684 1004.473 0 0
2021-10-11  962.407 -42.066 -4.188
2021-10-21 2687 1011.942 49.535 5.147
2021-10-22 2661 1029.241 17.299 1.709
2021-10-23 2665 1029.241 0 0
2021-10-25 2660 1033.368 4.127 0.401
2021-10-26 2646 1051.127 17.759 1.719
2021-10-27 2673 1014.694 -36.433 -3.466
2021-10-28 2649 1027.275 12.581 1.24
2021-10-29 2652 1029.241 1.966 0.191
2021-10-30 2651 1029.241 0 0
2021-10-31 2651 1029.241 0 0
