2020-12-23 1668 1744.454 0 0
2020-12-24 1684 1717.879 -26.575 -1.523
2020-12-25 1695 1699.047 -18.832 -1.096
2020-12-26 1695 1699.047 0 0
2020-12-27 1695 1699.047 0 0
2020-12-28 1696 1697.515 -1.532 -0.09
2020-12-29 1646 1778.999 81.484 4.8
2020-12-31 1592 1868.593 89.594 5.036
2021-01-01 1593 1866.079 -2.514 -0.135
2021-01-02 1593 1866.079 0 0
2021-01-03 1593 1866.079 0 0
2021-01-04 1566 1883.586 17.507 0.938
2021-01-05 1567 1902.76 19.174 1.018
2021-01-06 1592 1877.474 -25.286 -1.329
2021-01-07 1634 1817.299 -60.175 -3.205
2021-01-08 1680 1770.053 -47.246 -2.6
2021-01-09 1679 1766.17 -3.883 -0.219
2021-01-10 1679 1766.17 0 0
2021-01-11 1665 1778.021 11.851 0.671
2021-01-12 1661 1775.542 -2.479 -0.139
2021-01-13 1665 1775.704 0.162 0.009
2021-01-14 1687 1750.96 -24.744 -1.393
2021-01-15 1661 1785.569 34.609 1.977
2021-01-16 1661 1783.804 -1.765 -0.099
2021-01-17 1661 1783.804 0 0
2021-01-18 1617 1861.922 78.118 4.379
2021-01-19 1690 1758.222 -103.7 -5.57
2021-01-20 1707 1722.959 -35.263 -2.006
2021-01-21 1704 1733.469 10.51 0.61
2021-01-22 1718 1714.885 -18.584 -1.072
2021-01-23 1719 1711.337 -3.548 -0.207
2021-01-24 1719 1711.337 0 0
2021-01-25 1732 1687.313 -24.024 -1.404
2021-01-26 1719 1711.562 24.249 1.437
2021-01-27 1738 1679.673 -31.889 -1.863
2021-01-28 1736 1685.292 5.619 0.335
2021-01-29 1682 1752.648 67.356 3.997
2021-01-30 1681 1756.934 4.286 0.245
2021-01-31 1683 1756.934 0 0
