2022-04-05 2207 1378.152 0 0
2022-04-06 2245 1342.71 -35.442 -2.64
2022-04-07 2321 1267.981 -74.729 -5.894
2022-04-08 2340 1250.119 -17.862 -1.429
2022-04-09 2338 1250.384 0.265 0.021
2022-04-10 2339 1250.384 0 0
2022-04-11 2326 1249.062 -1.322 -0.106
2022-04-12 2287 1274.832 25.77 2.021
2022-04-13 2308 1265.049 -9.783 -0.773
2022-04-14 2313 1265.271 0.222 0.018
2022-04-15 2308 1261.379 -3.892 -0.309
2022-04-16 2308 1261.379 0 0
2022-04-17 2308 1261.379 0 0
2022-04-18 2300 1261.379 0 0
2022-04-19 2357 1214.867 -46.512 -3.829
2022-04-20 2339 1223.783 8.916 0.729
2022-04-21 2284 1253.326 29.543 2.357
2022-04-22 2307 1220.272 -33.054 -2.709
2022-04-23 2311 1211.214 -9.058 -0.748
2022-04-24 2311 1211.214 0 0
2022-04-25 2319 1189.045 -22.169 -1.864
2022-04-26 2309 1176.05 -12.995 -1.105
2022-04-27 2340 1158.344 -17.706 -1.529
2022-04-28 2317 1178.613 20.269 1.72
2022-04-29 2306 1191.087 12.474 1.047
2022-04-30 2303 1195.818 4.731 0.396
2022-05-01 2303 1195.818 0 0
2022-05-02 2371 1149.135 -46.683 -4.062
2022-05-03 2416 1114.732 -34.403 -3.086
2022-05-04 2442 1102.147 -12.585 -1.142
2022-05-05 2441 1090.284 -11.863 -1.088
2022-05-06 2481 1040.937 -49.347 -4.741
2022-05-07 2474 1043.187 2.25 0.216
2022-05-08 2474 1043.187 0 0
2022-05-09 2522 988.124 -55.063 -5.572
2022-05-12 2509 985.012 -3.112 -0.316
2022-05-14 2468 1031.291 46.279 4.487
2022-05-15 2469 1031.291 0 0
2022-05-16 2474 1030.8 -0.491 -0.048
2022-05-17 2432 1063.607 32.807 3.085
2022-05-18 2441 1062.703 -0.904 -0.085
2022-05-19 2401 1084.691 21.988 2.027
2022-05-20 2411 1091.52 6.829 0.626
2022-05-21 2420 1088.843 -2.677 -0.246
2022-05-22 2420 1088.843 0 0
2022-05-23 2407 1100.183 11.34 1.031
2022-05-24 2394 1093.689 -6.494 -0.594
2022-05-25 2415 1083.512 -10.177 -0.939
2022-05-26 2441 1074.197 -9.315 -0.867
2022-05-27 2329 1146.352 72.155 6.294
2022-05-28 2330 1148.866 2.514 0.219
2022-05-29 2329 1148.866 0 0
2022-05-30 2331 1156.757 7.891 0.682
2022-05-31 2335 1163.486 6.729 0.578
2022-06-01 2401 1114.16 -49.326 -4.427
2022-06-02 2390 1126.179 12.019 1.067
2022-06-03 2392 1121.899 -4.28 -0.381
2022-06-04 2395 1121.727 -0.172 -0.015
2022-06-05 2395 1121.727 0 0
2022-06-06 2399 1121.727 0 0
2022-06-07 2396 1121.987 0.26 0.023
2022-06-08 2401 1121.018 -0.969 -0.086
2022-06-09 2457 1073.826 -47.192 -4.395
2022-06-10 2508 1030.216 -43.61 -4.233
2022-06-11 2522 1017.36 -12.856 -1.264
2022-06-12 2522 1017.36 0 0
2022-06-13 2517 1007.763 -9.597 -0.952
2022-07-23 2502 1011.97 4.207 0.416
2022-07-24 2502 1011.97 0 0
2022-07-25 2483 1025.984 14.014 1.366
2022-07-26 2488 1023.156 -2.828 -0.276
2022-07-29 2471 1051.319 28.163 2.679
2022-07-30 2469 1057.197 5.878 0.556
2022-07-31 2469 1057.197 0 0
2022-08-01 2485 1049.299 -7.898 -0.753
2022-08-02 2523 1009.299 -40 -3.963
2022-08-04 2477 1044.679 35.38 3.387
2022-08-05 2523 1011.993 -32.686 -3.23
2022-08-06 2540 1005.844 -6.149 -0.611
2022-08-07 2540 1005.844 0 0
2022-08-08 2508 1029.725 23.881 2.319
2022-08-09 2558 986.818 -42.907 -4.348
2022-08-11 2498 1052.367 65.549 6.229
2022-08-12 2498 1055.05 2.683 0.254
2022-08-13 2525 1034.978 -20.072 -1.939
2022-08-14 2524 1034.978 0 0
2022-08-15 2539 1019.732 -15.246 -1.495
2022-08-16 2547 1010.519 -9.213 -0.912
2022-08-17 2572 972.053 -38.466 -3.957
2022-11-12 2403 1062.922 90.869 8.549
2022-11-13 2405 1062.922 0 0
2022-11-14 2410 1059.504 -3.418 -0.323
2022-11-15 2454 1036.295 -23.209 -2.24
2022-11-16 2474 1015.342 -20.953 -2.064
2022-11-17 2505 986.436 -28.906 -2.93
2022-11-24 2431 1036.091 49.655 4.793
2022-11-25 2431 1033.276 -2.815 -0.272
2022-11-26 2431 1033.276 0 0
2022-11-27 2429 1037.628 4.352 0.419
2022-11-28 2457 1019.709 -17.919 -1.757
2022-11-29 2463 1007.051 -12.658 -1.257
2022-11-30 2487 924.148 -82.903 -8.971
2022-12-14 2452 1042.12 117.972 11.32
2022-12-15 2494 1008.301 -33.819 -3.354
2023-01-18 2481 1045.406 37.105 3.549
2023-01-19 2501 1024.967 -20.439 -1.994
2023-01-20 2464 1055.359 30.392 2.88
2023-01-21 2459 1061.462 6.103 0.575
2023-01-22 2459 1061.462 0 0
2023-01-23 2427 1091.281 29.819 2.732
2023-01-24 2384 1129.012 37.731 3.342
2023-01-25 2384 1129.012 0 0
2023-01-26 2390 1126.922 -2.09 -0.185
2023-01-27 2379 1131.365 4.443 0.393
2023-01-29 2380 1129.964 -1.401 -0.124
2023-01-30 2422 1094.99 -34.974 -3.194
2023-01-31 2449 1071.884 -23.106 -2.156
2023-02-01 2431 1093.795 21.911 2.003
2023-02-02 2325 1180.319 86.524 7.331
2023-02-03 2297 1200.929 20.61 1.716
2023-02-04 2297 1200.929 0 0
2023-02-05 2320 1182.98 -17.949 -1.517
2023-02-06 2396 1117.864 -65.116 -5.825
2023-02-07 2435 1079.708 -38.156 -3.534
2023-02-08 2429 1079.425 -0.283 -0.026
2023-02-09 2459 1064.17 -15.255 -1.434
2023-02-10 2426 1085.101 20.931 1.929
2023-02-11 2433 1070.495 -14.606 -1.364
2023-02-12 2436 1070.495 0 0
2023-02-13 2398 1103.416 32.921 2.984
2023-02-14 2383 1113.902 10.486 0.941
2023-02-15 2353 1134.329 20.427 1.801
2023-02-16 2337 1136.827 2.498 0.22
2023-02-17 2362 1114.832 -21.995 -1.973
2023-02-18 2359 1114.832 0 0
2023-02-19 2359 1114.832 0 0
2023-02-20 2372 1108.745 -6.087 -0.549
2023-02-21 2375 1101.503 -7.242 -0.657
2023-02-22 2361 1114.486 12.983 1.165
2023-02-23 2347 1122.573 8.087 0.72
2023-02-24 2382 1090.221 -32.352 -2.967
2023-02-25 2379 1083.29 -6.931 -0.64
2023-02-26 2381 1083.29 0 0
2023-02-27 2357 1102.912 19.622 1.779
2023-02-28 2315 1130.001 27.089 2.397
2023-03-01 2343 1116.58 -13.421 -1.202
2023-03-02 2354 1108.466 -8.114 -0.732
2023-03-03 2337 1120.76 12.294 1.097
2023-03-04 2341 1119.235 -1.525 -0.136
2023-03-05 2338 1119.235 0 0
2023-03-06 2345 1114.745 -4.49 -0.403
2023-03-07 2328 1115.851 1.106 0.099
2023-03-08 2364 1087.55 -28.301 -2.602
2023-03-09 2365 1079.714 -7.836 -0.726
2023-03-10 2418 1015.824 -63.89 -6.289
2023-03-11 2412 1025.811 9.987 0.974
2023-03-12 2411 1025.811 0 0
2023-03-13 2427 1003.046 -22.765 -2.27
2023-03-14 2404 1020.226 17.18 1.684
2023-03-15 2439 992.466 -27.76 -2.797
2023-03-17 2431 980.006 -12.46 -1.271
2023-03-23 2439 985.845 5.839 0.592
2023-03-24 2448 992.685 6.84 0.689
2023-03-31 2434 1009.418 16.733 1.658
2023-04-01 2438 1008.367 -1.051 -0.104
2023-04-02 2439 1008.367 0 0
2023-04-03 2428 1015.921 7.554 0.744
2023-04-04 2400 1039.063 23.142 2.227
2023-04-05 2414 1024.254 -14.809 -1.446
2023-04-06 2597 1025.523 1.269 0.124
2023-04-07 2600 1022.465 -3.058 -0.299
2023-04-08 2599 1022.465 0 0
2023-04-09 2598 1022.465 0 0
2023-04-10 2599 1022.465 0 0
2023-04-11 2578 1039.134 16.669 1.604
2023-04-12 2586 1035.281 -3.853 -0.372
2023-04-13 2548 1065.661 30.38 2.851
2023-04-14 2534 1080.581 14.92 1.381
2023-04-15 2534 1078.055 -2.526 -0.234
2023-04-16 2534 1078.055 0 0
2023-04-17 2599 1035.646 -42.409 -4.095
2023-04-18 2612 1022.333 -13.313 -1.302
2023-04-19 2614 1017.276 -5.057 -0.497
2023-04-20 2619 1003.757 -13.519 -1.347
2023-04-21 2612 1007.654 3.897 0.387
2023-04-22 2611 1006.58 -1.074 -0.107
2023-04-23 2611 1006.58 0 0
2023-04-24 2622 979.735 -26.845 -2.74
2023-04-28 2600 1013.214 33.479 3.304
2023-04-29 2599 1018.528 5.314 0.522
2023-04-30 2599 1018.528 0 0
2023-05-01 2598 1018.528 0 0
2023-05-02 2615 985.429 -33.099 -3.359
2023-05-04 2597 1007.732 22.303 2.213
2023-05-05 2577 1026.119 18.387 1.792
2023-05-06 2568 1035.929 9.81 0.947
2023-05-07 2567 1035.929 0 0
2023-05-08 2566 1039.479 3.55 0.342
2023-05-09 2594 1016.045 -23.434 -2.306
2023-05-10 2600 1009.903 -6.142 -0.608
2023-05-11 2576 1028.23 18.327 1.782
2023-05-12 2583 1019.009 -9.221 -0.905
2023-05-13 2590 1014.325 -4.684 -0.462
2023-05-14 2590 1014.325 0 0
2023-05-15 2585 1017.987 3.662 0.36
2023-05-16 2589 1012.561 -5.426 -0.536
2023-05-17 2617 982.027 -30.534 -3.109
