2024-03-30 2752 1000 0 0
2024-03-31 2752 1000 0 0
2024-04-02 2747 1000 0 0
2024-04-03 2745 1000 0 0
2024-04-04 2747 1000 0 0
2024-04-05 2749 1000 0 0
2024-04-06 2748 1000 0 0
2024-04-07 2748 1000 0 0
2024-04-08 2740 1000 0 0
2024-04-09 2748 1000 0 0
2024-04-10 2748 1000 0 0
2024-04-11 2743 1000 0 0
2024-04-12 2733 1000 0 0
2024-04-13 2732 1000 0 0
2024-04-14 2732 1000 0 0
2024-04-15 2726 1000 0 0
2024-04-16 2716 1000 0 0
2024-04-17 2713 1000 0 0
2024-04-18 2719 1000 0 0
2024-04-19 2710 1000 0 0
2024-04-20 2711 1000 0 0
2024-04-21 2711 1000 0 0
2024-04-22 2711 1000 0 0
2024-04-23 2718 1000 0 0
2024-04-24 2721 1000 0 0
2024-04-25 2720 1000 0 0
2024-04-26 2723 1000 0 0
2024-04-27 2731 1000 0 0
2024-04-28 2731 1000 0 0
2024-04-29 2731 1000 0 0
2024-04-30 2732 1000 0 0
2024-05-01 2733 1000 0 0
2024-05-02 2730 1000 0 0
2024-05-03 2737 1000 0 0
2024-05-04 2747 1000 0 0
2024-05-05 2747 1000 0 0
2024-05-06 2744 1000 0 0
2024-05-07 2480 1200 200 20
2024-05-08 2475 1200 0 0
2024-05-09 2477 1200 0 0
2024-05-10 2476 1200 0 0
2024-05-11 2477 1200 0 0
2024-05-12 2477 1200 0 0
2024-05-13 2472 1200 0 0
2024-05-14 2473 1200 0 0
2024-05-15 2475 1200 0 0
2024-05-16 2483 1200 0 0
2024-05-17 2489 1200 0 0
2024-05-18 2486 1200 0 0
2024-05-19 2486 1200 0 0
2024-05-20 2488 1200 0 0
2024-05-21 2482 1200 0 0
2024-05-22 2483 1200 0 0
2024-05-23 2473 1200 0 0
2024-05-24 2472 1200 0 0
2024-05-25 2472 1200 0 0
2024-05-26 2472 1200 0 0
2024-05-27 2472 1200 0 0
2024-05-28 2469 1200 0 0
2024-05-29 2466 1200 0 0
2024-05-30 2459 1200 0 0
2024-05-31 2464 1200 0 0
2024-06-01 2463 1200 0 0
2024-06-02 2463 1200 0 0
2024-06-03 2461 1200 0 0
2024-06-04 2459 1200 0 0
2024-06-05 2466 1200 0 0
2024-06-06 2465 1200 0 0
2024-06-07 2469 1200 0 0
2024-06-09 2471 1200 0 0
2024-06-10 2470 1200 0 0
2024-06-11 2467 1200 0 0
2024-06-12 2469 1200 0 0
2024-06-13 2467 1200 0 0
2024-06-14 2465 1200 0 0
2024-06-15 2463 1200 0 0
2024-06-16 2462 1200 0 0
2024-06-17 2460 1200 0 0
2024-06-18 2466 1200 0 0
2024-06-19 2465 1200 0 0
2024-06-20 2462 1200 0 0
2024-06-21 2462 1200 0 0
2024-06-22 2459 1200 0 0
2024-06-23 2459 1200 0 0
2024-06-24 2453 1200 0 0
2024-06-25 2459 1200 0 0
2024-06-26 2467 1200 0 0
2024-06-27 2454 1200 0 0
2024-06-28 2454 1200 0 0
2024-06-29 2455 1200 0 0
2024-06-30 2456 1200 0 0
2024-07-01 2458 1200 0 0
2024-07-02 2447 1200 0 0
2024-07-03 2445 1200 0 0
2024-07-04 2442 1200 0 0
2024-07-05 2444 1200 0 0
2024-07-06 2445 1200 0 0
2024-07-07 2445 1200 0 0
2024-07-08 2443 1200 0 0
2024-07-09 2450 1200 0 0
2024-07-10 2449 1200 0 0
2024-07-11 2457 1200 0 0
2024-07-12 2460 1200 0 0
2024-07-13 2459 1200 0 0
2024-07-14 2459 1200 0 0
2024-07-15 2457 1200 0 0
2024-07-16 2458 1200 0 0
2024-07-17 2465 1200 0 0
2024-07-18 2459 1200 0 0
2024-07-19 2458 1200 0 0
2024-07-20 2453 1200 0 0
2024-07-21 2453 1200 0 0
2024-07-22 2452 1200 0 0
2024-07-23 2443 1200 0 0
2024-07-24 2436 1200 0 0
2024-07-25 2439 1200 0 0
2024-07-26 2440 1200 0 0
2024-07-27 2441 1200 0 0
2024-07-28 2441 1200 0 0
2024-07-29 2444 1200 0 0
2024-07-30 2440 1200 0 0
2024-07-31 2456 1200 0 0
2024-08-01 2449 1200 0 0
2024-08-02 2437 1200 0 0
2024-08-03 2435 1200 0 0
2024-08-04 2435 1200 0 0
2024-08-05 2416 1200 0 0
2024-08-06 2427 1200 0 0
2024-08-07 2436 1200 0 0
2024-08-08 2447 1200 0 0
2024-08-09 2439 1200 0 0
2024-08-10 2443 1200 0 0
2024-08-11 2443 1200 0 0
2024-08-12 2443 1200 0 0
2024-08-13 2445 1200 0 0
2024-08-14 2448 1200 0 0
2024-08-15 2456 1200 0 0
2024-08-16 2453 1200 0 0
2024-08-17 2450 1200 0 0
2024-08-18 2450 1200 0 0
2024-08-19 2456 1200 0 0
2024-08-20 2460 1200 0 0
2024-08-21 2464 1200 0 0
2024-08-22 2467 1200 0 0
2024-08-23 2464 1200 0 0
2024-08-24 2468 1200 0 0
2024-08-25 2468 1200 0 0
2024-08-26 2471 1200 0 0
2024-08-27 2470 1200 0 0
2024-08-28 2467 1200 0 0
2024-08-29 2465 1200 0 0
2024-08-30 2474 1200 0 0
2024-08-31 2473 1200 0 0
2024-09-01 2475 1200 0 0
2024-09-02 2475 1200 0 0
2024-09-03 2474 1200 0 0
2024-09-04 2474 1200 0 0
2024-09-05 2483 1200 0 0
2024-09-06 2477 1200 0 0
2024-09-07 2480 1200 0 0
2024-09-08 2480 1200 0 0
2024-09-09 2481 1200 0 0
2024-09-10 2477 1200 0 0
2024-09-11 2476 1200 0 0
2024-09-12 2482 1200 0 0
2024-09-13 2480 1200 0 0
2024-09-14 2484 1200 0 0
2024-09-15 2484 1200 0 0
2024-09-16 2487 1200 0 0
2024-09-17 2490 1200 0 0
2024-09-18 2484 1200 0 0
2024-09-19 2492 1200 0 0
2024-09-20 2493 1200 0 0
2024-09-21 2494 1200 0 0
2024-09-22 2494 1200 0 0
2024-09-23 2492 1200 0 0
2024-09-24 2500 1200 0 0
2024-09-25 2499 1200 0 0
2024-09-26 2516 1200 0 0
2024-09-27 2526 1200 0 0
2024-09-28 2529 1200 0 0
2024-09-29 2530 1200 0 0
2024-09-30 2553 1200 0 0
2024-10-01 2557 1200 0 0
2024-10-02 2557 1200 0 0
2024-10-03 2551 1200 0 0
2024-10-04 2551 1200 0 0
2024-10-05 2550 1200 0 0
2024-10-06 2550 1200 0 0
2024-10-07 2551 1200 0 0
2024-10-08 2557 1200 0 0
2024-10-09 2536 1200 0 0
2024-10-10 2537 1200 0 0
2024-10-11 2522 1200 0 0
2024-10-12 2523 1200 0 0
2024-10-13 2523 1200 0 0
2024-10-14 2532 1200 0 0
2024-10-15 2521 1200 0 0
2024-10-16 2519 1200 0 0
2024-10-17 2515 1200 0 0
2024-10-18 2525 1200 0 0
2024-10-19 2528 1200 0 0
2024-10-20 2530 1200 0 0
2024-10-21 2525 1200 0 0
2024-10-22 2517 1200 0 0
2024-10-23 2517 1200 0 0
2024-10-24 2510 1200 0 0
2024-10-25 2519 1200 0 0
2024-10-26 2517 1200 0 0
2024-10-27 2515 1200 0 0
2024-10-28 2522 1200 0 0
2024-10-29 2514 1200 0 0
2024-10-30 2516 1200 0 0
2024-10-31 2512 1200 0 0
2024-11-01 2506 1200 0 0
2024-11-02 2504 1200 0 0
2024-11-03 2504 1200 0 0
2024-11-04 2507 1200 0 0
2024-11-05 2519 1200 0 0
2024-11-06 2533 1200 0 0
2024-11-07 2538 1200 0 0
2024-11-08 2539 1200 0 0
2024-11-09 2537 1200 0 0
2024-11-10 2537 1200 0 0
2024-11-11 2542 1200 0 0
2024-11-12 2530 1200 0 0
2024-11-13 2524 1200 0 0
2024-11-14 2514 1200 0 0
2024-11-15 2502 1200 0 0
2024-11-16 2504 1200 0 0
2024-11-17 2504 1200 0 0
2024-11-18 2494 1200 0 0
2024-11-19 2508 1200 0 0
2024-11-20 2508 1200 0 0
2024-11-21 2505 1200 0 0
2024-11-22 2500 1200 0 0
2024-11-23 2498 1200 0 0
2024-11-24 2498 1200 0 0
2024-11-25 2496 1200 0 0
2024-11-26 2497 1200 0 0
2024-11-27 2506 1200 0 0
2024-11-28 2505 1200 0 0
2024-11-29 2510 1200 0 0
2024-11-30 2510 1200 0 0
2024-12-01 2510 1200 0 0
2024-12-02 2515 1200 0 0
2024-12-03 2513 1200 0 0
2024-12-04 2519 1200 0 0
2024-12-05 2520 1200 0 0
2024-12-06 2528 1200 0 0
2024-12-07 2525 1200 0 0
2024-12-08 2525 1200 0 0
2024-12-09 2526 1200 0 0
2024-12-10 2528 1200 0 0
2024-12-11 2531 1200 0 0
2024-12-12 2531 1200 0 0
2024-12-13 2526 1200 0 0
2024-12-14 2524 1200 0 0
2024-12-15 2523 1200 0 0
2024-12-16 2522 1200 0 0
2024-12-17 2515 1200 0 0
2024-12-18 2505 1200 0 0
2024-12-19 2508 1200 0 0
2024-12-20 2500 1200 0 0
2024-12-21 2505 1200 0 0
2024-12-22 2505 1200 0 0
2024-12-23 2496 1200 0 0
2024-12-24 2494 1200 0 0
2024-12-25 2488 1200 0 0
2024-12-26 2495 1200 0 0
2024-12-27 2493 1200 0 0
2024-12-28 2491 1200 0 0
2024-12-29 2491 1200 0 0
2024-12-30 2484 1200 0 0
2024-12-31 2477 1200 0 0
2025-01-01 2478 1200 0 0
2025-01-02 2476 1200 0 0
2025-01-03 2471 1200 0 0
2025-01-04 2471 1200 0 0
2025-01-05 2471 1200 0 0
2025-01-06 2468 1200 0 0
2025-01-07 2470 1200 0 0
2025-01-08 2471 1200 0 0
2025-01-09 2464 1200 0 0
2025-01-10 2455 1200 0 0
2025-01-11 2452 1200 0 0
2025-01-12 2453 1200 0 0
2025-01-13 2445 1200 0 0
2025-01-14 2463 1200 0 0
2025-01-15 2467 1200 0 0
2025-01-16 2475 1200 0 0
2025-01-17 2475 1200 0 0
2025-01-18 2473 1200 0 0
2025-01-19 2472 1200 0 0
2025-01-20 2478 1200 0 0
2025-01-21 2481 1200 0 0
2025-01-22 2483 1200 0 0
2025-01-23 2488 1200 0 0
2025-01-24 2491 1200 0 0
2025-01-25 2497 1200 0 0
2025-01-26 2497 1200 0 0
2025-01-27 2486 1200 0 0
2025-01-28 2491 1200 0 0
2025-01-29 2487 1200 0 0
2025-01-30 2489 1200 0 0
2025-01-31 2492 1200 0 0
2025-02-01 2490 1200 0 0
2025-02-02 2490 1200 0 0
2025-02-03 2490 1200 0 0
2025-02-04 2488 1200 0 0
2025-02-05 2498 1200 0 0
2025-02-06 2512 1200 0 0
2025-02-07 2509 1200 0 0
2025-02-08 2511 1200 0 0
2025-02-09 2511 1200 0 0
2025-02-10 2511 1200 0 0
2025-02-11 2503 1200 0 0
2025-02-12 2509 1200 0 0
2025-02-13 2509 1200 0 0
2025-02-14 2520 1200 0 0
2025-02-15 2525 1200 0 0
2025-02-16 2525 1200 0 0
2025-02-17 2524 1200 0 0
2025-02-18 2512 1200 0 0
2025-02-19 2520 1200 0 0
2025-02-20 2521 1200 0 0
2025-02-21 2529 1200 0 0
2025-02-22 2529 1200 0 0
2025-02-23 2529 1200 0 0
2025-02-24 2514 1200 0 0
2025-02-25 2513 1200 0 0
2025-02-26 2519 1200 0 0
2025-02-27 2510 1200 0 0
2025-02-28 2496 1200 0 0
2025-03-01 2494 1200 0 0
2025-03-02 2493 1200 0 0
2025-03-03 2496 1200 0 0
2025-03-04 2507 1200 0 0
2025-03-05 2512 1200 0 0
2025-03-06 2523 1200 0 0
2025-03-07 2534 1200 0 0
2025-03-08 2534 1200 0 0
2025-03-09 2535 1200 0 0
2025-03-10 2524 1200 0 0
2025-03-11 2520 1200 0 0
2025-03-12 2524 1200 0 0
2025-03-13 2511 1200 0 0
2025-03-14 2528 1200 0 0
2025-03-15 2530 1200 0 0
2025-03-16 2530 1200 0 0
2025-03-17 2533 1200 0 0
2025-03-18 2533 1200 0 0
2025-03-19 1557 2240 1040 86.667
2025-03-20 1554 2240 0 0
2025-03-21 1553 2240 0 0
2025-03-22 1549 2240 0 0
2025-03-23 1549 2240 0 0
2025-03-24 1554 2240 0 0
2025-03-25 1560 2240 0 0
2025-03-26 1551 2240 0 0
2025-03-27 1554 2240 0 0
2025-03-28 1549 2240 0 0
2025-03-29 1546 2240 0 0
2025-03-30 1546 2240 0 0
2025-03-31 1546 2240 0 0
2025-04-01 1548 2240 0 0
2025-04-02 1625 2240 0 0
2025-04-03 1619 2240 0 0
2025-04-04 1608 2240 0 0
2025-04-05 1600 2240 0 0
2025-04-06 1599 2240 0 0
2025-04-07 1568 2240 0 0
2025-04-08 1569 2240 0 0
2025-04-09 1578 2240 0 0
2025-04-10 1588 2240 0 0
2025-04-11 1593 2240 0 0
2025-04-12 1605 2240 0 0
2025-04-13 1606 2240 0 0
2025-04-14 1608 2240 0 0
2025-04-15 1616 2240 0 0
2025-04-16 1611 2240 0 0
2025-04-17 1610 2240 0 0
2025-04-18 1612 2240 0 0
2025-04-19 1612 2240 0 0
2025-04-20 1612 2240 0 0
2025-04-21 1614 2240 0 0
2025-04-22 1619 2240 0 0
2025-04-23 1629 2240 0 0
2025-04-24 1633 2240 0 0
2025-04-25 1635 2240 0 0
2025-04-26 1636 2240 0 0
2025-04-27 1636 2240 0 0
2025-04-28 1638 2240 0 0
2025-04-29 1634 2240 0 0
2025-04-30 1637 2240 0 0
2025-05-01 1637 2240 0 0
2025-05-02 1640 2240 0 0
2025-05-03 1645 2240 0 0
2025-05-04 1645 2240 0 0
2025-05-05 1643 2240 0 0
2025-05-06 1644 2240 0 0
2025-05-07 1644 2240 0 0
2025-05-08 1648 2240 0 0
2025-05-09 1644 2240 0 0
2025-05-10 1645 2240 0 0
2025-05-11 1645 2240 0 0
2025-05-12 1660 2240 0 0
2025-05-13 1654 2240 0 0
2025-05-14 1657 2240 0 0
2025-05-15 1663 2240 0 0
2025-05-16 1663 2240 0 0
2025-05-17 1663 2240 0 0
2025-05-18 1663 2240 0 0
2025-05-19 1662 2240 0 0
2025-05-20 1665 2240 0 0
2025-05-21 1660 2240 0 0
2025-05-22 1652 2240 0 0
2025-05-23 1650 2240 0 0
2025-05-24 1650 2240 0 0
2025-05-25 1652 2240 0 0
2025-05-26 1652 2240 0 0
2025-05-27 1656 2240 0 0
2025-05-28 1655 2240 0 0
2025-05-29 1659 2240 0 0
2025-05-30 1653 2240 0 0
2025-05-31 1654 2240 0 0
2025-06-01 1654 2240 0 0
2025-06-02 1652 2240 0 0
2025-06-03 1656 2240 0 0
2025-06-04 1660 2240 0 0
2025-06-05 1658 2240 0 0
2025-06-06 1661 2240 0 0
2025-06-07 1659 2240 0 0
2025-06-08 1659 2240 0 0
2025-06-09 1671 2240 0 0
2025-06-10 1669 2240 0 0
2025-06-11 1675 2240 0 0
2025-06-12 1676 2240 0 0
2025-06-13 1674 2240 0 0
2025-06-14 1670 2240 0 0
2025-06-15 1669 2240 0 0
2025-06-16 1675 2240 0 0
2025-06-17 1674 2240 0 0
2025-06-18 1670 2240 0 0
2025-06-19 1660 2240 0 0
2025-06-20 1664 2240 0 0
2025-06-21 1662 2240 0 0
2025-06-22 1660 2240 0 0
2025-06-23 1660 2240 0 0
2025-06-24 1667 2240 0 0
2025-06-25 1674 2240 0 0
2025-06-26 1672 2240 0 0
2025-06-27 1683 2240 0 0
2025-06-28 1685 2240 0 0
2025-06-29 1686 2240 0 0
2025-06-30 1687 2240 0 0
2025-07-01 1690 2240 0 0
2025-07-02 1691 2240 0 0
2025-07-03 1695 2240 0 0
2025-07-04 1691 2240 0 0
2025-07-05 1691 2240 0 0
2025-07-06 1691 2240 0 0
2025-07-07 1691 2240 0 0
2025-07-08 1692 2240 0 0
2025-07-09 1687 2240 0 0
2025-07-10 1693 2240 0 0
2025-07-11 1691 2240 0 0
2025-07-12 1692 2240 0 0
2025-07-13 1692 2240 0 0
2025-07-14 1691 2240 0 0
2025-07-15 1692 2240 0 0
2025-07-16 1686 2240 0 0
2025-07-17 1688 2240 0 0
2025-07-18 1693 2240 0 0
2025-07-19 1695 2240 0 0
2025-07-20 1695 2240 0 0
2025-07-21 1695 2240 0 0
2025-07-22 1698 2240 0 0
2025-07-23 1701 2240 0 0
2025-07-24 1701 2240 0 0
2025-07-25 1701 2240 0 0
2025-07-26 1700 2240 0 0
2025-07-27 1700 2240 0 0
2025-07-28 1705 2240 0 0
2025-07-29 1701 2240 0 0
2025-07-30 1696 2240 0 0
2025-07-31 1688 2240 0 0
2025-08-01 1691 2240 0 0
2025-08-02 1689 2240 0 0
2025-08-03 1689 2240 0 0
2025-08-04 1689 2240 0 0
2025-08-05 1689 2240 0 0
2025-08-06 1695 2240 0 0
2025-08-07 1697 2240 0 0
2025-08-08 1698 2240 0 0
2025-08-09 1698 2240 0 0
2025-08-10 1698 2240 0 0
2025-08-11 1698 2240 0 0
2025-08-12 1700 2240 0 0
2025-08-13 1708 2240 0 0
2025-08-14 1708 2240 0 0
2025-08-15 1711 2240 0 0
2025-08-16 1714 2240 0 0
2025-08-17 1714 2240 0 0
2025-08-18 1714 2240 0 0
2025-08-19 1715 2240 0 0
2025-08-20 1713 2240 0 0
2025-08-21 1715 2240 0 0
2025-08-22 1719 2240 0 0
2025-08-23 1720 2240 0 0
2025-08-24 1721 2240 0 0
2025-08-25 1725 2240 0 0
2025-08-26 1727 2240 0 0
2025-08-27 1724 2240 0 0
2025-08-28 1724 2240 0 0
2025-08-29 1725 2240 0 0
2025-08-30 1725 2240 0 0
2025-08-31 1725 2240 0 0
