2021-04-09 2177 1418.743 0 0
2021-04-10 2174 1418.688 -0.055 -0.004
2021-04-11 2175 1418.688 0 0
2021-04-12 2242 1348.712 -69.976 -4.932
2021-04-13 2291 1306.726 -41.986 -3.113
2021-04-14 2261 1335.42 28.694 2.196
2021-04-15 2296 1314.67 -20.75 -1.554
2021-04-16 2230 1366.265 51.595 3.925
2021-04-17 2237 1365.702 -0.563 -0.041
2021-04-18 2237 1365.702 0 0
2021-04-19 2198 1401.506 35.804 2.622
2021-04-20 2249 1364.936 -36.57 -2.609
2021-04-21 2271 1346.886 -18.05 -1.322
2021-04-22 2223 1387.117 40.231 2.987
2021-04-23 2305 1337.933 -49.184 -3.546
2021-04-24 2305 1337.933 0 0
2021-04-25 2304 1337.812 -0.121 -0.009
2021-04-26 2193 1423.538 85.726 6.408
2021-04-27 2221 1408.097 -15.441 -1.085
2021-04-28 2197 1432.594 24.497 1.74
2021-04-29 2311 1332.707 -99.887 -6.972
2021-04-30 2311 1332.587 -0.12 -0.009
2021-05-01 2303 1331.986 -0.601 -0.045
