2020-04-08 1593 1459.413 0 0
2020-04-09 1604 1456.931 -2.482 -0.17
2020-04-10 1604 1466.971 10.04 0.689
2020-04-11 1604 1466.971 0 0
2020-04-12 1604 1466.971 0 0
2020-04-13 1604 1466.971 0 0
2020-04-14 1612 1461.894 -5.077 -0.346
2020-04-15 1604 1470.986 9.092 0.622
2020-04-16 1601 1462.546 -8.44 -0.574
2020-04-17 1613 1455.147 -7.399 -0.506
2020-04-18 1611 1460.375 5.228 0.359
2020-04-19 1611 1460.375 0 0
2020-04-20 1612 1460.488 0.113 0.008
2020-04-21 1604 1459.509 -0.979 -0.067
2020-04-23 1611 1452.204 -7.305 -0.501
2020-04-24 1611 1452.368 0.164 0.011
2020-04-25 1613 1450.17 -2.198 -0.151
2020-04-26 1613 1450.17 0 0
2020-04-27 1617 1450.04 -0.13 -0.009
2020-04-28 1625 1453.899 3.859 0.266
2020-04-29 1636 1452.913 -0.986 -0.068
2020-04-30 1638 1456.071 3.158 0.217
