2020-01-19 312 6538.91 0 0
2020-02-07 304 6529.382 -9.528 -0.146
2020-02-15 310 6498.632 -30.75 -0.473
2020-02-16 310 6498.632 0 0
2020-02-17 308 6484.677 -13.955 -0.215
2020-02-18 307 6496.723 12.046 0.185
2020-02-19 308 6534.479 37.756 0.578
2020-02-20 314 6454.553 -79.926 -1.238
2020-02-21 313 6436.936 -17.617 -0.274
2020-02-22 313 6465.575 28.639 0.443
2020-02-23 313 6465.575 0 0
2020-02-24 319 6308.147 -157.428 -2.496
2020-02-25 317 6204.003 -104.144 -1.679
2020-02-26 312 6262.521 58.518 0.934
2020-02-27 321 6082.593 -179.928 -2.958
2020-02-28 326 5957.364 -125.229 -2.102
2020-02-29 320 5956.056 -1.308 -0.022
2020-03-01 320 5956.056 0 0
2020-03-02 323 5947.318 -8.738 -0.147
2020-03-03 318 6092.656 145.338 2.385
2020-03-04 322 6146.1 53.444 0.87
2020-03-05 326 6127.66 -18.44 -0.301
2020-03-06 328 5982.672 -144.988 -2.423
2020-03-07 324 6047.635 64.963 1.074
2020-03-08 322 6047.635 0 0
2020-03-09 344 5711.677 -335.958 -5.882
2020-03-10 332 5725.046 13.369 0.234
2020-03-11 339 5553.105 -171.941 -3.096
2020-03-12 358 5047.311 -505.794 -10.021
2020-03-13 352 5084.936 37.625 0.74
2020-03-14 351 5079.307 -5.629 -0.111
2020-03-15 351 5079.307 0 0
2020-03-16 396 4585.659 -493.648 -10.765
2020-03-17 381 4670.413 84.754 1.815
2020-03-18 372 4732.48 62.067 1.312
2020-03-19 375 4603.156 -129.324 -2.809
2020-03-20 335 5034.953 431.797 8.576
2020-03-21 335 5029.033 -5.92 -0.118
2020-03-22 335 5029.033 0 0
2020-03-23 363 4717.072 -311.961 -6.613
2020-03-24 355 4748.032 30.96 0.652
2020-03-25 320 5306.912 558.88 10.531
2020-03-26 326 5290.535 -16.377 -0.31
2020-03-27 330 5359.805 69.27 1.292
2020-03-28 330 5346.442 -13.363 -0.25
2020-03-29 330 5346.442 0 0
2020-03-30 330 5346.442 0 0
2020-03-31 327 5377.239 30.797 0.573
2020-04-01 323 5477.792 100.553 1.836
2020-04-02 324 5357.029 -120.763 -2.254
2020-04-03 340 5130.409 -226.62 -4.417
2020-04-04 359 4912.213 -218.196 -4.442
2020-04-05 359 4912.213 0 0
2020-04-06 359 4912.213 0 0
2020-04-07 349 5117.55 205.337 4.012
2020-04-08 342 5358.544 240.994 4.497
2020-04-10 339 5446.988 88.444 1.624
2020-04-11 339 5446.988 0 0
2020-04-12 339 5446.988 0 0
2020-04-13 338 5446.988 0 0
2020-04-14 343 5430.335 -16.653 -0.307
2020-04-15 345 5406.635 -23.7 -0.438
2020-04-17 335 5568.442 161.807 2.906
2020-04-18 336 5588.451 20.009 0.358
2020-04-19 336 5588.451 0 0
2020-04-20 334 5595.762 7.311 0.131
2020-04-21 346 5397.146 -198.616 -3.68
2020-04-23 337 5563.345 166.199 2.987
2020-04-24 342 5507.998 -55.347 -1.005
2020-04-25 343 5499.661 -8.337 -0.152
2020-04-26 343 5499.661 0 0
2020-04-27 333 5675.733 176.072 3.102
2020-04-28 343 5558.408 -117.325 -2.111
2020-04-29 348 5490.8 -67.608 -1.231
2020-04-30 355 5390.73 -100.07 -1.856
2020-05-01 350 5440.327 49.597 0.912
2020-05-02 348 5467.876 27.549 0.504
2020-05-03 348 5467.876 0 0
2020-05-04 355 5362.968 -104.908 -1.956
2020-05-05 352 5433.12 70.152 1.291
2020-05-06 353 5391.847 -41.273 -0.765
2020-05-07 347 5477.543 85.696 1.564
2020-05-08 347 5528.256 50.713 0.917
2020-05-09 344 5576.939 48.683 0.873
2020-05-10 344 5576.939 0 0
2020-05-11 348 5521.005 -55.934 -1.013
2020-05-12 349 5494.113 -26.892 -0.489
2020-05-13 351 5449.998 -44.115 -0.809
2020-05-14 359 5266.054 -183.944 -3.493
2020-05-15 353 5392.59 126.536 2.346
2020-05-16 353 5395.507 2.917 0.054
2020-05-17 353 5395.507 0 0
2020-05-18 345 5551.981 156.474 2.818
2020-05-19 353 5476.32 -75.661 -1.382
2020-05-20 344 5646.097 169.777 3.007
2020-05-21 347 5594.681 -51.416 -0.919
2020-05-22 341 5659.588 64.907 1.147
2020-05-23 341 5633.7 -25.888 -0.46
2020-05-24 341 5633.7 0 0
2020-05-25 333 5758.783 125.083 2.172
2020-05-26 326 5863.681 104.898 1.789
2020-05-27 325 5870.772 7.091 0.121
2020-05-28 320 5963.689 92.917 1.558
2020-05-29 313 6104.919 141.23 2.313
2020-05-30 313 6142.268 37.349 0.608
2020-05-31 313 6142.268 0 0
2020-06-01 319 6100.39 -41.878 -0.686
2020-06-02 320 6128.153 27.763 0.453
2020-06-03 306 6346.265 218.112 3.437
2020-06-04 309 6330.947 -15.318 -0.242
2020-06-05 304 6530.865 199.918 3.061
2020-06-06 307 6513.132 -17.733 -0.272
2020-06-07 307 6513.132 0 0
2020-06-08 307 6505.022 -8.11 -0.125
2020-06-09 308 6486.559 -18.463 -0.285
2020-06-10 308 6450.538 -36.021 -0.558
2020-06-11 315 6262.451 -188.087 -3.003
2020-06-12 313 6223.793 -38.658 -0.621
2020-06-13 318 6150.3 -73.493 -1.195
2020-06-14 318 6150.3 0 0
2020-06-15 317 6137.96 -12.34 -0.201
2020-06-16 314 6257.059 119.099 1.903
2020-06-17 312 6314.346 57.287 0.907
2020-06-18 318 6252.023 -62.323 -0.997
2020-06-19 316 6279.55 27.527 0.438
2020-06-20 317 6259.185 -20.365 -0.325
2020-06-21 317 6259.185 0 0
2020-06-22 318 6227.256 -31.929 -0.513
2020-06-23 318 6289.264 62.008 0.986
2020-06-24 318 6289.264 0 0
2020-06-25 325 6223.896 -65.368 -1.05
2020-06-26 323 6208.826 -15.07 -0.243
2020-06-27 320 6202.567 -6.259 -0.101
2020-06-28 320 6202.567 0 0
2020-06-29 323 6189.659 -12.908 -0.209
2020-06-30 318 6316.272 126.613 2.005
2020-07-01 316 6332.617 16.345 0.258
2020-07-07 316 6415.901 83.284 1.298
2020-07-08 319 6427.346 11.445 0.178
2020-07-09 318 6477.212 49.866 0.77
2020-07-10 318 6440.205 -37.007 -0.575
2020-07-11 318 6454.784 14.579 0.226
2020-07-12 318 6454.784 0 0
2020-07-13 318 6527.514 72.73 1.114
2020-07-14 327 6351.913 -175.601 -2.765
2020-07-15 328 6453.311 101.398 1.571
2020-07-16 325 6453.311 0 0
2020-07-17 324 6465.297 11.986 0.185
2020-07-18 324 6465.297 0 0
2020-07-20 312 6644.303 179.006 2.694
2020-07-21 312 6644.303 0 0
2020-07-22 308 6692.834 48.531 0.725
2020-07-23 325 6549.008 -143.826 -2.196
2020-07-24 342 6222.081 -326.927 -5.254
2020-07-25 337 6237.269 15.188 0.244
2020-07-26 336 6237.269 0 0
2020-07-27 333 6275.137 37.868 0.603
2020-07-28 331 6387.933 112.796 1.766
2020-07-29 332 6449.577 61.644 0.956
2020-07-30 332 6429.838 -19.739 -0.307
2020-07-31 327 6481.907 52.069 0.803
2020-08-04 320 6584.185 102.278 1.553
2020-08-05 334 6452.977 -131.208 -2.033
2020-08-06 332 6481.835 28.858 0.445
2020-08-07 326 6520.429 38.594 0.592
2020-08-08 329 6490.452 -29.977 -0.462
2020-08-09 329 6490.452 0 0
2020-08-10 333 6456.47 -33.982 -0.526
2020-08-12 320 6607.159 150.689 2.281
2020-08-13 314 6640.727 33.568 0.505
2020-08-14 327 6549.282 -91.445 -1.396
2020-08-15 327 6544.634 -4.648 -0.071
2020-08-16 327 6544.634 0 0
2020-08-17 319 6606.133 61.499 0.931
2020-08-18 327 6545.54 -60.593 -0.926
2020-08-19 324 6589.153 43.613 0.662
2020-08-20 329 6524.523 -64.63 -0.991
2020-08-21 326 6555.061 30.538 0.466
2020-08-22 332 6521.085 -33.976 -0.521
2020-08-23 332 6521.085 0 0
2020-08-24 329 6549.519 28.434 0.434
2020-08-25 320 6671.633 122.114 1.83
2020-08-26 311 6760.514 88.881 1.315
2020-08-27 310 6749.249 -11.265 -0.167
2020-08-28 313 6721.834 -27.415 -0.408
2020-08-29 312 6783.414 61.58 0.908
2020-08-30 312 6783.414 0 0
2020-08-31 318 6735.989 -47.425 -0.704
2020-09-01 312 6804.609 68.62 1.008
2020-09-02 308 6926.06 121.451 1.754
2020-09-03 316 6707.416 -218.644 -3.26
2020-09-04 329 6531.619 -175.797 -2.691
2020-09-05 329 6510.042 -21.577 -0.331
2020-09-06 329 6510.042 0 0
2020-09-07 316 6680.672 170.63 2.554
2020-09-08 324 6580.948 -99.724 -1.515
2020-09-09 319 6638.981 58.033 0.874
2020-09-10 316 6658.375 19.394 0.291
2020-09-11 321 6635.392 -22.983 -0.346
2020-09-12 325 6613.41 -21.982 -0.332
2020-09-13 325 6613.41 0 0
2020-09-14 312 6778.737 165.327 2.439
2020-09-15 314 6769.285 -9.452 -0.14
2020-09-16 314 6839.552 70.267 1.027
2020-09-17 315 6757.327 -82.225 -1.217
2020-09-18 317 6770.469 13.142 0.194
2020-09-19 315 6800.179 29.71 0.437
2020-09-21 322 6663.49 -136.689 -2.051
2020-09-22 326 6592.086 -71.404 -1.083
2020-09-23 327 6586.667 -5.419 -0.082
2020-09-24 329 6517.539 -69.128 -1.061
2020-09-25 329 6508.056 -9.483 -0.146
2020-09-26 331 6495.957 -12.099 -0.186
2020-09-27 331 6495.957 0 0
2020-09-28 323 6611.745 115.788 1.751
2020-09-29 319 6646.85 35.105 0.528
2020-09-30 319 6652.514 5.664 0.085
2020-10-01 320 6691.304 38.79 0.58
2020-10-03 330 6605.008 -86.296 -1.307
2020-10-04 330 6605.008 0 0
2020-10-05 319 6702.975 97.967 1.462
2020-10-06 330 6630.704 -72.271 -1.09
2020-10-07 330 6630.704 0 0
2020-10-08 326 6684.957 54.253 0.812
2020-10-09 324 6758.125 73.168 1.083
2020-10-10 323 6796.45 38.325 0.564
2020-10-11 323 6796.45 0 0
2020-10-12 324 6830.503 34.053 0.499
2020-10-13 326 6765.031 -65.472 -0.968
2020-10-14 327 6681.757 -83.274 -1.246
2020-10-16 328 6664.531 -17.226 -0.258
2020-10-17 328 6664.531 0 0
2020-10-18 328 6664.531 0 0
2020-10-19 327 6690.989 26.458 0.395
2020-10-20 333 6673.912 -17.077 -0.256
2020-10-21 340 6614.758 -59.154 -0.894
2020-10-22 347 6504.721 -110.037 -1.692
2020-10-23 356 6390.231 -114.49 -1.792
2020-10-24 354 6394.769 4.538 0.071
2020-10-25 353 6394.769 0 0
2020-10-26 361 6274.927 -119.842 -1.91
2020-10-27 360 6247.164 -27.763 -0.444
2020-10-28 358 6235.309 -11.855 -0.19
2020-10-29 358 6236.549 1.24 0.02
2020-10-30 358 6169.815 -66.734 -1.082
2020-10-31 358 6164.785 -5.03 -0.082
2020-11-01 358 6164.785 0 0
2020-11-02 359 6140.896 -23.889 -0.389
2020-11-03 358 6220.643 79.747 1.282
2020-11-04 345 6477.765 257.122 3.969
2020-11-05 341 6546.859 69.094 1.055
2020-11-06 342 6594.202 47.343 0.718
2020-11-07 341 6621.61 27.408 0.414
2020-11-08 341 6621.61 0 0
2020-11-09 339 6653.413 31.803 0.478
2020-11-10 344 6594.334 -59.079 -0.896
2020-11-11 330 6726.32 131.986 1.962
2020-11-12 342 6652.859 -73.461 -1.104
2020-11-13 343 6684.726 31.867 0.477
2020-11-14 338 6690.258 5.532 0.083
2020-11-15 338 6690.258 0 0
2020-11-17 330 6722.542 32.284 0.48
2020-11-18 324 6845.157 122.615 1.791
2020-11-19 324 6867.764 22.607 0.329
2020-11-20 320 6943.319 75.555 1.088
2020-11-21 320 6951.55 8.231 0.118
2020-11-22 320 6951.55 0 0
2020-11-23 331 6810.362 -141.188 -2.073
2020-11-24 339 6665.917 -144.445 -2.167
2020-11-25 331 6770.345 104.428 1.542
2020-11-26 333 6777.752 7.407 0.109
2020-11-27 332 6845.591 67.839 0.991
2020-11-28 331 6873.402 27.811 0.405
2020-11-29 331 6873.402 0 0
2020-11-30 331 6819.913 -53.489 -0.784
2020-12-01 331 6836.82 16.907 0.247
2020-12-02 330 6844.682 7.862 0.115
2020-12-03 329 6853.772 9.09 0.133
2020-12-04 322 6994.255 140.483 2.009
2020-12-05 322 6984.064 -10.191 -0.146
2020-12-06 322 6984.064 0 0
2020-12-07 325 6980.743 -3.321 -0.048
2020-12-08 325 6998.353 17.61 0.252
2020-12-09 329 6931.298 -67.055 -0.967
2020-12-10 333 6892.921 -38.377 -0.557
2020-12-11 329 6965.388 72.467 1.04
2020-12-12 330 6952.737 -12.651 -0.182
2020-12-13 330 6952.737 0 0
2020-12-14 328 6997.548 44.811 0.64
2020-12-15 330 7037.28 39.732 0.565
2020-12-16 330 7091.708 54.428 0.767
2020-12-17 325 7140.547 48.839 0.684
2020-12-18 321 7223.081 82.534 1.143
2020-12-19 321 7216.895 -6.186 -0.086
2020-12-20 321 7216.895 0 0
2020-12-21 326 7126.759 -90.136 -1.265
2020-12-22 315 7237.199 110.44 1.526
2020-12-23 315 7307.647 70.448 0.964
2020-12-24 316 7246.212 -61.435 -0.848
2020-12-25 318 7244.447 -1.765 -0.024
2020-12-26 318 7244.447 0 0
2020-12-27 318 7244.447 0 0
2020-12-28 304 7404.281 159.834 2.159
2020-12-29 303 7411.238 6.957 0.094
2020-12-31 307 7423.09 11.852 0.16
2021-01-01 309 7384.036 -39.054 -0.529
2021-01-02 309 7384.036 0 0
2021-01-03 309 7384.036 0 0
2021-01-04 308 7448.92 64.884 0.871
2021-01-05 308 7465.127 16.207 0.217
2021-01-06 318 7348.034 -117.093 -1.594
2021-01-07 320 7333.586 -14.448 -0.197
2021-01-08 316 7417.403 83.817 1.13
2021-01-09 315 7415.585 -1.818 -0.025
2021-01-10 315 7415.585 0 0
2021-01-11 315 7382.255 -33.33 -0.451
2021-01-12 322 7240.862 -141.393 -1.953
2021-01-13 320 7247.878 7.016 0.097
2021-01-14 319 7269.894 22.016 0.303
2021-01-15 321 7224.143 -45.751 -0.633
2021-01-16 325 7198.81 -25.333 -0.352
2021-01-17 325 7198.81 0 0
2021-01-18 330 7118.302 -80.508 -1.131
2021-01-19 335 7138.336 20.034 0.281
2021-01-20 326 7229.215 90.879 1.257
2021-01-21 326 7227.854 -1.361 -0.019
2021-01-22 325 7273.879 46.025 0.633
2021-01-23 325 7287.16 13.281 0.182
2021-01-24 325 7287.16 0 0
2021-01-25 316 7358.129 70.969 0.964
2021-01-26 313 7434.016 75.887 1.021
2021-01-27 310 7439.787 5.771 0.078
2021-01-28 315 7277.726 -162.061 -2.227
2021-01-29 316 7237.36 -40.366 -0.558
2021-01-30 314 7253.187 15.827 0.218
2021-01-31 314 7253.187 0 0
2021-02-01 313 7359.505 106.318 1.445
2021-02-02 312 7470.681 111.176 1.488
2021-02-03 317 7399.042 -71.639 -0.968
2021-02-04 308 7735.771 336.729 4.353
2021-02-05 309 7789.652 53.881 0.692
2021-02-06 308 7819.626 29.974 0.383
2021-02-07 308 7819.626 0 0
2021-02-08 300 7990.29 170.664 2.136
2021-02-09 295 8049.921 59.631 0.741
2021-02-10 300 8081.544 31.623 0.391
2021-02-11 298 8127.991 46.447 0.571
2021-02-12 300 8157.969 29.978 0.367
2021-02-13 301 8149.071 -8.898 -0.109
2021-02-14 301 8149.071 0 0
2021-02-15 302 8099.457 -49.614 -0.613
2021-02-16 303 8124.023 24.566 0.302
2021-02-17 305 8030.356 -93.667 -1.166
2021-02-19 301 8008.989 -21.367 -0.267
2021-02-20 300 8044.926 35.937 0.447
2021-02-21 301 8044.926 0 0
2021-02-22 309 7789.735 -255.191 -3.276
2021-02-23 314 7700.205 -89.53 -1.163
2021-02-24 309 7651.281 -48.924 -0.639
2021-02-25 313 7538.479 -112.802 -1.496
2021-02-26 309 7541.862 3.383 0.045
2021-02-27 310 7488.769 -53.093 -0.709
2021-02-28 309 7488.769 0 0
2021-03-01 314 7552.52 63.751 0.844
2021-03-02 317 7516.358 -36.162 -0.481
2021-03-03 324 7520.639 4.281 0.057
2021-03-04 324 7527.904 7.265 0.097
2021-03-05 326 7369.803 -158.101 -2.145
2021-03-06 335 7289.057 -80.746 -1.108
2021-03-07 336 7289.057 0 0
2021-03-08 333 7264.226 -24.831 -0.342
2021-03-09 331 7356.982 92.756 1.261
2021-03-11 328 7620.515 263.533 3.458
2021-03-12 336 7499.414 -121.101 -1.615
2021-03-13 336 7485.09 -14.324 -0.191
2021-03-14 337 7485.09 0 0
2021-03-15 335 7528.378 43.288 0.575
2021-03-16 330 7636.859 108.481 1.42
2021-03-18 329 7584.269 -52.59 -0.693
2021-03-19 329 7584.269 0 0
2021-03-20 327 7623.975 39.706 0.521
2021-03-21 327 7623.975 0 0
2021-03-22 323 7721.519 97.544 1.263
2021-03-23 320 7753.995 32.476 0.419
2021-03-24 326 7654.554 -99.441 -1.299
2021-03-26 319 7712.071 57.517 0.746
2021-03-27 320 7690.237 -21.834 -0.284
2021-03-28 320 7690.237 0 0
2021-03-29 326 7682.195 -8.042 -0.105
2021-03-30 326 7648.593 -33.602 -0.439
2021-03-31 322 7658.996 10.403 0.136
2021-04-01 316 7849.187 190.191 2.423
2021-04-02 315 7853.802 4.615 0.059
2021-04-03 315 7853.802 0 0
2021-04-04 315 7853.802 0 0
2021-04-05 315 7853.802 0 0
2021-04-06 312 7911.207 57.405 0.726
2021-04-07 311 7902.681 -8.526 -0.108
2021-04-08 306 7960.952 58.271 0.732
2021-04-09 305 8091.834 130.882 1.617
2021-04-10 305 8086.062 -5.772 -0.071
2021-04-11 305 8086.062 0 0
2021-04-12 309 7979.562 -106.5 -1.335
2021-04-13 310 7993.711 14.149 0.177
2021-04-14 307 8097.602 103.891 1.283
2021-04-15 305 8134.457 36.855 0.453
2021-04-16 305 8140.859 6.402 0.079
2021-04-17 306 8146.71 5.851 0.072
2021-04-18 306 8146.71 0 0
2021-04-19 312 8160.662 13.952 0.171
2021-04-20 310 8083.354 -77.308 -0.956
2021-04-21 309 8151.674 68.32 0.838
2021-04-22 310 8198.28 46.606 0.568
2021-04-23 311 8224.749 26.469 0.322
2021-04-24 311 8224.749 0 0
2021-04-25 310 8243.579 18.83 0.228
2021-04-26 315 8226.824 -16.755 -0.204
2021-04-27 314 8205.062 -21.762 -0.265
2021-04-28 316 8211.028 5.966 0.073
2021-04-29 315 8215.716 4.688 0.057
2021-04-30 313 8167.307 -48.409 -0.593
2021-05-01 313 8117.164 -50.143 -0.618
2021-05-02 313 8117.164 0 0
2021-05-03 316 8125.001 7.837 0.096
2021-05-04 321 8003.298 -121.703 -1.521
2021-05-05 318 8067.719 64.421 0.799
2021-05-06 324 8004.045 -63.674 -0.796
2021-05-07 320 8078.983 74.938 0.928
2021-05-08 316 8134.896 55.913 0.687
2021-05-09 316 8134.896 0 0
2021-05-10 322 8050.096 -84.8 -1.053
2021-05-11 321 8019.959 -30.137 -0.376
2021-05-12 327 7926.306 -93.653 -1.182
2021-05-13 313 7933.184 6.878 0.087
2021-05-14 318 7989.419 56.235 0.704
2021-05-15 318 8028.193 38.774 0.483
2021-05-16 318 8028.193 0 0
2021-05-17 325 7980.804 -47.389 -0.594
2021-05-18 330 7974.99 -5.814 -0.073
2021-05-19 332 7972.829 -2.161 -0.027
2021-05-20 321 8098.943 126.114 1.557
2021-05-21 319 8130.414 31.471 0.387
2021-05-22 319 8112.575 -17.839 -0.22
2021-05-24 318 8180.474 67.899 0.83
2021-05-25 315 8215.836 35.362 0.43
2021-05-26 314 8264.008 48.172 0.583
2021-05-27 317 8198.75 -65.258 -0.796
2021-05-28 314 8281.543 82.793 1
2021-05-29 315 8268.428 -13.115 -0.159
2021-05-30 315 8268.428 0 0
2021-05-31 317 8244.455 -23.973 -0.291
2021-06-01 320 8228.566 -15.889 -0.193
2021-06-02 320 8244.906 16.34 0.198
2021-06-03 331 8128.578 -116.328 -1.431
2021-06-04 323 8140.552 11.974 0.147
2021-06-05 325 8158.376 17.824 0.218
2021-06-06 325 8158.376 0 0
2021-06-07 329 8125.621 -32.755 -0.403
2021-06-08 320 8256.644 131.023 1.587
2021-06-09 319 8259.183 2.539 0.031
2021-06-10 319 8280.422 21.239 0.256
2021-06-11 316 8376.619 96.197 1.148
2021-06-12 316 8335.025 -41.594 -0.499
2021-06-13 316 8335.025 0 0
2021-06-14 315 8391.058 56.033 0.668
2021-06-16 308 8461.026 69.968 0.827
2021-06-17 309 8459.974 -1.052 -0.012
2021-06-18 310 8357.876 -102.098 -1.222
2021-06-19 310 8357.876 0 0
2021-06-20 312 8297.434 -60.442 -0.728
2021-06-21 308 8327.3 29.866 0.359
2021-06-22 306 8436.623 109.323 1.296
2021-06-23 308 8409.673 -26.95 -0.32
2021-06-24 299 8625.624 215.951 2.504
2021-06-25 300 8613.54 -12.084 -0.14
2021-06-26 298 8631.039 17.499 0.203
2021-06-27 298 8631.039 0 0
2021-06-28 305 8660.2 29.161 0.337
2021-06-29 308 8582.831 -77.369 -0.901
2021-06-30 309 8525.481 -57.35 -0.673
2021-07-01 309 8491.624 -33.857 -0.399
2021-07-02 306 8590.459 98.835 1.151
2021-07-03 307 8572.147 -18.312 -0.214
2021-07-04 307 8572.147 0 0
2021-07-05 306 8545.121 -27.026 -0.316
2021-07-06 301 8650.298 105.177 1.216
2021-07-07 292 8718.243 67.945 0.779
2021-07-08 294 8693.793 -24.45 -0.281
2021-07-09 290 8751.153 57.36 0.655
2021-07-10 291 8758.421 7.268 0.083
2021-07-11 291 8758.421 0 0
2021-07-12 291 8826.639 68.218 0.773
2021-07-13 288 8872.081 45.442 0.512
2021-07-14 283 8863.674 -8.407 -0.095
2021-07-15 289 8820.135 -43.539 -0.494
2021-07-16 288 8836.598 16.463 0.186
2021-07-17 289 8829.293 -7.305 -0.083
2021-07-18 289 8829.293 0 0
2021-07-19 289 8776.323 -52.97 -0.604
2021-07-20 289 8729.384 -46.939 -0.538
2021-07-21 289 8749.546 20.162 0.23
2021-07-22 283 8945.296 195.75 2.188
2021-07-23 280 9034.098 88.802 0.983
2021-07-24 281 9010.721 -23.377 -0.259
2021-07-25 281 9010.721 0 0
2021-07-26 280 9007.418 -3.303 -0.037
2021-07-27 263 9115.105 107.687 1.181
2021-07-28 257 9386.533 271.428 2.892
2021-07-29 265 9284.093 -102.44 -1.103
2021-07-30 257 9429.073 144.98 1.538
2021-07-31 258 9407.829 -21.244 -0.226
2021-08-01 258 9407.829 0 0
2021-08-02 255 9489.951 82.122 0.865
2021-08-03 254 9517.348 27.397 0.288
2021-08-04 253 9563.753 46.405 0.485
2021-08-05 249 9649.365 85.612 0.887
2021-08-06 251 9657.967 8.602 0.089
2021-08-07 253 9594.361 -63.606 -0.663
2021-08-08 253 9594.361 0 0
2021-08-09 257 9561.324 -33.037 -0.346
2021-08-10 255 9578.589 17.265 0.18
2021-08-11 254 9557.851 -20.738 -0.217
2021-08-13 258 9511.116 -46.735 -0.491
2021-08-14 255 9562.709 51.593 0.54
2021-08-15 255 9562.709 0 0
2021-08-16 256 9515.171 -47.538 -0.5
2021-08-17 257 9476.926 -38.245 -0.404
2021-08-18 258 9446.858 -30.068 -0.318
2021-08-19 259 9412.699 -34.159 -0.363
2021-08-20 257 9444.153 31.454 0.333
2021-08-21 255 9441.947 -2.206 -0.023
2021-08-22 255 9441.947 0 0
2021-08-23 253 9522.628 80.681 0.847
2021-08-24 253 9562.216 39.588 0.414
2021-08-25 254 9584.652 22.436 0.234
2021-08-26 254 9568.915 -15.737 -0.164
2021-08-27 253 9632.005 63.09 0.655
2021-08-28 253 9656.979 24.974 0.259
2021-08-29 253 9656.979 0 0
2021-08-30 257 9656.658 -0.321 -0.003
2021-08-31 263 9579.91 -76.748 -0.801
2021-09-01 257 9745.462 165.552 1.699
2021-09-02 257 9769.404 23.942 0.245
2021-09-03 258 9705.524 -63.88 -0.658
2021-09-04 256 9715.902 10.378 0.107
2021-09-05 257 9715.902 0 0
2021-09-06 257 9779.54 63.638 0.651
2021-09-07 260 9738.422 -41.118 -0.422
2021-09-08 264 9617.216 -121.206 -1.26
2021-09-09 259 9687.054 69.838 0.721
2021-09-10 265 9570.055 -116.999 -1.223
2021-09-11 262 9583.646 13.591 0.142
2021-09-12 262 9583.646 0 0
2021-09-13 266 9511.7 -71.946 -0.756
2021-09-14 256 9638.327 126.627 1.314
2021-09-15 254 9699.587 61.26 0.632
2021-09-16 247 9870.836 171.249 1.735
2021-09-17 250 9777.291 -93.545 -0.957
2021-09-18 249 9755.488 -21.803 -0.223
2021-09-19 249 9755.488 0 0
2021-09-20 247 9735.059 -20.429 -0.21
2021-09-21 241 9897.986 162.927 1.646
2021-09-22 242 9897.986 0 0
2021-09-23 246 9872.628 -25.358 -0.257
2021-09-24 252 9707.227 -165.401 -1.704
2021-09-25 252 9677.663 -29.564 -0.305
2021-09-26 252 9677.663 0 0
2021-09-27 265 9392.756 -284.907 -3.033
2021-09-28 276 9014.786 -377.97 -4.193
2021-09-29 344 7708.212 -1306.574 -16.95
2021-09-30 349 7683.53 -24.682 -0.321
2021-10-01 281 8820.359 1136.829 12.889
2021-10-02 280 8826.496 6.137 0.07
2021-10-03 280 8826.496 0 0
2021-10-05 281 8797.094 -29.402 -0.334
2021-10-06 284 8708.72 -88.374 -1.015
2021-10-07 284 8773.355 64.635 0.737
2021-10-08 292 8650.084 -123.271 -1.425
2021-10-09 291 8660.095 10.011 0.116
2021-10-10 291 8660.095 0 0
2021-10-11 293 8645.382 -14.713 -0.17
2021-10-12 291 8645.24 -0.142 -0.002
2021-10-13 282 8861.607 216.367 2.442
2021-10-14 279 8968.437 106.83 1.191
2021-10-15 284 9029.178 60.741 0.673
2021-10-16 283 9041.752 12.574 0.139
2021-10-17 283 9041.752 0 0
2021-10-18 280 9050.371 8.619 0.095
2021-10-19 278 9082.961 32.59 0.359
2021-10-20 279 9108.896 25.935 0.285
2021-10-21 276 9192.098 83.202 0.905
2021-10-22 278 9129.766 -62.332 -0.683
2021-10-23 278 9130.83 1.064 0.012
2021-10-25 279 9136.6 5.77 0.063
2021-10-26 278 9151.397 14.797 0.162
2021-10-27 277 9167.378 15.981 0.174
2021-10-28 257 9608.611 441.233 4.592
2021-10-29 253 9731.739 123.128 1.265
2021-10-30 258 9645.019 -86.72 -0.899
2021-10-31 258 9645.019 0 0
2021-11-01 254 9699.52 54.501 0.562
2021-11-02 250 9910.282 210.762 2.127
2021-11-03 244 10107.105 196.823 1.947
2021-11-04 244 10170.553 63.448 0.624
2021-11-05 236 10325.393 154.84 1.5
2021-11-06 234 10332.551 7.158 0.069
2021-11-07 234 10332.551 0 0
2021-11-08 231 10405.706 73.155 0.703
2021-11-09 231 10420.912 15.206 0.146
2021-11-10 232 10345.048 -75.864 -0.733
2021-11-11 234 10312.89 -32.158 -0.312
2021-11-12 233 10341.197 28.307 0.274
2021-11-13 233 10317.527 -23.67 -0.229
2021-11-14 233 10317.527 0 0
2021-11-15 234 10363.2 45.673 0.441
2021-11-16 241 10275.645 -87.555 -0.852
2021-11-17 241 10223.044 -52.601 -0.515
2021-11-18 239 10231.464 8.42 0.082
2021-11-19 233 10347.45 115.986 1.121
2021-11-20 233 10319.344 -28.106 -0.272
2021-11-21 233 10319.344 0 0
2021-11-22 239 10173.281 -146.063 -1.436
2021-11-23 246 9795.364 -377.917 -3.858
2021-11-24 248 9639.929 -155.435 -1.612
2021-11-25 248 9755.069 115.14 1.18
2021-11-26 247 9660.568 -94.501 -0.978
2021-11-27 245 9763.328 102.76 1.053
2021-11-28 245 9763.328 0 0
2021-11-29 241 9836.487 73.159 0.744
2021-11-30 241 9742.09 -94.397 -0.969
2021-12-01 235 9825.725 83.635 0.851
2021-12-02 246 9657.621 -168.104 -1.741
2021-12-03 245 9624.938 -32.683 -0.34
2021-12-04 247 9593.452 -31.486 -0.328
2021-12-05 247 9593.452 0 0
2021-12-06 238 9637.907 44.455 0.461
2021-12-07 233 9932.15 294.243 2.963
2021-12-08 240 9898.923 -33.227 -0.336
2021-12-09 235 10008.986 110.063 1.1
2021-12-10 242 9864.611 -144.375 -1.464
2021-12-11 240 9881.338 16.727 0.169
2021-12-12 240 9881.338 0 0
2021-12-13 239 9809.524 -71.814 -0.732
2021-12-14 247 9576.952 -232.572 -2.428
2021-12-15 236 9741.302 164.35 1.687
2021-12-16 240 9687.364 -53.938 -0.557
2021-12-17 241 9667.203 -20.161 -0.209
2021-12-18 242 9638.866 -28.337 -0.294
2021-12-19 242 9638.866 0 0
2021-12-20 237 9628.469 -10.397 -0.108
2021-12-21 240 9598.229 -30.24 -0.315
2021-12-22 233 9790.413 192.184 1.963
2021-12-23 235 9863.763 73.35 0.744
2021-12-24 234 9873.192 9.429 0.096
2021-12-25 234 9859.794 -13.398 -0.136
2021-12-26 234 9859.794 0 0
2021-12-27 235 9919.714 59.92 0.604
2021-12-28 231 10002.057 82.343 0.823
2021-12-29 233 9930.094 -71.963 -0.725
2021-12-30 236 9877.888 -52.206 -0.529
2021-12-31 236 9834.753 -43.135 -0.439
2022-01-02 236 9869.422 34.669 0.351
2022-01-03 239 9665.824 -203.598 -2.106
2022-01-04 232 9858.728 192.904 1.957
2022-01-05 238 9619.691 -239.037 -2.485
2022-01-06 248 9405.342 -214.349 -2.279
2022-01-07 252 9226.58 -178.762 -1.937
2022-01-08 251 9269.509 42.929 0.463
2022-01-09 251 9269.509 0 0
2022-01-10 255 9081.423 -188.086 -2.071
2022-01-11 253 9137.69 56.267 0.616
2022-01-12 256 9129.383 -8.307 -0.091
2022-01-13 260 9042.115 -87.268 -0.965
2022-01-14 255 9003.043 -39.072 -0.434
2022-01-15 258 8982.456 -20.587 -0.229
2022-01-16 258 8982.456 0 0
2022-01-17 260 8982.456 0 0
2022-01-18 256 9073.165 90.709 1
2022-01-19 258 8937.952 -135.213 -1.513
2022-01-20 256 9010.266 72.314 0.803
2022-01-22 260 8812.725 -197.541 -2.242
2022-01-23 260 8812.725 0 0
2022-01-24 281 8416.885 -395.84 -4.703
2022-01-25 280 8355.894 -60.991 -0.73
2022-01-26 280 8388.718 32.824 0.391
2022-01-27 288 8208.453 -180.265 -2.196
2022-01-28 292 8101.868 -106.585 -1.316
2022-01-29 295 8113.628 11.76 0.145
2022-01-30 295 8113.628 0 0
2022-01-31 280 8322.675 209.047 2.512
2022-02-01 287 8354.52 31.845 0.381
2022-02-02 271 8492.705 138.185 1.627
2022-02-03 295 8283.929 -208.776 -2.52
2022-02-04 274 8558.263 274.334 3.205
2022-02-05 272 8576.87 18.607 0.217
2022-02-06 272 8576.87 0 0
2022-02-07 275 8531.981 -44.889 -0.526
2022-02-08 286 8415.814 -116.167 -1.38
2022-02-09 280 8556.449 140.635 1.644
2022-02-10 270 8597.063 40.614 0.472
2022-02-11 279 8454.571 -142.492 -1.685
2022-02-12 280 8407.328 -47.243 -0.562
2022-02-13 282 8407.328 0 0
2022-02-14 279 8322.102 -85.226 -1.024
2022-02-15 281 8404.064 81.962 0.975
2022-02-16 283 8436.901 32.837 0.389
2022-02-17 272 8515.265 78.364 0.92
2022-02-18 281 8350.203 -165.062 -1.977
2022-02-19 283 8330.315 -19.888 -0.239
2022-02-20 283 8330.315 0 0
2022-02-21 294 8169.964 -160.351 -1.963
2022-02-22 284 8273.146 103.182 1.247
2022-02-23 284 8251.948 -21.198 -0.257
2022-02-24 267 8402.982 151.034 1.797
2022-02-25 267 8425.054 22.072 0.262
2022-02-26 266 8525.488 100.434 1.178
2022-02-27 266 8525.488 0 0
2022-02-28 244 8943.66 418.172 4.676
2022-03-01 246 8873.215 -70.445 -0.794
2022-03-02 245 8842.814 -30.401 -0.344
2022-03-03 253 8673.538 -169.276 -1.952
2022-03-04 256 8512.187 -161.351 -1.896
2022-03-05 263 8402.508 -109.679 -1.305
2022-03-06 263 8402.508 0 0
2022-03-07 242 8602.315 199.807 2.323
2022-03-08 273 8114.885 -487.43 -6.007
2022-03-09 256 8305.535 190.65 2.295
2022-03-10 258 8407.373 101.838 1.211
2022-03-11 251 8434.146 26.773 0.317
2022-03-12 255 8394.376 -39.77 -0.474
2022-03-13 255 8394.376 0 0
2022-03-14 250 8456.376 62 0.733
2022-03-15 239 8538.589 82.213 0.963
2022-03-16 244 8690.877 152.288 1.752
2022-03-17 240 8825.89 135.013 1.53
2022-03-18 233 9068.754 242.864 2.678
2022-03-19 233 9018.656 -50.098 -0.555
2022-03-20 233 9018.656 0 0
2022-03-21 234 8981.603 -37.053 -0.413
2022-03-22 230 9068.635 87.032 0.96
2022-03-23 230 9030.084 -38.551 -0.427
2022-03-24 227 9035.944 5.86 0.065
2022-03-25 228 9061.08 25.136 0.277
2022-03-26 229 9042.17 -18.91 -0.209
2022-03-27 229 9042.17 0 0
2022-03-28 231 9018.125 -24.045 -0.267
2022-03-29 225 9200.942 182.817 1.987
2022-03-30 228 9273.674 72.732 0.784
2022-04-01 230 9195.388 -78.286 -0.851
2022-04-02 238 9034.666 -160.722 -1.779
2022-04-03 238 9034.666 0 0
2022-04-05 231 9302.798 268.132 2.882
2022-04-06 244 8964.606 -338.192 -3.773
2022-04-07 247 8855.994 -108.612 -1.226
2022-04-08 261 8623.357 -232.637 -2.698
2022-04-09 263 8593.353 -30.004 -0.349
2022-04-10 263 8593.353 0 0
2022-04-11 262 8511.212 -82.141 -0.965
2022-04-12 260 8576.094 64.882 0.757
2022-04-13 261 8532.636 -43.458 -0.509
2022-04-14 260 8554.579 21.943 0.257
2022-04-15 261 8499.263 -55.316 -0.651
2022-04-16 261 8499.263 0 0
2022-04-17 261 8499.263 0 0
2022-04-18 261 8499.263 0 0
2022-04-19 260 8462.368 -36.895 -0.436
2022-04-20 263 8446.117 -16.251 -0.192
2022-04-21 259 8598.02 151.903 1.767
2022-04-22 256 8467.506 -130.514 -1.541
2022-04-23 256 8413.671 -53.835 -0.64
2022-04-24 256 8413.671 0 0
2022-04-25 257 8361.666 -52.005 -0.622
2022-04-26 266 8140.725 -220.941 -2.714
2022-04-27 257 8344.103 203.378 2.437
2022-04-28 246 8586.449 242.346 2.822
2022-04-29 246 8573.49 -12.959 -0.151
2022-04-30 241 8600.624 27.134 0.315
2022-05-01 241 8600.624 0 0
2022-05-02 253 8452.53 -148.094 -1.752
2022-05-03 242 8554.337 101.807 1.19
2022-05-04 251 8424.277 -130.06 -1.544
2022-05-05 248 8456.056 31.779 0.376
2022-05-06 261 8138.468 -317.588 -3.902
2022-05-07 254 8178.949 40.481 0.495
2022-05-08 254 8178.949 0 0
2022-05-09 268 7879.596 -299.353 -3.799
2022-05-10 268 7867.503 -12.093 -0.154
2022-05-11 262 7923.508 56.005 0.707
2022-05-12 274 7797.527 -125.981 -1.616
2022-05-13 272 7804.851 7.324 0.094
2022-05-14 273 7791.87 -12.981 -0.167
2022-05-15 273 7791.87 0 0
2022-05-16 275 7772.943 -18.927 -0.243
2022-05-17 273 7826.992 54.049 0.691
2022-05-18 276 7788.252 -38.74 -0.497
2022-05-19 273 7823.627 35.375 0.452
2022-05-20 260 7946.587 122.96 1.547
2022-05-21 263 7923.094 -23.493 -0.297
2022-05-22 263 7923.094 0 0
2022-05-23 261 7939.024 15.93 0.201
2022-05-24 274 7824.188 -114.836 -1.468
2022-05-25 264 7960.743 136.555 1.715
2022-05-26 258 8041.44 80.697 1.004
2022-05-27 249 8268.175 226.735 2.742
2022-05-28 249 8262.862 -5.313 -0.064
2022-05-29 249 8262.862 0 0
2022-05-30 243 8412.116 149.254 1.774
2022-05-31 255 8223.93 -188.186 -2.288
2022-06-01 256 8205.858 -18.072 -0.22
2022-06-02 252 8298.499 92.641 1.116
2022-06-03 251 8253.151 -45.348 -0.549
2022-06-04 251 8256.691 3.54 0.043
2022-06-05 251 8256.691 0 0
2022-06-06 249 8380.252 123.561 1.474
2022-06-07 254 8259.111 -121.141 -1.467
2022-06-08 256 8205.244 -53.867 -0.656
2022-06-09 260 8054.929 -150.315 -1.866
2022-06-10 281 7712.987 -341.942 -4.433
2022-06-11 284 7626.078 -86.909 -1.14
2022-06-12 284 7626.078 0 0
2022-06-13 291 7345.218 -280.86 -3.824
2022-06-14 297 7154.841 -190.377 -2.661
2022-06-15 293 7267.171 112.33 1.546
2022-06-16 299 7108.969 -158.202 -2.225
2022-06-17 300 7205.372 96.403 1.338
2022-06-18 300 7178.247 -27.125 -0.378
2022-06-19 300 7178.247 0 0
2022-06-20 300 7190.324 12.077 0.168
2022-06-21 302 7223.869 33.545 0.464
2022-06-22 299 7264.562 40.693 0.56
2022-06-23 294 7348.562 84 1.143
2022-06-24 284 7567.159 218.597 2.889
2022-06-25 285 7578.329 11.17 0.147
2022-06-26 285 7578.329 0 0
2022-06-27 292 7537.4 -40.929 -0.543
2022-06-28 287 7619.693 82.293 1.08
2022-06-29 287 7490.01 -129.683 -1.731
2022-06-30 294 7345.424 -144.586 -1.968
2022-07-01 287 7384.98 39.556 0.536
2022-07-02 288 7340.469 -44.511 -0.606
2022-07-03 288 7340.469 0 0
2022-07-04 293 7279.545 -60.924 -0.837
2022-07-05 307 7119.391 -160.154 -2.25
2022-07-06 294 7274.974 155.583 2.139
2022-07-07 293 7366.921 91.947 1.248
2022-07-08 289 7404.61 37.689 0.509
2022-07-09 289 7407.623 3.013 0.041
2022-07-10 289 7407.623 0 0
2022-07-11 290 7374.291 -33.332 -0.452
2022-07-12 291 7347.043 -27.248 -0.371
2022-07-13 295 7250.142 -96.901 -1.337
2022-07-14 294 7247.728 -2.414 -0.033
2022-07-15 293 7356.49 108.762 1.478
2022-07-16 288 7418.035 61.545 0.83
2022-07-17 288 7418.035 0 0
2022-07-18 289 7459.383 41.348 0.554
2022-07-19 291 7516.372 56.989 0.758
2022-07-20 283 7663.364 146.992 1.918
2022-07-21 290 7621.851 -41.513 -0.545
2022-07-22 282 7658.432 36.581 0.478
2022-07-23 276 7687.42 28.988 0.377
2022-07-24 276 7687.42 0 0
2022-07-25 286 7619.378 -68.042 -0.893
2022-07-26 277 7669.281 49.903 0.651
2022-07-27 278 7696.145 26.864 0.349
2022-07-28 279 7681.748 -14.397 -0.187
2022-07-29 270 7901.72 219.972 2.784
2022-07-30 270 7933.949 32.229 0.406
2022-07-31 270 7933.949 0 0
2022-08-01 262 8044.928 110.979 1.379
2022-08-02 258 8105.656 60.728 0.749
2022-08-03 258 8099.377 -6.279 -0.078
2022-08-04 259 8095.544 -3.833 -0.047
2022-08-05 260 8050.442 -45.102 -0.56
2022-08-06 263 8014.433 -36.009 -0.449
2022-08-07 263 8014.433 0 0
2022-08-08 260 8116.616 102.183 1.259
2022-08-09 261 8087.193 -29.423 -0.364
2022-08-10 260 8176.362 89.169 1.091
2022-08-11 251 8334.319 157.957 1.895
2022-08-12 258 8225.273 -109.046 -1.326
2022-08-13 263 8145.22 -80.053 -0.983
2022-08-14 263 8145.22 0 0
2022-08-15 259 8261.924 116.704 1.413
2022-08-16 260 8177.189 -84.735 -1.036
2022-08-17 261 8123.516 -53.673 -0.661
2022-08-18 262 8177.445 53.929 0.659
2022-08-19 265 8097.391 -80.054 -0.989
2022-08-20 266 8026.653 -70.738 -0.881
2022-08-21 266 8026.653 0 0
2022-08-22 281 7702.653 -324 -4.206
2022-08-23 291 7503.843 -198.81 -2.649
2022-08-24 289 7614.732 110.889 1.456
2022-08-25 287 7647.12 32.388 0.424
2022-08-26 297 7501.082 -146.038 -1.947
2022-08-27 293 7527.378 26.296 0.349
2022-08-28 294 7527.378 0 0
2022-08-29 307 7375.156 -152.222 -2.064
2022-08-30 306 7313.26 -61.896 -0.846
2022-08-31 305 7308.723 -4.537 -0.062
2022-09-01 313 7145.771 -162.952 -2.28
2022-09-03 300 7296.402 150.631 2.064
2022-09-04 302 7296.402 0 0
2022-09-05 301 7344.04 47.638 0.649
2022-09-06 300 7363.289 19.249 0.261
2022-09-07 311 7229.601 -133.688 -1.849
2022-09-08 309 7272.771 43.17 0.594
2022-09-09 307 7322.417 49.646 0.678
2022-09-11 308 7385.655 63.238 0.856
2022-09-12 307 7408.043 22.388 0.302
2022-09-13 316 7241.048 -166.995 -2.306
2022-09-14 316 7142.784 -98.264 -1.376
2022-09-15 332 6911.016 -231.768 -3.354
2022-09-16 333 6847.968 -63.048 -0.921
2022-09-17 329 6872.008 24.04 0.35
2022-09-18 329 6872.008 0 0
2022-09-19 323 6940.622 68.614 0.989
2022-09-20 343 6780.385 -160.237 -2.363
2022-09-21 320 6939.74 159.355 2.296
2022-09-22 350 6628.014 -311.726 -4.703
2022-09-23 342 6562.902 -65.112 -0.992
2022-09-24 346 6489.648 -73.254 -1.129
2022-09-25 346 6489.648 0 0
2022-09-26 345 6489.717 0.069 0.001
2022-09-27 362 6376.911 -112.806 -1.769
2022-09-28 366 6325.247 -51.664 -0.817
2022-09-29 366 6307.383 -17.864 -0.283
2022-09-30 341 6506.791 199.408 3.065
2022-10-01 339 6526.551 19.76 0.303
2022-10-02 339 6526.551 0 0
2022-10-03 339 6540.252 13.701 0.209
2022-10-04 320 6812.055 271.803 3.99
2022-10-05 321 6860.733 48.678 0.71
2022-10-06 328 6788.32 -72.413 -1.067
2022-10-07 352 6490.823 -297.497 -4.583
2022-10-08 355 6453.983 -36.84 -0.571
2022-10-09 355 6453.983 0 0
2022-10-10 357 6396.956 -57.027 -0.891
2022-10-11 358 6355.625 -41.331 -0.65
2022-10-12 361 6305.738 -49.887 -0.791
2022-10-13 358 6334.32 28.582 0.451
2022-10-14 360 6348.127 13.807 0.217
2022-10-15 359 6372.274 24.147 0.379
2022-10-16 358 6372.274 0 0
2022-10-17 341 6590.843 218.569 3.316
2022-10-18 335 6663.662 72.819 1.093
2022-10-19 332 6691.03 27.368 0.409
2022-10-20 312 6821.647 130.617 1.915
2022-10-21 321 6737.087 -84.56 -1.255
2022-10-22 325 6704.748 -32.339 -0.482
2022-10-23 324 6704.748 0 0
2022-10-24 312 6819.837 115.089 1.688
2022-10-25 294 7132.3 312.463 4.381
2022-10-26 304 7097.939 -34.361 -0.484
2022-10-27 309 6972.774 -125.165 -1.795
2022-10-28 308 6957.045 -15.729 -0.226
2022-10-29 313 6923.82 -33.225 -0.48
2022-10-30 313 6923.82 0 0
2022-10-31 312 6833.445 -90.375 -1.323
2022-11-01 322 6710.437 -123.008 -1.833
2022-11-02 323 6757.455 47.018 0.696
2022-11-03 328 6633.809 -123.646 -1.864
2022-11-04 338 6614.771 -19.038 -0.288
2022-11-05 331 6707.061 92.29 1.376
2022-11-06 331 6707.061 0 0
2022-11-07 336 6658.015 -49.046 -0.737
2022-11-08 320 6848.291 190.276 2.778
2022-11-09 321 6828.957 -19.334 -0.283
2022-11-10 294 7190.631 361.674 5.03
2022-11-11 294 7346.201 155.57 2.118
2022-11-12 289 7450.886 104.685 1.405
2022-11-13 289 7450.886 0 0
2022-11-14 284 7463.286 12.4 0.166
2022-11-15 286 7498.967 35.681 0.476
2022-11-16 290 7437.736 -61.231 -0.823
2022-11-17 288 7431.959 -5.777 -0.078
2022-11-18 288 7368.243 -63.716 -0.865
2022-11-19 288 7391.147 22.904 0.31
2022-11-20 288 7391.147 0 0
2022-11-21 288 7393.14 1.993 0.027
2022-11-22 287 7347.614 -45.526 -0.62
2022-11-23 291 7377.396 29.782 0.404
2022-11-24 291 7459.335 81.939 1.098
2022-11-25 287 7496.671 37.336 0.498
2022-11-26 287 7496.671 0 0
2022-11-27 283 7520.076 23.405 0.311
2022-11-28 291 7373.401 -146.675 -1.989
2022-11-29 294 7273.148 -100.253 -1.378
2022-11-30 296 7290.274 17.126 0.235
2022-12-02 278 7655.607 365.333 4.772
2022-12-03 279 7645.985 -9.622 -0.126
2022-12-04 278 7645.985 0 0
2022-12-05 286 7524.766 -121.219 -1.611
2022-12-06 289 7468.341 -56.425 -0.756
2022-12-07 293 7406.228 -62.113 -0.839
2022-12-08 295 7377.948 -28.28 -0.383
2022-12-09 297 7449.548 71.6 0.961
2022-12-10 297 7446.407 -3.141 -0.042
2022-12-11 297 7446.407 0 0
2022-12-12 290 7482.297 35.89 0.48
2022-12-13 281 7720.521 238.224 3.086
2022-12-14 279 7746.724 26.203 0.338
2022-12-15 287 7559.42 -187.304 -2.478
2022-12-16 292 7455.694 -103.726 -1.391
2022-12-17 293 7431.158 -24.536 -0.33
2022-12-18 293 7431.158 0 0
2022-12-19 287 7454.997 23.839 0.32
2022-12-20 292 7362.881 -92.116 -1.251
2022-12-21 288 7455.758 92.877 1.246
2022-12-22 285 7518.196 62.438 0.83
2022-12-23 297 7341.872 -176.324 -2.402
2022-12-24 296 7351.223 9.351 0.127
2022-12-25 296 7351.223 0 0
2022-12-26 297 7351.223 0 0
2022-12-27 297 7396.894 45.671 0.617
2022-12-28 296 7372.347 -24.547 -0.333
2022-12-29 289 7453.674 81.327 1.091
2022-12-30 296 7381.233 -72.441 -0.981
2022-12-31 296 7385.172 3.939 0.053
2023-01-01 296 7385.172 0 0
2023-01-02 287 7469.189 84.017 1.125
2023-01-03 290 7468.705 -0.484 -0.006
2023-01-04 294 7431.856 -36.849 -0.496
2023-01-05 295 7462.206 30.35 0.407
2023-01-06 298 7432.402 -29.804 -0.401
2023-01-07 301 7490.714 58.312 0.778
2023-01-08 301 7490.714 0 0
2023-01-09 300 7461.547 -29.167 -0.391
2023-01-10 301 7467.856 6.309 0.084
2023-01-11 300 7505.853 37.997 0.506
2023-01-13 288 7702.972 197.119 2.559
2023-01-14 290 7719.656 16.684 0.216
2023-01-15 290 7719.656 0 0
2023-01-16 293 7710.146 -9.51 -0.123
2023-01-17 287 7784.901 74.755 0.96
2023-01-18 288 7764.63 -20.271 -0.261
2023-01-19 288 7701.804 -62.826 -0.816
2023-01-20 289 7669.172 -32.632 -0.425
2023-01-21 289 7698.244 29.072 0.378
2023-01-22 289 7698.244 0 0
2023-01-23 287 7735.831 37.587 0.486
2023-01-24 290 7704.144 -31.687 -0.411
2023-01-25 290 7704.144 0 0
2023-01-26 291 7650.591 -53.553 -0.7
2023-01-27 307 7503.44 -147.151 -1.961
2023-01-29 308 7493.68 -9.76 -0.13
2023-01-30 307 7476.023 -17.657 -0.236
2023-01-31 296 7579.157 103.134 1.361
2023-02-01 291 7641.44 62.283 0.815
2023-02-02 264 8094.597 453.157 5.598
2023-02-03 255 8284.782 190.185 2.296
2023-02-04 255 8284.782 0 0
2023-02-05 255 8221.814 -62.968 -0.766
2023-02-06 256 8153.215 -68.599 -0.841
2023-02-07 271 7981.428 -171.787 -2.152
2023-02-08 271 7936.653 -44.775 -0.564
2023-02-09 269 7950.688 14.035 0.177
2023-02-10 271 7913.026 -37.662 -0.476
2023-02-11 280 7850.506 -62.52 -0.796
2023-02-12 280 7850.506 0 0
2023-02-13 272 7959.065 108.559 1.364
2023-02-14 268 8066.351 107.286 1.33
2023-02-15 264 8109.646 43.295 0.534
2023-02-16 262 8146.176 36.53 0.448
2023-02-17 262 8031.076 -115.1 -1.433
2023-02-18 262 8031.076 0 0
2023-02-19 262 8031.076 0 0
2023-02-20 261 8010.989 -20.087 -0.251
2023-02-21 256 8032.797 21.808 0.271
2023-02-22 252 8092.59 59.793 0.739
2023-02-23 259 8002.495 -90.095 -1.126
2023-02-24 264 7916.946 -85.549 -1.081
2023-02-25 269 7876.051 -40.895 -0.519
2023-02-26 269 7876.051 0 0
2023-02-27 275 7862.682 -13.369 -0.17
2023-02-28 269 7829.844 -32.838 -0.419
2023-03-01 274 7753.125 -76.719 -0.99
2023-03-02 262 7896.489 143.364 1.816
2023-03-03 263 7923.239 26.75 0.338
2023-03-04 264 7914.002 -9.237 -0.117
2023-03-05 263 7914.002 0 0
2023-03-06 262 7909.218 -4.784 -0.06
2023-03-07 258 7976.889 67.671 0.848
2023-03-08 272 7826.67 -150.219 -1.919
2023-03-09 248 8054.507 227.837 2.829
2023-03-10 249 7977.339 -77.168 -0.967
2023-03-11 246 8118.186 140.847 1.735
2023-03-12 246 8118.186 0 0
2023-03-13 244 8039.001 -79.185 -0.985
2023-03-14 240 8222.101 183.1 2.227
2023-03-15 241 8146.096 -76.005 -0.933
2023-03-16 236 8267.071 120.975 1.463
2023-03-17 240 8220.959 -46.112 -0.561
2023-03-18 240 8240.212 19.253 0.234
2023-03-19 240 8240.212 0 0
2023-03-20 237 8296.046 55.834 0.673
2023-03-21 240 8326.435 30.389 0.365
2023-03-22 234 8381.954 55.519 0.662
2023-03-23 233 8406.986 25.032 0.298
2023-03-24 232 8467.729 60.743 0.717
2023-03-25 233 8368.399 -99.33 -1.187
2023-03-26 233 8368.399 0 0
2023-03-27 232 8421.668 53.269 0.633
2023-03-28 244 8217.201 -204.467 -2.488
2023-03-29 242 8294.909 77.708 0.937
2023-03-30 237 8428.531 133.622 1.585
2023-03-31 230 8590.155 161.624 1.882
2023-04-01 231 8551.889 -38.266 -0.447
2023-04-02 231 8551.889 0 0
2023-04-03 236 8472.048 -79.841 -0.942
2023-04-04 233 8510.562 38.514 0.453
2023-04-05 231 8589.959 79.397 0.924
2023-04-06 244 8591.908 1.949 0.023
2023-04-07 243 8601.293 9.385 0.109
2023-04-08 242 8601.293 0 0
2023-04-09 242 8601.293 0 0
2023-04-10 242 8601.293 0 0
2023-04-11 247 8546.106 -55.187 -0.646
2023-04-12 248 8550.066 3.96 0.046
2023-04-13 242 8664.315 114.249 1.319
2023-04-14 243 8684.483 20.168 0.232
2023-04-15 243 8652.938 -31.545 -0.365
2023-04-16 243 8652.938 0 0
2023-04-17 243 8654.425 1.487 0.017
2023-04-18 245 8579.1 -75.325 -0.878
2023-04-19 243 8558.56 -20.54 -0.24
2023-04-20 246 8533.916 -24.644 -0.289
2023-04-21 243 8548.834 14.918 0.175
2023-04-22 243 8545.081 -3.753 -0.044
2023-04-23 243 8545.081 0 0
2023-04-24 243 8520.941 -24.14 -0.283
2023-04-25 240 8519.602 -1.339 -0.016
2023-04-26 260 8101.532 -418.07 -5.16
2023-04-27 253 8296.363 194.831 2.348
2023-04-28 247 8408.851 112.488 1.338
2023-04-29 246 8431.131 22.28 0.264
2023-04-30 246 8431.131 0 0
2023-05-01 245 8431.131 0 0
2023-05-02 248 8351.238 -79.893 -0.957
2023-05-03 241 8468.781 117.543 1.388
2023-05-04 243 8382.987 -85.794 -1.023
2023-05-05 252 8284.164 -98.823 -1.193
2023-05-06 252 8287.811 3.647 0.044
2023-05-07 252 8287.811 0 0
2023-05-08 251 8293.797 5.986 0.072
2023-05-09 255 8156.076 -137.721 -1.689
2023-05-10 251 8181.075 24.999 0.306
2023-05-11 251 8205.623 24.548 0.299
2023-05-12 247 8210.453 4.83 0.059
2023-05-13 250 8168.535 -41.918 -0.513
2023-05-14 250 8168.535 0 0
2023-05-15 250 8223.001 54.466 0.662
2023-05-16 250 8208.971 -14.03 -0.171
2023-05-17 246 8245.102 36.131 0.438
2023-05-18 241 8367.794 122.692 1.466
2023-05-19 242 8367.396 -0.398 -0.005
2023-05-20 246 8350.087 -17.309 -0.207
2023-05-21 246 8350.087 0 0
2023-05-22 232 8608.275 258.188 2.999
2023-05-23 232 8602.491 -5.784 -0.067
2023-05-24 241 8358.85 -243.641 -2.915
2023-05-25 236 8476.438 117.588 1.387
2023-05-26 228 8593.732 117.294 1.365
2023-05-27 231 8575.332 -18.4 -0.215
2023-05-28 231 8575.332 0 0
2023-05-29 230 8531.713 -43.619 -0.511
2023-05-30 230 8551.028 19.315 0.226
2023-05-31 228 8558.464 7.436 0.087
2023-06-01 227 8610.697 52.233 0.607
2023-06-02 226 8733.421 122.724 1.405
2023-06-03 230 8727.801 -5.62 -0.064
2023-06-04 230 8727.801 0 0
2023-06-05 232 8665.63 -62.171 -0.717
2023-06-06 235 8676.01 10.38 0.12
2023-06-07 238 8594.807 -81.203 -0.945
2023-06-08 239 8576.542 -18.265 -0.213
2023-06-09 241 8566.662 -9.88 -0.115
2023-06-10 245 8556.525 -10.137 -0.118
2023-06-11 246 8556.525 0 0
2023-06-12 240 8677.09 120.565 1.389
2023-06-13 236 8761.784 84.694 0.967
2023-06-14 242 8697.266 -64.518 -0.742
2023-06-15 243 8762.084 64.818 0.74
2023-06-16 235 8941.504 179.42 2.007
2023-06-17 231 8953.226 11.722 0.131
2023-06-18 231 8953.226 0 0
2023-06-19 237 8897.735 -55.491 -0.624
2023-06-20 233 8914.961 17.226 0.193
2023-06-21 234 8850.374 -64.587 -0.73
2023-06-22 234 8819.197 -31.177 -0.354
2023-06-23 232 8812.357 -6.84 -0.078
2023-06-24 234 8750.981 -61.376 -0.701
2023-06-25 234 8750.981 0 0
2023-06-26 237 8612.285 -138.696 -1.61
2023-06-27 237 8612.285 0 0
2023-06-28 232 8846.701 234.416 2.65
2023-06-29 232 8842.611 -4.09 -0.046
2023-06-30 227 8973.27 130.659 1.456
2023-07-01 227 8990.892 17.622 0.196
2023-07-02 227 8990.892 0 0
2023-07-03 236 8871.625 -119.267 -1.344
2023-07-04 234 8888.982 17.357 0.195
2023-07-05 234 8866.986 -21.996 -0.248
2023-07-06 239 8656.468 -210.518 -2.432
2023-07-07 234 8671.76 15.292 0.176
2023-07-08 235 8737.275 65.515 0.75
2023-07-09 235 8737.275 0 0
2023-07-10 236 8761.039 23.764 0.271
2023-07-11 233 8840.904 79.865 0.903
2023-07-12 231 8988.091 147.187 1.638
2023-07-13 228 9204.34 216.249 2.349
2023-07-14 234 9220.575 16.235 0.176
2023-07-15 230 9259.966 39.391 0.425
2023-07-16 230 9259.966 0 0
2023-07-17 228 9279.882 19.916 0.215
2023-07-18 231 9282.823 2.941 0.032
2023-07-19 228 9364.526 81.703 0.872
2023-07-20 235 9207.833 -156.693 -1.702
2023-07-21 244 8912.507 -295.326 -3.314
2023-07-22 246 8885.764 -26.743 -0.301
2023-07-23 246 8885.764 0 0
2023-07-24 247 8886.956 1.192 0.013
2023-07-25 259 8565.947 -321.009 -3.748
2023-07-26 264 8460.187 -105.76 -1.25
2023-07-27 250 8732.442 272.255 3.118
2023-07-28 258 8643.381 -89.061 -1.03
2023-07-29 257 8677.718 34.337 0.396
2023-07-30 257 8677.718 0 0
2023-07-31 254 8743.259 65.541 0.75
2023-08-01 255 8719.813 -23.446 -0.269
2023-08-02 256 8575.423 -144.39 -1.684
2023-08-03 261 8471.867 -103.556 -1.222
2023-08-04 259 8522.596 50.729 0.595
2023-08-05 256 8593.054 70.458 0.82
2023-08-06 256 8593.054 0 0
2023-08-07 254 8619.758 26.704 0.31
2023-08-08 256 8554.638 -65.12 -0.761
2023-08-09 257 8518.337 -36.301 -0.426
2023-08-10 255 8561.612 43.275 0.505
2023-08-11 263 8351.163 -210.449 -2.52
2023-08-12 261 8316.344 -34.819 -0.419
2023-08-13 261 8316.344 0 0
2023-08-14 261 8322.983 6.639 0.08
2023-08-15 259 8268.152 -54.831 -0.663
2023-08-16 260 8293.459 25.307 0.305
2023-08-17 267 8057.249 -236.21 -2.932
2023-08-18 267 8076.299 19.05 0.236
2023-08-19 268 8064.005 -12.294 -0.152
2023-08-20 268 8064.005 0 0
2023-08-21 267 8071.111 7.106 0.088
2023-08-22 263 8168.066 96.955 1.187
2023-08-23 261 8190.023 21.957 0.268
2023-08-24 265 8121.764 -68.259 -0.84
2023-08-25 266 8105.149 -16.615 -0.205
2023-08-26 267 8053.646 -51.503 -0.639
2023-08-27 267 8053.646 0 0
2023-08-28 262 8179.024 125.378 1.533
2023-08-29 264 8249.595 70.571 0.855
2023-08-30 265 8294.031 44.436 0.536
2023-08-31 264 8316.977 22.946 0.276
2023-09-01 265 8304.581 -12.396 -0.149
2023-09-02 266 8269.578 -35.003 -0.423
2023-09-03 266 8269.578 0 0
2023-09-04 267 8308.728 39.15 0.471
2023-09-05 266 8292.618 -16.11 -0.194
2023-09-06 269 8189.652 -102.966 -1.257
2023-09-07 269 8170.633 -19.019 -0.233
2023-09-08 268 8192.87 22.237 0.271
2023-09-09 273 8199.893 7.023 0.086
2023-09-10 274 8199.893 0 0
2023-09-11 274 8191.421 -8.472 -0.103
2023-09-12 280 8096.092 -95.329 -1.177
2023-09-13 286 8018.217 -77.875 -0.971
2023-09-14 288 8023.054 4.837 0.06
2023-09-15 289 7986.912 -36.142 -0.453
2023-09-16 289 7987.764 0.852 0.011
2023-09-17 288 7987.764 0 0
2023-09-18 287 8019.337 31.573 0.394
2023-09-19 287 8006.359 -12.978 -0.162
2023-09-20 286 7996.143 -10.216 -0.128
2023-09-21 288 7901.158 -94.985 -1.202
2023-09-22 290 7903.486 2.328 0.029
2023-09-23 290 7901.802 -1.684 -0.021
2023-09-24 290 7901.802 0 0
2023-09-25 289 7865.634 -36.168 -0.46
2023-09-26 293 7764.208 -101.426 -1.306
2023-09-27 288 7827.999 63.791 0.815
2023-09-28 290 7760.698 -67.301 -0.867
2023-09-29 289 7875.873 115.175 1.462
2023-09-30 289 7894.218 18.345 0.232
