2020-01-19 203 8762.647 0 0
2020-02-07 204 8615.073 -147.574 -1.713
2020-02-15 203 8559.276 -55.797 -0.652
2020-02-16 202 8559.276 0 0
2020-02-17 202 8540.471 -18.805 -0.22
2020-02-18 241 7731.309 -809.162 -10.466
2020-02-19 242 7733.33 2.021 0.026
2020-02-20 243 7712.79 -20.54 -0.266
2020-02-21 242 7719.096 6.306 0.082
2020-02-22 236 7750.746 31.65 0.408
2020-02-23 235 7750.746 0 0
2020-02-24 231 7726.019 -24.727 -0.32
2020-02-25 228 7723.694 -2.325 -0.03
2020-02-26 226 7732.191 8.497 0.11
2020-02-27 223 7707.415 -24.776 -0.321
2020-02-28 216 7760.199 52.784 0.68
2020-02-29 216 7765.15 4.951 0.064
