2020-09-12 2233 1019.76 0 0
2020-09-13 2233 1019.76 0 0
2020-09-14 2237 1019.76 0 0
2020-09-15 2241 1019.76 0 0
2020-09-16 2241 1019.76 0 0
2020-09-17 2242 1019.76 0 0
2020-09-18 2241 1019.76 0 0
2020-09-19 2244 1019.76 0 0
2020-09-21 2242 1019.76 0 0
2020-09-22 2231 1019.76 0 0
2020-09-23 2227 1019.76 0 0
2020-09-24 2219 1019.76 0 0
2020-09-25 2219 1019.76 0 0
2020-09-26 2219 1019.76 0 0
2020-09-27 2219 1019.76 0 0
2020-09-28 2221 1019.76 0 0
2020-09-29 2214 1019.76 0 0
2020-09-30 2216 1019.76 0 0
