2020-04-08 867 2620.473 0 0
2020-04-09 844 2698.09 77.617 2.962
2020-04-10 847 2718.697 20.607 0.764
2020-04-11 847 2718.697 0 0
2020-04-12 847 2718.697 0 0
2020-04-13 866 2662.927 -55.77 -2.051
2020-04-14 824 2800.863 137.936 5.18
2020-04-15 832 2771.243 -29.62 -1.058
2020-04-16 813 2802.171 30.928 1.116
2020-04-17 803 2862.986 60.815 2.17
2020-04-18 810 2861.853 -1.133 -0.04
2020-04-19 810 2861.853 0 0
2020-04-20 763 3004.019 142.166 4.968
2020-04-21 751 3039.604 35.585 1.185
2020-04-23 768 2961.649 -77.955 -2.565
2020-04-24 786 2929.018 -32.631 -1.102
2020-04-25 785 2927.322 -1.696 -0.058
2020-04-26 785 2927.322 0 0
2020-04-27 770 2999.373 72.051 2.461
2020-04-28 772 2992.733 -6.64 -0.221
2020-04-29 783 2979.013 -13.72 -0.458
2020-04-30 782 2996.455 17.442 0.585
