2020-09-05 893 3000 0 0
2020-09-06 893 3000 0 0
2020-09-07 887 3000 0 0
2020-09-08 887 3000 0 0
2020-09-09 884 3000 0 0
2020-09-10 882 3000 0 0
2020-09-11 882 3000 0 0
2020-09-12 881 3000 0 0
2020-09-13 881 3000 0 0
2020-09-14 884 3000 0 0
2020-09-15 886 3000 0 0
2020-09-16 892 3000 0 0
2020-09-17 891 3000 0 0
2020-09-18 896 3000 0 0
2020-09-19 896 3000 0 0
2020-09-21 888 3000 0 0
2020-09-22 881 3000 0 0
2020-09-23 883 3000 0 0
2020-09-24 876 3000 0 0
2020-09-25 874 3000 0 0
2020-09-26 874 3000 0 0
2020-09-27 874 3000 0 0
2020-09-28 876 3000 0 0
2020-09-29 877 3000 0 0
2020-09-30 885 3000 0 0
2020-10-01 886 3000 0 0
2020-10-03 887 3000 0 0
2020-10-04 887 3000 0 0
2020-10-05 891 3000 0 0
2020-10-06 891 3000 0 0
2020-10-07 891 3000 0 0
2020-10-08 895 3000 0 0
2020-10-09 900 3000 0 0
2020-10-10 897 3000 0 0
2020-10-11 898 3000 0 0
2020-10-12 903 3000 0 0
2020-10-13 903 3000 0 0
2020-10-14 901 3000 0 0
2020-10-16 901 3000 0 0
2020-10-17 901 3000 0 0
2020-10-18 901 3000 0 0
2020-10-19 900 3000 0 0
2020-10-20 902 3000 0 0
2020-10-21 900 3000 0 0
2020-10-22 902 3000 0 0
2020-10-23 900 3000 0 0
2020-10-24 900 3000 0 0
2020-10-25 899 3000 0 0
2020-10-26 895 3000 0 0
2020-10-27 896 3000 0 0
2020-10-28 885 3000 0 0
2020-10-29 888 3000 0 0
2020-10-30 878 3000 0 0
2020-10-31 880 3000 0 0
