2026-03-10 3102 1175 0 0
2026-03-11 3116 1169.999 -5.001 -0.426
2026-03-12 3090 1184.398 14.399 1.231
2026-03-13 3055 1195.522 11.124 0.939
2026-03-14 3056 1189.694 -5.828 -0.487
2026-03-15 3056 1189.694 0 0
2026-03-16 3058 1189.694 0 0
2026-03-17 3075 1184.455 -5.239 -0.44
2026-03-18 3076 1184.455 0 0
2026-03-19 3053 1186.592 2.137 0.18
2026-03-20 3057 1172.73 -13.862 -1.168
2026-03-21 3087 1155.2 -17.53 -1.495
2026-03-22 3087 1155.2 0 0
2026-03-23 3064 1155.2 0 0
2026-03-24 3050 1164.682 9.482 0.821
2026-03-25 3028 1192.07 27.388 2.352
2026-03-26 3015 1192.07 0 0
2026-03-27 3019 1192.07 0 0
2026-03-28 2983 1208.238 16.168 1.356
2026-03-29 2983 1208.238 0 0
2026-03-30 2982 1208.238 0 0
2026-03-31 2979 1209.465 1.227 0.102
2026-04-01 2982 1217.658 0 0
2026-04-02 2980 1217.658 0 0
2026-04-03 2984 1220.187 0 0
2026-04-04 2951 1231.314 0 0
