2020-12-17 1038 2842.205 0 0
2020-12-18 940 3066.491 224.286 7.891
2020-12-19 939 3066.491 0 0
2020-12-20 939 3066.491 0 0
2020-12-21 984 2953.424 -113.067 -3.687
2020-12-22 1006 2889.87 -63.554 -2.152
2020-12-23 1003 2916.29 26.42 0.914
2020-12-24 1006 2920.724 4.434 0.152
2020-12-25 1007 2920.724 0 0
2020-12-26 1007 2920.724 0 0
2020-12-27 1007 2920.724 0 0
2020-12-28 1124 2633.022 -287.702 -9.85
2020-12-29 1136 2603.138 -29.884 -1.135
2020-12-31 1137 2630.481 27.343 1.05
2021-01-01 1134 2630.481 0 0
2021-01-02 1134 2630.481 0 0
2021-01-03 1134 2630.481 0 0
2021-01-04 1177 2564.71 -65.771 -2.5
2021-01-05 1133 2661.519 96.809 3.775
2021-01-06 1175 2579.86 -81.659 -3.068
2021-01-07 1081 2781.053 201.193 7.799
2021-01-08 1038 2915.551 134.498 4.836
2021-01-09 1049 2876.938 -38.613 -1.324
2021-01-10 1049 2876.938 0 0
2021-01-11 959 3078.5 201.562 7.006
2021-01-12 820 3540.19 461.69 14.997
2021-01-13 790 3651.225 111.035 3.136
2021-01-14 754 3821.934 170.709 4.675
2021-01-15 806 3588.78 -233.154 -6.1
2021-01-16 845 3450.771 -138.009 -3.846
2021-01-17 845 3450.771 0 0
2021-01-18 844 3450.771 0 0
2021-01-19 791 3665.081 214.31 6.21
2021-01-20 843 3493.448 -171.633 -4.683
2021-01-21 841 3519.868 26.42 0.756
2021-01-22 838 3540.375 20.507 0.583
2021-01-23 837 3540.375 0 0
2021-01-24 837 3540.375 0 0
2021-01-25 837 3536.865 -3.51 -0.099
2021-01-26 804 3655.29 118.425 3.348
2021-01-27 820 3560.143 -95.147 -2.603
2021-01-28 861 3388.88 -171.263 -4.811
2021-01-29 810 3563.838 174.958 5.163
2021-01-30 809 3563.838 0 0
2021-01-31 809 3563.838 0 0
