2019-11-07 795 3089.945 0 0
2020-01-19 828 3117.921 27.976 0.905
2020-02-07 845 3027.475 -90.446 -2.901
2020-02-15 865 2996.994 -30.481 -1.007
2020-02-16 865 2996.994 0 0
2020-02-17 868 2985.575 -11.419 -0.381
2020-02-18 866 2985.575 0 0
2020-02-19 861 2999.992 14.417 0.483
2020-02-20 857 3000.144 0.152 0.005
2020-02-21 846 3017.063 16.919 0.564
2020-02-22 847 3016.325 -0.738 -0.024
2020-02-23 847 3016.325 0 0
2020-02-24 833 3016.325 0 0
2020-02-25 829 3002.995 -13.33 -0.442
2020-02-26 821 3003.616 0.621 0.021
2020-02-27 842 2921.45 -82.166 -2.736
2020-02-28 842 2894.24 -27.21 -0.931
2020-02-29 850 2876.876 -17.364 -0.6
