2024-06-27 2484 1181.826 0 0
2024-06-28 2480 1182.115 0.289 0.024
2024-06-29 2480 1183.125 1.01 0.085
2024-06-30 2481 1183.125 0 0
2024-07-01 2476 1185.441 2.316 0.196
2024-07-02 2472 1183.056 -2.385 -0.201
2024-07-03 2435 1209.607 26.551 2.244
2024-07-04 2448 1199.708 -9.899 -0.818
2024-07-05 2404 1236.183 36.475 3.04
2024-07-06 2403 1236.739 0.556 0.045
2024-07-07 2403 1236.739 0 0
2024-07-08 2409 1226.908 -9.831 -0.795
2024-07-09 2407 1232.569 5.661 0.461
2024-07-10 2430 1211.838 -20.731 -1.682
2024-07-11 2463 1199.279 -12.559 -1.036
2024-07-12 2444 1208.791 9.512 0.793
2024-07-13 2446 1209.268 0.477 0.039
2024-07-14 2446 1209.268 0 0
2024-07-15 2419 1230.699 21.431 1.772
2024-07-16 2381 1259.019 28.32 2.301
2024-07-17 2377 1259.245 0.226 0.018
2024-07-18 2471 1195.96 -63.285 -5.026
2024-07-19 2558 1116.82 -79.14 -6.617
2024-07-20 2554 1116.769 -0.051 -0.005
2024-07-21 2554 1116.769 0 0
2024-07-22 2524 1139.124 22.355 2.002
2024-07-23 2535 1126.343 -12.781 -1.122
2024-07-24 2535 1123.825 -2.518 -0.224
2024-07-25 2548 1111.949 -11.876 -1.057
2024-07-26 2521 1141.211 29.262 2.632
2024-07-27 2522 1140.938 -0.273 -0.024
2024-07-28 2522 1140.938 0 0
2024-07-29 2437 1204.438 63.5 5.566
2024-07-30 2357 1262.505 58.067 4.821
2024-07-31 2348 1283.668 21.163 1.676
