2026-02-14 3174 1009.193 0 0
2026-02-15 3174 1009.193 0 0
2026-02-16  972.706 -36.487 -3.615
2026-02-17  989.125 16.419 1.688
2026-02-28 3110 1056.038 66.913 6.765
2026-03-01 3104 1056.038 0 0
2026-03-11 3297 1052.4 -3.638 -0.344
2026-03-12 3317 1032.925 -19.475 -1.851
2026-03-13 3326 1026.854 -6.071 -0.588
2026-03-14 3324 1024.311 -2.543 -0.248
2026-03-15 3324 1024.311 0 0
2026-03-16 3321 1024.311 0 0
2026-03-17  998.088 -26.223 -2.56
2026-03-18 3281 1050.697 52.609 5.271
2026-03-19 3339 1005.538 -45.159 -4.298
2026-03-20 3311 1014.869 9.331 0.928
2026-03-21 3325 1007.204 -7.665 -0.755
2026-03-22 3325 1007.204 0 0
2026-03-23  947.562 -59.642 -5.922
2026-03-28 3245 1055.128 107.566 11.352
2026-03-29 3245 1055.128 0 0
2026-03-30 3298 1018.495 -36.633 -3.472
2026-03-31  993.003 -25.492 -2.503
