2020-01-19 1814 1365.114 0 0
2020-02-07 1967 1175.372 -189.742 -16.143
2020-02-15 1945 1203.639 28.267 2.348
2020-02-16 1947 1203.639 0 0
2020-02-17 1911 1232.558 28.919 2.346
2020-02-18 1884 1252.405 19.847 1.585
2020-02-19 1899 1238.383 -14.022 -1.132
2020-02-20 1869 1262.42 24.037 1.904
2020-02-21 1847 1289 26.58 2.062
2020-02-22 1850 1284.714 -4.286 -0.334
2020-02-23 1848 1284.714 0 0
2020-02-24 1824 1310.581 25.867 1.974
2020-02-25 1817 1304.475 -6.106 -0.468
2020-02-26 1839 1267.379 -37.096 -2.927
2020-02-27 1836 1258.246 -9.133 -0.726
2020-02-28 1897 1198.027 -60.219 -5.027
2020-02-29 1870 1202.484 4.457 0.371
2020-03-01 1873 1202.484 0 0
2020-03-02 1833 1250.613 48.129 3.848
2020-03-03 1834 1261.52 10.907 0.865
2020-03-04 1835 1261.882 0.362 0.029
2020-03-05 1830 1274.523 12.641 0.992
2020-03-06 1835 1259.831 -14.692 -1.166
2020-03-07 1837 1260.194 0.363 0.029
2020-03-08 1833 1260.194 0 0
2020-03-09 1841 1220.842 -39.352 -3.223
2020-03-10 1807 1242.274 21.432 1.725
2020-03-11 1799 1236.099 -6.175 -0.5
2020-03-12 1778 1216.256 -19.843 -1.631
2020-03-13 1773 1203.327 -12.929 -1.074
2020-03-14 1777 1202.036 -1.291 -0.107
2020-03-15 1777 1202.036 0 0
2020-03-16 1785 1170.905 -31.131 -2.659
2020-03-17 1776 1163.814 -7.091 -0.609
2020-03-18 1768 1150.266 -13.548 -1.178
2020-03-19 1740 1152.383 2.117 0.184
2020-03-20 1753 1151.866 -0.517 -0.045
2020-03-21 1750 1155.942 4.076 0.353
2020-03-22 1750 1155.942 0 0
2020-03-23 1764 1124.014 -31.928 -2.841
2020-03-24 1764 1115.708 -8.306 -0.744
2020-03-25 1785 1134.571 18.863 1.663
2020-03-26 1791 1149.259 14.688 1.278
2020-03-27 1818 1142.849 -6.41 -0.561
2020-03-28 1818 1142.49 -0.359 -0.031
2020-03-29 1818 1142.49 0 0
2020-03-30 1818 1142.49 0 0
2020-03-31 1828 1128.712 -13.778 -1.221
