2022-04-05 870 3596.695 0 0
2022-04-06 865 3590.062 -6.633 -0.185
2022-04-07 888 3486.115 -103.947 -2.982
2022-04-08 933 3368.845 -117.27 -3.481
2022-04-09 933 3368.898 0.053 0.002
2022-04-10 933 3368.898 0 0
2022-04-11 943 3287.7 -81.198 -2.47
2022-04-12 927 3352.27 64.57 1.926
2022-04-13 972 3227.403 -124.867 -3.869
2022-04-14 952 3284.856 57.453 1.749
2022-04-15 905 3429.753 144.897 4.225
2022-04-16 905 3429.753 0 0
2022-04-17 905 3429.753 0 0
2022-04-18 879 3495.964 66.211 1.894
2022-04-19 910 3393.656 -102.308 -3.015
2022-04-20 930 3333.08 -60.576 -1.817
2022-04-21 974 3185.542 -147.538 -4.631
2022-04-22 1015 3025.982 -159.56 -5.273
2022-04-23 1016 3008.724 -17.258 -0.574
2022-04-24 1016 3008.724 0 0
2022-04-25 1136 2698.261 -310.463 -11.506
2022-04-26 1182 2584.196 -114.065 -4.414
2022-04-27 1123 2712.064 127.868 4.715
2022-04-28 1153 2650.686 -61.378 -2.316
2022-04-29 1098 2771.727 121.041 4.367
2022-04-30 1093 2782.33 10.603 0.381
