2020-01-19 578 4070.601 0 0
2020-02-07 660 3652.644 -417.957 -11.443
2020-02-15 637 3763.571 110.927 2.947
2020-02-16 637 3763.571 0 0
2020-02-17 639 3763.571 0 0
2020-02-18 658 3686.318 -77.253 -2.096
2020-02-19 660 3692.261 5.943 0.161
2020-02-20 670 3636.797 -55.464 -1.525
2020-02-21 678 3593.219 -43.578 -1.213
2020-02-22 679 3593.219 0 0
2020-02-23 679 3593.219 0 0
2020-02-24 698 3484.273 -108.946 -3.127
2020-02-25 701 3432.771 -51.502 -1.5
2020-02-26 707 3389.192 -43.579 -1.286
2020-02-27 752 3189.127 -200.065 -6.273
2020-02-28 774 3092.066 -97.061 -3.139
2020-02-29 794 3033.272 -58.794 -1.938
2020-03-01 796 3033.272 0 0
2020-03-02 786 3075.289 42.017 1.366
2020-03-03 850 2914.86 -160.429 -5.504
2020-03-04 847 2930.139 15.279 0.521
2020-03-05 836 2972.156 42.017 1.414
2020-03-06 879 2809.818 -162.338 -5.778
2020-03-07 878 2809.818 0 0
2020-03-08 877 2809.818 0 0
2020-03-09 951 2513.79 -296.028 -11.776
2020-03-10 908 2616.922 103.132 3.941
2020-03-11 974 2391.559 -225.363 -9.423
2020-03-12 966 2317.074 -74.485 -3.215
2020-03-13 898 2494.691 177.617 7.12
2020-03-14 896 2494.691 0 0
2020-03-15 896 2494.691 0 0
2020-03-16 1092 2057.333 -437.358 -21.258
2020-03-17 1092 2028.685 -28.648 -1.412
2020-03-18 1141 1925.553 -103.132 -5.356
2020-03-19 993 2135.637 210.084 9.837
2020-03-20 937 2254.049 118.412 5.253
2020-03-21 938 2254.049 0 0
2020-03-22 938 2254.049 0 0
2020-03-23 883 2361.001 106.952 4.53
2020-03-24 878 2361.001 0 0
2020-03-25 880 2427.846 66.845 2.753
2020-03-26 881 2471.773 43.927 1.777
2020-03-27 850 2609.283 137.51 5.27
2020-03-28 823 2653.209 43.926 1.656
2020-03-29 823 2653.209 0 0
2020-03-30 823 2653.209 0 0
2020-03-31 850 2590.184 -63.025 -2.433
