2019-11-07 338 5916.537 0 0
2020-01-19 374 5649.526 -267.011 -4.513
2020-02-07 421 5019.772 -629.754 -11.147
2020-02-15 408 5124.908 105.136 2.094
2020-02-16 409 5124.908 0 0
2020-02-17 408 5126.869 1.961 0.038
2020-02-18 404 5158.239 31.37 0.612
2020-02-19 410 5149.52 -8.719 -0.169
2020-02-20 408 5178.966 29.446 0.572
2020-02-21 410 5157.707 -21.259 -0.41
2020-02-22 409 5180.655 22.948 0.445
2020-02-23 409 5180.655 0 0
2020-02-24 415 5013.909 -166.746 -3.219
2020-02-25 425 4897.351 -116.558 -2.325
2020-02-26 439 4761.628 -135.723 -2.771
2020-02-27 453 4607.95 -153.678 -3.227
2020-02-28 459 4541.904 -66.046 -1.433
2020-02-29 455 4540.906 -0.998 -0.022
2020-03-01 458 4540.906 0 0
2020-03-02 465 4528.992 -11.914 -0.262
2020-03-03 461 4582.444 53.452 1.18
2020-03-04 485 4463.491 -118.953 -2.596
2020-03-05 494 4397.217 -66.274 -1.485
2020-03-06 493 4342.576 -54.641 -1.243
2020-03-07 488 4389.73 47.154 1.086
2020-03-08 489 4389.73 0 0
2020-03-09 493 4201.617 -188.113 -4.285
2020-03-10 498 4167.129 -34.488 -0.821
2020-03-11 528 3979.201 -187.928 -4.51
2020-03-12 624 3438.034 -541.167 -13.6
2020-03-13 625 3378.219 -59.815 -1.74
2020-03-14 633 3374.48 -3.739 -0.111
2020-03-15 633 3374.48 0 0
2020-03-16 699 3062.321 -312.159 -9.251
2020-03-17 757 2859.937 -202.384 -6.609
2020-03-18 752 2838.087 -21.85 -0.764
2020-03-19 771 2700.283 -137.804 -4.856
2020-03-20 700 2960.724 260.441 9.645
2020-03-21 706 2957.243 -3.481 -0.118
2020-03-22 706 2957.243 0 0
2020-03-23 694 2934.055 -23.188 -0.784
2020-03-24 682 2953.312 19.257 0.656
2020-03-25 615 3275.797 322.485 10.919
2020-03-26 649 3221.194 -54.603 -1.667
2020-03-27 586 3507.19 285.996 8.879
2020-03-28 654 3255.178 -252.012 -7.186
2020-03-29 654 3255.178 0 0
2020-03-30 654 3255.178 0 0
2020-03-31 668 3200.705 -54.473 -1.673
2020-04-01 649 3291.306 90.601 2.831
2020-04-02 676 3146.588 -144.718 -4.397
2020-04-03 670 3153.703 7.115 0.226
2020-04-04 678 3103.401 -50.302 -1.595
2020-04-05 678 3103.401 0 0
2020-04-06 678 3103.401 0 0
2020-04-07 614 3414.221 310.82 10.015
2020-04-08 648 3351.986 -62.235 -1.823
2020-04-09 552 3747.766 395.78 11.807
2020-04-10 548 3773.593 25.827 0.689
2020-04-11 548 3773.593 0 0
2020-04-12 548 3773.593 0 0
2020-04-13 547 3773.593 0 0
2020-04-14 582 3658.951 -114.642 -3.038
2020-04-15 658 3359.621 -299.33 -8.181
2020-04-16 674 3288.949 -70.672 -2.104
2020-04-17 640 3435.945 146.996 4.469
2020-04-18 642 3448.291 12.346 0.359
2020-04-19 642 3448.291 0 0
2020-04-20 618 3541.787 93.496 2.711
2020-04-21 619 3508.002 -33.785 -0.954
2020-04-23 627 3486.616 -21.386 -0.61
2020-04-24 618 3526.143 39.527 1.134
2020-04-25 620 3520.805 -5.338 -0.151
2020-04-26 620 3520.805 0 0
2020-04-27 598 3627.326 106.521 3.025
2020-04-28 595 3678.894 51.568 1.422
2020-04-29 555 3886.6 207.706 5.646
2020-04-30 575 3788.249 -98.351 -2.531
2020-05-01 567 3823.102 34.853 0.92
2020-05-02 562 3842.462 19.36 0.506
2020-05-03 562 3842.462 0 0
2020-05-04 609 3593.711 -248.751 -6.474
2020-05-05 615 3558.961 -34.75 -0.967
2020-05-06 655 3414.349 -144.612 -4.063
2020-05-07 674 3339.59 -74.759 -2.19
2020-05-08 649 3418.832 79.242 2.373
2020-05-09 652 3448.939 30.107 0.881
2020-05-10 652 3448.939 0 0
2020-05-11 676 3382.117 -66.822 -1.937
2020-05-12 691 3308.768 -73.349 -2.169
2020-05-13 724 3188.242 -120.526 -3.643
2020-05-14 748 3087.743 -100.499 -3.152
2020-05-15 754 3075.511 -12.232 -0.396
2020-05-16 753 3077.175 1.664 0.054
2020-05-17 753 3077.175 0 0
2020-05-18 710 3231.681 154.506 5.021
2020-05-19 780 3000.857 -230.824 -7.143
2020-05-20 775 3022.526 21.669 0.722
2020-05-21 782 3012.299 -10.227 -0.338
2020-05-23 790 2988.351 -23.948 -0.795
2020-05-24 790 2988.351 0 0
2020-05-25 768 3072.024 83.673 2.8
2020-05-26 723 3225.587 153.563 4.999
2020-05-27 683 3389.239 163.652 5.074
2020-05-28 697 3343.243 -45.996 -1.357
2020-05-29 718 3261.453 -81.79 -2.446
2020-05-30 712 3281.406 19.953 0.612
2020-05-31 712 3281.406 0 0
