2026-03-10 3052 1209.231 0 0
2026-03-11 3102 1182.013 -27.218 -2.251
2026-03-12 3152 1149.355 -32.658 -2.763
2026-03-13 3179 1123.802 -25.553 -2.223
2026-03-14 3171 1123.734 -0.068 -0.006
2026-03-15 3170 1123.734 0 0
2026-03-16 3211 1099.219 -24.515 -2.182
2026-03-17 3255 1069.326 -29.893 -2.719
2026-03-18 3270 1060.677 -8.649 -0.809
2026-03-19  855.329 -205.348 -19.36
2026-04-02  994.248 138.919 16.242
2026-04-09 3297 1049.179 54.931 5.525
2026-04-10 3346 1019.173 -30.006 -2.86
2026-04-11 3348 1019.487 0.314 0.031
2026-04-12 3348 1019.487 0 0
2026-04-13 3335 1025.251 5.764 0.565
2026-04-14 3365 1007.071 -18.18 -1.773
2026-04-15  977.635 -29.436 -2.923
