2020-01-19 399 5424.563 0 0
2020-02-07 413 5114.218 -310.345 -6.068
2020-02-15 416 5067.937 -46.281 -0.913
2020-02-16 416 5067.937 0 0
2020-02-17 415 5067.937 0 0
2020-02-18 420 5029.002 -38.935 -0.774
2020-02-19 418 5095.883 66.881 1.312
2020-02-20 416 5094.582 -1.301 -0.026
2020-02-21 418 5074.198 -20.384 -0.402
2020-02-22 415 5096.641 22.443 0.44
2020-02-23 414 5096.641 0 0
2020-02-24 447 4759.022 -337.619 -7.094
2020-02-25 451 4722.103 -36.919 -0.782
2020-02-26 436 4777.675 55.572 1.163
2020-02-27 432 4778.191 0.516 0.011
2020-02-28 435 4765.146 -13.045 -0.274
2020-02-29 432 4764.106 -1.04 -0.022
