2019-11-07 923 2695.48 0 0
2020-01-19 1070 2435.467 -260.013 -9.646
2020-02-07 1073 2392.207 -43.26 -1.776
2020-02-15 1120 2330.971 -61.236 -2.56
2020-02-16 1120 2330.971 0 0
2020-02-17 1135 2297.973 -32.998 -1.416
2020-02-18 1144 2291.764 -6.209 -0.27
2020-02-19 1105 2349.961 58.197 2.539
2020-02-20 1099 2363.054 13.093 0.557
2020-02-21 1098 2360.168 -2.886 -0.122
2020-02-22 1098 2360.168 0 0
2020-02-23 1097 2360.168 0 0
2020-02-24 1076 2375.718 15.55 0.659
2020-02-25 1048 2423.489 47.771 2.011
2020-02-26 1023 2454.985 31.496 1.3
2020-02-27 1024 2434.76 -20.225 -0.824
2020-02-28 1045 2347.064 -87.696 -3.602
2020-02-29 1048 2327.837 -19.227 -0.819
2020-03-01 1051 2327.837 0 0
2020-03-02 1039 2375.916 48.079 2.065
2020-03-03 1034 2397.917 22.001 0.926
2020-03-04 1049 2359.329 -38.588 -1.609
2020-03-05 1049 2369.793 10.464 0.444
2020-03-06 1051 2364.88 -4.913 -0.207
2020-03-07 1058 2350.293 -14.587 -0.617
2020-03-08 1056 2350.293 0 0
2020-03-09 1075 2266.17 -84.123 -3.579
2020-03-10 1073 2256.229 -9.941 -0.439
2020-03-11 1048 2266.143 9.914 0.439
2020-03-12 1080 2152.905 -113.238 -4.997
2020-03-13 999 2218.493 65.588 3.046
2020-03-14 1003 2227.647 9.154 0.413
2020-03-15 1003 2227.647 0 0
2020-03-16 1054 2107.716 -119.931 -5.384
2020-03-17 1033 2112.009 4.293 0.204
2020-03-18 1018 2099.807 -12.202 -0.578
2020-03-19 1082 1997.443 -102.364 -4.875
2020-03-20 1100 1987.996 -9.447 -0.473
2020-03-21 1106 1982.576 -5.42 -0.273
2020-03-22 1106 1982.576 0 0
2020-03-23 1162 1847.171 -135.405 -6.83
2020-03-24 1184 1812.726 -34.445 -1.865
2020-03-25 1232 1796.918 -15.808 -0.872
2020-03-26 1275 1747.198 -49.72 -2.767
2020-03-27 1247 1823.782 76.584 4.383
2020-03-28 1189 1902.276 78.494 4.304
2020-03-29 1189 1902.276 0 0
2020-03-30 1189 1902.276 0 0
2020-03-31 1285 1731.227 -171.049 -8.992
