2020-01-19 2171 1027.501 0 0
2020-02-07 2147 1016.04 -11.461 -1.115
2020-11-25 2283 1009.404 -6.636 -0.653
2020-11-26 2283 1010.843 1.439 0.143
2020-11-27 2270 1027.005 16.162 1.599
2020-11-28 2272 1024.976 -2.029 -0.198
2020-11-30 2269 1024.976 0 0
2020-12-01 2267 1029.727 4.751 0.464
2020-12-02 2252 1046.007 16.28 1.581
2020-12-03 2269 1033.198 -12.809 -1.225
2020-12-04 2264 1039.212 6.014 0.582
2020-12-05 2263 1040.867 1.655 0.159
2020-12-06 2263 1040.867 0 0
2020-12-07 2247 1053.79 12.923 1.242
2020-12-08 2240 1063.695 9.905 0.94
2020-12-09 2250 1062.893 -0.802 -0.075
2020-12-10 2275 1036.982 -25.911 -2.438
2020-12-11 2278 1030.257 -6.725 -0.649
2020-12-12 2279 1030.395 0.138 0.013
2020-12-13 2279 1030.395 0 0
2020-12-14 2279 1023.732 -6.663 -0.647
2020-12-15 2286 1011.716 -12.016 -1.174
2020-12-16 2272 1041.297 29.581 2.924
2020-12-17 2284 1037.42 -3.877 -0.372
2020-12-18 2264 1056.366 18.946 1.826
2020-12-19 2262 1056.636 0.27 0.026
2020-12-20 2262 1056.636 0 0
2020-12-21 2276 1039.643 -16.993 -1.608
2020-12-22 2283 1027.078 -12.565 -1.209
2020-12-23 2303 1060.725 33.647 3.276
2020-12-24 2296 1065.857 5.132 0.484
2020-12-25 2297 1068.882 3.025 0.284
2020-12-26 2297 1068.882 0 0
2020-12-27 2297 1068.882 0 0
2020-12-28 2291 1077.317 8.435 0.789
2020-12-29 2291 1076.286 -1.031 -0.096
2020-12-31 2299 1066.807 -9.479 -0.881
