2022-04-05 463 5900 0 0
2022-04-06 459 5900 0 0
2022-04-07 454 5900 0 0
2022-04-08 453 5900 0 0
2022-04-09 455 5900 0 0
2022-04-10 455 5900 0 0
2022-04-11 445 5900 0 0
2022-04-12 446 5900 0 0
2022-04-13 448 5900 0 0
2022-04-14 447 5900 0 0
2022-04-15 447 5900 0 0
2022-04-16 447 5900 0 0
2022-04-17 447 5900 0 0
2022-04-18 449 5900 0 0
2022-04-19 449 5900 0 0
2022-04-20 450 5900 0 0
2022-04-21 444 5900 0 0
2022-04-22 437 5900 0 0
2022-04-23 435 5900 0 0
2022-04-24 435 5900 0 0
2022-04-25 432 5900 0 0
2022-04-26 422 5900 0 0
2022-04-27 423 5900 0 0
2022-04-28 427 5900 0 0
2022-04-29 427 5900 0 0
2022-04-30 426 5900 0 0
