2019-11-07 336 5961.859 0 0
2020-01-19 329 6316.624 354.765 5.951
2020-02-07 321 6265.769 -50.855 -0.805
2020-02-15 322 6172.161 -93.608 -1.494
2020-02-16 322 6172.161 0 0
2020-02-17 325 6172.161 0 0
2020-02-18 323 6160.186 -11.975 -0.194
2020-02-19 323 6225.034 64.848 1.053
2020-02-20 326 6196.788 -28.246 -0.454
2020-02-21 330 6154.573 -42.215 -0.681
2020-02-22 329 6154.573 0 0
2020-02-23 329 6154.573 0 0
2020-02-24 340 5975.549 -179.024 -2.909
2020-02-25 342 5830.757 -144.792 -2.423
2020-02-26 348 5685.896 -144.861 -2.484
2020-02-27 360 5526.14 -159.756 -2.81
2020-02-28 354 5514.517 -11.623 -0.21
2020-02-29 354 5514.517 0 0
