2020-01-19 1852 1330.426 0 0
2020-02-07 1842 1304.314 -26.112 -2.002
2020-02-15 1849 1299.145 -5.169 -0.398
2020-02-16 1849 1299.145 0 0
2020-02-17 1853 1299.145 0 0
2020-02-18 1851 1299.145 0 0
2020-02-19 1849 1295.143 -4.002 -0.309
2020-02-20 1850 1290.562 -4.581 -0.355
2020-02-21 1852 1281.667 -8.895 -0.694
2020-02-22 1852 1282.432 0.765 0.06
2020-02-23 1830 1310.096 27.664 2.112
2020-02-24 1825 1310.096 0 0
2020-02-25 1814 1307.409 -2.687 -0.206
2020-02-26 1813 1304.904 -2.505 -0.192
2020-02-27 1813 1294.728 -10.176 -0.786
2020-02-28 1800 1299.24 4.512 0.347
2020-02-29 1805 1273.775 -25.465 -1.999
2020-03-01 1807 1273.775 0 0
2020-03-02 1811 1273.775 0 0
2020-03-03 1816 1287.304 13.529 1.051
2020-03-04 1803 1308.188 20.884 1.596
2020-03-05 1802 1308.361 0.173 0.013
2020-03-06 1799 1304.904 -3.457 -0.265
2020-03-07 1796 1309.749 4.845 0.37
2020-03-08 1790 1309.749 0 0
2020-03-09 1760 1309.749 0 0
2020-03-10 1742 1315.067 5.318 0.404
2020-03-11 1759 1279.716 -35.351 -2.762
2020-03-12 1713 1285.963 6.247 0.486
2020-03-13 1725 1240.581 -45.382 -3.658
2020-03-14 1756 1215.694 -24.887 -2.047
2020-03-15 1756 1215.694 0 0
2020-03-16 1732 1215.694 0 0
2020-03-17 1716 1211.52 -4.174 -0.345
2020-03-18 1729 1180.535 -30.985 -2.625
2020-03-19 1744 1150.023 -30.512 -2.653
2020-03-20 1741 1158.52 8.497 0.733
2020-03-21 1752 1154.661 -3.859 -0.334
2020-03-22 1752 1154.661 0 0
2020-03-23 1725 1154.661 0 0
2020-03-24 1738 1137.05 -17.611 -1.549
2020-03-25 1742 1170.949 33.899 2.895
2020-03-26 1760 1176.808 5.859 0.498
2020-03-27 1766 1194.381 17.573 1.471
2020-03-28 1736 1210.48 16.099 1.33
2020-03-29 1736 1210.48 0 0
2020-03-30 1736 1210.48 0 0
2020-03-31 1722 1215.994 5.514 0.453
