2020-01-19 1032 2522.47 0 0
2020-02-07 1116 2322.475 -199.995 -8.611
2020-02-15 1062 2450.007 127.532 5.205
2020-02-16 1062 2450.007 0 0
2020-02-17 1044 2467.141 17.134 0.694
2020-02-18 1060 2438.053 -29.088 -1.193
2020-02-19 1050 2466.751 28.698 1.163
2020-02-20 1049 2455.769 -10.982 -0.447
2020-02-21 1041 2457.869 2.1 0.085
2020-02-22 1037 2471.786 13.917 0.563
2020-02-23 1037 2471.786 0 0
2020-02-24 1044 2442.779 -29.007 -1.187
2020-02-25 1042 2440.48 -2.299 -0.094
2020-02-26 1026 2450.306 9.826 0.401
2020-02-27 1034 2419.775 -30.531 -1.262
2020-02-28 1009 2430.948 11.173 0.46
2020-02-29 1011 2404.509 -26.439 -1.1
2020-03-01 1014 2404.509 0 0
2020-03-02 1014 2433.498 28.989 1.191
2020-03-03 1031 2407.621 -25.877 -1.075
2020-03-04 1019 2438.628 31.007 1.271
2020-03-05 1007 2454.836 16.208 0.66
2020-03-06 1006 2440.482 -14.354 -0.588
2020-03-07 1014 2423.467 -17.015 -0.702
2020-03-08 1014 2423.467 0 0
2020-03-09 998 2391.164 -32.303 -1.351
2020-03-10 1008 2355.499 -35.665 -1.514
2020-03-11 986 2380.919 25.42 1.068
2020-03-12 965 2324.472 -56.447 -2.428
2020-03-13 966 2293.242 -31.23 -1.362
2020-03-14 971 2288.817 -4.425 -0.193
2020-03-15 971 2288.817 0 0
2020-03-16 966 2233.92 -54.897 -2.457
2020-03-17 977 2200.204 -33.716 -1.532
2020-03-18 972 2185.225 -14.979 -0.685
2020-03-19 978 2160.424 -24.801 -1.148
2020-03-20 965 2202.635 42.211 1.916
2020-03-21 963 2210.244 7.609 0.344
2020-03-22 963 2210.244 0 0
2020-03-23 970 2164.931 -45.313 -2.093
2020-03-24 987 2136.785 -28.146 -1.317
2020-03-25 980 2191.739 54.954 2.507
2020-03-26 949 2297.244 105.505 4.593
2020-03-27 975 2271.314 -25.93 -1.142
2020-03-28 956 2293.458 22.144 0.966
2020-03-29 956 2293.458 0 0
2020-03-30 956 2293.458 0 0
2020-03-31 959 2278.893 -14.565 -0.639
