2020-01-19 2108 1088.805 0 0
2020-02-07 2084 1069.986 -18.819 -1.759
2020-02-15 2095 1062.432 -7.554 -0.711
2020-02-16 2097 1062.432 0 0
2020-02-17 2095 1063.083 0.651 0.061
2020-02-18 2089 1070.378 7.295 0.682
2020-02-19 2075 1078.193 7.815 0.725
2020-02-20 2038 1112.263 34.07 3.063
2020-02-21 2037 1110.905 -1.358 -0.122
2020-02-22 2039 1110.905 0 0
2020-02-23 2039 1110.905 0 0
2020-02-24 2009 1126.2 15.295 1.358
2020-02-25 2006 1119.007 -7.193 -0.643
2020-02-26 1997 1124.228 5.221 0.464
2020-02-27 2088 1037.985 -86.243 -8.309
2020-02-28 2086 1022.464 -15.521 -1.518
2020-02-29 2090 1014.088 -8.376 -0.826
2020-03-01 2088 1014.088 0 0
2020-03-02 2088 1011.582 -2.506 -0.248
2020-03-03 2096 1013.072 1.49 0.147
2020-03-04 2119 1000.742 -12.33 -1.232
2020-03-05 2107 1011.198 10.456 1.034
2020-03-06 2129 951.249 -59.949 -6.302
2020-11-25 2302 996.404 45.155 4.532
2020-11-28 2281 1009.962 13.558 1.342
2020-11-29 2281 1009.962 0 0
2020-11-30 2276 1009.962 0 0
2020-12-01 2279 1003.734 -6.228 -0.62
2020-12-02 2281 1007.59 3.856 0.383
2020-12-03 2286 1004.57 -3.02 -0.301
2020-12-04 2287 1003.65 -0.92 -0.092
2020-12-05 2289 1005.248 1.598 0.159
2020-12-06 2289 1005.248 0 0
2020-12-07 2283 1012.802 7.554 0.746
2020-12-08 2289 1002.838 -9.964 -0.994
2020-12-09 2293 1007.293 4.455 0.442
2020-12-10 2294 1009.362 2.069 0.205
2020-12-11 2291 1004.488 -4.874 -0.485
2020-12-12 2293 1004.623 0.135 0.013
2020-12-13 2293 1004.623 0 0
2020-12-14 2289 1006.176 1.553 0.154
2020-12-15 2289 1010.535 4.359 0.431
2020-12-16 2284 1021.961 11.426 1.118
2020-12-17 2293 1024.538 2.577 0.252
2020-12-18 2293 1015.713 -8.825 -0.869
2020-12-19 2293 1015.972 0.259 0.025
2020-12-20 2293 1015.972 0 0
2020-12-21 2293 1011.633 -4.339 -0.429
2020-12-22 2293 1006.872 -4.761 -0.473
2020-12-23 2325 1035.185 28.313 2.735
2020-12-24 2329 1033.782 -1.403 -0.136
2020-12-25 2326 1036.716 2.934 0.283
2020-12-26 2326 1036.716 0 0
2020-12-27 2326 1036.716 0 0
2020-12-28 2313 1047.347 10.631 1.015
2020-12-29 2323 1037.861 -9.486 -0.914
2020-12-31 2325 1035.643 -2.218 -0.214
2021-01-01 2311 1052.014 16.371 1.556
2021-01-02 2311 1052.014 0 0
2021-01-03 2312 1052.014 0 0
2021-01-04 2310 1051.347 -0.667 -0.063
2021-01-05 2311 1062.467 11.12 1.047
2021-01-06 2311 1064.364 1.897 0.178
2021-01-07 2303 1077.254 12.89 1.197
2021-01-08 2301 1077.001 -0.253 -0.023
2021-01-09 2304 1077.965 0.964 0.089
2021-01-10 2304 1077.965 0 0
2021-01-11 2303 1068.545 -9.42 -0.882
2021-01-12 2305 1071.136 2.591 0.242
2021-01-13 2304 1069.603 -1.533 -0.143
2021-06-08 2711 1017.838 -51.765 -5.086
2021-06-09 2720 1009.729 -8.109 -0.803
2021-06-10 2697 1026.773 17.044 1.66
2021-06-11 2708 1019.707 -7.066 -0.693
2021-06-12 2710 1019.549 -0.158 -0.015
2021-06-13 2709 1019.549 0 0
2021-06-14 2718 1010.319 -9.23 -0.914
2021-06-16 2702 1015.334 5.015 0.494
2021-06-17 2704 1005.352 -9.982 -0.993
2021-06-22 2705 994.341 -11.011 -1.107
2021-06-25 2674 1029.356 35.015 3.402
2021-06-26 2676 1028.939 -0.417 -0.041
2021-06-27 2676 1028.939 0 0
2021-06-28 2674 1028.765 -0.174 -0.017
2021-06-30 2685 1021.21 -7.555 -0.74
2021-07-01 2688 1013.868 -7.342 -0.724
2021-07-02 2690 1003.389 -10.479 -1.044
2021-07-03 2692 1000.738 -2.651 -0.265
2021-07-04 2692 1000.738 0 0
2021-07-05 2695 999.513 -1.225 -0.123
2021-07-06 2684 1001.728 2.215 0.221
2021-07-07 2680 1009.413 7.685 0.761
2021-07-08 2684 1008.094 -1.319 -0.131
2021-07-09 2666 1024.8 16.706 1.63
2021-07-10 2668 1025.882 1.082 0.105
2021-07-11 2668 1025.882 0 0
2021-07-12 2667 1025.462 -0.42 -0.041
2021-07-13 2668 1028.633 3.171 0.308
2021-07-14 2668 1027.153 -1.48 -0.144
2021-07-15 2674 1017.279 -9.874 -0.971
2021-07-16 2666 1022.312 5.033 0.492
2021-07-17 2666 1022.022 -0.29 -0.028
2021-07-18 2666 1022.022 0 0
2021-07-19 2662 1021.374 -0.648 -0.063
2021-07-20 2673 1008.695 -12.679 -1.257
2021-07-21 2669 1012.26 3.565 0.352
2021-07-22 2668 1017.659 5.399 0.531
2021-07-23 2647 1036.884 19.225 1.854
2021-07-24 2646 1037.712 0.828 0.08
2021-07-25 2646 1037.712 0 0
2021-07-26 2624 1052.179 14.467 1.375
2021-07-27 2603 1055.548 3.369 0.319
2021-07-28 2614 1050.068 -5.48 -0.522
2021-07-29 2618 1054.352 4.284 0.406
2021-07-30 2613 1061.218 6.866 0.647
2021-07-31 2614 1059.364 -1.854 -0.175
2021-08-01 2614 1059.364 0 0
2021-08-02 2630 1053.571 -5.793 -0.55
2021-08-03 2611 1063.635 10.064 0.946
2021-08-04 2624 1055.795 -7.84 -0.743
2021-08-05 2638 1042.841 -12.954 -1.242
2021-08-06 2627 1045.748 2.907 0.278
2021-08-07 2625 1046.012 0.264 0.025
2021-08-08 2625 1046.012 0 0
2021-08-09 2641 1036.28 -9.732 -0.939
2021-08-10 2658 1015.445 -20.835 -2.052
2021-08-11 2644 1027.414 11.969 1.165
2021-08-13 2620 1050.406 22.992 2.189
2021-08-14 2622 1050.494 0.088 0.008
2021-08-15 2622 1050.494 0 0
2021-08-16 2632 1035.929 -14.565 -1.406
2021-08-17 2625 1040.432 4.503 0.433
2021-08-18 2618 1040.594 0.162 0.016
2021-08-19 2611 1042.074 1.48 0.142
2021-08-20 2622 1024.94 -17.134 -1.672
2021-08-21 2621 1022.847 -2.093 -0.205
2021-08-22 2621 1022.847 0 0
2021-08-23 2627 1019.886 -2.961 -0.29
2021-08-24 2635 1025.68 5.794 0.565
2021-08-25 2654 1015.114 -10.566 -1.041
2021-08-26 2644 1016.883 1.769 0.174
2021-08-27 2644 1018.74 1.857 0.182
2021-08-28 2641 1026.049 7.309 0.712
2021-08-29 2641 1026.049 0 0
2021-08-30 2614 1045.147 19.098 1.827
2021-08-31 2599 1060.511 15.364 1.449
