2024-09-20 2685 1041.774 0 0
2024-09-21 2686 1043.012 1.238 0.119
2024-09-22 2686 1043.012 0 0
2024-09-23 2652 1064.173 21.161 2.029
2024-09-24 2665 1062.772 -1.401 -0.132
2024-09-25 2661 1066.61 3.838 0.361
2024-09-26 2674 1076.09 9.48 0.889
2024-09-27 2698 1067.54 -8.55 -0.795
2024-09-28 2699 1068.604 1.064 0.1
2024-09-29 2699 1068.604 0 0
2024-09-30 2731 1059.119 -9.485 -0.888
2024-10-01 2758 1045.364 -13.755 -1.299
2024-10-02 2761 1039.253 -6.111 -0.585
2024-10-03 2761 1034.105 -5.148 -0.495
2024-10-04 2759 1041.044 6.939 0.671
2024-10-05 2761 1036.982 -4.062 -0.39
2024-10-06 2761 1036.982 0 0
2024-10-07 2767 1025.015 -11.967 -1.154
