2019-11-07 112 13019.388 0 0
2020-01-19 138 12052.749 -966.639 -7.425
2020-02-07 140 11690.265 -362.484 -3.007
2020-02-15 152 11398.618 -291.647 -2.495
2020-02-16 151 11398.618 0 0
2020-02-17 150 11386.415 -12.203 -0.107
2020-02-18 148 11386.415 0 0
2020-02-19 152 11133.767 -252.648 -2.219
2020-02-20 151 11113.401 -20.366 -0.183
2020-02-21 149 11194.424 81.023 0.729
2020-02-22 148 11152.12 -42.304 -0.378
2020-02-23 148 11152.12 0 0
2020-02-24 144 11152.12 0 0
2020-02-25 152 10803.946 -348.174 -3.122
2020-02-26 152 10686.845 -117.101 -1.084
2020-02-27 149 10621.694 -65.151 -0.61
2020-02-28 121 12101.44 1479.746 13.931
2020-02-29 132 11592.239 -509.201 -4.208
