2026-03-10 1815 2310 0 0
2026-03-11 1813 2310 0 0
2026-03-12 1794 2310 0 0
2026-03-13 1780 2310 0 0
2026-03-14 1772 2310 0 0
2026-03-15 1772 2310 0 0
2026-03-16 1778 2310 0 0
2026-03-17 1781 2310 0 0
2026-03-18 1784 2310 0 0
2026-03-19 1762 2310 0 0
2026-03-20 1756 2310 0 0
2026-03-21 1753 2310 0 0
2026-03-22 1753 2310 0 0
2026-03-23 1735 2310 0 0
2026-03-24 1756 2310 0 0
2026-03-25 1762 2310 0 0
2026-03-27 1743 2310 0 0
2026-03-28 1738 2310 0 0
2026-03-29 1735 2310 0 0
2026-03-30 1737 2310 0 0
2026-03-31 1741 2310 0 0
2026-04-01 1749 2310 0 0
2026-04-02 1756 2310 0 0
2026-04-03 1746 2310 0 0
2026-04-04 1746 2310 0 0
2026-04-05 1746 2310 0 0
2026-04-06 1746 2310 0 0
2026-04-07 1743 2310 0 0
2026-04-08 1767 2310 0 0
2026-04-09 1789 2310 0 0
2026-04-10 1785 2310 0 0
2026-04-11 1787 2310 0 0
2026-04-12 1787 2310 0 0
2026-04-13 1784 2310 0 0
2026-04-14 1789 2310 0 0
2026-04-15 1806 2310 0 0
2026-04-16 1816 2310 0 0
2026-04-17 1815 2310 0 0
2026-04-18 1820 2310 0 0
2026-04-19 1820 2310 0 0
2026-04-20 1830 2310 0 0
2026-04-21 1824 2310 0 0
2026-04-22 1822 2310 0 0
2026-04-23 1812 2310 0 0
2026-04-24 1808 2310 0 0
2026-04-25 1806 2310 0 0
2026-04-26 1806 2310 0 0
2026-04-27 1808 2310 0 0
2026-04-28 1805 2310 0 0
2026-04-29 1807 2310 0 0
2026-04-30 1805 2310 0 0
2026-05-01 1809 2310 0 0
2026-05-02 1810 2310 0 0
2026-05-04 1810 2310 0 0
2026-05-05 1810 2310.0 0 0
2026-05-06 1817 2310.0 0 0
