2020-12-23 1351 2158.443 0 0
2020-12-24 1388 2104.505 -53.938 -2.563
2020-12-25 1428 2062.588 -41.917 -2.032
2020-12-26 1428 2062.588 0 0
2020-12-27 1428 2062.588 0 0
2020-12-28 1405 2090.503 27.915 1.335
2020-12-29 1374 2121.236 30.733 1.449
2020-12-31 1383 2137.06 15.824 0.74
2021-01-01 1384 2134.184 -2.876 -0.135
2021-01-02 1384 2134.184 0 0
2021-01-03 1384 2134.184 0 0
2021-01-04 1343 2206.567 72.383 3.28
2021-01-05 1392 2147.239 -59.328 -2.763
2021-01-06 1395 2139.616 -7.623 -0.356
2021-01-07 1433 2083.32 -56.296 -2.702
2021-01-08 1393 2166.832 83.512 3.854
2021-01-09 1395 2162.078 -4.754 -0.22
2021-01-10 1395 2162.078 0 0
2021-01-11 1362 2216.442 54.364 2.453
2021-01-12 1290 2341.24 124.798 5.33
2021-01-13 1270 2387.201 45.961 1.925
2021-01-14 1256 2427.75 40.549 1.67
2021-01-15 1261 2410.074 -17.676 -0.733
2021-01-16 1258 2407.691 -2.383 -0.099
2021-01-17 1258 2407.691 0 0
2021-01-18 1179 2576.645 168.954 6.557
2021-01-19 1198 2557.379 -19.266 -0.753
2021-01-20 1093 2787.085 229.706 8.242
2021-01-21 1057 2894.645 107.56 3.716
2021-01-22 1046 2917.623 22.978 0.788
2021-01-23 1047 2911.587 -6.036 -0.207
2021-01-24 1047 2911.587 0 0
2021-01-25 1113 2736.3 -175.287 -6.406
2021-01-26 1110 2738.91 2.61 0.095
2021-01-27 1176 2582.175 -156.735 -6.07
2021-01-28 1180 2546.457 -35.718 -1.403
2021-01-29 1197 2508.113 -38.344 -1.529
2021-01-30 1191 2514.246 6.133 0.244
2021-01-31 1191 2514.246 0 0
2021-02-01 1155 2586.525 72.279 2.794
2021-02-02 1157 2593.161 6.636 0.256
2021-02-03 1155 2613.986 20.825 0.797
2021-02-04 1173 2574.576 -39.41 -1.531
2021-02-05 1187 2545.895 -28.681 -1.127
2021-02-06 1197 2539.962 -5.933 -0.234
2021-02-07 1197 2539.962 0 0
2021-02-08 1192 2558.229 18.267 0.714
2021-02-09 1172 2620.496 62.267 2.376
2021-02-10 1218 2548.723 -71.773 -2.816
2021-02-11 1219 2552.959 4.236 0.166
2021-02-12 1220 2552.959 0 0
2021-02-13 1220 2552.959 0 0
2021-02-14 1220 2552.959 0 0
2021-02-15 1219 2552.959 0 0
2021-02-16 1220 2552.959 0 0
2021-02-17 1220 2552.959 0 0
2021-02-19 1271 2439.258 -113.701 -4.661
2021-02-20 1273 2444.244 4.986 0.204
2021-02-21 1273 2444.244 0 0
2021-02-22 1297 2385.797 -58.447 -2.45
2021-02-23 1285 2400.109 14.312 0.596
2021-02-24 1316 2335.603 -64.506 -2.762
2021-02-25 1334 2310.525 -25.078 -1.085
2021-02-26 1346 2272.25 -38.275 -1.684
2021-02-27 1343 2268.978 -3.272 -0.144
2021-02-28 1345 2268.978 0 0
2021-03-01 1359 2265.513 -3.465 -0.153
2021-03-02 1365 2264.316 -1.197 -0.053
2021-03-03 1356 2285.775 21.459 0.939
2021-03-04 1350 2288.782 3.007 0.131
2021-03-05 1363 2241.837 -46.945 -2.094
2021-03-06 1360 2238.861 -2.976 -0.133
2021-03-07 1364 2238.861 0 0
2021-03-08 1413 2142.07 -96.791 -4.519
2021-03-09 1467 2062.935 -79.135 -3.836
2021-03-11 1491 2056.976 -5.959 -0.29
2021-03-12 1497 2061.613 4.637 0.225
2021-03-13 1499 2057.683 -3.93 -0.191
2021-03-14 1500 2057.683 0 0
2021-03-15 1552 1971.632 -86.051 -4.364
2021-03-16 1539 1991.822 20.19 1.014
2021-03-18 1552 1973.745 -18.077 -0.916
2021-03-19 1552 1973.745 0 0
2021-03-20 1598 1899.554 -74.191 -3.906
2021-03-21 1598 1899.554 0 0
2021-03-22 1604 1895.129 -4.425 -0.233
2021-03-23 1620 1861.389 -33.74 -1.813
2021-03-24 1638 1823.615 -37.774 -2.071
2021-03-26 1644 1830.712 7.097 0.388
2021-03-27 1643 1825.814 -4.898 -0.268
2021-03-28 1643 1825.814 0 0
2021-03-29 1638 1826.792 0.978 0.054
2021-03-30 1616 1867.38 40.588 2.174
2021-03-31 1685 1772.043 -95.337 -5.38
2021-04-01 1621 1864.282 92.239 4.948
2021-04-02 1625 1863.098 -1.184 -0.064
2021-04-03 1625 1863.098 0 0
2021-04-04 1625 1863.098 0 0
2021-04-05 1623 1863.098 0 0
2021-04-06 1616 1877.209 14.111 0.752
2021-04-07 1656 1825.635 -51.574 -2.825
2021-04-08 1659 1827.1 1.465 0.08
2021-04-09 1780 1813.244 -13.856 -0.764
2021-04-10 1781 1810.507 -2.737 -0.151
2021-04-11 1781 1810.507 0 0
2021-04-12 1802 1765.642 -44.865 -2.541
2021-04-13 1806 1762.717 -2.925 -0.166
2021-04-14 1851 1728.369 -34.348 -1.987
2021-04-15 1857 1726.979 -1.39 -0.08
2021-04-16 1860 1721.831 -5.148 -0.299
2021-04-17 1862 1724.391 2.56 0.148
2021-04-18 1862 1724.391 0 0
2021-04-19 1801 1788.626 64.235 3.591
2021-04-20 1788 1801.091 12.465 0.692
2021-04-21 1796 1797.129 -3.962 -0.22
2021-04-22 1796 1801.179 4.05 0.225
2021-04-23 1762 1854.712 53.533 2.886
2021-04-24 1762 1854.712 0 0
2021-04-25 1762 1853.284 -1.428 -0.077
2021-04-26 1820 1780.388 -72.896 -4.094
2021-04-27 1832 1768.723 -11.665 -0.66
2021-04-28 1695 1939.316 170.593 8.797
2021-04-29 1652 1992.017 52.701 2.646
2021-04-30 1703 1920.552 -71.465 -3.721
2021-05-01 1697 1918.979 -1.573 -0.082
