2025-04-02 2944 1025.742 0 0
2025-04-03 2941 1009.262 -16.48 -1.607
2025-04-04 2941 1004.812 -4.45 -0.441
2025-04-05 2940 1004.812 0 0
2025-04-06 2939 1004.812 0 0
2025-04-07  904.254 -100.558 -10.008
2025-05-07 2972 1011.005 106.751 11.805
2025-05-08 2985 1000.93 -10.075 -0.997
2025-05-14 2978 1020.075 19.145 1.913
2025-05-15  980.76 -39.315 -3.854
2025-05-21  999.275 18.515 1.888
2025-05-22  972.431 -26.844 -2.686
2025-06-10 3022 1003.794 31.363 3.225
2025-06-11  983.917 -19.877 -1.98
2025-08-26 3099 1007.107 23.19 2.357
2025-08-27 2984 1080.408 73.301 7.278
2025-08-28 3021 1058.883 -21.525 -1.992
2025-08-29 3006 1070.844 11.961 1.13
2025-08-30 3005 1071.654 0.81 0.076
2025-08-31 3005 1071.654 0 0
2025-09-01 2953 1115.166 43.512 4.06
2025-09-02 3102 1003.729 -111.437 -9.993
2025-09-03  945.601 -58.128 -5.791
2025-09-13 3062 1033.193 87.592 9.263
2025-09-14 3062 1033.193 0 0
2025-09-15 3102 1008.152 -25.041 -2.424
2025-09-16 3084 1025.657 17.505 1.736
2025-09-17 3077 1032.639 6.982 0.681
2025-09-18 3123 1000.781 -31.858 -3.085
2025-09-19  981.192 -19.589 -1.957
2025-09-23  988.503 7.311 0.745
2025-09-25 3076 1030.139 41.636 4.212
2025-09-26  985.076 -45.063 -4.374
2026-02-13 3170 1014.752 29.676 3.013
2026-02-14 3171 1013.357 -1.395 -0.137
2026-02-15 3171 1013.357 0 0
2026-02-16 3172 1013.357 0 0
2026-02-17 3171 1013.357 0 0
2026-02-18 3175 1013.357 0 0
2026-02-19 3171 1013.357 0 0
2026-02-20 3165 1013.357 0 0
2026-02-21 3164 1013.357 0 0
2026-02-22 3162 1013.357 0 0
2026-02-23 3168 1013.357 0 0
2026-02-24  962.761 -50.596 -4.993
2026-02-28 3171 1008.641 45.88 4.765
2026-03-01 3165 1008.641 0 0
2026-03-02  980.168 -28.473 -2.823
2026-03-04 3114 1023.932 43.764 4.465
2026-03-05 3127 1009.409 -14.523 -1.418
2026-03-06 3112 1025.541 16.132 1.598
2026-03-07 3112 1025.809 0.268 0.026
2026-03-08 3112 1025.809 0 0
2026-03-09 3029 1080.57 54.761 5.338
2026-03-10 3259 1073.621 -6.949 -0.643
2026-03-11 3281 1063.611 -10.01 -0.932
2026-03-12 3205 1107.711 44.1 4.146
2026-03-13 3330 1025.419 -82.292 -7.429
2026-03-14 3331 1021.319 -4.1 -0.4
2026-03-15 3331 1021.319 0 0
2026-03-16 3320 1025.795 4.476 0.438
2026-03-17  987.104 -38.691 -3.772
2026-03-18 3286 1045.313 58.209 5.897
2026-03-19 3263 1059.143 13.83 1.323
2026-03-20 3314 1009.971 -49.172 -4.643
2026-03-21 3315 1012.774 2.803 0.278
2026-03-22 3315 1012.774 0 0
2026-03-23  946.453 -66.321 -6.548
2026-03-31  984.667 38.214 4.038
2026-04-02  955.044 -29.623 -3.008
2026-04-09 3205 1103.326 148.282 15.526
2026-04-10 3279 1063.345 -39.981 -3.624
2026-04-11 3286 1064.528 1.183 0.111
2026-04-12 3286 1064.528 0 0
2026-04-13 3107 1170.98 106.452 10
2026-04-14 3000 1229.291 58.311 4.98
2026-04-15 3036 1222.728 -6.563 -0.534
2026-04-16 2845 1344.768 122.04 9.981
2026-04-17 2971 1263.133 -81.635 -6.071
2026-04-18 2978 1261.856 -1.277 -0.101
2026-04-19 2978 1261.856 0 0
2026-04-20 3062 1217.01 -44.846 -3.554
2026-04-21 3186 1146.374 -70.636 -5.804
2026-04-22 3147 1167.171 20.797 1.814
2026-04-23 3116 1175.854 8.683 0.744
2026-04-24 3125 1166.648 -9.206 -0.783
2026-04-25 3124 1166.528 -0.12 -0.01
2026-04-26 3124 1166.528 0 0
2026-04-27 3168 1137.35 -29.178 -2.501
2026-04-28 3180 1131.485 -5.865 -0.516
2026-04-29 3201 1114.404 -17.081 -1.51
2026-04-30 3008 1226.521 112.117 10.061
2026-05-01 3011 1226.45 -0.071 -0.006
2026-05-02 3013 1226.45 0 0
2026-05-04 3016 1226.45 0 0
2026-05-05 3015 1226.45 0 0
2026-05-06 2911 1304.541 0 0
