2019-11-07 345 5875.689 0 0
2020-01-19 308 6609.148 733.459 12.483
2020-02-07 322 6259.851 -349.297 -5.285
2020-02-15 321 6176.509 -83.342 -1.331
2020-02-16 321 6176.509 0 0
2020-02-17 329 6137.775 -38.734 -0.627
2020-02-18 328 6136.261 -1.514 -0.025
2020-02-19 334 6117.606 -18.655 -0.304
2020-02-20 329 6165.773 48.167 0.787
2020-02-21 333 6100.048 -65.725 -1.066
2020-02-22 341 5985.547 -114.501 -1.877
2020-02-23 341 5985.547 0 0
2020-02-24 339 5980.248 -5.299 -0.089
2020-02-25 360 5613.027 -367.221 -6.141
2020-02-26 385 5277.506 -335.521 -5.978
2020-02-27 399 5061.959 -215.547 -4.084
2020-02-28 408 4941.384 -120.575 -2.382
2020-02-29 392 5063.457 122.073 2.47
