2026-03-10 2826 1340 0 0
2026-03-11 2831 1340 0 0
2026-03-12 2824 1340 0 0
2026-03-13 2815 1340 0 0
2026-03-14 2809 1340 0 0
2026-03-15 2809 1340 0 0
2026-03-16 2809 1340 0 0
2026-03-17 2804 1340 0 0
2026-03-18 2808 1340 0 0
2026-03-19 2794 1340 0 0
2026-03-20 2781 1340 0 0
2026-03-21 2782 1340 0 0
2026-03-22 2782 1340 0 0
2026-03-23 2767 1340 0 0
2026-03-24 2766 1340 0 0
2026-03-25 2782 1340 0 0
2026-03-26 2778 1340 0 0
2026-03-27 2769 1340 0 0
2026-03-28 2768 1340 0 0
2026-03-29 2768 1340 0 0
2026-03-30 2758 1340 0 0
2026-03-31 2759 1340 0 0
2026-04-01 2778 1340.0 0 0
2026-04-02 2774 1340.0 0 0
2026-04-03 2773 1340.0 0 0
2026-04-04 2776 1340.0 0 0
2026-04-05 2776 1340.0 0 0
2026-04-06 2776 1340.0 0 0
2026-04-07 2777 1340.0 0 0
2026-04-08 2784 1340.0 0 0
2026-04-09 2799 1340.0 0 0
