2020-01-19 2145 1055.145 0 0
2020-02-15 2153 1014.655 -40.49 -3.837
2020-02-16 2154 1014.655 0 0
2020-02-17 2151 1014.713 0.058 0.006
2020-02-18 2150 1011.411 -3.302 -0.325
2020-02-19  992.592 -18.819 -1.861
2020-02-21  980.811 -11.781 -1.187
2020-11-10  971.348 -9.463 -0.965
2020-12-15 2262 1048.745 77.397 7.968
2020-12-16 2237 1088.88 40.135 3.827
2020-12-17 2271 1047.943 -40.937 -3.76
2020-12-18 2287 1033.46 -14.483 -1.382
2020-12-19 2286 1032.375 -1.085 -0.105
2020-12-20 2286 1032.375 0 0
2020-12-21 2274 1040.131 7.756 0.751
2020-12-22 2241 1076.448 36.317 3.492
2020-12-23 2249 1119.816 43.368 4.029
2020-12-24 2248 1121.182 1.366 0.122
2020-12-25 2253 1122.235 1.053 0.094
2020-12-26 2253 1122.235 0 0
2020-12-27 2253 1122.235 0 0
2020-12-28 2256 1113.255 -8.98 -0.8
2020-12-29 2248 1114.825 1.57 0.141
2020-12-31 2246 1123.512 8.687 0.779
