2021-04-09 398 6800 0 0
2021-04-10 397 6800 0 0
2021-04-11 397 6800 0 0
2021-04-12 395 6800 0 0
2021-04-13 395 6800 0 0
2021-04-14 395 6800 0 0
2021-04-15 396 6800 0 0
2021-04-16 396 6800 0 0
2021-04-17 399 6800 0 0
2021-04-18 399 6800 0 0
2021-04-19 398 6800 0 0
2021-04-20 398 6800 0 0
2021-04-21 398 6800 0 0
2021-04-22 399 6800 0 0
2021-04-23 402 6800 0 0
2021-04-24 402 6800 0 0
2021-04-25 402 6800 0 0
2021-04-26 401 6800 0 0
2021-04-27 401 6800 0 0
2021-04-28 403 6800 0 0
2021-04-29 403 6800 0 0
2021-04-30 404 6800 0 0
2021-05-01 402 6800 0 0
