2020-01-19 1406 1850.442 0 0
2020-02-07 1413 1813.221 -37.221 -2.053
2020-02-15 1417 1818.338 5.117 0.281
2020-02-16 1417 1818.338 0 0
2020-02-17 1417 1818.338 0 0
2020-02-18 1416 1818.338 0 0
2020-02-19 1422 1811.926 -6.412 -0.354
2020-02-20 1421 1814.802 2.876 0.158
2020-02-21 1419 1809.214 -5.588 -0.309
2020-02-22 1428 1803.2 -6.014 -0.334
2020-02-23 1427 1803.2 0 0
2020-02-24 1417 1803.2 0 0
2020-02-25 1411 1804.866 1.666 0.092
2020-02-26 1399 1808.956 4.09 0.226
2020-02-27 1387 1808.802 -0.154 -0.009
2020-02-28 1374 1809.008 0.206 0.011
2020-02-29 1368 1815.737 6.729 0.371
