2020-01-19 1263 2077.205 0 0
2020-02-07 1249 2080.625 3.42 0.164
2020-02-15 1251 2080.91 0.285 0.014
2020-02-16 1251 2080.91 0 0
2020-02-17 1258 2080.91 0 0
2020-02-18 1260 2080.802 -0.108 -0.005
2020-02-19 1255 2082.656 1.854 0.089
2020-02-20 1257 2082.55 -0.106 -0.005
2020-02-21 1257 2082.326 -0.224 -0.011
2020-02-22 1255 2082.326 0 0
2020-02-23 1254 2082.326 0 0
2020-02-24 1242 2081.628 -0.698 -0.034
2020-02-25 1239 2080.601 -1.027 -0.049
2020-02-26 1235 2077.65 -2.951 -0.142
2020-02-27 1218 2074.23 -3.42 -0.165
2020-02-28 1203 2074.435 0.205 0.01
2020-02-29 1207 2074.435 0 0
2020-03-01 1207 2074.435 0 0
2020-03-02 1214 2073.483 -0.952 -0.046
2020-03-03 1226 2072.336 -1.147 -0.055
2020-03-04 1230 2072.544 0.208 0.01
2020-03-05 1231 2064.91 -7.634 -0.37
2020-03-06 1219 2062.684 -2.226 -0.108
2020-03-07 1222 2062.684 0 0
2020-03-08 1221 2062.684 0 0
2020-03-09 1198 2058.072 -4.612 -0.224
2020-03-10 1189 2056.097 -1.975 -0.096
2020-03-11 1177 2051.467 -4.63 -0.226
2020-03-12 1147 2043.124 -8.343 -0.408
2020-03-13 1137 2045.123 1.999 0.098
2020-03-14 1140 2045.123 0 0
2020-03-15 1140 2045.123 0 0
2020-03-16 1105 2033.283 -11.84 -0.582
2020-03-17 1084 2037.647 4.364 0.214
2020-03-18 1075 2029.519 -8.128 -0.4
2020-03-19 1057 2031.774 2.255 0.111
2020-03-20 1065 2031.641 -0.133 -0.007
2020-03-21 1066 2031.641 0 0
2020-03-22 1066 2031.641 0 0
2020-03-23 1052 2028.973 -2.668 -0.131
2020-03-24 1046 2028.973 0 0
2020-03-25 1076 2031.02 2.047 0.101
2020-03-26 1095 2033.456 2.436 0.12
2020-03-27 1115 2036.091 2.635 0.129
2020-03-28 1099 2034.202 -1.889 -0.093
2020-03-29 1099 2034.202 0 0
2020-03-30 1099 2034.202 0 0
2020-03-31 1094 2036.194 1.992 0.098
2020-04-01 1106 2037.764 1.57 0.077
2020-04-02 1088 2033.95 -3.814 -0.188
2020-04-03 1092 2035.426 1.476 0.073
2020-04-04 1089 2034.062 -1.364 -0.067
2020-04-05 1089 2034.062 0 0
2020-04-06 1089 2034.062 0 0
2020-04-07 1111 2037.657 3.595 0.176
2020-04-08 1137 2040.176 2.519 0.123
2020-04-10 1159 2043.864 3.688 0.18
2020-04-11 1159 2043.864 0 0
2020-04-12 1159 2043.864 0 0
2020-04-13 1156 2043.161 -0.703 -0.034
2020-04-14 1158 2043.985 0.824 0.04
2020-04-15 1158 2040.869 -3.116 -0.153
2020-04-17 1157 2040.134 -0.735 -0.036
2020-04-18 1164 2040.134 0 0
2020-04-19 1164 2040.134 0 0
2020-04-20 1167 2039.291 -0.843 -0.041
2020-04-21 1158 2037.581 -1.71 -0.084
2020-04-23 1157 2040.181 2.6 0.127
2020-04-24 1155 2041.657 1.476 0.072
2020-04-25 1152 2041.657 0 0
2020-04-26 1152 2041.657 0 0
2020-04-27 1156 2045.723 4.066 0.199
2020-04-28 1168 2047.108 1.385 0.068
2020-04-29 1175 2049.598 2.49 0.121
2020-04-30 1187 2047.592 -2.006 -0.098
