2024-03-30 985 3355.056 0 0
2024-03-31 985 3355.056 0 0
2024-04-02 978 3351.192 -3.864 -0.115
2024-04-03 989 3325.248 -25.944 -0.774
2024-04-04 1009 3286.608 -38.64 -1.162
2024-04-05 999 3309.792 23.184 0.705
2024-04-06 996 3309.792 0 0
2024-04-07 996 3309.792 0 0
2024-04-08 993 3323.04 13.248 0.4
2024-04-09 983 3345.12 22.08 0.664
2024-04-10 1010 3288.264 -56.856 -1.7
2024-04-11 1001 3297.096 8.832 0.269
2024-04-12 1017 3238.584 -58.512 -1.775
2024-04-13 1013 3238.584 0 0
2024-04-14 1013 3238.584 0 0
2024-04-15 1029 3201.6 -36.984 -1.142
2024-04-16 1053 3154.128 -47.472 -1.483
2024-04-17 1037 3166.272 12.144 0.385
2024-04-18 1019 3196.632 30.36 0.959
2024-04-19 992 3242.448 45.816 1.433
2024-04-20 992 3242.448 0 0
2024-04-21 993 3242.448 0 0
2024-04-22 983 3283.848 41.4 1.277
2024-04-23 971 3321.936 38.088 1.16
2024-04-24 971 3326.352 4.416 0.133
2024-04-25 974 3308.688 -17.664 -0.531
2024-04-26 983 3312.552 3.864 0.117
2024-04-27 982 3312.552 0 0
2024-04-28 982 3312.552 0 0
2024-04-29 982 3328.56 16.008 0.483
2024-04-30 998 3293.232 -35.328 -1.061
2024-05-01 1001 3282.744 -10.488 -0.318
2024-05-02 992 3305.928 23.184 0.706
2024-05-03 1000 3295.992 -9.936 -0.301
2024-05-04 1003 3295.992 0 0
2024-05-05 1003 3295.992 0 0
2024-05-06 1011 3289.368 -6.624 -0.201
2024-05-07 989 3343.464 54.096 1.645
2024-05-08 939 3477.048 133.584 3.995
2024-05-09 931 3504.648 27.6 0.794
2024-05-10 926 3544.392 39.744 1.134
2024-05-11 925 3544.392 0 0
2024-05-12 925 3544.392 0 0
2024-05-13 920 3571.992 27.6 0.779
2024-05-14 906 3624.984 52.992 1.484
2024-05-15 907 3644.856 19.872 0.548
2024-05-16 900 3669.144 24.288 0.666
2024-05-17 890 3721.584 52.44 1.429
2024-05-18 889 3721.584 0 0
2024-05-19 889 3721.584 0 0
2024-05-20 904 3661.968 -59.616 -1.602
2024-05-21 901 3656.448 -5.52 -0.151
2024-05-22 917 3598.488 -57.96 -1.585
2024-05-23 924 3567.024 -31.464 -0.874
2024-05-24 915 3590.208 23.184 0.65
2024-05-25 914 3590.208 0 0
2024-05-26 914 3590.208 0 0
2024-05-27 919 3590.208 0 0
2024-05-28 941 3505.752 -84.456 -2.352
2024-05-29 957 3437.856 -67.896 -1.937
2024-05-30 952 3440.616 2.76 0.08
2024-05-31 939 3481.464 40.848 1.187
