2026-05-13 2957 1283.114 0 0
2026-05-14 3015 1234.876 0 0
2026-05-15 3114 1177.728 0 0
2026-05-16 3108 1174.18 0 0
2026-05-17 3103 1173.435 0 0
2026-05-18 3192 1121.638 0 0
2026-05-19 3175 1135.637 0 0
2026-05-20 3229 1103.806 0 0
2026-05-21 3170 1136.605 0 0
2026-05-22 3111 1176.723 0 0
2026-05-23 3122 1172.541 0 0
2026-05-24 3109 1179.093 0 0
2026-05-25 3084 1193.11 0 0
2026-05-26 3053 1211.332 0 0
2026-05-27 2977 1260.39 0 0
2026-05-28 3043 1209.488 0 0
2026-05-29 3053 1209.951 0 0
2026-05-30 2982 1249.647 0 0
2026-05-31 2976 1253.157 0 0
2026-06-01 2981 1254.567 0 0
