2025-07-31 1511 2538.47 0 0
2025-08-01 1506 2538.47 0 0
2025-08-02 1511 2538.47 0 0
2025-08-03 1511 2538.47 0 0
2025-08-04 1514 2538.47 0 0
2025-08-05 1520 2538.47 0 0
2025-08-06 1523 2538.47 0 0
2025-08-07 1524 2538.47 0 0
2025-08-08 1525 2538.47 0 0
2025-08-09 1525 2538.47 0 0
2025-08-10 1525 2538.47 0 0
2025-08-11 1529 2538.47 0 0
2025-08-12 1528 2538.47 0 0
2025-08-13 1535 2538.47 0 0
2025-08-14 1534 2538.47 0 0
2025-08-15 1535 2538.47 0 0
2025-08-16 1535 2538.47 0 0
2025-08-17 1535 2538.47 0 0
2025-08-18 1538 2538.47 0 0
2025-08-19 1535 2538.47 0 0
2025-08-20 1537 2538.47 0 0
2025-08-21 1532 2538.47 0 0
2025-08-22 1537 2538.47 0 0
2025-08-23 1539 2538.47 0 0
2025-08-24 1539 2538.47 0 0
2025-08-25 1538 2538.47 0 0
2025-08-26 1542 2538.47 0 0
2025-08-27 1538 2538.47 0 0
2025-08-28 1538 2538.47 0 0
2025-08-29 1540 2538.47 0 0
2025-08-30 1540 2538.47 0 0
2025-08-31 1540 2538.47 0 0
2025-09-01 1543 2538.47 0 0
2025-09-02 1533 2538.47 0 0
2025-09-03 1536 2538.47 0 0
2025-09-04 1533 2538.47 0 0
2025-09-05 1540 2538.47 0 0
2025-09-06 1543 2538.47 0 0
2025-09-07 1543 2538.47 0 0
2025-09-08 1544 2538.47 0 0
2025-09-09 1550 2538.47 0 0
2025-09-10 1546 2538.47 0 0
2025-09-11 1551 2538.47 0 0
2025-09-12 1549 2538.47 0 0
2025-09-13 1549 2538.47 0 0
2025-09-14 1549 2538.47 0 0
2025-09-15 1553 2538.47 0 0
2025-09-16 1560 2538.47 0 0
2025-09-17 1563 2538.47 0 0
2025-09-18 1568 2538.47 0 0
2025-09-19 1557 2538.47 0 0
2025-09-20 1555 2538.47 0 0
2025-09-21 1555 2538.47 0 0
2025-09-22 1559 2538.47 0 0
2025-09-23 1553 2538.47 0 0
2025-09-24 1557 2538.47 0 0
2025-09-25 1556 2538.47 0 0
2025-09-26 1548 2538.47 0 0
2025-09-27 1548 2538.47 0 0
2025-09-28 1547 2538.47 0 0
2025-09-29 1549 2538.47 0 0
2025-09-30 1556 2538.47 0 0
2025-10-01 1558 2538.47 0 0
2025-10-02 1567 2538.47 0 0
2025-10-03 1566 2538.47 0 0
2025-10-04 1566 2538.47 0 0
2025-10-05 1566 2538.47 0 0
2025-10-06 1566 2538.47 0 0
2025-10-07 1565 2538.47 0 0
2025-10-08 1560 2538.47 0 0
2025-10-09 1561 2538.47 0 0
2025-10-10 1553 2538.47 0 0
2025-10-11 1552 2538.47 0 0
2025-10-12 1552 2538.47 0 0
2025-10-13 1553 2538.47 0 0
2025-10-14 1546 2538.47 0 0
2025-10-15 1546 2538.47 0 0
2025-10-16 1547 2538.47 0 0
2025-10-17 1546 2538.47 0 0
2025-10-18 1545 2538.47 0 0
2025-10-19 1546 2538.47 0 0
2025-10-20 1553 2538.47 0 0
2025-10-21 1557 2538.47 0 0
2025-10-22 1559 2538.47 0 0
2025-10-23 1557 2538.47 0 0
2025-10-24 1559 2538.47 0 0
2025-10-25 1558 2538.47 0 0
2025-10-26 1558 2538.47 0 0
2025-10-27 1566 2538.47 0 0
2025-10-28 1561 2538.47 0 0
2025-10-29 1556 2538.47 0 0
2025-10-30 1557 2538.47 0 0
2025-10-31 1556 2538.47 0 0
2025-11-01 1556 2538.47 0 0
2025-11-02 1555 2538.47 0 0
2025-11-03 1554 2538.47 0 0
2025-11-04 1543 2538.47 0 0
2025-11-05 1547 2538.47 0 0
2025-11-06 1543 2538.47 0 0
2025-11-07 1550 2538.47 0 0
2025-11-08 1550 2538.47 0 0
2025-11-09 1550 2538.47 0 0
2025-11-10 1558 2538.47 0 0
2025-11-11 1557 2538.47 0 0
2025-11-12 1558 2538.47 0 0
2025-11-13 1553 2538.47 0 0
2025-11-14 1552 2538.47 0 0
2025-11-15 1551 2538.47 0 0
2025-11-16 1551 2538.47 0 0
2025-11-17 1551 2538.47 0 0
2025-11-18 1543 2538.47 0 0
2025-11-19 1542 2538.47 0 0
2025-11-20 1534 2538.47 0 0
2025-11-21 1531 2538.47 0 0
2025-11-22 1529 2538.47 0 0
2025-11-23 1529 2538.47 0 0
2025-11-24 1529 2538.47 0 0
2025-11-25 1541 2538.47 0 0
2025-11-26 1544 2538.47 0 0
2025-11-27 1547 2538.47 0 0
2025-11-28 1552 2538.47 0 0
2025-11-29 1553 2538.47 0 0
2025-11-30 1553 2538.47 0 0
2025-12-01 1548 2538.47 0 0
2025-12-02 1555 2538.47 0 0
2025-12-03 1552 2538.47 0 0
2025-12-04 1555 2538.47 0 0
2025-12-05 1561 2538.47 0 0
2025-12-06 1560 2538.47 0 0
2025-12-07 1560 2538.47 0 0
2025-12-08 1559 2538.47 0 0
2025-12-09 1555 2538.47 0 0
2025-12-10 1565 2538.47 0 0
2025-12-11 1561 2538.47 0 0
2025-12-12 1563 2538.47 0 0
2025-12-13 1564 2538.47 0 0
2025-12-14 1564 2538.47 0 0
2025-12-15 1567 2538.47 0 0
2025-12-16 1561 2538.47 0 0
2025-12-17 1558 2538.47 0 0
2025-12-18 1566 2538.47 0 0
2025-12-19 1570 2538.47 0 0
2025-12-20 1570 2538.47 0 0
2025-12-21 1570 2538.47 0 0
2025-12-22 1574 2538.47 0 0
2025-12-23 1573 2538.47 0 0
2025-12-24 1578 2538.47 0 0
2025-12-25 1579 2538.47 0 0
2025-12-26 1582 2538.47 0 0
2025-12-27 1582 2538.47 0 0
2025-12-28 1582 2538.47 0 0
2025-12-29 1576 2538.47 0 0
2025-12-30 1574 2538.47 0 0
2025-12-31 1574 2538.47 0 0
2026-01-01 1573 2538.47 0 0
2026-01-02 1578 2538.47 0 0
2026-01-03 1577 2538.47 0 0
2026-01-05 1589 2538.47 0 0
2026-01-06 1594 2538.47 0 0
2026-01-07 1597 2538.47 0 0
2026-01-08 1600 2538.47 0 0
2026-01-09 1602 2538.47 0 0
2026-01-10 1602 2538.47 0 0
2026-01-11 1602 2538.47 0 0
2026-01-12 1596 2538.47 0 0
2026-01-13 1605 2538.47 0 0
2026-01-14 1603 2538.47 0 0
2026-01-15 1607 2538.47 0 0
2026-01-16 1607 2538.47 0 0
2026-01-17 1607 2538.47 0 0
2026-01-18 1606 2538.47 0 0
2026-01-19 1604 2538.47 0 0
2026-01-20 1595 2538.47 0 0
2026-01-21 1600 2538.47 0 0
2026-01-22 1601 2538.47 0 0
2026-01-23 1609 2538.47 0 0
2026-01-24 1614 2538.47 0 0
2026-01-25 1614 2538.47 0 0
2026-01-26 1612 2538.47 0 0
2026-01-27 1615 2538.47 0 0
2026-01-28 1626 2538.47 0 0
2026-01-29 1616 2538.47 0 0
2026-01-30 1614 2538.47 0 0
2026-01-31 1616 2538.47 0 0
2026-02-01 1613 2538.47 0 0
2026-02-02 1606 2538.47 0 0
2026-02-03 1612 2538.47 0 0
2026-02-04 1620 2538.47 0 0
2026-02-05 1610 2538.47 0 0
2026-02-06 1614 2538.47 0 0
2026-02-07 1614 2538.47 0 0
2026-02-08 1614 2538.47 0 0
2026-02-09 1628 2538.47 0 0
2026-02-10 1636 2538.47 0 0
2026-02-11 1637 2538.47 0 0
2026-02-12 1635 2538.47 0 0
2026-02-13 1628 2538.47 0 0
2026-02-14 1628 2538.47 0 0
2026-02-15 1627 2538.47 0 0
2026-02-16 1627 2538.47 0 0
2026-02-17 1631 2538.47 0 0
2026-02-18 1626 2538.47 0 0
2026-02-19 1630 2538.47 0 0
2026-02-20 1630 2538.47 0 0
2026-02-21 1639 2538.47 0 0
2026-02-22 1635 2538.47 0 0
2026-02-23 1636 2538.47 0 0
2026-02-24 1636 2538.47 0 0
2026-02-25 1641 2538.47 0 0
2026-02-26 1176 3631.329 1092.859 43.052
2026-02-27 1170 3631.329 0 0
2026-02-28 1175 3631.329 0 0
2026-03-01 1176 3631.329 0 0
2026-03-02 1178 3631.329 0 0
2026-03-03 1168 3631.329 0 0
2026-03-04 1163 3631.329 0 0
2026-03-05 1167 3631.329 0 0
2026-03-06 1163 3631.329 0 0
2026-03-07 1164 3631.329 0 0
2026-03-08 1164 3631.329 0 0
2026-03-09 1157 3631.329 0 0
2026-03-10 1174 3631.329 0 0
2026-03-11 1176 3631.329 0 0
2026-03-12 1167 3631.329 0 0
2026-03-13 1156 3631.329 0 0
2026-03-14 1153 3631.329 0 0
2026-03-15 1153 3631.329 0 0
2026-03-16 1157 3631.329 0 0
2026-03-17 1165 3631.329 0 0
2026-03-18 1165 3631.329 0 0
2026-03-19 1158 3631.329 0 0
2026-03-20 1149 3631.329 0 0
2026-03-21 1147 3631.329 0 0
2026-03-22 1147 3631.329 0 0
2026-03-23 1148 3631.329 0 0
2026-03-24 1147 3631.329 0 0
2026-03-25 1149 3631.329 0 0
2026-03-27 1139 3631.329 0 0
2026-03-28 1135 3631.329 0 0
2026-03-29 1135 3631.329 0 0
2026-03-30 1136 3631.329 0 0
2026-03-31 1137 3631.329 0 0
2026-04-01 1145 3631.329 0 0
2026-04-02 1151 3631.329 0 0
2026-04-03 1148 3631.329 0 0
2026-04-04 1148 3631.329 0 0
2026-04-05 1148 3631.329 0 0
2026-04-06 1149 3631.329 0 0
2026-04-07 1149 3631.329 0 0
2026-04-08 1162 3631.329 0 0
2026-04-09 1171 3631.329 0 0
2026-04-10 1173 3631.329 0 0
2026-04-11 1173 3631.329 0 0
2026-04-12 1173 3631.329 0 0
2026-04-13 1172 3631.329 0 0
2026-04-14 1177 3631.329 0 0
2026-04-15 1186 3631.329 0 0
2026-04-16 1188 3631.329 0 0
2026-04-17 1192 3631.329 0 0
2026-04-18 1193 3631.329 0 0
2026-04-19 1193 3631.329 0 0
2026-04-20 1192 3631.329 0 0
2026-04-21 1186 3631.329 0 0
2026-04-22 1185 3631.329 0 0
2026-04-23 1181 3631.329 0 0
2026-04-24 1180 3631.329 0 0
2026-04-25 1180 3631.329 0 0
2026-04-26 1180 3631.329 0 0
2026-04-27 1179 3631.329 0 0
2026-04-28 1183 3631.329 0 0
2026-04-29 1182 3631.329 0 0
2026-04-30 1180 3631.329 0 0
2026-05-01 1182 3631.329 0 0
2026-05-02 1182 3631.329 0 0
2026-05-04 1184 3631.329 0 0
2026-05-05 1185 3631.329 0 0
2026-05-06 1186 3631.329 0 0
2026-05-07 1189 3631.329 0 0
2026-05-08 1193 3631.329 0 0
2026-05-09 1198 3631.329 0 0
2026-05-10 1198 3631.329 0 0
2026-05-11 1198 3631.329 0 0
2026-05-12 1188 3631.329 0 0
2026-05-13 1189 3631.329 0 0
2026-05-14 1180 3631.329 0 0
2026-05-15 1181 3631.329 0 0
2026-05-16 1182 3631.329 0 0
2026-05-17 1181 3631.329 0 0
2026-05-18 1181 3631.329 0 0
2026-05-19 1182 3631.329 0 0
2026-05-20 1179 3631.329 0 0
2026-05-21 1185 3631.329 0 0
2026-05-22 1187 3631.329 0 0
2026-05-23 1191 3631.329 0 0
2026-05-24 1192 3631.329 0 0
2026-05-25 1190 3631.329 0 0
2026-05-26 1187 3631.329 0 0
2026-05-27 1185 3631.329 0 0
2026-05-28 1185 3631.329 0 0
2026-05-29 1188 3631.329 0 0
2026-05-30 1189 3631.329 0 0
2026-05-31 1192 3631.329 0 0
2026-06-01 1190 3631.329 0 0
2026-06-02 1182 3631.329 0 0
2026-06-03 1178 3631.329 0 0
2026-06-04 1170 3631.329 0 0
2026-06-05 1170 3631.329 0 0
2026-06-06 1169 3631.329 0 0
2026-06-07 1165 3631.329 0 0
2026-06-09 1163 3631.329 0 0
2026-06-10 1168 3631.329 0 0
2026-06-11 1169 3631.329 0 0
2026-06-12 1177 3631.329 0 0
2026-06-13 1176 3631.329 0 0
2026-06-14 1182 3631.329 0 0
2026-06-16 1186 3631.329 0 0
2026-06-17 1188 3631.329 0 0
2026-06-18 1189 3631.329 0 0
2026-06-19 1190 3631.329 0 0
2026-06-20 1183 3631.329 0 0
2026-06-21 1183 3631.329 0 0
2026-06-22 1185 3631.329 0 0
2026-06-23 1185 3631.329 0 0
2026-06-24 1181 3631.329 0 0
2026-06-25 1182 3631.329 0 0
2026-06-26 1175 3631.329 0 0
2026-06-27 1182 3631.329 0 0
2026-06-28 1183 3631.329 0 0
2026-06-29 1184 3631.329 0 0
2026-06-30 1189 3631.329 0 0
2026-07-01 1190 3631.329 0 0
2026-07-02 1190 3631.329 0 0
2026-07-03 1189 3631.329 0 0
2026-07-04 1192 3631.329 0 0
2026-07-05 1192 3631.329 0 0
2026-07-06 1192 3631.329 0 0
