2020-01-19 1879 1294.701 0 0
2020-02-07 1991 1144.405 -150.296 -13.133
2020-02-15 1930 1214.242 69.837 5.751
2020-02-16 1931 1214.242 0 0
2020-02-17 1872 1265.907 51.665 4.081
2020-02-18 1867 1268.187 2.28 0.18
2020-02-19 1870 1261.696 -6.491 -0.514
2020-02-20 1854 1284.172 22.476 1.75
2020-02-21 1790 1360.351 76.179 5.6
2020-02-22 1793 1355.828 -4.523 -0.334
2020-02-23 1792 1355.828 0 0
2020-02-24 1684 1478.641 122.813 8.306
2020-02-25 1632 1518.218 39.577 2.607
2020-02-26 1697 1440.278 -77.94 -5.411
2020-02-27 1656 1472.654 32.376 2.198
2020-02-28 1723 1385.644 -87.01 -6.279
2020-02-29 1714 1390.798 5.154 0.371
