2026-03-10 2530 1562.197 0 0
2026-03-11 2581 1527.571 -34.626 -2.216
2026-03-12 2583 1513.954 -13.617 -0.891
2026-03-13 2606 1492.64 -21.314 -1.408
2026-03-14 2610 1486.671 -5.969 -0.4
2026-03-15 2610 1486.671 0 0
2026-03-16 2642 1456.049 -30.622 -2.06
2026-03-17 2639 1460.505 4.456 0.306
2026-03-18 2638 1463.787 3.282 0.225
2026-03-19 2661 1429.173 -34.614 -2.365
2026-03-20 2669 1414.838 -14.335 -1.003
2026-03-21 2666 1418.765 3.927 0.278
2026-03-22 2666 1418.765 0 0
2026-03-23 2707 1379.117 -39.648 -2.795
2026-03-24 2669 1402.746 23.629 1.713
2026-03-25 2666 1419.857 17.111 1.22
2026-03-27 2736 1371.163 -48.694 -3.43
2026-03-28 2734 1366.679 -4.484 -0.327
2026-03-29 2735 1366.679 0 0
2026-03-30 2731 1361.529 -5.15 -0.377
2026-03-31 2828 1304.601 -56.928 -4.181
2026-04-01 2799 1326.232 21.631 1.658
2026-04-02 2833 1305.946 -20.286 -1.53
2026-04-03 2830 1303.247 -2.699 -0.207
2026-04-04 2830 1303.247 0 0
2026-04-05 2830 1303.247 0 0
2026-04-06 2834 1303.247 0 0
2026-04-07 2876 1279.781 -23.466 -1.801
2026-04-08 2768 1368.954 89.173 6.968
2026-04-09 2795 1348.088 -20.866 -1.524
2026-04-10 2769 1380.07 31.982 2.372
2026-04-11 2769 1381.605 1.535 0.111
2026-04-12 2769 1381.605 0 0
2026-04-13 2793 1363.772 -17.833 -1.291
2026-04-14 2792 1370.34 6.568 0.482
2026-04-15 2824 1350.719 -19.621 -1.432
2026-04-16 2663 1478.343 127.624 9.449
2026-04-17 2633 1501.422 23.079 1.561
2026-04-18 2643 1499.905 -1.517 -0.101
2026-04-19 2643 1499.905 0 0
2026-04-20 2689 1467.519 -32.386 -2.159
2026-04-21 2694 1465.051 -2.468 -0.168
2026-04-22 2621 1523.259 58.208 3.973
2026-04-23 2623 1506.629 -16.63 -1.092
2026-04-24 2664 1478.484 -28.145 -1.868
2026-04-25 2660 1478.332 -0.152 -0.01
2026-04-26 2660 1478.332 0 0
2026-04-27 2698 1449.928 -28.404 -1.921
2026-04-28 2688 1454.056 4.128 0.285
2026-04-29 2655 1491.602 37.546 2.582
2026-04-30 2690 1450.32 -41.282 -2.768
2026-05-01 2694 1450.235 -0.085 -0.006
2026-05-02 2695 1450.235 0 0
2026-05-04 2700 1450.235 0 0
2026-05-05 2700 1450.235 0 0
2026-05-06 2662 1493.161 0 0
2026-05-07 2723 1453.233 0 0
2026-05-08 2774 1417.563 0 0
2026-05-09 2753 1438.369 0 0
2026-05-10 2752 1438.305 0 0
2026-05-11 3366 1024.005 0 0
2026-05-12 2785 1411.946 0 0
2026-05-13 2750 1425.242 0 0
2026-05-14 2747 1427.063 0 0
2026-05-15 2719 1450.681 0 0
2026-05-16 2725 1429.436 0 0
2026-05-17 2725 1425.55 0 0
2026-05-18 2780 1389.472 0 0
2026-05-19 2821 1358.219 0 0
2026-05-20 2816 1362.568 0 0
2026-05-21 2807 1376.136 0 0
