2022-03-29 291 8146.229 0 0
2022-03-30 292 8146.229 0 0
2022-04-01 289 8146.229 0 0
2022-04-02 292 8146.229 0 0
2022-04-03 292 8146.229 0 0
2022-04-05 297 8146.229 0 0
2022-04-06 293 8146.229 0 0
2022-04-07 291 8146.229 0 0
2022-04-08 289 8146.229 0 0
2022-04-09 291 8146.229 0 0
2022-04-10 291 8146.229 0 0
2022-04-11 288 8146.229 0 0
2022-04-12 287 8146.229 0 0
2022-04-13 287 8146.229 0 0
2022-04-14 288 8146.229 0 0
2022-04-15 282 8146.229 0 0
2022-04-16 282 8146.229 0 0
2022-04-17 282 8146.229 0 0
2022-04-18 280 8146.229 0 0
2022-04-19 282 8146.229 0 0
2022-04-20 281 8146.229 0 0
2022-04-21 286 8146.229 0 0
2022-04-22 278 8146.229 0 0
2022-04-23 274 8146.229 0 0
2022-04-24 274 8146.229 0 0
2022-04-25 271 8146.229 0 0
2022-04-26 263 8146.229 0 0
2022-04-27 267 8146.229 0 0
2022-04-28 268 8146.229 0 0
2022-04-29 267 8146.229 0 0
2022-04-30 268 8146.229 0 0
