2019-11-07 438 4859.652 0 0
2020-01-19 375 5647.765 788.113 16.217
2020-02-07 359 5714.768 67.003 1.186
2020-02-15 360 5768.894 54.126 0.947
2020-02-16 360 5768.894 0 0
2020-02-17 357 5778.97 10.076 0.175
2020-02-18 357 5782.051 3.081 0.053
2020-02-19 357 5791.182 9.131 0.158
2020-02-20 361 5689.576 -101.606 -1.754
2020-02-21 365 5666.789 -22.787 -0.401
2020-02-22 362 5716.6 49.811 0.879
2020-02-23 358 5750.987 34.387 0.602
2020-02-24 380 5507.566 -243.421 -4.233
2020-02-25 380 5438.277 -69.289 -1.258
2020-02-26 366 5521.475 83.198 1.53
2020-02-27 380 5300.455 -221.02 -4.003
2020-02-28 376 5241.076 -59.379 -1.12
2020-02-29 377 5217.452 -23.624 -0.451
2020-03-01 379 5217.452 0 0
2020-03-02 381 5272.7 55.248 1.059
2020-03-03 366 5508.827 236.127 4.478
2020-03-04 345 5701.776 192.949 3.503
2020-03-05 358 5660.991 -40.785 -0.715
2020-03-06 360 5542.454 -118.537 -2.094
2020-03-07 355 5597.686 55.232 0.997
2020-03-08 357 5597.686 0 0
2020-03-09 365 5380.629 -217.057 -3.878
2020-03-10 363 5345.724 -34.905 -0.649
2020-03-11 367 5257.713 -88.011 -1.646
2020-03-12 421 4644.691 -613.022 -11.659
2020-03-13 399 4695.945 51.254 1.103
2020-03-14 401 4706.425 10.48 0.223
2020-03-15 401 4706.425 0 0
2020-03-16 412 4518.647 -187.778 -3.99
2020-03-17 358 4886.725 368.078 8.146
2020-03-18 358 4822.289 -64.436 -1.319
2020-03-19 367 4710.877 -111.412 -2.31
2020-03-20 376 4642.666 -68.211 -1.448
2020-03-21 374 4665.813 23.147 0.499
2020-03-22 374 4665.813 0 0
2020-03-23 399 4392.613 -273.2 -5.855
2020-03-24 399 4399.342 6.729 0.153
2020-03-25 369 4782.961 383.619 8.72
2020-03-26 369 4825.374 42.413 0.887
2020-03-27 369 4977.619 152.245 3.155
2020-03-28 373 4859.879 -117.74 -2.365
2020-03-29 373 4859.879 0 0
2020-03-30 373 4859.879 0 0
2020-03-31 363 4991.148 131.269 2.701
2020-04-01 346 5133.748 142.6 2.857
2020-04-02 352 5024.866 -108.882 -2.121
2020-04-03 365 4901.766 -123.1 -2.45
2020-04-04 366 4867.274 -34.492 -0.704
2020-04-05 366 4867.274 0 0
2020-04-06 366 4867.274 0 0
2020-04-07 342 5208.199 340.925 7.004
2020-04-08 347 5332.941 124.742 2.395
2020-04-09 355 5217.651 -115.29 -2.162
2020-04-10 354 5276.653 59.002 1.131
2020-04-11 354 5276.653 0 0
2020-04-12 354 5276.653 0 0
2020-04-13 350 5276.653 0 0
2020-04-14 348 5403.983 127.33 2.413
2020-04-15 357 5263.076 -140.907 -2.607
2020-04-16 359 5158.495 -104.581 -1.987
2020-04-17 358 5256.119 97.624 1.892
2020-04-18 358 5289.573 33.454 0.636
2020-04-19 358 5289.573 0 0
2020-04-20 374 5120.577 -168.996 -3.195
2020-04-21 392 4922.042 -198.535 -3.877
2020-04-23 387 4964.014 41.972 0.853
2020-04-24 388 4954.892 -9.122 -0.184
2020-04-25 390 4938.399 -16.493 -0.333
2020-04-26 390 4938.399 0 0
2020-04-27 380 5000.717 62.318 1.262
2020-04-28 375 5075.124 74.407 1.488
2020-04-29 360 5362.071 286.947 5.654
2020-04-30 369 5248.081 -113.99 -2.126
2020-05-01 361 5303.693 55.612 1.06
2020-05-02 361 5288.317 -15.376 -0.29
2020-05-03 361 5288.317 0 0
2020-05-04 375 5066.185 -222.132 -4.2
2020-05-05 371 5130.601 64.416 1.271
2020-05-06 378 5085.047 -45.554 -0.888
2020-05-07 368 5177.971 92.924 1.827
2020-05-08 363 5311.588 133.617 2.58
2020-05-09 363 5374.682 63.094 1.188
2020-05-10 363 5374.682 0 0
2020-05-11 361 5336.714 -37.968 -0.706
2020-05-12 361 5360.132 23.418 0.439
2020-05-13 364 5278.107 -82.025 -1.53
2020-05-14 375 5133.645 -144.462 -2.737
2020-05-15 368 5213.079 79.434 1.547
2020-05-16 369 5203.041 -10.038 -0.193
2020-05-17 369 5203.041 0 0
2020-05-18 360 5378.64 175.599 3.375
2020-05-19 352 5488.652 110.012 2.045
2020-05-20 360 5479.635 -9.017 -0.164
2020-05-21 356 5523.48 43.845 0.8
2020-05-23 353 5506.05 -17.43 -0.316
2020-05-24 353 5506.05 0 0
2020-05-25 347 5630.362 124.312 2.258
2020-05-26 346 5654.544 24.182 0.429
2020-05-27 347 5680.96 26.416 0.467
2020-05-28 341 5791.583 110.623 1.947
2020-05-29 322 6051.066 259.483 4.48
2020-05-30 317 6122.509 71.443 1.181
2020-05-31 317 6122.509 0 0
