2021-04-09 415 6470.817 0 0
2021-04-10 415 6470.567 -0.25 -0.004
2021-04-11 415 6470.567 0 0
2021-04-12 450 6081.876 -388.691 -6.007
2021-04-13 454 6001.851 -80.025 -1.316
2021-04-14 454 6107.96 106.109 1.768
2021-04-15 453 6089.862 -18.098 -0.296
2021-04-16 434 6331.229 241.367 3.963
2021-04-17 435 6328.622 -2.607 -0.041
2021-04-18 435 6328.622 0 0
2021-04-19 430 6351.51 22.888 0.362
2021-04-20 423 6412.445 60.935 0.959
2021-04-21 438 6289.483 -122.962 -1.918
2021-04-22 455 6139.286 -150.197 -2.388
2021-04-23 447 6234.049 94.763 1.544
2021-04-24 447 6234.049 0 0
2021-04-25 447 6233.487 -0.562 -0.009
2021-04-26 465 6073.066 -160.421 -2.574
2021-04-27 458 6176.83 103.764 1.709
2021-04-28 464 6140.552 -36.278 -0.587
2021-04-29 454 6197.114 56.562 0.921
2021-04-30 452 6208.009 10.895 0.176
2021-05-01 451 6205.212 -2.797 -0.045
