2019-11-07 271 6767.417 0 0
2020-01-19 244 7678.682 911.265 13.465
2020-02-07 241 7674.286 -4.396 -0.057
2020-02-15 242 7716.888 42.602 0.555
2020-02-16 241 7716.888 0 0
2020-02-17 240 7716.888 0 0
2020-02-18 243 7660.421 -56.467 -0.732
2020-02-19 247 7641.314 -19.107 -0.249
2020-02-20 249 7546.936 -94.378 -1.235
2020-02-21 246 7593.471 46.535 0.617
2020-02-22 247 7593.471 0 0
2020-02-23 247 7593.471 0 0
2020-02-24 254 7377.725 -215.746 -2.841
2020-02-25 255 7188.159 -189.566 -2.569
2020-02-26 250 7199.888 11.729 0.163
2020-02-27 254 7041.035 -158.853 -2.206
2020-02-28 254 6952.77 -88.265 -1.254
2020-02-29 253 6952.77 0 0
2020-03-01 255 6952.77 0 0
2020-03-02 245 7152.583 199.813 2.874
2020-03-03 255 7036.029 -116.554 -1.63
2020-03-04 239 7331.691 295.662 4.202
2020-03-05 256 7044.432 -287.259 -3.918
2020-03-06 255 6967.407 -77.025 -1.093
2020-03-07 254 6967.407 0 0
2020-03-08 254 6967.407 0 0
2020-03-09 269 6641.339 -326.068 -4.68
2020-03-10 262 6744.775 103.436 1.557
2020-03-11 273 6519.349 -225.426 -3.342
2020-03-12 277 6118.671 -400.678 -6.146
2020-03-13 249 6554.193 435.522 7.118
2020-03-14 252 6554.193 0 0
2020-03-15 252 6554.193 0 0
2020-03-16 276 5985.056 -569.137 -8.684
2020-03-17 261 6108.999 123.943 2.071
2020-03-18 280 5793.577 -315.422 -5.163
2020-03-19 281 5727.415 -66.162 -1.142
2020-03-20 287 5711.936 -15.479 -0.27
2020-03-21 289 5711.936 0 0
2020-03-22 289 5711.936 0 0
2020-03-23 286 5556.328 -155.608 -2.724
2020-03-24 282 5556.328 0 0
2020-03-25 273 5951.529 395.201 7.113
2020-03-26 279 5981.878 30.349 0.51
2020-03-27 269 6280.494 298.616 4.992
2020-03-28 267 6212.581 -67.913 -1.081
2020-03-29 267 6212.581 0 0
2020-03-30 267 6212.581 0 0
2020-03-31 263 6329.919 117.338 1.889
