2021-07-10 1021 3170.914 0 0
2021-07-11 1021 3170.914 0 0
2021-07-12 1011 3233.64 62.726 1.94
2021-07-13 993 3282.834 49.194 1.499
2021-07-14 999 3261.919 -20.915 -0.641
2021-07-15 976 3373.07 111.151 3.295
2021-07-16 977 3343.144 -29.926 -0.895
2021-07-17 977 3342.222 -0.922 -0.028
2021-07-18 977 3342.222 0 0
2021-07-19 980 3316.918 -25.304 -0.763
2021-07-20 999 3231.191 -85.727 -2.653
2021-07-21 1007 3242.257 11.066 0.341
2021-07-22 991 3305.063 62.806 1.9
2021-07-23 960 3397.63 92.567 2.724
2021-07-24 963 3400.263 2.633 0.077
2021-07-25 963 3400.263 0 0
2021-07-26 979 3315.586 -84.677 -2.554
2021-07-27 961 3343.764 28.178 0.843
2021-07-28 1004 3210.02 -133.744 -4.166
2021-07-29 1008 3211.595 1.575 0.049
2021-07-30 1004 3216.941 5.346 0.166
2021-07-31 1005 3211.496 -5.445 -0.17
2021-08-01 1005 3211.496 0 0
2021-08-02 1005 3227.847 16.351 0.507
2021-08-03 1019 3193.558 -34.289 -1.074
2021-08-04 1055 3069.469 -124.089 -4.043
2021-08-05 1120 2936.233 -133.236 -4.538
2021-08-06 1114 2942.896 6.663 0.226
2021-08-07 1108 2943.613 0.717 0.024
2021-08-08 1108 2943.613 0 0
2021-08-09 1126 2908.295 -35.318 -1.214
2021-08-10 1141 2884.066 -24.229 -0.84
2021-08-11 1160 2857.64 -26.426 -0.925
2021-08-13 1142 2887.5 29.86 1.034
2021-08-14 1144 2887.733 0.233 0.008
2021-08-15 1143 2887.733 0 0
2021-08-16 1153 2872.083 -15.65 -0.545
2021-08-17 1179 2803.5 -68.583 -2.446
2021-08-18 1138 2873.934 70.434 2.451
2021-08-19 1132 2877.88 3.946 0.137
2021-08-20 1104 2941.786 63.906 2.172
2021-08-21 1107 2935.983 -5.803 -0.198
2021-08-22 1107 2935.983 0 0
2021-08-23 1128 2893.732 -42.251 -1.46
2021-08-24 1091 3013.682 119.95 3.98
2021-08-25 1080 3047.289 33.607 1.103
2021-08-26 1062 3068.974 21.685 0.707
2021-08-27 1072 3051.049 -17.925 -0.588
2021-08-28 1065 3072.22 21.171 0.689
2021-08-29 1065 3072.22 0 0
2021-08-30 1009 3266.901 194.681 5.959
2021-08-31 997 3313.678 46.777 1.412
