2023-02-09 2003 1429.836 0 0
2023-02-10 1992 1429.583 -0.253 -0.018
2023-02-11 1995 1425.274 -4.309 -0.302
2023-02-12 1996 1425.274 0 0
2023-02-13 2002 1425.274 0 0
2023-02-14 2008 1419.846 -5.428 -0.382
2023-02-15 2004 1421.991 2.145 0.151
2023-02-16 1997 1416.03 -5.961 -0.421
2023-02-17 1999 1414.769 -1.261 -0.089
2023-02-18 1999 1414.769 0 0
2023-02-19 1998 1414.769 0 0
2023-02-20 2005 1408.623 -6.146 -0.436
2023-02-21 2002 1408.623 0 0
2023-02-22 1996 1410.385 1.762 0.125
2023-02-23 1990 1406.048 -4.337 -0.308
2023-02-24 1989 1406.681 0.633 0.045
