2021-04-09 695 4249.293 0 0
2021-04-10 697 4234.893 -14.4 -0.34
2021-04-11 697 4234.893 0 0
2021-04-12 694 4215.576 -19.317 -0.458
2021-04-13 689 4254.21 38.634 0.908
2021-04-14 681 4327.19 72.98 1.687
2021-04-15 676 4367.886 40.696 0.932
2021-04-16 679 4354.093 -13.793 -0.317
2021-04-17 680 4359.163 5.07 0.116
2021-04-18 680 4359.163 0 0
2021-04-19 684 4330.06 -29.103 -0.672
2021-04-20 681 4355.652 25.592 0.588
2021-04-21 689 4311.554 -44.098 -1.023
2021-04-22 699 4277.973 -33.581 -0.785
2021-04-23 698 4301.953 23.98 0.557
2021-04-24 698 4301.953 0 0
2021-04-25 697 4300.221 -1.732 -0.04
2021-04-26 699 4334.131 33.91 0.782
2021-04-27 701 4322.855 -11.276 -0.261
2021-04-28 701 4295.129 -27.726 -0.646
2021-04-29 711 4265.249 -29.88 -0.701
2021-04-30 710 4273.758 8.509 0.199
2021-05-01 711 4258.005 -15.753 -0.37
