2023-08-12 2591 1012.842 0 0
2023-08-13 2590 1012.842 0 0
2023-08-14 2569 1019.201 6.359 0.628
2023-08-15  993.826 -25.375 -2.49
2023-08-18  972.989 -20.837 -2.097
2024-04-06 2745 1004.737 31.748 3.263
2024-04-07 2745 1004.737 0 0
2024-04-08 2730 1008.523 3.786 0.377
2024-04-09 2739 1007.23 -1.293 -0.128
2024-04-10 2744 1002.76 -4.47 -0.444
2024-04-11 2739 1001.571 -1.189 -0.119
2024-04-12 2729 1001.268 -0.303 -0.03
2024-04-13 2730 1000.34 -0.928 -0.093
2024-04-14 2730 1000.34 0 0
2024-04-15  986.876 -13.464 -1.346
2024-04-20 2692 1011.571 24.695 2.502
2024-04-21 2692 1011.571 0 0
2024-04-22 2695 1010.918 -0.653 -0.065
2024-04-23 2698 1012.585 1.667 0.165
2024-04-24 2675 1035.033 22.448 2.217
2024-04-25 2676 1031.955 -3.078 -0.297
2024-04-26 2665 1045.018 13.063 1.266
2024-04-27 2665 1046.434 1.416 0.136
2024-04-28 2665 1046.434 0 0
2024-04-29 2644 1070.035 23.601 2.255
2024-04-30 2641 1071.095 1.06 0.099
2024-05-01 2633 1071.524 0.429 0.04
2024-05-02 2636 1068.351 -3.173 -0.296
2024-05-03 2629 1077.791 9.44 0.884
2024-05-04 2635 1078.179 0.388 0.036
2024-05-05 2635 1078.179 0 0
2024-05-06 2645 1076.173 -2.006 -0.186
2024-05-07 2634 1088.622 12.449 1.157
2024-05-08 2634 1085.003 -3.619 -0.332
2024-05-09 2659 1072.401 -12.602 -1.161
2024-05-10 2648 1074.905 2.504 0.233
