2019-11-07 1452 1722.098 0 0
2020-01-19 1506 1730.696 8.598 0.499
2020-02-07 1473 1732.833 2.137 0.123
2020-02-15 1470 1743.109 10.276 0.593
2020-02-16 1470 1743.109 0 0
2020-02-17 1469 1743.109 0 0
2020-02-18 1469 1746.162 3.053 0.175
2020-02-19 1471 1747.179 1.017 0.058
2020-02-20 1466 1750.079 2.9 0.166
2020-02-21 1462 1753.59 3.511 0.201
2020-02-22 1462 1753.59 0 0
2020-02-23 1462 1753.59 0 0
2020-02-24 1457 1747.993 -5.597 -0.319
2020-02-25 1449 1743.618 -4.375 -0.25
2020-02-26 1454 1732.731 -10.887 -0.624
2020-02-27 1455 1714.314 -18.417 -1.063
2020-02-28 1452 1702.104 -12.21 -0.712
2020-02-29 1446 1702.104 0 0
