2020-01-19 650 3814.897 0 0
2020-02-07 618 3846.308 31.411 0.817
2020-02-15 615 3919.147 72.839 1.859
2020-02-16 615 3919.147 0 0
2020-02-17 613 3943.343 24.196 0.614
2020-02-18 613 3943.343 0 0
2020-02-19 612 3930.19 -13.153 -0.335
2020-02-20 601 3971.975 41.785 1.052
2020-02-21 598 3982.265 10.29 0.258
2020-02-22 605 3944.041 -38.224 -0.969
2020-02-23 604 3944.041 0 0
2020-02-24 600 3944.041 0 0
2020-02-25 612 3835.636 -108.405 -2.826
2020-02-26 624 3724.8 -110.836 -2.976
2020-02-27 628 3653.556 -71.244 -1.95
2020-02-28 671 3463.98 -189.576 -5.473
2020-02-29 678 3403.905 -60.075 -1.765
2020-03-01 681 3403.905 0 0
2020-03-02 692 3403.905 0 0
2020-03-03 663 3519.41 115.505 3.282
2020-03-04 671 3505.243 -14.167 -0.404
2020-03-05 648 3615.358 110.115 3.046
2020-03-06 665 3513.721 -101.637 -2.893
2020-03-07 675 3469.606 -44.115 -1.271
2020-03-08 675 3469.606 0 0
2020-03-09 660 3469.606 0 0
2020-03-10 721 3206.112 -263.494 -8.218
2020-03-11 718 3217.604 11.492 0.357
2020-03-12 740 3048.005 -169.599 -5.564
2020-03-13 843 2691.588 -356.417 -13.242
2020-03-14 795 2827.309 135.721 4.8
2020-03-15 795 2827.309 0 0
2020-03-16 770 2827.309 0 0
2020-03-17 811 2674.371 -152.938 -5.719
2020-03-18 744 2865.404 191.033 6.667
2020-03-19 590 3344.354 478.95 14.321
2020-03-20 582 3393.017 48.663 1.434
2020-03-21 648 3134.575 -258.442 -8.245
2020-03-22 648 3134.575 0 0
2020-03-23 638 3134.575 0 0
2020-03-24 697 2909.16 -225.415 -7.748
2020-03-25 634 3206.708 297.548 9.279
2020-03-26 612 3318.533 111.825 3.37
2020-03-27 571 3565.725 247.192 6.932
2020-03-28 561 3582.957 17.232 0.481
2020-03-29 561 3582.957 0 0
2020-03-30 561 3582.957 0 0
2020-03-31 539 3683.865 100.908 2.739
