2024-03-30 2187 1419.259 0 0
2024-03-31 2187 1419.259 0 0
2024-04-02 2199 1415.977 -3.282 -0.231
2024-04-03 2220 1403.804 -12.173 -0.86
2024-04-04 2218 1404.132 0.328 0.023
2024-04-05 2220 1404.132 0 0
2024-04-06 2219 1404.132 0 0
2024-04-07 2219 1404.132 0 0
2024-04-08 2191 1419.876 15.744 1.121
2024-04-09 2179 1429.834 9.958 0.701
2024-04-10 2187 1418.395 -11.439 -0.8
2024-04-11 2174 1422.915 4.52 0.319
2024-04-12 2205 1397.554 -25.361 -1.782
2024-04-13 2209 1395.13 -2.424 -0.173
2024-04-14 2209 1395.13 0 0
2024-04-15 2221 1383.398 -11.732 -0.841
2024-04-16 2253 1348.061 -35.337 -2.554
2024-04-17 2256 1350.667 2.606 0.193
2024-04-18 2237 1363.221 12.554 0.929
2024-04-19 2255 1345.7 -17.521 -1.285
2024-04-20 2267 1338.438 -7.262 -0.54
2024-04-21 2267 1338.438 0 0
2024-04-22 2237 1361.732 23.294 1.74
2024-04-23 2247 1360.886 -0.846 -0.062
2024-04-24 2237 1373.693 12.807 0.941
2024-04-25 2252 1362.298 -11.395 -0.83
2024-04-26 2268 1354.767 -7.531 -0.553
2024-04-27 2261 1356.849 2.082 0.154
2024-04-28 2261 1356.849 0 0
2024-04-29 2258 1368.487 11.638 0.858
2024-04-30 2254 1371.608 3.121 0.228
2024-05-01 2256 1371.65 0.042 0.003
2024-05-02 2256 1375.528 3.878 0.283
2024-05-03 2264 1373.443 -2.085 -0.152
2024-05-04 2263 1379.062 5.619 0.409
2024-05-05 2263 1379.062 0 0
2024-05-06 2244 1394.656 15.594 1.131
2024-05-07 2246 1395.798 1.142 0.082
2024-05-08 2246 1390.951 -4.847 -0.347
2024-05-09 2259 1381.382 -9.569 -0.688
2024-05-10 2220 1414.923 33.541 2.428
2024-05-11 2216 1416.494 1.571 0.111
2024-05-12 2216 1416.494 0 0
2024-05-13 2226 1416.494 0 0
2024-05-14 2231 1412.491 -4.003 -0.283
2024-05-15 2214 1424.063 11.572 0.819
2024-05-16 2191 1442.639 18.576 1.304
2024-05-17 2186 1449.782 7.143 0.495
2024-05-18 2192 1444.766 -5.016 -0.346
2024-05-19 2192 1444.766 0 0
2024-05-20 2192 1444.766 0 0
2024-05-21 2220 1423.916 -20.85 -1.443
2024-05-22 2220 1425.731 1.815 0.127
2024-05-23 2222 1412.107 -13.624 -0.956
2024-05-24 2216 1413.202 1.095 0.078
2024-05-25 2218 1411.538 -1.664 -0.118
2024-05-26 2218 1411.538 0 0
2024-05-27 2214 1415.451 3.913 0.277
2024-05-28 2192 1427.189 11.738 0.829
2024-05-29 2213 1408.36 -18.829 -1.319
2024-05-30 2219 1398.326 -10.034 -0.712
2024-05-31 2199 1411.533 13.207 0.944
2024-06-01 2199 1413.843 2.31 0.164
2024-06-02 2199 1413.843 0 0
2024-06-03 2199 1413.843 0 0
2024-06-04 2207 1405.939 -7.904 -0.559
2024-06-05 2202 1412.535 6.596 0.469
2024-06-06 2116 1493.432 80.897 5.727
2024-06-07 2083 1521.145 27.713 1.856
2024-06-09 2082 1521.687 0.542 0.036
2024-06-10 2082 1521.687 0 0
2024-06-11 2044 1549.088 27.401 1.801
2024-06-12 2117 1495.162 -53.926 -3.481
2024-06-13 2104 1500.795 5.633 0.377
2024-06-14 2092 1507.117 6.322 0.421
2024-06-15 2092 1506.558 -0.559 -0.037
2024-06-16 2092 1506.558 0 0
2024-06-17 2102 1498.747 -7.811 -0.518
2024-06-18 2079 1519.243 20.496 1.368
2024-06-19 2071 1523.4 4.157 0.274
2024-06-20 2070 1527.298 3.898 0.256
2024-06-21 2059 1535.06 7.762 0.508
2024-06-22 2060 1531.67 -3.39 -0.221
2024-06-23 2060 1531.67 0 0
2024-06-24 2063 1527.77 -3.9 -0.255
2024-06-25 2071 1519.83 -7.94 -0.52
2024-06-26 2096 1493.871 -25.959 -1.708
2024-06-27 2101 1481.176 -12.695 -0.85
2024-06-28 2100 1484.19 3.014 0.203
2024-06-29 2093 1489.611 5.421 0.365
2024-06-30 2093 1489.611 0 0
