2021-04-09 2337 1281.382 0 0
2021-04-10 2339 1279.448 -1.934 -0.151
2021-04-11 2340 1279.448 0 0
2021-04-12 2342 1264.014 -15.434 -1.221
2021-04-13 2349 1255.827 -8.187 -0.652
2021-04-14 2349 1277.159 21.332 1.67
2021-04-15 2343 1282.132 4.973 0.388
2021-04-16 2348 1277.188 -4.944 -0.387
2021-04-17 2349 1279.087 1.899 0.148
2021-04-18 2349 1279.087 0 0
2021-04-19 2320 1302.974 23.887 1.833
2021-04-20 2335 1295.927 -7.047 -0.544
2021-04-21 2356 1280.397 -15.53 -1.213
2021-04-22 2348 1289.286 8.889 0.689
2021-04-23 2297 1339.532 50.246 3.751
2021-04-24 2297 1339.532 0 0
2021-04-25 2299 1338.501 -1.031 -0.077
2021-04-26 2366 1286.581 -51.92 -4.036
2021-04-27 2361 1297.133 10.552 0.813
2021-04-28 2339 1308.738 11.605 0.887
2021-04-29 2308 1334.542 25.804 1.934
2021-04-30 2358 1293.979 -40.563 -3.135
2021-05-01 2353 1292.919 -1.06 -0.082
2021-05-02 2352 1292.919 0 0
2021-05-03 2350 1292.919 0 0
2021-05-04 2355 1292.919 0 0
2021-05-05 2347 1292.919 0 0
2021-05-06 2378 1257.416 -35.503 -2.823
2021-05-07 2432 1223.19 -34.226 -2.798
2021-05-08 2434 1226.087 2.897 0.236
2021-05-09 2434 1226.087 0 0
2021-05-10 2373 1265.885 39.798 3.144
2021-05-11 2363 1278.596 12.711 0.994
2021-05-12 2381 1262.189 -16.407 -1.3
2021-05-13 2402 1230.241 -31.948 -2.597
2021-05-14 2392 1245.453 15.212 1.221
2021-05-15 2390 1249.324 3.871 0.31
2021-05-16 2390 1249.324 0 0
2021-05-17 2367 1276.138 26.814 2.101
2021-05-18 2379 1267.079 -9.059 -0.715
2021-05-19 2385 1263.483 -3.596 -0.285
2021-05-20 2345 1306.894 43.411 3.322
2021-05-21 2323 1318.946 12.052 0.914
2021-05-22 2322 1319.336 0.39 0.03
2021-05-24 2324 1328.229 8.893 0.67
2021-05-25 2310 1343.006 14.777 1.1
2021-05-26 2293 1363.049 20.043 1.47
2021-05-27 2298 1360.028 -3.021 -0.222
2021-05-28 2312 1344.91 -15.118 -1.124
2021-05-29 2310 1347.044 2.134 0.158
2021-05-30 2310 1347.044 0 0
2021-05-31 2334 1325.886 -21.158 -1.596
