2024-03-30 2750 1001 0 0
2024-03-31 2750 1001 0 0
2024-04-02 2746 1001 0 0
2024-04-03 2744 1001 0 0
2024-04-04 2745 1001 0 0
2024-04-05 2747 1001 0 0
2024-04-06 2747 1001 0 0
2024-04-07 2747 1001 0 0
2024-04-08 2739 1001 0 0
2024-04-09 2747 1001 0 0
2024-04-10 2747 1001 0 0
2024-04-11 2741 1001 0 0
2024-04-12 2731 1001 0 0
2024-04-13 2728 1001 0 0
2024-04-14 2728 1001 0 0
2024-04-15 2724 1001 0 0
2024-04-16 2715 1001 0 0
2024-04-17 2712 1001 0 0
2024-04-18 2717 1001 0 0
2024-04-19 2709 1001 0 0
2024-04-20 2710 1001 0 0
2024-04-21 2710 1001 0 0
2024-04-22 2708 1001 0 0
2024-04-23 2716 1001 0 0
2024-04-24 2719 1001 0 0
2024-04-25 2719 1001 0 0
2024-04-26 2719 1001 0 0
2024-04-27 2728 1001 0 0
2024-04-28 2728 1001 0 0
2024-04-29 2730 1001 0 0
2024-04-30 2729 1001 0 0
2024-05-01 2732 1001 0 0
2024-05-02 2729 1001 0 0
2024-05-03 2736 1001 0 0
2024-05-04 2743 1001 0 0
2024-05-05 2743 1001 0 0
2024-05-06 2743 1001 0 0
2024-05-07 2759 1001 0 0
2024-05-08 2754 1001 0 0
2024-05-09 2753 1001 0 0
2024-05-10 2758 1001 0 0
2024-05-11 2761 1001 0 0
2024-05-12 2761 1001 0 0
2024-05-13 2755 1001 0 0
2024-05-14 2757 1001 0 0
2024-05-15 2755 1001 0 0
2024-05-16 2760 1001 0 0
2024-05-17 2761 1001 0 0
2024-05-18 2768 1001 0 0
2024-05-19 2768 1001 0 0
2024-05-20 2765 1001 0 0
2024-05-21 2761 1001 0 0
2024-05-22 2756 1001 0 0
2024-05-23 2751 1001 0 0
2024-05-24 2750 1001 0 0
2024-05-25 2750 1001 0 0
2024-05-26 2750 1001 0 0
2024-05-27 2747 1001 0 0
2024-05-28 2742 1001 0 0
2024-05-29 2743 1001 0 0
2024-05-30 2731 1001 0 0
2024-05-31 2729 1001 0 0
2024-06-01 2730 1001 0 0
2024-06-02 2730 1001 0 0
2024-06-03 2727 1001 0 0
2024-06-04 2730 1001 0 0
2024-06-05 2731 1001 0 0
2024-06-06 2729 1001 0 0
2024-06-07 2734 1001 0 0
2024-06-09 2742 1001 0 0
2024-06-10 2735 1001 0 0
2024-06-11 2729 1001 0 0
2024-06-12 2732 1001 0 0
2024-06-13 2732 1001 0 0
2024-06-14 2729 1001 0 0
2024-06-15 2734 1001 0 0
2024-06-16 2734 1001 0 0
2024-06-17 2729 1001 0 0
2024-06-18 2732 1001 0 0
2024-06-19 2728 1001 0 0
2024-06-20 2727 1001 0 0
2024-06-21 2722 1001 0 0
2024-06-22 2722 1001 0 0
2024-06-23 2721 1001 0 0
2024-06-24 2717 1001 0 0
2024-06-25 2718 1001 0 0
2024-06-26 2718 1001 0 0
2024-06-27 2713 1001 0 0
2024-06-28 2708 1001 0 0
2024-06-29 2708 1001 0 0
2024-06-30 2710 1001 0 0
2024-07-01 2707 1001 0 0
2024-07-02 2706 1001 0 0
2024-07-03 2704 1001 0 0
2024-07-04 2706 1001 0 0
2024-07-05 2705 1001 0 0
2024-07-06 2726 1001 0 0
2024-07-07 2726 1001 0 0
2024-07-08 2719 1001 0 0
2024-07-09 2721 1001 0 0
2024-07-10 2723 1001 0 0
2024-07-11 2722 1001 0 0
2024-07-12 2736 1001 0 0
2024-07-13 2746 1001 0 0
2024-07-14 2746 1001 0 0
2024-07-15 2735 1001 0 0
2024-07-16 2735 1001 0 0
2024-07-17 2731 1001 0 0
2024-07-18 2728 1001 0 0
2024-07-19 2720 1001 0 0
2024-07-20 2722 1001 0 0
2024-07-21 2722 1001 0 0
2024-07-22 2716 1001 0 0
2024-07-23 2708 1001 0 0
2024-07-24 2701 1001 0 0
2024-07-25 2698 1001 0 0
2024-07-26 2706 1001 0 0
2024-07-27 2711 1001 0 0
2024-07-28 2711 1001 0 0
2024-07-29 2704 1001 0 0
2024-07-30 2704 1001 0 0
2024-07-31 2708 1001 0 0
2024-08-01 2709 1001 0 0
2024-08-02 2695 1001 0 0
2024-08-03 2703 1001 0 0
2024-08-04 2703 1001 0 0
2024-08-05 2687 1001 0 0
2024-08-06 2690 1001 0 0
2024-08-07 2696 1001 0 0
2024-08-08 2703 1001 0 0
2024-08-09 2700 1001 0 0
2024-08-10 2713 1001 0 0
2024-08-11 2713 1001 0 0
2024-08-12 2709 1001 0 0
2024-08-13 2707 1001 0 0
2024-08-14 2706 1001 0 0
2024-08-15 2711 1001 0 0
2024-08-16 2708 1001 0 0
2024-08-17 2712 1001 0 0
2024-08-18 2712 1001 0 0
2024-08-19 2709 1001 0 0
2024-08-20 2720 1001 0 0
2024-08-21 2723 1001 0 0
2024-08-22 2723 1001 0 0
2024-08-23 2715 1001 0 0
2024-08-24 2721 1001 0 0
2024-08-25 2721 1001 0 0
2024-08-26 2718 1001 0 0
2024-08-27 2724 1001 0 0
2024-08-28 2721 1001 0 0
2024-08-29 2717 1001 0 0
2024-08-30 2721 1001 0 0
2024-08-31 2729 1001 0 0
2024-09-01 2731 1001 0 0
2024-09-02 2723 1001 0 0
2024-09-03 2718 1001 0 0
2024-09-04 2714 1001 0 0
2024-09-05 2718 1001 0 0
2024-09-06 2718 1001 0 0
2024-09-07 2721 1001 0 0
2024-09-08 2721 1001 0 0
2024-09-09 2716 1001 0 0
2024-09-10 2710 1001 0 0
2024-09-11 2706 1001 0 0
2024-09-12 2708 1001 0 0
2024-09-13 2714 1001 0 0
2024-09-14 2719 1001 0 0
2024-09-15 2719 1001 0 0
2024-09-16 2718 1001 0 0
2024-09-17 2718 1001 0 0
2024-09-18 2716 1001 0 0
2024-09-19 2723 1001 0 0
2024-09-20 2737 1001 0 0
2024-09-21 2740 1001 0 0
2024-09-22 2740 1001 0 0
2024-09-23 2737 1001 0 0
2024-09-24 2734 1001 0 0
2024-09-25 2755 1001 0 0
2024-09-26 2757 1001 0 0
2024-09-27 2771 1001 0 0
2024-09-28 2785 1001 0 0
2024-09-29 2785 1001 0 0
2024-09-30 2783 1001 0 0
2024-10-01 2813 1001 0 0
2024-10-02 2811 1001 0 0
2024-10-03 2808 1001 0 0
2024-10-04 2808 1001 0 0
2024-10-05 2810 1001 0 0
2024-10-06 2810 1001 0 0
2024-10-07 2805 1001 0 0
2024-10-08 2801 1001 0 0
2024-10-09 2795 1001 0 0
2024-10-10 2788 1001 0 0
2024-10-11 2784 1001 0 0
2024-10-12 2786 1001 0 0
2024-10-13 2786 1001 0 0
2024-10-14 2782 1001 0 0
2024-10-15 2781 1001 0 0
2024-10-16 2775 1001 0 0
2024-10-17 2767 1001 0 0
2024-10-18 2764 1001 0 0
2024-10-19 2781 1001 0 0
2024-10-20 2781 1001 0 0
2024-10-21 2780 1001 0 0
2024-10-22 2776 1001 0 0
2024-10-23 2775 1001 0 0
2024-10-24 2773 1001 0 0
2024-10-25 2777 1001 0 0
2024-10-26 2782 1001 0 0
2024-10-27 2779 1001 0 0
2024-10-28 2781 1001 0 0
2024-10-29 2781 1001 0 0
2024-10-30 2777 1001 0 0
2024-10-31 2775 1001 0 0
2024-11-01 2773 1001 0 0
2024-11-02 2779 1001 0 0
2024-11-03 2779 1001 0 0
2024-11-04 2775 1001 0 0
2024-11-05 2781 1001 0 0
2024-11-06 2789 1001 0 0
2024-11-07 2786 1001 0 0
2024-11-08 2798 1001 0 0
2024-11-09 2802 1001 0 0
2024-11-10 2802 1001 0 0
2024-11-11 2798 1001 0 0
2024-11-12 2781 1001 0 0
2024-11-13 2769 1001 0 0
2024-11-14 2764 1001 0 0
2024-11-15 2756 1001 0 0
2024-11-16 2756 1001 0 0
2024-11-17 2756 1001 0 0
2024-11-18 2746 1001 0 0
2024-11-19 2750 1001 0 0
2024-11-20 2757 1001 0 0
2024-11-21 2753 1001 0 0
2024-11-22 2756 1001 0 0
2024-11-23 2605 1111.555 110.555 11.044
2024-11-24 2605 1111.555 0 0
2024-11-25 2611 1106.952 -4.603 -0.414
2024-11-26 2625 1100.881 -6.071 -0.548
2024-11-27 2625 1105.157 4.276 0.388
2024-11-28 2620 1105.157 0 0
2024-11-29 2629 1105.784 0.627 0.057
2024-11-30 2631 1105.784 0 0
2024-12-01 2631 1105.784 0 0
2024-12-02 2628 1106.701 0.917 0.083
2024-12-03 2614 1114.605 7.904 0.714
2024-12-04 2606 1118.852 4.247 0.381
2024-12-05 2616 1117.751 -1.101 -0.098
2024-12-06 2612 1127.084 9.333 0.835
2024-12-07 2612 1127.084 0 0
2024-12-08 2612 1127.084 0 0
2024-12-09 2609 1131.34 4.256 0.378
2024-12-10 2624 1120.492 -10.848 -0.959
2024-12-11 2618 1130.134 9.642 0.861
2024-12-12 2622 1127.808 -2.326 -0.206
2024-12-13 2607 1136.629 8.821 0.782
2024-12-14 2603 1136.629 0 0
2024-12-15 2602 1136.629 0 0
2024-12-16 2595 1141.889 5.26 0.463
2024-12-17 2601 1132.904 -8.985 -0.787
2024-12-18 2603 1125.048 -7.856 -0.693
2024-12-19 2602 1128.011 2.963 0.263
2024-12-20 2587 1134.757 6.746 0.598
2024-12-21 2589 1134.757 0 0
2024-12-22 2589 1134.757 0 0
2024-12-23 2586 1132.73 -2.027 -0.179
2024-12-24 2576 1141.223 8.493 0.75
2024-12-25 2575 1141.223 0 0
2024-12-26 2576 1140.577 -0.646 -0.057
2024-12-27 2580 1137.488 -3.089 -0.271
2024-12-28 2579 1137.488 0 0
2024-12-29 2579 1137.488 0 0
2024-12-30 2587 1129.758 -7.73 -0.68
2024-12-31 2583 1127.741 -2.017 -0.179
2025-01-01 2584 1127.741 0 0
