2021-08-21 2650 1000.092 0 0
2021-08-22 2650 1000.092 0 0
2021-08-23  998.293 -1.799 -0.18
2021-08-31  979.989 -18.304 -1.834
2021-09-02 2604 1063.412 83.423 8.513
2021-09-03 2615 1054.973 -8.439 -0.794
2021-09-04 2613 1055.724 0.751 0.071
2021-09-05 2613 1055.724 0 0
2021-09-06 2619 1056.449 0.725 0.069
2021-09-07 2544 1127.436 70.987 6.719
2021-09-08 2521 1134.719 7.283 0.646
2021-09-09 2532 1123.547 -11.172 -0.985
2021-09-10 2570 1099.05 -24.497 -2.18
2021-09-11 2567 1101.78 2.73 0.248
2021-09-12 2567 1101.78 0 0
2021-09-13 2554 1112.308 10.528 0.956
2021-09-14 2568 1097.37 -14.938 -1.343
2021-09-15 2574 1088.373 -8.997 -0.82
2021-09-16 2589 1071.49 -16.883 -1.551
2021-09-17 2581 1079.082 7.592 0.709
2021-09-18 2580 1077.811 -1.271 -0.118
2021-09-19 2578 1077.811 0 0
2021-09-20 2568 1077.811 0 0
2021-09-21 2563 1077.811 0 0
2021-09-22 2572 1070.925 -6.886 -0.639
2021-09-23 2587 1071.496 0.571 0.053
2021-09-24 2614 1043.271 -28.225 -2.634
2021-09-25 2615 1042.545 -0.726 -0.07
2021-09-26 2616 1042.545 0 0
2021-09-27 2651 1004.199 -38.346 -3.678
2021-09-28 2644 1004.21 0.011 0.001
2021-09-29  979.347 -24.863 -2.476
2021-10-20 2683 1013.827 34.48 3.521
2021-10-21 2695 1000.02 -13.807 -1.362
2021-10-23 2675 1019.233 19.213 1.921
2021-10-25 2678 1015.573 -3.66 -0.359
2021-10-26 2648 1048.393 32.82 3.232
2021-10-27 2631 1048.01 -0.383 -0.037
2021-10-28 2627 1050.029 2.019 0.193
2021-10-29 2632 1048.302 -1.727 -0.164
2021-10-30 2630 1048.368 0.066 0.006
2021-10-31 2631 1048.368 0 0
2021-11-01 2647 1039.598 -8.77 -0.837
2021-11-02 2672 1019.656 -19.942 -1.918
2021-11-03 2686 1007.185 -12.471 -1.223
2021-11-04 2654 1036.788 29.603 2.939
2021-11-05 2683 1002.538 -34.25 -3.303
2021-11-06 2686 1001.693 -0.845 -0.084
2021-11-07 2686 1001.693 0 0
2021-11-08  997.309 -4.384 -0.438
2021-12-02 2641 1003.2 5.891 0.591
2021-12-03 2637 1001.994 -1.206 -0.12
2021-12-04 2637 1002.655 0.661 0.066
2021-12-05 2636 1002.655 0 0
2021-12-06  998.617 -4.038 -0.403
2021-12-08 2651 1004.68 6.063 0.607
2021-12-09 2645 1007.357 2.677 0.266
2021-12-10  993.274 -14.083 -1.398
2021-12-14 2640 1012.677 19.403 1.953
2021-12-15 2645 1002.976 -9.701 -0.958
2021-12-16 2644 1006.319 3.343 0.333
2021-12-17  993.664 -12.655 -1.258
2021-12-23 2637 1017.58 23.916 2.407
2021-12-24 2638 1019.048 1.468 0.144
2021-12-25 2645 1019.448 0.4 0.039
2021-12-26 2644 1019.448 0 0
2021-12-27 2627 1028.259 8.811 0.864
2021-12-28 2633 1024.218 -4.041 -0.393
2021-12-29 2637 1014.453 -9.765 -0.953
2021-12-30 2637 1018.107 3.654 0.36
2021-12-31 2641 1017.628 -0.479 -0.047
2022-01-02 2642 1018.139 0.511 0.05
2022-01-03 2641 1018.139 0 0
2022-01-04 2652 1008.599 -9.54 -0.937
2022-01-05  998.918 -9.681 -0.96
2022-01-07 2618 1023.144 24.226 2.425
2022-01-08 2620 1023.61 0.466 0.046
2022-01-09 2620 1023.61 0 0
2022-01-10 2618 1026.545 2.935 0.287
2022-01-11 2634 1011.756 -14.789 -1.441
2022-01-12 2642 1002.23 -9.526 -0.942
2022-01-13  976.176 -26.054 -2.6
2026-01-17 3160 1015.487 39.311 4.027
2026-01-18 3159 1015.487 0 0
2026-01-19 3144 1028.052 12.565 1.237
2026-01-20 3140 1029.398 1.346 0.131
2026-01-21 3062 1091.247 61.849 6.008
2026-01-22 3013 1127.309 36.062 3.305
2026-01-23 3049 1105.211 -22.098 -1.96
2026-01-24 3051 1105.004 -0.207 -0.019
2026-01-25 3051 1105.004 0 0
2026-01-26 3051 1099.616 -5.388 -0.488
2026-01-27 3067 1094.864 -4.752 -0.432
2026-01-28 2983 1152.844 57.98 5.296
2026-01-29 3012 1132.308 -20.536 -1.781
2026-01-30 3005 1135.329 3.021 0.267
2026-01-31 3005 1134.969 -0.36 -0.032
2026-02-01 3005 1134.969 0 0
2026-02-02 3066 1080.065 -54.904 -4.837
2026-02-03 3028 1103.858 23.793 2.203
2026-02-04 2967 1162.195 58.337 5.285
2026-02-05 2807 1253.164 90.969 7.827
2026-02-06 1774 2298.194 1045.03 83.391
2026-02-07 1774 2298.432 0.238 0.01
2026-02-08 1774 2298.432 0 0
2026-02-09 1746 2349.202 50.77 2.209
2026-02-10 1734 2373.76 24.558 1.045
2026-02-11 1627 2554.805 181.045 7.627
2026-02-12 1591 2605.873 51.068 1.999
2026-02-13 1646 2505.132 -100.741 -3.866
2026-02-14 1649 2501.605 -3.527 -0.141
2026-02-15 1646 2501.605 0 0
2026-02-16 1647 2501.605 0 0
2026-02-17 1648 2501.605 0 0
2026-02-18 1651 2501.605 0 0
2026-02-19 1647 2501.605 0 0
2026-02-20 1650 2501.605 0 0
2026-02-21 1658 2501.605 0 0
2026-02-22 1654 2501.605 0 0
2026-02-23 1653 2501.605 0 0
2026-02-24 1537 2688.895 187.29 7.487
2026-02-25 1543 2698.815 9.92 0.369
2026-02-26 1525 2740.293 41.478 1.537
2026-02-27 1559 2666.583 -73.71 -2.69
2026-02-28 1572 2660.298 -6.285 -0.236
2026-03-01 1575 2660.298 0 0
2026-03-02 1643 2533.923 -126.375 -4.75
2026-03-03 1738 2374.089 -159.834 -6.308
2026-03-04 1739 2356.133 -17.956 -0.756
2026-03-05 1714 2408.176 52.043 2.209
2026-03-06 1728 2371.372 -36.804 -1.528
2026-03-07 1729 2372.006 0.634 0.027
2026-03-08 1731 2372.006 0 0
2026-03-09 1725 2361.772 -10.234 -0.431
2026-03-10 1734 2407.49 45.718 1.936
2026-03-11 1729 2421.546 14.056 0.584
2026-03-12 1680 2468.886 47.34 1.955
2026-03-13 1664 2487.863 18.977 0.769
2026-03-14 1665 2477.673 -10.19 -0.41
2026-03-15 1665 2477.673 0 0
2026-03-16 1717 2392.12 -85.553 -3.453
2026-03-17 1703 2420.074 27.954 1.169
2026-03-18 1701 2430.378 10.304 0.426
2026-03-19 1741 2339.554 -90.824 -3.737
2026-03-20 1828 2238.213 -101.341 -4.332
2026-03-21 1815 2244.593 6.38 0.285
2026-03-22 1815 2244.593 0 0
2026-03-23 1786 2264.054 19.461 0.867
2026-03-24 1743 2320.647 56.593 2.5
2026-03-25 1702 2390.296 69.649 3.001
2026-03-27 1730 2329.43 -60.866 -2.546
2026-03-28 1729 2321.614 -7.816 -0.336
2026-03-29 1727 2321.614 0 0
2026-03-30 1745 2298.558 -23.056 -0.993
2026-03-31 1796 2236.134 -62.424 -2.716
2026-04-01 1710 2367.488 131.354 5.874
2026-04-02 1740 2325.101 -42.387 -1.79
2026-04-03 1745 2310.077 -15.024 -0.646
2026-04-04 1745 2310.077 0 0
2026-04-05 1745 2310.077 0 0
2026-04-06 1745 2310.077 0 0
2026-04-07 1728 2335.373 25.296 1.095
2026-04-08 1710 2412.25 76.877 3.292
2026-04-09 1698 2441.338 29.088 1.206
2026-04-10 1641 2515.726 74.388 3.047
2026-04-11 1640 2518.591 2.865 0.114
2026-04-12 1640 2518.591 0 0
2026-04-13 1543 2703.951 185.36 7.36
2026-04-14 1539 2709.232 5.281 0.195
2026-04-15 1589 2641.381 -67.851 -2.504
2026-04-16 1543 2734.339 92.958 3.519
2026-04-17 1541 2761.9 27.561 1.008
2026-04-18 1547 2759.047 -2.853 -0.103
2026-04-19 1547 2759.047 0 0
2026-04-20 1581 2675.467 -83.58 -3.029
2026-04-21 1570 2699.927 24.46 0.914
2026-04-22 1559 2707.94 8.013 0.297
2026-04-23 1529 2768.529 60.589 2.237
2026-04-24 1544 2726.842 -41.687 -1.506
2026-04-25 1545 2726.556 -0.286 -0.01
2026-04-26 1545 2726.556 0 0
2026-04-27 1529 2755.469 28.913 1.06
2026-04-28 1509 2781.703 26.234 0.952
2026-04-29 1461 2878.554 96.851 3.482
2026-04-30 1492 2804.17 -74.384 -2.584
2026-05-01 1493 2804.002 -0.168 -0.006
2026-05-02 1495 2804.002 0 0
2026-05-04 1498 2804.002 0 0
2026-05-05 1498 2804.002 0 0
2026-05-06 1420 2962.314 0 0
2026-05-07 1419 2997.286 0 0
2026-05-08 1414 3016.371 0 0
2026-05-09 1406 3053.823 0 0
2026-05-10 1405 3053.685 0 0
2026-05-11 1401 3065.271 0 0
2026-05-12 1442 2966.937 0 0
2026-05-13 1428 2981.586 0 0
2026-05-14 1427 2983.459 0 0
2026-05-15 1500 2829.099 0 0
2026-05-16 1538 2760.667 0 0
2026-05-17 1536 2752.997 0 0
2026-05-18 1522 2769.053 0 0
2026-05-19 1527 2758.753 0 0
2026-05-20 1497 2809.268 0 0
2026-05-21 1474 2878.271 0 0
2026-05-22 1452 2905.518 0 0
2026-05-23 1430 2958.569 0 0
2026-05-24 1430 2963.634 0 0
2026-05-25 1432 2961.221 0 0
2026-05-26 1397 3053.918 0 0
2026-05-27 1417 3001.249 0 0
2026-05-28 1349 3178.278 0 0
2026-05-29 1372 3090.973 0 0
2026-05-30 1381 3069.11 0 0
2026-05-31 1381 3074.427 0 0
2026-06-01 1459 2906.847 0 0
2026-06-02 1467 2889.236 0 0
2026-06-03 1451 2919.66 0 0
2026-06-04 1524 2772.588 0 0
2026-06-05 1480 2841.587 0 0
2026-06-06 1524 2756.499 0 0
2026-06-07 1522 2758.788 0 0
2026-06-09 1459 2859.264 0 0
2026-06-10 1461 2845.076 0 0
2026-06-11 1416 2922.548 0 0
2026-06-12 1390 3021.937 0 0
2026-06-13 1394 3013.418 0 0
2026-06-14 1394 3020.738 0 0
2026-06-16 1254 3442.784 0 0
2026-06-17 1158 3709.986 0 0
2026-06-18 1181 3643.203 0 0
2026-06-19 1205 3582.48 0 0
2026-06-20 1203 3579.732 0 0
2026-06-21 1203 3579.732 0 0
2026-06-22 1177 3647.747 0 0
2026-06-23 1121 3835.291 0 0
2026-06-24 1024 4125.15 0 0
2026-06-25 974 4319.576 0 0
2026-06-26 954 4421.133 0 0
2026-06-27 933 4513.176 0 0
2026-06-28 934 4512.369 0 0
2026-06-29 1012 4166.471 0 0
2026-06-30 938 4517.188 0 0
2026-07-01 961 4433.413 0 0
2026-07-02 988 4333.967 0 0
2026-07-03 941 4533.437 0 0
2026-07-04 983 4355.343 0 0
