2021-04-09 1720 1874.515 0 0
2021-04-10 1724 1871.686 -2.829 -0.151
2021-04-11 1724 1871.686 0 0
2021-04-12 1854 1719.986 -151.7 -8.82
2021-04-13 1834 1740.645 20.659 1.187
2021-04-14 1796 1785.359 44.714 2.504
2021-04-15 1812 1768.745 -16.614 -0.939
2021-04-16 1859 1721.873 -46.872 -2.722
2021-04-17 1861 1724.434 2.561 0.149
2021-04-18 1861 1724.434 0 0
2021-04-19 1850 1741.646 17.212 0.988
2021-04-20 1874 1717.642 -24.004 -1.397
2021-04-21 1872 1729.595 11.953 0.691
2021-04-22 1878 1719.568 -10.027 -0.583
2021-04-23 1906 1695.907 -23.661 -1.395
2021-04-24 1906 1695.907 0 0
2021-04-25 1908 1694.601 -1.306 -0.077
2021-04-26 1899 1708.612 14.011 0.82
2021-04-27 1868 1738.835 30.223 1.738
2021-04-28 1739 1885.531 146.696 7.78
2021-04-29 1729 1903.252 17.721 0.931
2021-04-30 1776 1848.225 -55.027 -2.977
2021-05-01 1774 1846.711 -1.514 -0.082
