2019-11-07 1669 1453.563 0 0
2020-01-19 1680 1500.139 46.576 3.204
2020-02-07 1629 1544.769 44.63 2.975
2020-02-15 1573 1623.154 78.385 5.074
2020-02-16 1574 1623.154 0 0
2020-02-17 1550 1653.227 30.073 1.853
2020-02-18 1536 1665.454 12.227 0.74
2020-02-19 1561 1646.739 -18.715 -1.124
2020-02-20 1545 1664.854 18.115 1.1
2020-02-21 1516 1688.664 23.81 1.43
2020-02-22 1525 1683.05 -5.614 -0.332
2020-02-23 1523 1683.05 0 0
2020-02-24 1518 1672.235 -10.815 -0.643
2020-02-25 1519 1658.036 -14.199 -0.849
2020-02-26 1545 1605.246 -52.79 -3.184
2020-02-27 1506 1639.626 34.38 2.142
2020-02-28 1548 1568.797 -70.829 -4.32
2020-02-29 1543 1574.633 5.836 0.372
