2024-03-30 271 9200 0 0
2024-03-31 271 9200 0 0
2024-04-02 270 9200 0 0
2024-04-03 271 9200 0 0
2024-04-04 270 9200 0 0
2024-04-05 271 9200 0 0
2024-04-06 270 9200 0 0
2024-04-07 270 9200 0 0
2024-04-08 270 9200 0 0
2024-04-09 272 9200 0 0
2024-04-10 271 9200 0 0
2024-04-11 271 9200 0 0
2024-04-12 266 9200 0 0
2024-04-13 265 9200 0 0
2024-04-14 265 9200 0 0
2024-04-15 265 9200 0 0
2024-04-16 262 9200 0 0
2024-04-17 263 9200 0 0
2024-04-18 263 9200 0 0
2024-04-19 260 9200 0 0
2024-04-20 259 9200 0 0
2024-04-21 259 9200 0 0
2024-04-22 262 9200 0 0
2024-04-23 261 9200 0 0
2024-04-24 265 9200 0 0
2024-04-25 266 9200 0 0
2024-04-26 266 9200 0 0
2024-04-27 265 9200 0 0
2024-04-28 265 9200 0 0
2024-04-29 266 9200 0 0
2024-04-30 265 9200 0 0
2024-05-01 266 9200 0 0
2024-05-02 268 9200 0 0
2024-05-03 269 9200 0 0
2024-05-04 269 9200 0 0
2024-05-05 269 9200 0 0
2024-05-06 269 9200 0 0
2024-05-07 269 9200 0 0
2024-05-08 269 9200 0 0
2024-05-09 267 9200 0 0
2024-05-10 267 9200 0 0
2024-05-11 266 9200 0 0
2024-05-12 266 9200 0 0
2024-05-13 266 9200 0 0
2024-05-14 266 9200 0 0
2024-05-15 268 9200 0 0
2024-05-16 267 9200 0 0
2024-05-17 267 9200 0 0
2024-05-18 267 9200 0 0
2024-05-19 267 9200 0 0
2024-05-20 267 9200 0 0
2024-05-21 267 9200 0 0
2024-05-22 270 9200 0 0
2024-05-23 267 9200 0 0
2024-05-24 263 9200 0 0
2024-05-25 263 9200 0 0
2024-05-26 263 9200 0 0
2024-05-27 263 9200 0 0
2024-05-28 263 9200 0 0
2024-05-29 263 9200 0 0
2024-05-30 260 9200 0 0
2024-05-31 263 9200 0 0
2024-06-01 263 9200 0 0
2024-06-02 263 9200 0 0
2024-06-03 262 9200 0 0
2024-06-04 263 9200 0 0
2024-06-05 265 9200 0 0
2024-06-06 264 9200 0 0
2024-06-07 264 9200 0 0
2024-06-09 264 9200 0 0
2024-06-10 266 9200 0 0
2024-06-11 266 9200 0 0
2024-06-12 266 9200 0 0
2024-06-13 266 9200 0 0
2024-06-14 264 9200 0 0
2024-06-15 262 9200 0 0
2024-06-16 262 9200 0 0
2024-06-17 261 9200 0 0
2024-06-18 265 9200 0 0
2024-06-19 264 9200 0 0
2024-06-20 263 9200 0 0
2024-06-21 264 9200 0 0
2024-06-22 262 9200 0 0
2024-06-23 262 9200 0 0
2024-06-24 261 9200 0 0
2024-06-25 263 9200 0 0
2024-06-26 264 9200 0 0
2024-06-27 261 9200 0 0
2024-06-28 262 9200 0 0
2024-06-29 262 9200 0 0
2024-06-30 262 9200 0 0
2024-07-01 261 9200 0 0
2024-07-02 260 9200 0 0
2024-07-03 261 9200 0 0
2024-07-04 260 9200 0 0
2024-07-05 260 9200 0 0
2024-07-06 262 9200 0 0
2024-07-07 262 9200 0 0
2024-07-08 262 9200 0 0
2024-07-09 262 9200 0 0
2024-07-10 263 9200 0 0
2024-07-11 264 9200 0 0
2024-07-12 268 9200 0 0
2024-07-13 269 9200 0 0
2024-07-14 269 9200 0 0
2024-07-15 268 9200 0 0
2024-07-16 270 9200 0 0
2024-07-17 267 9200 0 0
2024-07-18 267 9200 0 0
2024-07-19 266 9200 0 0
2024-07-20 265 9200 0 0
2024-07-21 265 9200 0 0
2024-07-22 265 9200 0 0
2024-07-23 264 9200 0 0
2024-07-24 264 9200 0 0
2024-07-25 261 9200 0 0
2024-07-26 261 9200 0 0
2024-07-27 262 9200 0 0
2024-07-28 262 9200 0 0
2024-07-29 262 9200 0 0
2024-07-30 261 9200 0 0
2024-07-31 264 9200 0 0
2024-08-01 259 9200 0 0
2024-08-02 257 9200 0 0
2024-08-03 258 9200 0 0
2024-08-04 258 9200 0 0
2024-08-05 255 9200 0 0
2024-08-06 256 9200 0 0
2024-08-07 257 9200 0 0
2024-08-08 260 9200 0 0
2024-08-09 261 9200 0 0
2024-08-10 261 9200 0 0
2024-08-11 261 9200 0 0
2024-08-12 260 9200 0 0
2024-08-13 260 9200 0 0
2024-08-14 262 9200 0 0
2024-08-15 265 9200 0 0
2024-08-16 264 9200 0 0
2024-08-17 263 9200 0 0
2024-08-18 263 9200 0 0
2024-08-19 266 9200 0 0
2024-08-20 265 9200 0 0
2024-08-21 270 9200 0 0
2024-08-22 270 9200 0 0
2024-08-23 273 9200 0 0
2024-08-24 277 9200 0 0
2024-08-25 277 9200 0 0
2024-08-26 275 9200 0 0
2024-08-27 275 9200 0 0
2024-08-28 276 9200 0 0
2024-08-29 275 9200 0 0
2024-08-30 275 9200 0 0
2024-08-31 278 9200 0 0
