2020-01-19 1308 2000 0 0
2020-02-07 1297 2000 0 0
2020-02-15 1300 2000 0 0
2020-02-16 1301 2000 0 0
2020-02-17 1311 2000 0 0
2020-02-18 1309 2000 0 0
2020-02-19 1311 2000 0 0
2020-02-20 1315 2000 0 0
2020-02-21 1316 2000 0 0
2020-02-22 1317 2000 0 0
2020-02-23 1317 2000 0 0
2020-02-24 1297 2000 0 0
2020-02-25 1282 2000 0 0
2020-02-26 1278 2000 0 0
2020-02-27 1267 2000 0 0
2020-02-28 1252 2000 0 0
2020-02-29 1256 2000 0 0
2020-03-01 1257 2000 0 0
2020-03-02 1267 2000 0 0
2020-03-03 1273 2000 0 0
2020-03-04 1283 2000 0 0
2020-03-05 1279 2000 0 0
2020-03-06 1269 2000 0 0
2020-03-07 1265 2000 0 0
2020-03-08 1267 2000 0 0
2020-03-09 1235 2000 0 0
2020-03-10 1225 2000 0 0
2020-03-11 1214 2000 0 0
2020-03-12 1177 2000 0 0
2020-03-13 1162 2000 0 0
2020-03-14 1164 2000 0 0
2020-03-15 1164 2000 0 0
2020-03-16 1139 2000 0 0
2020-03-17 1127 2000 0 0
2020-03-18 1100 2000 0 0
2020-03-19 1079 2000 0 0
2020-03-20 1085 2000 0 0
2020-03-21 1092 2000 0 0
2020-03-22 1092 2000 0 0
2020-03-23 1070 2000 0 0
2020-03-24 1061 2000 0 0
2020-03-25 1094 2000 0 0
2020-03-26 1121 2000 0 0
2020-03-27 1136 2000 0 0
2020-03-28 1125 2000 0 0
2020-03-29 1125 2000 0 0
2020-03-30 1125 2000 0 0
2020-03-31 1121 2000 0 0
2020-04-01 1129 2000 0 0
2020-04-02 1115 2000 0 0
2020-04-03 1119 2000 0 0
2020-04-04 1112 2000 0 0
2020-04-05 1112 2000 0 0
2020-04-06 1112 2000 0 0
2020-04-07 1134 2000 0 0
2020-04-08 1168 2000 0 0
2020-04-09 1176 2000 0 0
2020-04-10 1184 2000 0 0
2020-04-11 1184 2000 0 0
2020-04-12 1184 2000 0 0
2020-04-13 1184 2000 0 0
2020-04-14 1197 2000 0 0
2020-04-15 1187 2000 0 0
2020-04-16 1177 2000 0 0
2020-04-17 1181 2000 0 0
2020-04-18 1189 2000 0 0
2020-04-19 1189 2000 0 0
2020-04-20 1188 2000 0 0
2020-04-21 1177 2000 0 0
2020-04-23 1184 2000 0 0
2020-04-24 1181 2000 0 0
2020-04-25 1178 2000 0 0
2020-04-26 1179 2000 0 0
2020-04-27 1187 2000 0 0
2020-04-28 1200 2000 0 0
2020-04-29 1207 2000 0 0
2020-04-30 1215 2000 0 0
2020-05-01 1214 2000 0 0
2020-05-02 1211 2000 0 0
2020-05-03 1211 2000 0 0
2020-05-04 1203 2000 0 0
2020-05-05 1198 2000 0 0
2020-05-06 1202 2000 0 0
2020-05-07 1204 2000 0 0
2020-05-08 1213 2000 0 0
2020-05-09 1217 2000 0 0
2020-05-10 1217 2000 0 0
2020-05-11 1221 2000 0 0
2020-05-12 1212 2000 0 0
2020-05-13 1210 2000 0 0
2020-05-14 1203 2000 0 0
2020-05-15 1205 2000 0 0
2020-05-16 1206 2000 0 0
2020-05-17 1208 2000 0 0
2020-05-18 1214 2000 0 0
2020-05-19 1227 2000 0 0
2020-05-20 1231 2000 0 0
2020-05-21 1230 2000 0 0
2020-05-23 1220 2000 0 0
2020-05-24 1220 2000 0 0
2020-05-25 1225 2000 0 0
2020-05-26 1232 2000 0 0
2020-05-27 1246 2000 0 0
2020-05-28 1245 2000 0 0
2020-05-29 1259 2000 0 0
2020-05-30 1259 2000 0 0
2020-05-31 1259 2000 0 0
