2021-06-26 2672 1032.091 0 0
2021-06-27 2672 1032.091 0 0
2021-06-28 2632 1074.51 42.419 3.948
2021-06-29 2633 1074.194 -0.316 -0.029
2021-06-30 2623 1075.598 1.404 0.131
2021-07-01 2644 1052.993 -22.605 -2.147
2021-07-02 2633 1057.26 4.267 0.404
2021-07-03 2635 1054.291 -2.969 -0.282
2021-07-04 2635 1054.291 0 0
2021-07-05 2618 1076.975 22.684 2.106
2021-07-06 2506 1172.401 95.426 8.139
2021-07-07 2473 1199.53 27.129 2.262
2021-07-08 2501 1166.343 -33.187 -2.845
2021-07-09 2508 1162.466 -3.877 -0.334
2021-07-10 2510 1161.767 -0.699 -0.06
2021-07-11 2510 1161.767 0 0
2021-07-12 2383 1277.483 115.716 9.058
2021-07-13 2413 1252.493 -24.99 -1.995
2021-07-14 2366 1294.004 41.511 3.208
2021-07-15 2384 1278.403 -15.601 -1.22
2021-07-16 2387 1267.279 -11.124 -0.878
2021-07-17 2387 1266.025 -1.254 -0.099
2021-07-18 2387 1266.025 0 0
2021-07-19 2490 1171.164 -94.861 -8.1
2021-07-20 2483 1181.623 10.459 0.885
2021-07-21 2488 1176.802 -4.821 -0.41
2021-07-22 2491 1180.88 4.078 0.345
2021-07-23 2488 1176.122 -4.758 -0.405
2021-07-24 2492 1174.288 -1.834 -0.156
2021-07-25 2492 1174.288 0 0
2021-07-26 2444 1201.69 27.402 2.28
2021-07-27 2430 1205.923 4.233 0.351
2021-07-28 2512 1133.304 -72.619 -6.408
2021-07-29 2463 1178.805 45.501 3.86
2021-07-30 2398 1232.464 53.659 4.354
2021-07-31 2393 1233.685 1.221 0.099
2021-08-01 2393 1233.685 0 0
2021-08-02 2342 1286.303 52.618 4.091
2021-08-03 2348 1277.54 -8.763 -0.686
2021-08-04 2239 1370.081 92.541 6.754
2021-08-05 2228 1382.401 12.32 0.891
2021-08-06 2262 1352.774 -29.627 -2.19
2021-08-07 2259 1351.415 -1.359 -0.101
2021-08-08 2259 1351.415 0 0
2021-08-09 2263 1353.767 2.352 0.174
2021-08-10 2265 1357.156 3.389 0.25
2021-08-11 2188 1406.577 49.421 3.514
2021-08-13 2162 1422.298 15.721 1.105
2021-08-14 2163 1421.025 -1.273 -0.09
2021-08-15 2163 1421.025 0 0
2021-08-16 2084 1496.109 75.084 5.019
2021-08-17 2160 1417.115 -78.994 -5.574
2021-08-18 2102 1469.437 52.322 3.561
2021-08-19 2078 1486.538 17.101 1.15
2021-08-20 2042 1507.815 21.277 1.411
2021-08-21 2042 1506.191 -1.624 -0.108
2021-08-22 2042 1506.191 0 0
2021-08-23 1967 1594.337 88.146 5.529
2021-08-24 1986 1579.582 -14.755 -0.934
2021-08-25 1953 1641.387 61.805 3.765
2021-08-26 2038 1534.098 -107.289 -6.994
2021-08-27 2009 1562.324 28.226 1.807
2021-08-28 2015 1563.361 1.037 0.066
2021-08-29 2016 1563.361 0 0
2021-08-30 2036 1550.059 -13.302 -0.858
2021-08-31 2197 1398.775 -151.284 -10.815
