2023-11-02 2509 956.79 0 0
2023-11-08 2515 1019.727 62.937 6.172
2023-11-09 2498 1033.228 13.501 1.307
2023-11-10 2490 1032.66 -0.568 -0.055
2023-11-11 2503 1019.78 -12.88 -1.263
2023-11-12 2502 1019.78 0 0
2023-11-13 2497 1022.047 2.267 0.222
2023-11-14 2532 999.231 -22.816 -2.283
2023-11-16 2553 990.66 -8.571 -0.865
2023-11-18 2490 1041.954 51.294 4.923
2023-11-19 2489 1041.954 0 0
2023-11-20 2445 1088.72 46.766 4.296
2023-11-21 2405 1113.767 25.047 2.249
2023-11-22 2373 1139.777 26.01 2.282
2023-11-23 2406 1113.66 -26.117 -2.345
2023-11-24 2433 1099.783 -13.877 -1.262
2023-11-25 2433 1098.829 -0.954 -0.087
2023-11-26 2433 1098.829 0 0
2023-11-27 2451 1085.253 -13.576 -1.251
2023-11-28 2438 1094.272 9.019 0.824
2023-11-29 2411 1108.563 14.291 1.289
2023-11-30 2360 1156.734 48.171 4.164
2023-12-01 2336 1165.789 9.055 0.777
2023-12-02 2339 1163.961 -1.828 -0.157
2023-12-03 2339 1163.961 0 0
2023-12-04 2396 1115.933 -48.028 -4.304
2023-12-05 2393 1116.824 0.891 0.08
2023-12-06 2431 1088.066 -28.758 -2.643
2023-12-07 2480 1055.273 -32.793 -3.108
2023-12-08 2500 1040.259 -15.014 -1.443
2023-12-09 2504 1039.736 -0.523 -0.05
2023-12-10 2504 1039.736 0 0
2023-12-11 2468 1066.285 26.549 2.49
2023-12-12 2473 1057.456 -8.829 -0.835
2023-12-13 2467 1058.4 0.944 0.089
2023-12-14 2489 1050.912 -7.488 -0.713
2023-12-15 2487 1048.34 -2.572 -0.245
2023-12-16 2484 1053.139 4.799 0.456
2023-12-17 2484 1053.139 0 0
2023-12-18 2448 1081.374 28.235 2.611
2023-12-19 2473 1064.202 -17.172 -1.614
2023-12-20 2482 1050.006 -14.196 -1.352
2023-12-21 2497 1041.802 -8.204 -0.787
2023-12-22 2518 1026.953 -14.849 -1.446
2023-12-23 2521 1027.888 0.935 0.091
2023-12-24 2521 1027.888 0 0
2023-12-25 2496 1043.519 15.631 1.498
