2019-11-07 893 2776.025 0 0
2020-01-19 916 2885.687 109.662 3.95
2020-02-07 869 2945.143 59.456 2.06
2020-02-15 830 3083.103 137.96 4.684
2020-02-16 830 3083.103 0 0
2020-02-17 829 3083.103 0 0
2020-02-18 838 3064.748 -18.355 -0.595
2020-02-19 846 3023.56 -41.188 -1.344
2020-02-20 838 3041.383 17.823 0.589
2020-02-21 722 3421.255 379.872 12.49
2020-02-22 721 3421.255 0 0
2020-02-23 721 3421.255 0 0
2020-02-24 725 3397.184 -24.071 -0.704
2020-02-25 730 3334.242 -62.942 -1.853
2020-02-26 721 3308.194 -26.048 -0.781
2020-02-27 755 3183.957 -124.237 -3.755
2020-02-28 744 3196.274 12.317 0.387
2020-02-29 742 3196.274 0 0
2020-03-01 743 3196.274 0 0
2020-03-02 717 3314.491 118.217 3.699
2020-03-03 714 3346.817 32.326 0.975
2020-03-04 818 3022.267 -324.55 -9.697
2020-03-05 816 3021.497 -0.77 -0.025
2020-03-06 802 3040.659 19.162 0.634
2020-03-07 802 3040.659 0 0
2020-03-08 802 3040.659 0 0
2020-03-09 801 2953.497 -87.162 -2.867
2020-03-10 770 3058.176 104.679 3.544
2020-03-11 809 2902.957 -155.219 -5.076
2020-03-12 812 2812.436 -90.521 -3.118
2020-03-13 751 2961.423 148.987 5.297
2020-03-14 756 2961.423 0 0
2020-03-15 757 2961.423 0 0
2020-03-16 833 2656.309 -305.114 -10.303
2020-03-17 797 2694.978 38.669 1.456
2020-03-18 829 2578.674 -116.304 -4.316
2020-03-19 867 2440.937 -137.737 -5.341
2020-03-20 909 2344.467 -96.47 -3.952
2020-03-21 906 2344.467 0 0
2020-03-22 906 2344.467 0 0
2020-03-23 933 2241.386 -103.081 -4.397
2020-03-24 926 2241.386 0 0
2020-03-25 890 2399.518 158.132 7.055
2020-03-26 898 2433.025 33.507 1.396
2020-03-27 888 2522.866 89.841 3.693
2020-03-28 839 2609.994 87.128 3.454
2020-03-29 839 2609.994 0 0
2020-03-30 839 2609.994 0 0
2020-03-31 838 2612.489 2.495 0.096
