2019-11-07 1877 1238.26 0 0
2020-01-19 1925 1237.349 -0.911 -0.074
2020-02-07 1905 1233.709 -3.64 -0.294
2020-02-15 1907 1233.149 -0.56 -0.045
2020-02-16 1907 1233.149 0 0
2020-02-17 1910 1233.149 0 0
2020-02-18 1906 1232.677 -0.472 -0.038
2020-02-19 1905 1232.808 0.131 0.011
2020-02-20 1907 1232.784 -0.024 -0.002
2020-02-21 1900 1232.46 -0.324 -0.026
2020-02-22 1899 1232.47 0.01 0.001
2020-02-23 1899 1232.47 0 0
2020-02-24 1889 1231.56 -0.91 -0.074
2020-02-25 1872 1230.468 -1.092 -0.089
2020-02-26 1868 1229.996 -0.472 -0.038
2020-02-27 1861 1230.037 0.041 0.003
2020-02-28 1850 1230.639 0.602 0.049
2020-02-29 1839 1230.577 -0.062 -0.005
2020-03-01 1844 1230.577 0 0
2020-03-02 1850 1230.641 0.064 0.005
2020-03-03 1857 1230.043 -0.598 -0.049
2020-03-04 1864 1230.295 0.252 0.02
2020-03-05 1867 1229.767 -0.528 -0.043
2020-03-06 1859 1228.979 -0.788 -0.064
2020-03-07 1858 1228.955 -0.024 -0.002
2020-03-08 1854 1228.955 0 0
2020-03-09 1836 1225.635 -3.32 -0.27
2020-03-10 1825 1226.566 0.931 0.076
2020-03-11 1809 1225.124 -1.442 -0.118
2020-03-12 1771 1223.969 -1.155 -0.094
2020-03-13 1746 1224.632 0.663 0.054
2020-03-14 1747 1224.573 -0.059 -0.005
2020-03-15 1747 1224.573 0 0
2020-03-16 1721 1223.228 -1.345 -0.11
2020-03-17 1702 1222.979 -0.249 -0.02
2020-03-18 1682 1222.834 -0.145 -0.012
2020-03-19 1664 1223.536 0.702 0.057
2020-03-20 1666 1223.105 -0.431 -0.035
2020-03-21 1671 1223.147 0.042 0.003
2020-03-22 1671 1223.147 0 0
2020-03-23 1655 1222.795 -0.352 -0.029
2020-03-24 1646 1222.727 -0.068 -0.006
2020-03-25 1686 1222.908 0.181 0.015
2020-03-26 1706 1222.942 0.034 0.003
2020-03-27 1730 1223.347 0.405 0.033
2020-03-28 1719 1222.949 -0.398 -0.033
2020-03-29 1719 1222.949 0 0
2020-03-30 1719 1222.949 0 0
2020-03-31 1717 1222.901 -0.048 -0.004
