2020-01-19 747 3412.927 0 0
2020-02-07 820 3091.037 -321.89 -10.414
2020-02-15 817 3146.234 55.197 1.754
2020-02-16 817 3146.234 0 0
2020-02-17 818 3130.147 -16.087 -0.514
2020-02-18 815 3129.567 -0.58 -0.019
2020-02-19 820 3126.387 -3.18 -0.102
2020-02-20 803 3160.66 34.273 1.084
2020-02-21 820 3105.526 -55.134 -1.775
2020-02-22 814 3125.624 20.098 0.643
2020-02-23 814 3125.624 0 0
2020-02-24 456 4730.559 1604.935 33.927
2020-02-25 468 4559.376 -171.183 -3.755
2020-02-26 476 4489.837 -69.539 -1.549
2020-02-27 505 4234.598 -255.239 -6.027
2020-02-28 502 4226.847 -7.751 -0.183
2020-02-29 525 4085.014 -141.833 -3.472
