2020-01-19 459 4818.4 0 0
2020-02-07 447 4818.4 0 0
2020-02-15 444 4818.4 0 0
2020-02-16 444 4818.4 0 0
2020-02-17 446 4818.4 0 0
2020-02-18 447 4818.4 0 0
2020-02-19 447 4818.4 0 0
2020-02-20 447 4818.4 0 0
2020-02-21 445 4818.4 0 0
2020-02-22 445 4818.4 0 0
2020-02-23 445 4818.4 0 0
2020-02-24 441 4818.4 0 0
2020-02-25 435 4818.4 0 0
2020-02-26 432 4818.4 0 0
2020-02-27 427 4818.4 0 0
2020-02-28 425 4818.4 0 0
2020-02-29 421 4818.4 0 0
2020-03-01 422 4818.4 0 0
2020-03-02 423 4818.4 0 0
2020-03-03 435 4818.4 0 0
2020-03-04 439 4818.4 0 0
2020-03-05 441 4818.4 0 0
2020-03-06 431 4818.4 0 0
2020-03-07 429 4818.4 0 0
2020-03-08 432 4818.4 0 0
2020-03-09 422 4818.4 0 0
2020-03-10 416 4818.4 0 0
2020-03-11 416 4818.4 0 0
2020-03-12 394 4818.4 0 0
2020-03-13 382 4818.4 0 0
2020-03-14 386 4818.4 0 0
2020-03-15 386 4818.4 0 0
2020-03-16 373 4818.4 0 0
2020-03-17 367 4818.4 0 0
2020-03-18 361 4818.4 0 0
2020-03-19 350 4818.4 0 0
2020-03-20 358 4818.4 0 0
2020-03-21 360 4818.4 0 0
2020-03-22 360 4818.4 0 0
2020-03-23 346 4818.4 0 0
2020-03-24 343 4818.4 0 0
2020-03-25 393 4542 -276.4 -6.085
2020-03-26 403 4542 0 0
2020-03-27 410 4542 0 0
2020-03-28 409 4542 0 0
2020-03-29 409 4542 0 0
2020-03-30 409 4542 0 0
2020-03-31 409 4542 0 0
