2019-11-07 1551 1603.451 0 0
2020-01-19 1545 1676.059 72.608 4.528
2020-02-07 1469 1735.809 59.75 3.565
2020-02-15 1517 1688.599 -47.21 -2.72
2020-02-16 1518 1688.599 0 0
2020-02-17 1520 1689.806 1.207 0.071
2020-02-18 1516 1689.806 0 0
2020-02-19 2127 1037.018 -652.788 -38.631
2020-02-20 2128 1037.747 0.729 0.07
2020-02-21 2121 1039.743 1.996 0.192
2020-02-22 2106 1050.066 10.323 0.993
2020-02-23 2106 1050.066 0 0
2020-02-24 2096 1050.066 0 0
2020-02-25 2126 1013.348 -36.718 -3.497
2020-02-26 2131 1002.166 -11.182 -1.103
2020-02-27 1997 1117.617 115.451 11.52
2020-02-28 1996 1104.774 -12.843 -1.149
2020-02-29 2011 1080.924 -23.85 -2.159
2020-03-01 2009 1080.924 0 0
2020-03-02 2017 1080.924 0 0
2020-03-03 1994 1101.508 20.584 1.904
2020-03-04 1989 1118.645 17.137 1.556
2020-03-05 1997 1115.674 -2.971 -0.266
2020-03-06 1959 1143.319 27.645 2.478
2020-03-07 1967 1132.602 -10.717 -0.937
2020-03-08 1964 1132.602 0 0
2020-03-09 1891 1172.458 39.856 3.519
2020-03-10 1904 1151.618 -20.84 -1.777
2020-03-11 1913 1125.61 -26.008 -2.258
2020-03-12 1923 1088.406 -37.204 -3.305
2020-03-21 1928 1008.655 -79.751 -7.327
2020-03-22 1928 1008.655 0 0
2020-03-23 1905 1008.655 0 0
2020-03-25 1849 1069.772 61.117 6.059
2020-03-26 1803 1139.907 70.135 6.556
2020-03-27 1795 1167.762 27.855 2.444
2020-03-28 1828 1129.777 -37.985 -3.253
2020-03-29 1828 1129.777 0 0
2020-03-30 1828 1129.777 0 0
2020-03-31 1848 1107.182 -22.595 -2
2020-04-01 1826 1127.285 20.103 1.816
2020-04-02 1849 1091.005 -36.28 -3.218
2020-04-03 1892 1049.81 -41.195 -3.776
2020-04-04 1911 1034.677 -15.133 -1.441
2020-04-05 1911 1034.677 0 0
2020-04-06 1911 1034.677 0 0
2020-04-07 1869 1098.361 63.684 6.155
2020-04-08 1926 1165.256 66.895 6.09
2020-04-09 1917 1185.718 20.462 1.756
2020-04-10 1874 1217.367 31.649 2.669
2020-04-11 1874 1217.367 0 0
2020-04-12 1874 1217.367 0 0
2020-04-13 1869 1217.367 0 0
2020-04-14 1885 1210.855 -6.512 -0.535
2020-04-15 1847 1237.988 27.133 2.241
2020-04-16 1910 1187.474 -50.514 -4.08
2020-04-17 1948 1158.929 -28.545 -2.404
2020-04-18 1912 1197.083 38.154 3.292
2020-04-19 1912 1197.083 0 0
2020-04-20 1912 1197.083 0 0
2020-04-21 1911 1191.091 -5.992 -0.501
2020-04-23 1951 1155.505 -35.586 -2.988
2020-04-24 1936 1171.761 16.256 1.407
2020-04-25 1957 1153.958 -17.803 -1.519
2020-04-26 1957 1153.958 0 0
2020-04-27 1960 1153.958 0 0
2020-04-28 1942 1175.9 21.942 1.901
2020-04-29 1911 1208.542 32.642 2.776
2020-04-30 1886 1244.06 35.518 2.939
