2023-04-06 2539 1067.006 0 0
2023-04-07 2526 1072.461 5.455 0.511
2023-04-08 2525 1072.461 0 0
2023-04-09 2524 1072.461 0 0
2023-04-10 2502 1095.05 22.589 2.106
2023-04-11 2509 1096.867 1.817 0.166
2023-04-12 2503 1094.231 -2.636 -0.24
2023-04-13 2525 1081.642 -12.589 -1.15
2023-04-14 2528 1082.354 0.712 0.066
2023-04-15 2530 1080.47 -1.884 -0.174
2023-04-16 2530 1080.47 0 0
2023-04-17 2495 1105.852 25.382 2.349
2023-04-18 2516 1091.144 -14.708 -1.33
2023-04-19 2494 1104.589 13.445 1.232
2023-04-20 2503 1094.867 -9.722 -0.88
2023-04-21 2499 1094.496 -0.371 -0.034
2023-04-22 2497 1094.537 0.041 0.004
2023-04-23 2497 1094.537 0 0
2023-04-24 2489 1095.993 1.456 0.133
2023-04-25 2536 1065.447 -30.546 -2.787
2023-04-26 2544 1052.366 -13.081 -1.228
2023-04-27 2556 1044.841 -7.525 -0.715
2023-04-28 2589 1024.42 -20.421 -1.954
2023-04-29 2592 1024.347 -0.073 -0.007
2023-05-01 2591 1024.347 0 0
2023-05-02 2572 1031.782 7.435 0.726
2023-05-03 2593 1014.317 -17.465 -1.693
2023-05-04 2592 1012.21 -2.107 -0.208
2023-05-06 2609 1010.579 -1.631 -0.161
2023-05-07 2609 1010.579 0 0
2023-05-08 2598 1017.822 7.243 0.717
2023-05-09 2603 1007.502 -10.32 -1.014
2023-05-10 2609 1003.257 -4.245 -0.421
2023-05-11 2586 1024.2 20.943 2.088
2023-05-12 2575 1023.038 -1.162 -0.113
2023-05-13 2575 1022.526 -0.512 -0.05
2023-05-14 2575 1022.526 0 0
2023-05-15 2598 1005.511 -17.015 -1.664
2023-05-16 2583 1016.432 10.921 1.086
2023-05-17 2564 1028.022 11.59 1.14
2023-05-19 2525 1056.963 28.941 2.815
2023-05-20 2525 1061.249 4.286 0.406
2023-05-21 2524 1061.249 0 0
2023-05-22 2533 1056.687 -4.562 -0.43
2023-05-23 2528 1059.612 2.925 0.277
2023-05-24 2529 1047.681 -11.931 -1.126
2023-05-25 2538 1035.739 -11.942 -1.14
2023-05-26 2538 1034.6 -1.139 -0.11
2023-05-27 2538 1036.382 1.782 0.172
2023-05-28 2538 1036.382 0 0
2023-05-29 2495 1069.182 32.8 3.165
2023-05-30 2478 1078.795 9.613 0.899
2023-05-31 2448 1094.908 16.113 1.494
