2020-01-19 633 3868.816 0 0
2020-02-07 601 3967.521 98.705 2.488
2020-02-15 588 4021.182 53.661 1.334
2020-02-16 588 4021.182 0 0
2020-02-17 591 4021.182 0 0
2020-02-18 590 4027.524 6.342 0.157
2020-02-19 574 4079.071 51.547 1.264
2020-02-20 580 4068.827 -10.244 -0.252
2020-02-21 573 4066.062 -2.765 -0.068
2020-02-22 573 4066.062 0 0
2020-02-23 572 4066.062 0 0
2020-02-24 606 3923.779 -142.283 -3.626
2020-02-25 623 3773.527 -150.252 -3.982
2020-02-26 631 3697.913 -75.614 -2.045
2020-02-27 647 3587.176 -110.737 -3.087
2020-02-28 654 3517.904 -69.272 -1.969
2020-02-29 648 3517.904 0 0
