2021-10-06 2345 1260.778 0 0
2021-10-07 2341 1270.1 9.322 0.739
2021-10-08 2350 1270.031 -0.069 -0.005
2021-10-09 2346 1270.064 0.033 0.003
2021-10-10 2346 1270.064 0 0
2021-10-11 2348 1266.712 -3.352 -0.264
2021-10-12 2350 1259.476 -7.236 -0.571
2021-10-13 2335 1277.556 18.08 1.436
2021-10-14 2292 1311.79 34.234 2.68
2021-10-15 2291 1319.569 7.779 0.593
2021-10-16 2294 1319.569 0 0
2021-10-17 2293 1319.569 0 0
2021-10-18 2277 1336.185 16.616 1.259
2021-10-19 2269 1341.333 5.148 0.385
2021-10-20 2284 1337.091 -4.242 -0.316
2021-10-21 2263 1355.061 17.97 1.344
2021-10-22 2262 1346.767 -8.294 -0.612
2021-10-23 2263 1346.767 0 0
2021-10-25 2270 1344.869 -1.898 -0.141
2021-10-26 2271 1350.894 6.025 0.448
2021-10-27 2178 1421.085 70.191 5.196
2021-10-28 2162 1427.373 6.288 0.442
2021-10-29 2119 1465.845 38.472 2.695
2021-10-30 2116 1465.845 0 0
2021-10-31 2116 1465.845 0 0
2021-11-01 2147 1449.808 -16.037 -1.094
2021-11-02 2110 1471.73 21.922 1.512
2021-11-03 2107 1478.802 7.072 0.481
2021-11-04 2113 1478.802 0 0
2021-11-05 2102 1490.068 11.266 0.762
2021-11-06 2104 1490.068 0 0
2021-11-07 2104 1490.068 0 0
2021-11-08 2106 1490.068 0 0
2021-11-09 2108 1489.333 -0.735 -0.049
2021-11-10 2111 1489.333 0 0
2021-11-11 2134 1470.844 -18.489 -1.241
2021-11-12 2115 1493.698 22.854 1.554
2021-11-13 2113 1493.698 0 0
2021-11-14 2113 1493.698 0 0
2021-11-15 2122 1490.356 -3.342 -0.224
2021-11-16 2097 1508.78 18.424 1.236
2021-11-17 2100 1506.703 -2.077 -0.138
2021-11-18 2075 1521.356 14.653 0.973
2021-11-19 2073 1528.059 6.703 0.441
2021-11-20 2066 1528.059 0 0
2021-11-21 2066 1528.059 0 0
2021-11-22 2086 1510.921 -17.138 -1.122
2021-11-23 2092 1499.748 -11.173 -0.739
2021-11-24 2086 1501.12 1.372 0.091
2021-11-25 2089 1501.12 0 0
2021-11-26 2128 1457.483 -43.637 -2.907
2021-11-27 2125 1457.483 0 0
2021-11-28 2125 1457.483 0 0
2021-11-29 2083 1494.531 37.048 2.542
2021-11-30 2107 1462.06 -32.471 -2.173
2021-12-01 2105 1459.032 -3.028 -0.207
2021-12-02 2111 1459.032 0 0
2021-12-03 2149 1421.621 -37.411 -2.564
2021-12-04 2147 1421.621 0 0
2021-12-05 2147 1421.621 0 0
2021-12-06 2127 1438.582 16.961 1.193
2021-12-07 2072 1485.044 46.462 3.23
2021-12-08 2098 1484.895 -0.149 -0.01
2021-12-09 2099 1474.808 -10.087 -0.679
2021-12-10 2031 1525.914 51.106 3.465
2021-12-11 2034 1525.914 0 0
2021-12-12 2029 1525.914 0 0
2021-12-13 2049 1509.257 -16.657 -1.092
2021-12-14 2117 1450.371 -58.886 -3.902
2021-12-15 2067 1484.431 34.06 2.348
2021-12-16 2132 1432.436 -51.995 -3.503
2021-12-17 2133 1426.447 -5.989 -0.418
2021-12-18 2129 1426.447 0 0
2021-12-19 2130 1426.447 0 0
2021-12-20 2131 1405.913 -20.534 -1.44
2021-12-21 2113 1444.822 38.909 2.768
2021-12-22 2079 1476.216 31.394 2.173
2021-12-23 2082 1484.118 7.902 0.535
2021-12-24 2077 1484.118 0 0
2021-12-25 2078 1484.118 0 0
2021-12-26 2078 1484.118 0 0
2021-12-27 2026 1525.6 41.482 2.795
2021-12-28 2038 1519.296 -6.304 -0.413
2021-12-29 2039 1523.105 3.809 0.251
2021-12-30 2045 1521.763 -1.342 -0.088
2021-12-31 2086 1493.337 -28.426 -1.868
2022-01-02 2086 1493.337 0 0
2022-01-03 2113 1468.788 -24.549 -1.644
2022-01-04 2099 1485.002 16.214 1.104
2022-01-05 2171 1387.297 -97.705 -6.579
2022-01-06 2190 1374.075 -13.222 -0.953
2022-01-07 2181 1374.449 0.374 0.027
2022-01-08 2185 1374.449 0 0
2022-01-09 2185 1374.449 0 0
2022-01-10 2192 1375.061 0.612 0.045
2022-01-11 2188 1378.927 3.866 0.281
2022-01-12 2175 1396.452 17.525 1.271
2022-01-13 2242 1324.927 -71.525 -5.122
2022-01-14 2215 1352.995 28.068 2.118
2022-01-15 2199 1352.995 0 0
2022-01-16 2215 1352.995 0 0
2022-01-17 2214 1352.995 0 0
2022-01-18 2217 1352.995 0 0
2022-01-19 2194 1353.245 0.25 0.018
2022-01-20 2252 1306.826 -46.419 -3.43
2022-01-22 2288 1277.336 -29.49 -2.257
2022-01-23 2287 1277.336 0 0
2022-01-24 2274 1279.386 2.05 0.16
2022-01-25 2304 1237.323 -42.063 -3.288
2022-01-26 2246 1280.996 43.673 3.53
2022-01-27 2198 1297.511 16.515 1.289
2022-01-28 2156 1342.371 44.86 3.457
2022-01-29 2155 1342.371 0 0
2022-01-30 2156 1342.371 0 0
2022-01-31 2156 1357.193 14.822 1.104
