2022-04-05 1899 1614.9 0 0
2022-04-06 1931 1572.652 -42.248 -2.616
2022-04-07 2008 1506.471 -66.181 -4.208
2022-04-08 1907 1581.942 75.471 5.01
2022-04-09 1910 1578.358 -3.584 -0.227
2022-04-10 1910 1578.358 0 0
2022-04-11 1899 1582.677 4.319 0.274
2022-04-12 1925 1562.547 -20.13 -1.272
2022-04-13 1871 1616.905 54.358 3.479
2022-04-14 1873 1617.1 0.195 0.012
2022-04-15 1836 1648.956 31.856 1.97
2022-04-16 1836 1648.956 0 0
2022-04-17 1836 1648.956 0 0
2022-04-18 1877 1603.003 -45.953 -2.787
2022-04-19 1853 1631.226 28.223 1.761
2022-04-20 1833 1645.463 14.237 0.873
2022-04-21 1793 1669.002 23.539 1.431
2022-04-22 1755 1694.466 25.464 1.526
2022-04-23 1752 1691.889 -2.577 -0.152
2022-04-24 1752 1691.889 0 0
2022-04-25 1818 1614.379 -77.51 -4.581
2022-04-26 1821 1596.097 -18.282 -1.132
2022-04-27 1806 1606.765 10.668 0.668
2022-04-28 1839 1577.581 -29.184 -1.816
2022-04-29 1763 1649.659 72.078 4.569
2022-04-30 1761 1652.009 2.35 0.142
2022-05-01 1761 1652.009 0 0
2022-05-02 1764 1652.009 0 0
2022-05-03 1749 1665.634 13.625 0.825
2022-05-04 1710 1715.317 49.683 2.983
2022-05-05 1699 1723.306 7.989 0.466
2022-05-06 1674 1742.302 18.996 1.102
2022-05-07 1673 1730.445 -11.857 -0.681
2022-05-08 1673 1730.445 0 0
2022-05-09 1732 1655.804 -74.641 -4.313
2022-05-10 1713 1675.398 19.594 1.183
2022-05-11 1744 1628.276 -47.122 -2.813
2022-05-12 1819 1554.735 -73.541 -4.516
2022-05-13 1776 1595.459 40.724 2.619
2022-05-14 1777 1595.647 0.188 0.012
2022-05-15 1778 1595.647 0 0
2022-05-16 1848 1540.864 -54.783 -3.433
2022-05-17 1878 1519.725 -21.139 -1.372
2022-05-18 1854 1542.662 22.937 1.509
2022-05-19 1874 1522.991 -19.671 -1.275
2022-05-20 1898 1509.945 -13.046 -0.857
2022-05-21 1894 1515.597 5.652 0.374
2022-05-22 1894 1515.597 0 0
2022-05-23 1790 1612.297 96.7 6.38
2022-05-24 1801 1592.566 -19.731 -1.224
2022-05-25 1784 1612.627 20.061 1.26
2022-05-26 1804 1601.541 -11.086 -0.687
2022-05-27 1777 1629.623 28.082 1.753
2022-05-28 1770 1637.704 8.081 0.496
2022-05-29 1770 1637.704 0 0
2022-05-30 1772 1640.797 3.093 0.189
2022-05-31 1826 1606.108 -34.689 -2.114
2022-06-01 1764 1663.752 57.644 3.589
2022-06-02 1769 1657.835 -5.917 -0.356
2022-06-03 1776 1650.925 -6.91 -0.417
2022-06-04 1775 1650.925 0 0
2022-06-05 1775 1650.925 0 0
2022-06-06 1798 1637.537 -13.388 -0.811
2022-06-07 1800 1641.082 3.545 0.216
2022-06-08 1801 1643.512 2.43 0.148
2022-06-09 1832 1592.186 -51.326 -3.123
2022-06-10 1846 1573.339 -18.847 -1.184
2022-06-11 1842 1570.92 -2.419 -0.154
2022-06-12 1841 1570.92 0 0
2022-06-13 1929 1487.622 -83.298 -5.302
2022-06-14 1913 1487.688 0.066 0.004
2022-06-15 1949 1455.417 -32.271 -2.169
2022-06-16 2037 1366.856 -88.561 -6.085
2022-06-17 2055 1357.719 -9.137 -0.668
2022-06-18 2055 1357.56 -0.159 -0.012
2022-06-19 2055 1357.56 0 0
2022-06-20 2182 1254.246 -103.314 -7.61
2022-06-21 2156 1276.27 22.024 1.756
2022-06-22 2251 1201.86 -74.41 -5.83
2022-06-24 2320 1159.055 -42.805 -3.562
2022-06-25 2320 1160.634 1.579 0.136
2022-06-26 2320 1160.634 0 0
2022-06-27 2202 1260.254 99.62 8.583
2022-06-28 2194 1265.426 5.172 0.41
2022-06-29 2425 1078.357 -187.069 -14.783
2022-06-30 2474 1035.189 -43.168 -4.003
2022-07-01  975.53 -59.659 -5.763
2022-07-06 2458 1043.206 67.676 6.937
2022-07-07 2423 1071.245 28.039 2.688
2022-07-08 2372 1111.2 39.955 3.73
2022-07-09 2374 1111.517 0.317 0.029
2022-07-10 2373 1111.517 0 0
2022-07-11 2355 1111.903 0.386 0.035
2022-07-12 2438 1044.352 -67.551 -6.075
2022-07-13 2408 1059.33 14.978 1.434
2022-07-14 2372 1093.616 34.286 3.237
2022-07-15 2384 1076.715 -16.901 -1.545
2022-07-16 2391 1074.289 -2.426 -0.225
2022-07-17 2391 1074.289 0 0
2022-07-18 2389 1079.087 4.798 0.447
2022-07-19 2369 1108.533 29.446 2.729
2022-07-20 2404 1089.964 -18.569 -1.675
2022-07-21 2362 1123.441 33.477 3.071
2022-07-22 2335 1133.739 10.298 0.917
2022-07-23 2335 1132.981 -0.758 -0.067
2022-07-24 2335 1132.981 0 0
2022-07-25 2370 1111.735 -21.246 -1.875
2022-07-26 2375 1107.016 -4.719 -0.424
2022-07-27 2335 1132.578 25.562 2.309
2022-07-28 2382 1109.272 -23.306 -2.058
2022-07-29 2335 1143.851 34.579 3.117
2022-07-30 2337 1143.488 -0.363 -0.032
2022-07-31 2338 1143.488 0 0
