2020-01-19 1268 2062.533 0 0
2020-02-07 1269 2053.42 -9.113 -0.444
2020-02-15 1303 1995.643 -57.777 -2.895
2020-02-16 1304 1995.643 0 0
2020-02-17 1300 2009.938 14.295 0.711
2020-02-18 1295 2009.938 0 0
2020-02-19 1303 2004.861 -5.077 -0.253
2020-02-20 1304 2006.381 1.52 0.076
2020-02-21 1299 2008.066 1.685 0.084
2020-02-22 1296 2016.725 8.659 0.429
2020-02-23 1295 2016.725 0 0
2020-02-24 1279 2016.725 0 0
2020-02-25 1287 1996.157 -20.568 -1.03
2020-02-26 1288 1991.224 -4.933 -0.248
2020-02-27 1274 1990.326 -0.898 -0.045
2020-02-28 1257 1997.181 6.855 0.343
2020-02-29 1100 2239.066 241.885 10.803
2020-03-01 1100 2239.066 0 0
2020-03-02 1111 2239.066 0 0
2020-03-03 1055 2339.47 100.404 4.292
2020-03-04 1051 2354.371 14.901 0.633
2020-03-05 1055 2362.395 8.024 0.34
2020-03-06 1040 2372.122 9.727 0.41
2020-03-07 1032 2376.201 4.079 0.172
2020-03-08 1030 2376.201 0 0
2020-03-09 1001 2376.201 0 0
2020-03-10 999 2362.676 -13.525 -0.572
2020-03-11 1006 2335.01 -27.666 -1.185
2020-03-12 969 2312.907 -22.103 -0.956
2020-03-13 1002 2213.301 -99.606 -4.5
2020-03-14 1014 2210.155 -3.146 -0.142
2020-03-15 1014 2210.155 0 0
2020-03-16 980 2210.155 0 0
2020-03-17 957 2226.584 16.429 0.738
2020-03-18 951 2211.444 -15.14 -0.685
2020-03-19 961 2178.788 -32.656 -1.499
2020-03-20 973 2179.046 0.258 0.012
2020-03-21 982 2163.56 -15.486 -0.716
2020-03-22 982 2163.56 0 0
2020-03-23 973 2163.56 0 0
2020-03-24 977 2138.96 -24.6 -1.15
2020-03-25 1000 2159.527 20.567 0.952
2020-03-26 998 2188.624 29.097 1.329
2020-03-27 978 2255.376 66.752 2.96
2020-03-28 972 2254.562 -0.814 -0.036
2020-03-29 972 2254.562 0 0
2020-03-30 972 2254.562 0 0
2020-03-31 967 2261.218 6.656 0.294
2020-04-01 973 2245.845 -15.373 -0.685
2020-04-02 972 2233.124 -12.721 -0.57
2020-04-03 977 2224.868 -8.256 -0.371
2020-04-04 980 2214.722 -10.146 -0.458
2020-04-05 980 2214.722 0 0
2020-04-06 980 2214.722 0 0
2020-04-07 996 2225.436 10.714 0.481
2020-04-08 1008 2252.362 26.926 1.195
2020-04-10 1016 2258.953 6.591 0.292
2020-04-11 1016 2258.953 0 0
2020-04-12 1016 2258.953 0 0
2020-04-13 1017 2258.953 0 0
2020-04-14 1031 2249.451 -9.502 -0.422
2020-04-15 1016 2281.177 31.726 1.391
2020-04-17 1021 2256.355 -24.822 -1.1
2020-04-18 1022 2278.731 22.376 0.982
2020-04-19 1022 2278.731 0 0
2020-04-20 1024 2278.731 0 0
2020-04-21 1006 2292.052 13.321 0.581
2020-04-23 1020 2259.424 -32.628 -1.444
2020-04-24 1023 2249.246 -10.178 -0.453
2020-04-25 1019 2256.328 7.082 0.314
2020-04-26 1020 2256.328 0 0
2020-04-27 1024 2256.328 0 0
2020-04-28 1032 2249.36 -6.968 -0.31
2020-04-29 1046 2245.211 -4.149 -0.185
2020-04-30 1045 2246.287 1.076 0.048
2020-05-01 1036 2266.999 20.712 0.914
2020-05-02 1035 2281.023 14.024 0.615
2020-05-03 1035 2281.023 0 0
2020-05-04 1029 2281.023 0 0
2020-05-05 1044 2241.562 -39.461 -1.76
2020-05-06 1057 2232.082 -9.48 -0.425
2020-05-07 1059 2225.761 -6.321 -0.284
2020-05-08 1064 2228.532 2.771 0.124
2020-05-09 1047 2264.038 35.506 1.568
2020-05-10 1047 2264.038 0 0
2020-05-11 1046 2264.038 0 0
2020-05-12 1053 2254.175 -9.863 -0.438
2020-05-13 1038 2270.922 16.747 0.737
2020-05-14 1033 2253.951 -16.971 -0.753
2020-05-15 1038 2230.41 -23.541 -1.055
2020-05-16 1037 2234.676 4.266 0.191
2020-05-17 1037 2234.676 0 0
2020-05-18 1056 2234.676 0 0
2020-05-19 1053 2257.157 22.481 0.996
2020-05-20 1046 2274.941 17.784 0.782
2020-05-21 1043 2286.529 11.588 0.507
2020-05-22 1043 2269.862 -16.667 -0.734
2020-05-23 1057 2246.689 -23.173 -1.031
2020-05-24 1057 2246.689 0 0
2020-05-25 1059 2246.689 0 0
2020-05-26 1075 2246.689 0 0
2020-05-27 1067 2271.085 24.396 1.074
2020-05-28 1075 2260.714 -10.371 -0.459
2020-05-29 1067 2291.321 30.607 1.336
2020-05-30 1058 2313.374 22.053 0.953
2020-05-31 1058 2313.374 0 0
2020-06-01 1064 2313.374 0 0
2020-06-02 1073 2320.245 6.871 0.296
2020-06-03 1080 2324.601 4.356 0.187
2020-06-04 1082 2337.998 13.397 0.573
2020-06-05 1073 2362.52 24.522 1.038
2020-06-06 1084 2354.505 -8.015 -0.34
2020-06-07 1084 2354.505 0 0
2020-06-08 1080 2354.505 0 0
2020-06-09 1080 2363.433 8.928 0.378
2020-06-10 1070 2390.773 27.34 1.144
2020-06-11 1064 2390.149 -0.624 -0.026
2020-06-12 1058 2384.647 -5.502 -0.231
2020-06-13 1073 2341.875 -42.772 -1.826
2020-06-14 1073 2341.875 0 0
2020-06-15 1071 2341.875 0 0
2020-06-16 1071 2350.338 8.463 0.36
2020-06-17 1073 2354.666 4.328 0.184
2020-06-18 1072 2354.666 0 0
2020-06-19 1071 2365.09 10.424 0.441
2020-06-20 1071 2364.486 -0.604 -0.026
2020-06-21 1071 2364.486 0 0
2020-06-22 1074 2364.486 0 0
2020-06-23 1074 2371.62 7.134 0.301
2020-06-24 1074 2371.62 0 0
2020-06-25 1073 2365.335 -6.285 -0.266
2020-06-26 1075 2353.582 -11.753 -0.499
2020-06-27 1075 2349.44 -4.142 -0.176
2020-06-28 1075 2349.44 0 0
2020-06-29 1073 2349.44 0 0
2020-06-30 1072 2356.202 6.762 0.287
2020-07-01 1079 2352.716 -3.486 -0.148
2020-07-07 1099 2352.716 0 0
2020-07-08 1098 2372.736 20.02 0.844
2020-07-09 1094 2389.005 16.269 0.681
2020-07-10 1102 2375.738 -13.267 -0.558
2020-07-11 1097 2392.654 16.916 0.707
2020-07-12 1097 2392.654 0 0
2020-07-13 1099 2392.654 0 0
2020-07-14 1086 2405.709 13.055 0.543
2020-07-15 1094 2406.6 0.891 0.037
2020-07-16 1087 2406.6 0 0
2020-07-17 1088 2421.702 15.102 0.624
2020-07-18 1088 2421.702 0 0
2020-07-20 1087 2423.134 1.432 0.059
2020-07-21 1087 2423.134 0 0
2020-07-22 1087 2440.114 16.98 0.696
2020-07-23 1073 2462.461 22.347 0.908
2020-07-24 1056 2463.032 0.571 0.023
2020-07-25 1055 2469.045 6.013 0.244
2020-07-26 1051 2469.045 0 0
2020-07-27 1048 2469.045 0 0
2020-07-28 1034 2501.612 32.567 1.302
2020-07-29 1049 2491.343 -10.269 -0.412
2020-07-30 1045 2501.023 9.68 0.387
2020-07-31 1047 2501.023 0 0
2020-08-04 1053 2501.023 0 0
2020-08-05 1065 2496.907 -4.116 -0.165
2020-08-06 1055 2523.906 26.999 1.07
2020-08-07 1053 2515.536 -8.37 -0.333
2020-08-08 1055 2503.971 -11.565 -0.462
2020-08-09 1055 2503.971 0 0
2020-08-10 1055 2503.971 0 0
2020-08-12 1055 2503.971 0 0
2020-08-13 1058 2507.519 3.548 0.141
2020-08-14 1059 2514.345 6.826 0.271
2020-08-15 1060 2512.561 -1.784 -0.071
2020-08-16 1060 2512.561 0 0
2020-08-17 1062 2512.561 0 0
2020-08-18 1060 2520.91 8.349 0.331
2020-08-19 1053 2532.029 11.119 0.439
2020-08-20 1051 2527.81 -4.219 -0.167
2020-08-21 1054 2515.239 -12.571 -0.5
2020-08-22 1061 2502.202 -13.037 -0.521
2020-08-23 1061 2502.202 0 0
2020-08-24 1066 2502.202 0 0
2020-08-25 1066 2509.296 7.094 0.283
2020-08-26 1065 2511.373 2.077 0.083
2020-08-27 1075 2510.186 -1.187 -0.047
2020-08-28 1079 2504.267 -5.919 -0.236
2020-08-29 1073 2527.209 22.942 0.908
2020-08-30 1073 2527.209 0 0
2020-08-31 1069 2527.209 0 0
2020-09-01 1073 2540.204 12.995 0.512
2020-09-02 1081 2541.116 0.912 0.036
2020-09-03 1082 2514.941 -26.175 -1.041
2020-09-04 1077 2514.345 -0.596 -0.024
2020-09-05 1084 2506.039 -8.306 -0.331
2020-09-06 1084 2506.039 0 0
2020-09-07 1082 2506.039 0 0
2020-09-08 1078 2506.039 0 0
2020-09-09 1067 2504.857 -1.182 -0.047
2020-09-10 1067 2508.407 3.55 0.142
2020-09-11 1064 2521.509 13.102 0.52
2020-09-12 1070 2513.155 -8.354 -0.332
2020-09-13 1070 2513.155 0 0
2020-09-14 1078 2513.155 0 0
2020-09-15 1085 2521.808 8.653 0.343
2020-09-16 1090 2517.325 -4.483 -0.178
2020-09-17 1091 2512.561 -4.764 -0.19
2020-09-18 1089 2508.111 -4.45 -0.177
2020-09-19 1089 2519.116 11.005 0.437
2020-09-21 1071 2519.116 0 0
2020-09-22 1085 2494.268 -24.848 -0.996
2020-09-23 1083 2486.385 -7.883 -0.317
2020-09-24 1076 2479.709 -6.676 -0.269
2020-09-25 1081 2472.493 -7.216 -0.292
2020-09-26 1083 2467.897 -4.596 -0.186
2020-09-27 1083 2467.897 0 0
2020-09-28 1089 2467.897 0 0
2020-09-29 1085 2473.645 5.748 0.232
2020-09-30 1083 2491.927 18.282 0.734
2020-10-01 1088 2490.759 -1.168 -0.047
2020-10-03 1090 2488.424 -2.335 -0.094
2020-10-04 1090 2488.424 0 0
2020-10-05 1091 2488.424 0 0
2020-10-06 1085 2504.857 16.433 0.656
2020-10-07 1085 2504.857 0 0
2020-10-08 1102 2498.376 -6.481 -0.259
2020-10-09 1109 2495.441 -2.935 -0.118
2020-10-10 1102 2509.592 14.151 0.564
2020-10-11 1103 2509.592 0 0
2020-10-12 1107 2509.592 0 0
2020-10-13 1110 2509 -0.592 -0.024
2020-10-14 1108 2494.561 -14.439 -0.579
2020-10-16 1111 2485.222 -9.339 -0.376
2020-10-17 1111 2485.222 0 0
2020-10-18 1111 2485.222 0 0
2020-10-19 1108 2489.591 4.369 0.175
2020-10-20 1102 2502.791 13.2 0.527
2020-10-21 1093 2512.858 10.067 0.401
2020-10-22 1097 2522.407 9.549 0.379
2020-10-23 1098 2512.264 -10.143 -0.404
2020-10-24 1096 2514.048 1.784 0.071
2020-10-25 1095 2514.048 0 0
2020-10-26 1093 2514.048 0 0
2020-10-27 1093 2510.186 -3.862 -0.154
2020-10-28 1083 2513.453 3.267 0.13
2020-10-29 1092 2496.027 -17.426 -0.698
2020-10-30 1096 2476.24 -19.787 -0.799
2020-10-31 1098 2474.221 -2.019 -0.082
2020-11-01 1098 2474.221 0 0
2020-11-02 1102 2474.221 0 0
2020-11-03 1111 2471.63 -2.591 -0.105
2020-11-04 1110 2491.635 20.005 0.803
2020-11-05 1118 2486.968 -4.667 -0.188
2020-11-06 1110 2511.967 24.999 0.995
2020-11-07 1108 2522.407 10.44 0.414
2020-11-08 1108 2522.407 0 0
2020-11-09 1119 2522.407 0 0
2020-11-10 1120 2511.67 -10.737 -0.427
2020-11-11 1116 2510.779 -0.891 -0.035
2020-11-12 1125 2497.494 -13.285 -0.532
2020-11-13 1120 2508.703 11.209 0.447
2020-11-14 1115 2510.779 2.076 0.083
2020-11-15 1115 2510.779 0 0
2020-11-17 1123 2514.345 3.566 0.142
2020-11-18 1125 2522.407 8.062 0.32
2020-11-19 1128 2522.707 0.3 0.012
2020-11-20 1132 2514.941 -7.766 -0.309
2020-11-21 1131 2517.922 2.981 0.118
2020-11-22 1129 2517.922 0 0
2020-11-23 1134 2517.922 0 0
2020-11-24 1136 2510.482 -7.44 -0.296
2020-11-25 1124 2521.808 11.326 0.449
2020-11-26 1128 2527.81 6.002 0.237
2020-11-27 1132 2527.81 0 0
2020-11-28 1129 2538.08 10.27 0.405
2020-11-29 1129 2538.08 0 0
2020-11-30 1125 2538.08 0 0
2020-12-01 1128 2540.812 2.732 0.108
2020-12-02 1121 2555.792 14.98 0.586
2020-12-03 1125 2565.361 9.569 0.373
2020-12-04 1120 2582.83 17.469 0.676
2020-12-05 1120 2579.066 -3.764 -0.146
2020-12-06 1120 2579.066 0 0
2020-12-07 1122 2579.066 0 0
2020-12-08 1125 2577.189 -1.877 -0.073
2020-12-09 1131 2573.13 -4.059 -0.158
2020-12-10 1142 2566.291 -6.839 -0.266
2020-12-11 1128 2576.564 10.273 0.399
2020-12-12 1131 2571.884 -4.68 -0.182
2020-12-13 1131 2571.884 0 0
2020-12-14 1133 2571.884 0 0
2020-12-15 1132 2575.626 3.742 0.145
2020-12-16 1134 2575.626 0 0
2020-12-17 1135 2588.495 12.869 0.497
2020-12-18 1133 2600.856 12.361 0.475
2020-12-19 1135 2598.629 -2.227 -0.086
2020-12-20 1135 2598.629 0 0
2020-12-21 1133 2598.629 0 0
2020-12-22 1129 2594.185 -4.444 -0.171
2020-12-23 1151 2584.715 -9.47 -0.366
2020-12-24 1147 2588.495 3.78 0.146
2020-12-25 1150 2587.864 -0.631 -0.024
2020-12-26 1150 2587.864 0 0
2020-12-27 1149 2587.864 0 0
2020-12-28 1147 2587.864 0 0
2020-12-29 1142 2594.502 6.638 0.256
2020-12-31 1145 2612.692 18.19 0.696
2021-01-01 1149 2598.947 -13.745 -0.529
2021-01-02 1149 2598.947 0 0
2021-01-03 1149 2598.947 0 0
2021-01-04 1154 2598.947 0 0
2021-01-05 1157 2606.601 7.654 0.294
2021-01-06 1160 2607.561 0.96 0.037
2021-01-07 1163 2608.521 0.96 0.037
2021-01-08 1168 2604.044 -4.477 -0.172
2021-01-09 1168 2603.406 -0.638 -0.025
2021-01-10 1169 2603.406 0 0
2021-01-11 1164 2603.406 0 0
2021-01-12 1170 2580.947 -22.459 -0.87
2021-01-13 1173 2582.516 1.569 0.061
2021-01-14 1183 2583.144 0.628 0.024
2021-01-15 1178 2577.502 -5.642 -0.219
2021-01-16 1179 2568.463 -9.039 -0.352
2021-01-17 1179 2568.463 0 0
2021-01-18 1185 2568.463 0 0
2021-01-19 1186 2568.463 0 0
2021-01-20 1188 2575.939 7.476 0.29
2021-01-21 1188 2571.261 -4.678 -0.182
2021-01-22 1183 2580.947 9.686 0.375
2021-01-23 1178 2585.659 4.712 0.182
2021-01-24 1178 2585.659 0 0
2021-01-25 1176 2585.659 0 0
2021-01-26 1178 2576.564 -9.095 -0.353
2021-01-27 1165 2584.401 7.837 0.303
2021-01-28 1161 2568.153 -16.248 -0.633
2021-01-29 1157 2575.002 6.849 0.266
2021-01-30 1153 2580.633 5.631 0.218
2021-01-31 1153 2580.633 0 0
2021-02-01 1161 2580.633 0 0
2021-02-02 1173 2566.601 -14.032 -0.547
2021-02-03 1183 2554.87 -11.731 -0.459
2021-02-04 1183 2551.494 -3.376 -0.132
2021-02-05 1188 2544.465 -7.029 -0.276
2021-02-06 1186 2554.256 9.791 0.383
2021-02-07 1186 2554.256 0 0
2021-02-08 1194 2554.256 0 0
2021-02-09 1199 2559.18 4.924 0.192
2021-02-10 1199 2569.706 10.526 0.41
2021-02-11 1205 2576.564 6.858 0.266
2021-02-12 1202 2576.876 0.312 0.012
2021-02-13 1202 2574.066 -2.81 -0.109
2021-02-14 1202 2574.066 0 0
2021-02-15 1203 2574.066 0 0
2021-02-16 1203 2574.066 0 0
2021-02-17 1205 2574.066 0 0
2021-02-19 1200 2564.432 -9.634 -0.376
2021-02-20 1195 2575.939 11.507 0.447
2021-02-21 1195 2575.939 0 0
2021-02-22 1191 2575.939 0 0
2021-02-23 1187 2578.127 2.188 0.085
2021-02-24 1177 2582.83 4.703 0.182
2021-02-25 1177 2575.002 -7.828 -0.304
2021-02-26 1161 2596.405 21.403 0.824
2021-02-27 1165 2578.127 -18.278 -0.709
2021-02-28 1167 2578.127 0 0
2021-03-01 1177 2578.127 0 0
2021-03-02 1189 2559.796 -18.331 -0.716
2021-03-03 1191 2562.267 2.471 0.096
2021-03-04 1192 2564.742 2.475 0.097
2021-03-05 1183 2557.639 -7.103 -0.278
2021-03-06 1097 2777.861 220.222 7.928
2021-03-07 1102 2777.861 0 0
2021-03-08 1092 2777.861 0 0
2021-03-09 1094 2766.003 -11.858 -0.429
2021-03-11 1113 2774.887 8.884 0.32
2021-03-12 1108 2789.822 14.935 0.535
2021-03-13 1111 2784.493 -5.329 -0.191
2021-03-14 1112 2784.493 0 0
2021-03-15 1106 2784.493 0 0
2021-03-16 1111 2779.516 -4.977 -0.179
2021-03-18 1108 2776.869 -2.647 -0.095
2021-03-19 1108 2776.869 0 0
2021-03-20 1101 2777.861 0.992 0.036
2021-03-21 1101 2777.861 0 0
2021-03-22 1104 2777.861 0 0
2021-03-23 1100 2783.164 5.303 0.191
2021-03-24 1103 2769.286 -13.878 -0.501
2021-03-26 1113 2759.458 -9.828 -0.356
2021-03-27 1113 2751.646 -7.812 -0.284
2021-03-28 1113 2751.646 0 0
2021-03-29 1109 2751.646 0 0
2021-03-30 1108 2751.646 0 0
2021-03-31 1112 2735.511 -16.135 -0.59
2021-04-01 1119 2741.62 6.109 0.223
2021-04-02 1120 2743.232 1.612 0.059
2021-04-03 1120 2743.232 0 0
2021-04-04 1120 2743.232 0 0
2021-04-05 1121 2743.232 0 0
2021-04-06 1118 2751.97 8.738 0.318
2021-04-07 1113 2761.418 9.448 0.342
2021-04-08 1119 2761.418 0 0
2021-04-09 1158 2775.217 13.799 0.497
2021-04-10 1159 2773.237 -1.98 -0.071
2021-04-11 1159 2773.237 0 0
2021-04-12 1154 2773.237 0 0
2021-04-13 1151 2773.237 0 0
2021-04-14 1155 2781.837 8.6 0.309
2021-04-15 1158 2791.491 9.654 0.346
2021-04-16 1159 2792.159 0.668 0.024
2021-04-17 1161 2794.166 2.007 0.072
2021-04-18 1161 2794.166 0 0
2021-04-19 1161 2794.166 0 0
2021-04-20 1151 2803.57 9.404 0.335
2021-04-21 1149 2810.325 6.755 0.24
2021-04-22 1153 2805.593 -4.732 -0.169
2021-04-23 1162 2804.244 -1.349 -0.048
2021-04-24 1162 2804.244 0 0
2021-04-25 1159 2810.664 6.42 0.228
2021-04-26 1161 2810.664 0 0
2021-04-27 1162 2818.475 7.811 0.277
2021-04-28 1159 2818.135 -0.34 -0.012
2021-04-29 1159 2819.838 1.703 0.06
2021-04-30 1152 2825.303 5.465 0.193
2021-05-01 1159 2803.54 -21.763 -0.776
2021-05-02 1158 2803.54 0 0
2021-05-03 1157 2803.54 0 0
2021-05-04 1151 2817.262 13.722 0.487
2021-05-05 1161 2797.222 -20.04 -0.716
2021-05-06 1158 2794.723 -2.499 -0.089
2021-05-07 1151 2812.437 17.714 0.63
2021-05-08 1144 2839.223 26.786 0.943
2021-05-09 1144 2839.223 0 0
2021-05-10 1139 2839.223 0 0
2021-05-11 1141 2843.636 4.413 0.155
2021-05-12 1138 2832.975 -10.661 -0.376
2021-05-13 1143 2809.518 -23.457 -0.835
2021-05-14 1146 2811.333 1.815 0.065
2021-05-15 1141 2832.008 20.675 0.73
2021-05-16 1141 2832.008 0 0
2021-05-17 1143 2832.008 0 0
2021-05-18 1144 2841.682 9.674 0.34
2021-05-19 1140 2861.735 20.053 0.701
2021-05-20 1138 2857.531 -4.204 -0.147
2021-05-21 1127 2868.89 11.359 0.396
2021-05-22 1129 2865.084 -3.806 -0.133
2021-05-24 1135 2865.084 0 0
2021-05-25 1141 2865.084 0 0
2021-05-26 1135 2885.588 20.504 0.711
2021-05-27 1142 2879.669 -5.919 -0.206
2021-05-28 1143 2864.906 -14.763 -0.515
2021-05-29 1145 2862.145 -2.761 -0.096
2021-05-30 1146 2862.145 0 0
2021-05-31 1149 2862.145 0 0
2021-06-01 1151 2862.145 0 0
2021-06-02 1142 2879.056 16.911 0.587
2021-06-03 1144 2872.192 -6.864 -0.239
2021-06-04 1158 2852.642 -19.55 -0.685
2021-06-05 1153 2869.545 16.903 0.589
2021-06-06 1153 2869.545 0 0
2021-06-07 1153 2869.545 0 0
2021-06-08 1152 2876.669 7.124 0.248
2021-06-09 1151 2882.347 5.678 0.197
2021-06-10 1150 2885.23 2.883 0.1
2021-06-11 1157 2880.265 -4.965 -0.172
2021-06-12 1161 2864.815 -15.45 -0.539
2021-06-13 1161 2864.815 0 0
2021-06-14 1160 2864.815 0 0
2021-06-16 1147 2873.761 8.946 0.311
2021-06-17 1154 2871.452 -2.309 -0.08
2021-06-18 1172 2819.842 -51.61 -1.83
2021-06-19 1172 2819.842 0 0
2021-06-20 1181 2790.081 -29.761 -1.067
2021-06-21 1185 2790.081 0 0
2021-06-22 1180 2809.045 18.964 0.675
2021-06-23 1179 2804.755 -4.29 -0.153
2021-06-24 1179 2815.306 10.551 0.375
2021-06-25 1186 2810.345 -4.961 -0.177
2021-06-26 1186 2819.316 8.971 0.318
2021-06-27 1186 2819.316 0 0
2021-06-28 1193 2819.316 0 0
2021-06-29 1198 2813.93 -5.386 -0.191
2021-06-30 1189 2809.006 -4.924 -0.175
2021-07-01 1199 2788.357 -20.649 -0.741
2021-07-02 1191 2796.065 7.708 0.276
2021-07-03 1194 2790.918 -5.147 -0.184
2021-07-04 1194 2790.918 0 0
2021-07-05 1192 2790.918 0 0
2021-07-06 1188 2790.918 0 0
2021-07-07 1196 2783.395 -7.523 -0.27
2021-07-08 1196 2782.653 -0.742 -0.027
2021-07-09 1188 2794.708 12.055 0.431
2021-07-10 1191 2795.838 1.13 0.04
2021-07-11 1192 2795.838 0 0
2021-07-12 1196 2795.838 0 0
2021-07-13 1186 2799.704 3.866 0.138
2021-07-14 1192 2787.899 -11.805 -0.423
2021-07-15 1198 2783.808 -4.091 -0.147
2021-07-16 1190 2775.964 -7.844 -0.283
2021-07-17 1189 2778.801 2.837 0.102
2021-07-18 1189 2778.801 0 0
2021-07-19 1183 2778.801 0 0
2021-07-20 1180 2774.064 -4.737 -0.171
2021-07-21 1198 2765.446 -8.618 -0.312
2021-07-22 1189 2775.728 10.282 0.37
2021-07-23 1189 2763.889 -11.839 -0.428
2021-07-24 1191 2763.66 -0.229 -0.008
2021-07-25 1191 2763.66 0 0
2021-07-26 1190 2763.66 0 0
2021-07-27 1180 2770.597 6.937 0.25
2021-07-28 1168 2776.53 5.933 0.214
2021-07-29 1192 2767.68 -8.85 -0.32
2021-07-30 1180 2798.323 30.643 1.095
2021-07-31 1176 2799.025 0.702 0.025
2021-08-01 1176 2799.025 0 0
2021-08-02 1184 2799.025 0 0
2021-08-03 1181 2809.264 10.239 0.364
2021-08-04 1187 2799.292 -9.972 -0.356
2021-08-05 1194 2789.788 -9.504 -0.341
2021-08-06 1191 2785.82 -3.968 -0.142
2021-08-07 1203 2759.058 -26.762 -0.97
2021-08-08 1203 2759.058 0 0
2021-08-09 1206 2759.058 0 0
2021-08-10 1206 2756.399 -2.659 -0.096
2021-08-11 1212 2750.552 -5.847 -0.213
2021-08-13 1213 2751.897 1.345 0.049
2021-08-14 1199 2779.118 27.221 0.979
2021-08-15 1199 2779.118 0 0
2021-08-16 1197 2779.118 0 0
2021-08-17 1190 2779.118 0 0
2021-08-18 1198 2771.551 -7.567 -0.273
2021-08-19 1198 2765.243 -6.308 -0.228
2021-08-20 1193 2757.037 -8.206 -0.298
2021-08-21 1191 2757.749 0.712 0.026
2021-08-22 1191 2757.749 0 0
2021-08-23 1202 2757.749 0 0
2021-08-24 1207 2774.768 17.019 0.613
2021-08-25 1206 2778.897 4.129 0.149
2021-08-26 1207 2767.834 -11.063 -0.4
2021-08-27 1212 2768.466 0.632 0.023
2021-08-28 1211 2784.312 15.846 0.569
2021-08-29 1212 2784.312 0 0
2021-08-30 1217 2784.312 0 0
2021-08-31 1212 2789.156 4.844 0.174
