2023-04-06 1175 2674.988 0 0
2023-04-07 1173 2678.581 3.593 0.134
2023-04-08 1172 2678.581 0 0
2023-04-09 1171 2678.581 0 0
2023-04-10 1174 2675.549 -3.032 -0.113
2023-04-11 1159 2713.006 37.457 1.4
2023-04-12 1154 2725.915 12.909 0.476
2023-04-13 1157 2729.042 3.127 0.115
2023-04-14 1152 2736.71 7.668 0.281
2023-04-15 1154 2736.71 0 0
2023-04-16 1154 2736.71 0 0
2023-04-17 1143 2750.713 14.003 0.512
2023-04-18 1131 2763.39 12.677 0.461
2023-04-19 1128 2768.723 5.333 0.193
2023-04-20 1115 2778.093 9.37 0.338
2023-04-21 1119 2766.508 -11.585 -0.417
2023-04-22 1116 2767.964 1.456 0.053
2023-04-23 1116 2767.964 0 0
2023-04-24 1111 2786.497 18.533 0.67
2023-04-25 1096 2819.281 32.784 1.177
2023-04-26 1093 2813.874 -5.407 -0.192
2023-04-27 1078 2869.52 55.646 1.978
2023-04-28 1072 2891.387 21.867 0.762
2023-04-29 1072 2891.563 0.176 0.006
2023-05-01 1072 2891.563 0 0
2023-05-02 1062 2906.802 15.239 0.527
2023-05-03 1061 2909.387 2.585 0.089
2023-05-04 1051 2930.569 21.182 0.728
2023-05-06 1059 2911.39 -19.179 -0.654
2023-05-07 1059 2911.39 0 0
2023-05-08 1040 2970.612 59.222 2.034
2023-05-09 1031 2977.158 6.546 0.22
2023-05-10 1029 2980.068 2.91 0.098
2023-05-11 1031 2988.444 8.376 0.281
2023-05-12 1022 2981.7 -6.744 -0.226
2023-05-13 1023 2978.935 -2.765 -0.093
2023-05-14 1024 2978.935 0 0
2023-05-15 1036 2962.638 -16.297 -0.547
2023-05-16 1040 2950.621 -12.017 -0.406
2023-05-17 1045 2919.329 -31.292 -1.061
2023-05-19 1065 2885.911 -33.418 -1.145
2023-05-20 1067 2883.464 -2.447 -0.085
2023-05-21 1067 2883.464 0 0
2023-05-22 1056 2906.008 22.544 0.782
2023-05-23 1042 2939.433 33.425 1.15
2023-05-24 1020 2965.727 26.294 0.895
2023-05-25 1004 2986.684 20.957 0.707
2023-05-26 998 3007.672 20.988 0.703
2023-05-27 996 3013.77 6.098 0.203
2023-05-28 996 3013.77 0 0
2023-05-29 987 3040.739 26.969 0.895
2023-05-30 990 3033.003 -7.736 -0.254
2023-05-31 985 3041.063 8.06 0.266
