2019-11-07 1420 1764.209 0 0
2020-01-19 1410 1845.146 80.937 4.588
2020-02-07 1412 1816.683 -28.463 -1.543
2020-02-15 1409 1828.334 11.651 0.641
2020-02-16 1410 1828.334 0 0
2020-02-17 1410 1826.992 -1.342 -0.073
2020-02-18 1405 1826.992 0 0
2020-02-19 1409 1831.504 4.512 0.247
2020-02-20 1409 1837.31 5.806 0.317
2020-02-21 1398 1843.724 6.414 0.349
2020-02-22 1395 1860.184 16.46 0.893
2020-02-23 1394 1860.184 0 0
2020-02-24 1391 1860.184 0 0
2020-02-25 1395 1837.642 -22.542 -1.212
2020-02-26 1391 1832.301 -5.341 -0.291
2020-02-27 1598 1539.61 -292.691 -15.974
2020-02-28 1572 1542.76 3.15 0.205
2020-02-29 1574 1532.13 -10.63 -0.689
2020-03-01 1560 1559.304 27.174 1.774
2020-03-02 1573 1559.304 0 0
2020-03-03 1555 1585.718 26.414 1.694
2020-03-04 1547 1600.199 14.481 0.913
2020-03-05 1551 1594.135 -6.064 -0.379
2020-03-06 1546 1585.032 -9.103 -0.571
2020-03-07 1528 1599.343 14.311 0.903
2020-03-08 1524 1599.343 0 0
2020-03-09 1510 1599.343 0 0
2020-03-10 1486 1600.684 1.341 0.084
2020-03-11 1481 1582.635 -18.049 -1.128
2020-03-12 1460 1565.145 -17.49 -1.105
2020-03-13 1505 1499.17 -65.975 -4.215
2020-03-14 1512 1492.229 -6.941 -0.463
2020-03-15 1512 1492.229 0 0
2020-03-16 1472 1492.229 0 0
2020-03-17 1486 1472.421 -19.808 -1.327
2020-03-18 1478 1445.037 -27.384 -1.86
2020-03-19 1492 1414.58 -30.457 -2.108
2020-03-20 1520 1398.221 -16.359 -1.156
2020-03-21 1505 1412.594 14.373 1.028
2020-03-22 1506 1412.594 0 0
2020-03-23 1480 1412.594 0 0
2020-03-24 1468 1416.606 4.012 0.284
2020-03-25 1487 1441.54 24.934 1.76
2020-03-26 1499 1455.495 13.955 0.968
2020-03-27 1488 1490.616 35.121 2.413
2020-03-28 1483 1484.779 -5.837 -0.392
2020-03-29 1483 1484.779 0 0
2020-03-30 1483 1484.779 0 0
2020-03-31 1485 1488.195 3.416 0.23
