2020-01-19 1243 2116.265 0 0
2020-02-07 1215 2140.372 24.107 1.126
2020-02-15 1229 2132.031 -8.341 -0.391
2020-02-16 1230 2132.031 0 0
2020-02-17 1238 2123.016 -9.015 -0.425
2020-02-18 1232 2123.016 0 0
2020-02-19 1236 2115.784 -7.232 -0.342
2020-02-20 1235 2118.123 2.339 0.11
2020-02-21 1239 2110.322 -7.801 -0.37
2020-02-22 1227 2124.348 14.026 0.66
2020-02-23 1226 2124.348 0 0
2020-02-24 1221 2124.348 0 0
2020-02-25 1254 2054.119 -70.229 -3.419
2020-02-26 1258 2026.52 -27.599 -1.362
2020-02-27 1252 2022.925 -3.595 -0.178
2020-02-28 1265 1990.648 -32.277 -1.621
2020-02-29 1306 1916.306 -74.342 -3.879
2020-03-01 1309 1916.306 0 0
2020-03-02 1325 1916.306 0 0
2020-03-03 1280 1991.939 75.633 3.797
2020-03-04 1249 2045.524 53.585 2.62
2020-03-05 1242 2059.504 13.98 0.679
2020-03-06 1227 2051.573 -7.931 -0.387
