2022-04-05 175 12082.347 0 0
2022-04-06 178 11833.507 -248.84 -2.06
2022-04-07 178 11674.841 -158.666 -1.341
2022-04-08 173 12029.072 354.231 3.034
2022-04-09 174 12029.261 0.189 0.002
2022-04-10 174 12029.261 0 0
2022-04-11 177 11586.466 -442.795 -3.681
2022-04-12 177 11699.837 113.371 0.978
2022-04-13 178 11615.545 -84.292 -0.72
2022-04-14 167 12100.291 484.746 4.173
2022-04-15 181 11394.247 -706.044 -5.835
2022-04-16 181 11394.247 0 0
2022-04-17 181 11394.247 0 0
2022-04-18 180 11431.106 36.859 0.323
2022-04-19 181 11212.611 -218.495 -1.911
2022-04-20 180 11305.439 92.828 0.828
2022-04-21 181 10934.339 -371.1 -3.282
2022-04-22 178 11075.844 141.505 1.294
2022-04-23 178 11012.675 -63.169 -0.57
2022-04-24 178 11012.675 0 0
2022-04-25 181 10779.769 -232.906 -2.115
2022-04-26 193 10048.069 -731.7 -6.788
2022-04-27 182 10652.429 604.36 6.015
2022-04-28 182 10830.316 177.887 1.67
2022-04-29 181 10764.676 -65.64 -0.606
2022-04-30 180 10805.858 41.182 0.383
