2019-11-07 1201 2100 0 0
2020-01-19 1251 2100 0 0
2020-02-07 1236 2100 0 0
2020-02-15 793 3192 1092 52
2020-02-16 793 3192 0 0
2020-02-17 790 3192 0 0
2020-02-18 790 3192 0 0
2020-02-19 796 3192 0 0
2020-02-20 794 3192 0 0
2020-02-21 790 3192 0 0
2020-02-22 788 3192 0 0
2020-02-23 788 3192 0 0
2020-02-24 777 3192 0 0
2020-02-25 767 3192 0 0
2020-02-26 763 3192 0 0
2020-02-27 747 3192 0 0
2020-02-28 746 3192 0 0
2020-02-29 748 3192 0 0
2020-03-01 749 3192 0 0
2020-03-02 748 3192 0 0
2020-03-03 758 3192 0 0
2020-03-04 759 3192 0 0
2020-03-05 762 3192 0 0
2020-03-06 751 3192 0 0
2020-03-07 750 3192 0 0
2020-03-08 751 3192 0 0
2020-03-09 731 3192 0 0
2020-03-10 728 3192 0 0
2020-03-11 724 3192 0 0
2020-03-12 702 3192 0 0
2020-03-13 680 3192 0 0
2020-03-14 686 3192 0 0
2020-03-15 686 3192 0 0
2020-03-16 664 3192 0 0
2020-03-17 641 3192 0 0
2020-03-18 642 3192 0 0
2020-03-19 639 3192 0 0
2020-03-20 642 3192 0 0
2020-03-21 636 3192 0 0
2020-03-22 636 3192 0 0
2020-03-23 626 3192 0 0
2020-03-24 617 3192 0 0
2020-03-25 639 3192 0 0
2020-03-26 658 3192 0 0
2020-03-27 675 3192 0 0
2020-03-28 671 3192 0 0
2020-03-29 671 3192 0 0
2020-03-30 671 3192 0 0
2020-03-31 671 3192 0 0
2020-04-01 675 3192 0 0
2020-04-02 658 3192 0 0
2020-04-03 656 3192 0 0
2020-04-04 656 3192 0 0
2020-04-05 656 3192 0 0
2020-04-06 656 3192 0 0
2020-04-07 673 3192 0 0
2020-04-08 692 3192 0 0
2020-04-09 701 3192 0 0
2020-04-10 709 3192 0 0
2020-04-11 709 3192 0 0
2020-04-12 709 3192 0 0
2020-04-13 704 3192 0 0
2020-04-14 705 3192 0 0
2020-04-15 707 3192 0 0
2020-04-16 704 3192 0 0
2020-04-17 708 3192 0 0
2020-04-18 714 3192 0 0
2020-04-19 714 3192 0 0
2020-04-20 714 3192 0 0
2020-04-21 701 3192 0 0
2020-04-23 707 3192 0 0
2020-04-24 708 3192 0 0
2020-04-25 708 3192 0 0
2020-04-26 708 3192 0 0
2020-04-27 715 3192 0 0
2020-04-28 719 3192 0 0
2020-04-29 725 3192 0 0
2020-04-30 726 3192 0 0
2020-05-01 723 3192 0 0
2020-05-02 717 3192 0 0
2020-05-03 717 3192 0 0
2020-05-04 717 3192 0 0
2020-05-05 719 3192 0 0
2020-05-06 720 3192 0 0
2020-05-07 721 3192 0 0
2020-05-08 720 3192 0 0
2020-05-09 727 3192 0 0
2020-05-10 727 3192 0 0
2020-05-11 730 3192 0 0
2020-05-12 721 3192 0 0
2020-05-13 722 3192 0 0
2020-05-14 717 3192 0 0
2020-05-15 717 3192 0 0
2020-05-16 716 3192 0 0
2020-05-17 716 3192 0 0
2020-05-18 723 3192 0 0
2020-05-19 729 3192 0 0
2020-05-20 732 3192 0 0
2020-05-21 731 3192 0 0
2020-05-23 725 3192 0 0
2020-05-24 725 3192 0 0
2020-05-25 725 3192 0 0
2020-05-26 730 3192 0 0
2020-05-27 737 3192 0 0
2020-05-28 737 3192 0 0
2020-05-29 743 3192 0 0
2020-05-30 744 3192 0 0
2020-05-31 744 3192 0 0
2020-06-01 749 3192 0 0
2020-06-02 752 3192 0 0
2020-06-03 758 3192 0 0
2020-06-04 761 3192 0 0
2020-06-05 769 3192 0 0
2020-06-06 774 3192 0 0
2020-06-07 774 3192 0 0
2020-06-08 775 3192 0 0
2020-06-09 783 3192 0 0
2020-06-10 780 3192 0 0
2020-06-11 769 3192 0 0
2020-06-12 766 3192 0 0
2020-06-13 761 3192 0 0
2020-06-14 761 3192 0 0
2020-06-15 759 3192 0 0
2020-06-16 768 3192 0 0
2020-06-17 771 3192 0 0
2020-06-18 775 3192 0 0
2020-06-19 775 3192 0 0
2020-06-20 774 3192 0 0
2020-06-21 774 3192 0 0
2020-06-22 772 3192 0 0
2020-06-23 777 3192 0 0
2020-06-24 777 3192 0 0
2020-06-25 776 3192 0 0
2020-06-26 773 3192 0 0
2020-06-27 772 3192 0 0
2020-06-28 772 3192 0 0
2020-06-29 772 3192 0 0
2020-06-30 772 3192 0 0
2020-07-01 781 3192 0 0
2020-07-07 793 3192 0 0
2020-07-08 798 3192 0 0
2020-07-09 795 3192 0 0
2020-07-10 791 3192 0 0
2020-07-11 793 3192 0 0
2020-07-12 793 3192 0 0
2020-07-13 794 3192 0 0
2020-07-14 797 3192 0 0
2020-07-15 797 3192 0 0
2020-07-16 794 3192 0 0
2020-07-17 797 3192 0 0
2020-07-18 797 3192 0 0
2020-07-20 801 3192 0 0
2020-07-21 805 3192 0 0
2020-07-22 812 3192 0 0
2020-07-23 810 3192 0 0
2020-07-24 798 3192 0 0
2020-07-25 793 3192 0 0
2020-07-26 789 3192 0 0
2020-07-27 791 3192 0 0
2020-07-28 795 3192 0 0
2020-07-29 799 3192 0 0
2020-07-30 805 3192 0 0
2020-07-31 806 3192 0 0
2020-08-04 811 3192 0 0
2020-08-05 814 3192 0 0
2020-08-06 825 3192 0 0
2020-08-07 818 3192 0 0
2020-08-08 814 3192 0 0
2020-08-09 814 3192 0 0
2020-08-10 819 3192 0 0
2020-08-12 818 3192 0 0
2020-08-13 818 3192 0 0
2020-08-14 819 3192 0 0
2020-08-15 818 3192 0 0
2020-08-16 818 3192 0 0
2020-08-17 821 3192 0 0
2020-08-18 827 3192 0 0
2020-08-19 825 3192 0 0
2020-08-20 820 3192 0 0
2020-08-21 822 3192 0 0
2020-08-22 822 3192 0 0
2020-08-23 822 3192 0 0
2020-08-24 826 3192 0 0
2020-08-25 829 3192 0 0
2020-08-26 830 3192 0 0
2020-08-27 830 3192 0 0
2020-08-28 834 3192 0 0
2020-08-29 837 3192 0 0
2020-08-30 837 3192 0 0
2020-08-31 836 3192 0 0
2020-09-01 839 3192 0 0
2020-09-02 843 3192 0 0
2020-09-03 842 3192 0 0
2020-09-04 837 3192 0 0
2020-09-05 836 3192 0 0
2020-09-06 836 3192 0 0
2020-09-07 837 3192 0 0
2020-09-09 826 3192 0 0
2020-09-10 824 3192 0 0
2020-09-11 824 3192 0 0
2020-09-12 822 3192 0 0
2020-09-13 823 3192 0 0
2020-09-14 828 3192 0 0
2020-09-15 829 3192 0 0
2020-09-16 834 3192 0 0
2020-09-17 831 3192 0 0
2020-09-18 831 3192 0 0
2020-09-19 831 3192 0 0
2020-09-21 827 3192 0 0
2020-09-22 822 3192 0 0
2020-09-23 816 3192 0 0
2020-09-24 810 3192 0 0
2020-09-25 812 3192 0 0
2020-09-26 811 3192 0 0
2020-09-27 811 3192 0 0
2020-09-28 815 3192 0 0
2020-09-29 818 3192 0 0
2020-09-30 819 3192 0 0
2020-10-01 825 3192 0 0
2020-10-03 824 3192 0 0
2020-10-04 824 3192 0 0
2020-10-05 827 3192 0 0
2020-10-06 833 3192 0 0
2020-10-07 833 3192 0 0
2020-10-08 835 3192 0 0
2020-10-09 839 3192 0 0
2020-10-10 841 3192 0 0
2020-10-11 842 3192 0 0
2020-10-12 843 3192 0 0
2020-10-13 843 3192 0 0
2020-10-14 838 3192 0 0
2020-10-16 834 3192 0 0
2020-10-17 834 3192 0 0
2020-10-18 834 3192 0 0
2020-10-19 837 3192 0 0
2020-10-20 844 3192 0 0
2020-10-21 840 3192 0 0
2020-10-22 843 3192 0 0
2020-10-23 840 3192 0 0
2020-10-24 840 3192 0 0
2020-10-25 839 3192 0 0
2020-10-26 832 3192 0 0
2020-10-27 839 3192 0 0
2020-10-28 834 3192 0 0
2020-10-29 830 3192 0 0
2020-10-30 817 3192 0 0
2020-10-31 817 3192 0 0
2020-11-01 817 3192 0 0
2020-11-02 823 3192 0 0
2020-11-03 829 3192 0 0
2020-11-04 842 3192 0 0
2020-11-05 844 3192 0 0
2020-11-06 855 3192 0 0
2020-11-07 856 3192 0 0
2020-11-08 856 3192 0 0
2020-11-09 862 3192 0 0
2020-11-10 868 3192 0 0
2020-11-12 864 3192 0 0
2020-11-13 865 3192 0 0
2020-11-14 862 3192 0 0
2020-11-15 862 3192 0 0
2020-11-17 865 3192 0 0
2020-11-18 865 3192 0 0
2020-11-19 869 3192 0 0
2020-11-20 868 3192 0 0
2020-11-21 869 3192 0 0
2020-11-22 868 3192 0 0
2020-11-23 874 3192 0 0
2020-11-24 870 3192 0 0
2020-11-25 869 3192 0 0
2020-11-26 873 3192 0 0
2020-11-27 877 3192 0 0
2020-11-28 877 3192 0 0
2020-11-30 871 3192 0 0
2020-12-01 875 3192 0 0
2020-12-02 876 3192 0 0
2020-12-03 879 3192 0 0
2020-12-04 882 3192 0 0
2020-12-05 885 3192 0 0
2020-12-06 885 3192 0 0
2020-12-07 886 3192 0 0
2020-12-08 884 3192 0 0
2020-12-09 892 3192 0 0
2020-12-10 889 3192 0 0
2020-12-11 890 3192 0 0
2020-12-12 890 3192 0 0
2020-12-13 890 3192 0 0
2020-12-14 890 3192 0 0
2020-12-15 896 3192 0 0
2020-12-16 901 3192 0 0
2020-12-17 902 3192 0 0
2020-12-18 905 3192 0 0
2020-12-19 905 3192 0 0
2020-12-20 905 3192 0 0
2020-12-21 906 3192 0 0
2020-12-22 906 3192 0 0
2020-12-23 908 3192 0 0
2020-12-24 909 3192 0 0
2020-12-25 912 3192 0 0
2020-12-26 912 3192 0 0
2020-12-27 912 3192 0 0
2020-12-28 909 3192 0 0
2020-12-29 908 3192 0 0
2020-12-31 917 3192 0 0
2021-01-01 917 3192 0 0
2021-01-02 917 3192 0 0
2021-01-03 917 3192 0 0
2021-01-04 920 3192 0 0
2021-01-05 924 3192 0 0
2021-01-06 927 3192 0 0
2021-01-07 931 3192 0 0
2021-01-08 935 3192 0 0
2021-01-09 933 3192 0 0
2021-01-10 933 3192 0 0
2021-01-11 929 3192 0 0
2021-01-12 932 3192 0 0
2021-01-13 930 3192 0 0
2021-01-14 933 3192 0 0
2021-01-15 931 3192 0 0
2021-01-16 928 3192 0 0
2021-01-17 928 3192 0 0
2021-01-18 930 3192 0 0
2021-01-19 932 3192 0 0
2021-01-20 941 3192 0 0
2021-01-21 938 3192 0 0
2021-01-22 938 3192 0 0
2021-01-23 936 3192 0 0
2021-01-24 936 3192 0 0
2021-01-25 934 3192 0 0
2021-01-26 932 3192 0 0
2021-01-27 926 3192 0 0
2021-01-28 923 3192 0 0
2021-01-29 916 3192 0 0
2021-01-30 915 3192 0 0
2021-01-31 915 3192 0 0
2021-02-01 922 3192 0 0
2021-02-02 925 3192 0 0
2021-02-03 933 3192 0 0
2021-02-04 930 3192 0 0
2021-02-05 931 3192 0 0
2021-02-06 933 3192 0 0
2021-02-07 933 3192 0 0
2021-02-08 939 3192 0 0
2021-02-09 944 3192 0 0
2021-02-10 943 3192 0 0
2021-02-11 944 3192 0 0
2021-02-12 948 3192 0 0
2021-02-13 948 3192 0 0
2021-02-14 947 3192 0 0
2021-02-15 953 3192 0 0
2021-02-16 950 3192 0 0
2021-02-17 947 3192 0 0
2021-02-18 944 3192 0 0
2021-02-19 947 3192 0 0
2021-02-20 952 3192 0 0
2021-02-21 950 3192 0 0
2021-02-22 948 3192 0 0
2021-02-23 950 3192 0 0
2021-02-24 941 3192 0 0
2021-02-25 938 3192 0 0
2021-02-26 927 3192 0 0
2021-02-27 928 3192 0 0
2021-02-28 929 3192 0 0
2021-03-01 939 3192 0 0
2021-03-02 942 3192 0 0
2021-03-03 930 3234 42 1.316
2021-03-04 931 3234 0 0
2021-03-05 923 3234 0 0
2021-03-06 924 3234 0 0
2021-03-07 928 3234 0 0
2021-03-08 921 3234 0 0
2021-03-09 920 3234 0 0
2021-03-11 941 3234 0 0
2021-03-12 944 3234 0 0
2021-03-13 945 3234 0 0
2021-03-14 946 3234 0 0
2021-03-15 944 3234 0 0
2021-03-16 945 3234 0 0
2021-03-18 941 3234 0 0
2021-03-19 941 3234 0 0
2021-03-20 940 3234 0 0
2021-03-21 940 3234 0 0
2021-03-22 940 3234 0 0
2021-03-23 237 9540 6306 194.991
2021-03-24 236 9540 0 0
2021-03-25 235 9540 0 0
2021-03-26 240 9540 0 0
2021-03-27 240 9540 0 0
2021-03-28 240 9540 0 0
2021-03-29 236 9540 0 0
2021-03-30 236 9540 0 0
2021-03-31 238 9540 0 0
2021-04-01 239 9540 0 0
2021-04-02 240 9540 0 0
2021-04-03 240 9540 0 0
2021-04-04 240 9540 0 0
2021-04-05 240 9540 0 0
2021-04-06 240 9540 0 0
2021-04-07 239 9540 0 0
2021-04-08 241 9540 0 0
2021-04-09 243 9540 0 0
2021-04-10 243 9540 0 0
2021-04-11 243 9540 0 0
2021-04-12 241 9540 0 0
2021-04-13 242 9540 0 0
2021-04-14 242 9540 0 0
2021-04-15 247 9540 0 0
2021-04-16 248 9540 0 0
2021-04-17 249 9540 0 0
2021-04-18 249 9540 0 0
2021-04-19 249 9540 0 0
2021-04-20 249 9540 0 0
2021-04-21 250 9540 0 0
2021-04-22 246 9540 0 0
2021-04-23 250 9540 0 0
2021-04-24 250 9540 0 0
2021-04-25 250 9540 0 0
2021-04-26 249 9540 0 0
2021-04-27 250 9540 0 0
2021-04-28 251 9540 0 0
2021-04-29 250 9540 0 0
2021-04-30 251 9540 0 0
2021-05-01 251 9540 0 0
2021-05-02 251 9540 0 0
2021-05-03 252 9540 0 0
2021-05-04 251 9540 0 0
2021-05-05 253 9540 0 0
2021-05-06 248 9540 0 0
2021-05-07 250 9540 0 0
2021-05-08 250 9540 0 0
2021-05-09 250 9540 0 0
2021-05-10 248 9540 0 0
2021-05-11 249 9540 0 0
2021-05-12 246 9540 0 0
2021-05-13 242 9540 0 0
2021-05-14 246 9540 0 0
2021-05-15 249 9540 0 0
2021-05-16 249 9540 0 0
2021-05-17 247 9540 0 0
2021-05-18 249 9540 0 0
2021-05-19 250 9540 0 0
2021-05-20 250 9540 0 0
2021-05-21 251 9540 0 0
2021-05-22 253 9540 0 0
2021-05-23 253 9540 0 0
2021-05-24 251 9540 0 0
2021-05-25 254 9540 0 0
2021-05-26 255 9540 0 0
2021-05-27 259 9540 0 0
2021-05-28 259 9540 0 0
2021-05-29 258 9540 0 0
2021-05-30 258 9540 0 0
2021-05-31 260 9540 0 0
2021-06-01 260 9540 0 0
2021-06-02 257 9540 0 0
2021-06-03 258 9540 0 0
2021-06-04 258 9540 0 0
2021-06-05 258 9540 0 0
2021-06-06 258 9540 0 0
2021-06-07 257 9540 0 0
2021-06-08 258 9540 0 0
2021-06-09 259 9540 0 0
2021-06-10 259 9540 0 0
2021-06-11 262 9540 0 0
2021-06-12 262 9540 0 0
2021-06-13 262 9540 0 0
2021-06-14 261 9540 0 0
2021-06-16 257 9540 0 0
2021-06-17 255 9540 0 0
2021-06-18 253 9540 0 0
2021-06-19 253 9540 0 0
2021-06-20 251 9540 0 0
2021-06-21 251 9540 0 0
2021-06-22 252 9540 0 0
2021-06-23 251 9540 0 0
2021-06-24 253 9540 0 0
2021-06-25 255 9540 0 0
2021-06-26 260 9540 0 0
2021-06-27 260 9540 0 0
2021-06-28 259 9540 0 0
2021-06-29 256 9540 0 0
2021-06-30 255 9540 0 0
2021-07-01 255 9540 0 0
2021-07-02 253 9540 0 0
2021-07-03 255 9540 0 0
2021-07-04 255 9540 0 0
2021-07-05 254 9540 0 0
2021-07-06 255 9540 0 0
2021-07-07 255 9540 0 0
2021-07-08 253 9540 0 0
2021-07-09 252 9540 0 0
2021-07-10 252 9540 0 0
2021-07-11 252 9540 0 0
2021-07-12 256 9540 0 0
2021-07-13 257 9540 0 0
2021-07-14 256 9540 0 0
2021-07-15 258 9540 0 0
2021-07-16 250 9540 0 0
2021-07-17 249 9540 0 0
2021-07-18 249 9540 0 0
2021-07-19 249 9540 0 0
2021-07-20 250 9540 0 0
2021-07-21 258 9540 0 0
2021-07-22 262 9540 0 0
2021-07-23 259 9540 0 0
2021-07-24 259 9540 0 0
2021-07-25 259 9540 0 0
2021-07-26 255 9540 0 0
2021-07-27 249 9540 0 0
2021-07-28 248 9540 0 0
2021-07-29 252 9540 0 0
2021-07-30 252 9540 0 0
2021-07-31 251 9540 0 0
2021-08-01 251 9540 0 0
2021-08-02 251 9540 0 0
2021-08-03 251 9540 0 0
2021-08-04 260 9540 0 0
2021-08-05 258 9540 0 0
2021-08-06 260 9540 0 0
2021-08-07 260 9540 0 0
2021-08-08 260 9540 0 0
2021-08-09 261 9540 0 0
2021-08-10 261 9540 0 0
2021-08-11 258 9540 0 0
2021-08-13 255 9540 0 0
2021-08-14 259 9540 0 0
2021-08-15 259 9540 0 0
2021-08-16 254 9540 0 0
2021-08-17 253 9540 0 0
2021-08-18 253 9540 0 0
2021-08-19 253 9540 0 0
2021-08-20 248 9540 0 0
2021-08-21 248 9540 0 0
2021-08-22 248 9540 0 0
2021-08-23 251 9540 0 0
2021-08-24 257 9540 0 0
2021-08-25 260 9540 0 0
2021-08-26 259 9540 0 0
2021-08-27 260 9540 0 0
2021-08-28 260 9540 0 0
2021-08-29 260 9540 0 0
2021-08-30 264 9540 0 0
2021-08-31 266 9540 0 0
2021-09-01 266 9540 0 0
2021-09-02 268 9540 0 0
2021-09-03 265 9540 0 0
2021-09-04 267 9540 0 0
2021-09-05 268 9540 0 0
2021-09-06 270 9540 0 0
2021-09-07 271 9540 0 0
2021-09-08 269 9540 0 0
2021-09-09 267 9540 0 0
2021-09-10 268 9540 0 0
2021-09-11 268 9540 0 0
2021-09-12 268 9540 0 0
2021-09-13 262 9540 0 0
2021-09-14 264 9540 0 0
2021-09-15 263 9540 0 0
2021-09-16 262 9540 0 0
2021-09-17 260 9540 0 0
2021-09-18 260 9540 0 0
2021-09-19 260 9540 0 0
2021-09-20 259 9540 0 0
2021-09-21 258 9540 0 0
2021-09-22 258 9540 0 0
2021-09-23 259 9540 0 0
2021-09-24 260 9540 0 0
2021-09-25 260 9540 0 0
2021-09-26 260 9540 0 0
2021-09-27 256 9540 0 0
2021-09-28 251 9540 0 0
2021-09-29 248 9540 0 0
2021-09-30 247 9540 0 0
2021-10-01 247 9540 0 0
2021-10-02 247 9540 0 0
2021-10-03 247 9540 0 0
2021-10-04 248 9540 0 0
2021-10-05 253 9540 0 0
2021-10-06 250 9540 0 0
2021-10-07 250 9540 0 0
2021-10-08 254 9540 0 0
2021-10-09 254 9540 0 0
2021-10-10 254 9540 0 0
2021-10-11 253 9540 0 0
2021-10-12 252 9540 0 0
2021-10-13 255 9540 0 0
2021-10-14 254 9540 0 0
2021-10-15 258 9540 0 0
2021-10-16 261 9540 0 0
2021-10-17 261 9540 0 0
2021-10-18 263 9540 0 0
2021-10-19 268 9540 0 0
2021-10-20 269 9540 0 0
2021-10-21 269 9540 0 0
2021-10-22 269 9540 0 0
2021-10-23 269 9540 0 0
2021-10-25 268 9540 0 0
2021-10-26 268 9540 0 0
2021-10-27 266 9540 0 0
2021-10-28 268 9540 0 0
2021-10-29 266 9540 0 0
2021-10-30 266 9540 0 0
2021-10-31 266 9540 0 0
2021-11-01 263 9540 0 0
2021-11-02 262 9540 0 0
2021-11-03 264 9540 0 0
2021-11-04 266 9540 0 0
2021-11-05 262 9540 0 0
2021-11-06 262 9540 0 0
2021-11-07 262 9540 0 0
2021-11-08 261 9540 0 0
2021-11-09 263 9540 0 0
2021-11-10 265 9540 0 0
2021-11-11 265 9540 0 0
2021-11-12 265 9540 0 0
2021-11-13 264 9540 0 0
2021-11-14 264 9540 0 0
2021-11-15 265 9540 0 0
2021-11-16 267 9540 0 0
2021-11-17 267 9540 0 0
2021-11-18 266 9540 0 0
2021-11-19 268 9540 0 0
2021-11-20 266 9540 0 0
2021-11-21 266 9540 0 0
2021-11-22 262 9540 0 0
2021-11-23 258 9540 0 0
2021-11-24 255 9540 0 0
2021-11-25 255 9540 0 0
2021-11-26 253 9540 0 0
2021-11-27 254 9540 0 0
2021-11-28 254 9540 0 0
2021-11-29 253 9540 0 0
2021-11-30 250 9540 0 0
2021-12-01 250 9540 0 0
2021-12-02 253 9540 0 0
2021-12-03 251 9540 0 0
2021-12-04 251 9540 0 0
2021-12-05 251 9540 0 0
2021-12-06 246 9540 0 0
2021-12-07 250 9540 0 0
2021-12-08 252 9540 0 0
2021-12-09 254 9540 0 0
2021-12-10 255 9540 0 0
2021-12-11 254 9540 0 0
2021-12-12 254 9540 0 0
2021-12-13 253 9540 0 0
2021-12-14 251 9540 0 0
2021-12-15 250 9540 0 0
2021-12-16 248 9540 0 0
2021-12-17 247 9540 0 0
2021-12-18 247 9540 0 0
2021-12-19 247 9540 0 0
2021-12-20 242 9540 0 0
2021-12-21 244 9540 0 0
2021-12-22 245 9540 0 0
2021-12-23 249 9540 0 0
2021-12-24 246 9540 0 0
2021-12-25 247 9540 0 0
2021-12-26 247 9540 0 0
2021-12-27 247 9540 0 0
2021-12-28 244 9540 0 0
2021-12-29 243 9540 0 0
2021-12-30 247 9540 0 0
2021-12-31 247 9540 0 0
2022-01-02 249 9540 0 0
2022-01-03 250 9540 0 0
2022-01-04 252 9540 0 0
2022-01-05 244 9540 0 0
2022-01-06 240 9540 0 0
2022-01-07 238 9540 0 0
2022-01-08 239 9540 0 0
2022-01-09 239 9540 0 0
2022-01-10 237 9540 0 0
2022-01-11 238 9540 0 0
2022-01-12 240 9540 0 0
2022-01-13 238 9540 0 0
2022-01-14 236 9540 0 0
2022-01-15 237 9540 0 0
2022-01-16 237 9540 0 0
2022-01-17 237 9540 0 0
2022-01-18 235 9540 0 0
2022-01-19 234 9540 0 0
2022-01-20 236 9540 0 0
2022-01-22 232 9540 0 0
2022-01-23 232 9540 0 0
2022-01-24 231 9540 0 0
2022-01-25 226 9540 0 0
2022-01-26 227 9540 0 0
2022-01-27 222 9540 0 0
2022-01-28 225 9540 0 0
2022-01-29 224 9540 0 0
2022-01-30 224 9540 0 0
2022-01-31 225 9540 0 0
2022-02-01 227 9540 0 0
2022-02-02 229 9540 0 0
2022-02-03 231 9540 0 0
2022-02-04 230 9540 0 0
2022-02-05 229 9540 0 0
2022-02-06 229 9540 0 0
2022-02-07 230 9540 0 0
2022-02-08 229 9540 0 0
2022-02-09 235 9540 0 0
2022-02-10 229 9540 0 0
2022-02-11 230 9540 0 0
2022-02-12 227 9540 0 0
2022-02-13 228 9540 0 0
2022-02-14 227 9540 0 0
2022-02-15 228 9540 0 0
2022-02-16 232 9540 0 0
2022-02-17 233 9540 0 0
2022-02-18 227 9540 0 0
2022-02-19 228 9540 0 0
2022-02-20 228 9540 0 0
2022-02-21 228 9540 0 0
2022-02-22 227 9540 0 0
2022-02-23 226 9540 0 0
2022-02-24 225 9540 0 0
2022-02-25 225 9540 0 0
2022-02-26 225 9540 0 0
2022-02-27 225 9540 0 0
2022-02-28 225 9540 0 0
2022-03-01 222 9540 0 0
2022-03-02 221 9540 0 0
2022-03-03 216 9540 0 0
2022-03-04 216 9540 0 0
2022-03-05 214 9540 0 0
2022-03-06 214 9540 0 0
2022-03-07 210 9540 0 0
2022-03-08 210 9540 0 0
2022-03-09 209 9540 0 0
2022-03-10 215 9540 0 0
2022-03-11 211 9540 0 0
2022-03-12 211 9540 0 0
2022-03-13 211 9540 0 0
2022-03-14 204 9540 0 0
2022-03-15 206 9540 0 0
2022-03-16 211 9540 0 0
2022-03-17 216 9540 0 0
2022-03-18 216 9540 0 0
2022-03-19 216 9540 0 0
2022-03-20 216 9540 0 0
2022-03-21 216 9540 0 0
2022-03-22 218 9540 0 0
2022-03-23 218 9540 0 0
2022-03-24 216 9540 0 0
2022-03-26 214 9540 0 0
2022-03-27 214 9540 0 0
2022-03-28 215 9540 0 0
2022-03-29 218 9540 0 0
2022-03-30 218 9540 0 0
2022-04-01 217 9540 0 0
2022-04-02 217 9540 0 0
2022-04-03 217 9540 0 0
2022-04-05 225 9540 0 0
2022-04-06 223 9540 0 0
2022-04-07 220 9540 0 0
2022-04-08 218 9540 0 0
2022-04-09 219 9540 0 0
2022-04-10 219 9540 0 0
2022-04-11 216 9540 0 0
2022-04-12 215 9540 0 0
2022-04-13 218 9540 0 0
2022-04-14 217 9540 0 0
2022-04-15 219 9540 0 0
2022-04-16 220 9540 0 0
2022-04-17 220 9540 0 0
2022-04-18 220 9540 0 0
2022-04-19 220 9540 0 0
2022-04-20 221 9540 0 0
2022-04-21 218 9540 0 0
2022-04-22 214 9540 0 0
2022-04-23 213 9540 0 0
2022-04-24 213 9540 0 0
2022-04-25 208 9540 0 0
2022-04-26 207 9540 0 0
2022-04-27 207 9540 0 0
2022-04-28 211 9540 0 0
2022-04-29 209 9540 0 0
2022-04-30 209 9540 0 0
2022-05-01 209 9540 0 0
2022-05-02 210 9540 0 0
2022-05-03 208 9540 0 0
2022-05-04 210 9540 0 0
2022-05-05 208 9540 0 0
2022-05-06 202 9540 0 0
2022-05-07 202 9540 0 0
2022-05-08 202 9540 0 0
2022-05-09 199 9540 0 0
2022-05-10 198 9540 0 0
2022-05-11 200 9540 0 0
2022-05-12 200 9540 0 0
2022-05-13 202 9540 0 0
2022-05-14 202 9540 0 0
2022-05-15 202 9540 0 0
2022-05-16 199 9540 0 0
2022-05-17 204 9540 0 0
2022-05-18 200 9540 0 0
2022-05-19 199 9540 0 0
2022-05-20 200 9540 0 0
2022-05-21 200 9540 0 0
2022-05-22 200 9540 0 0
2022-05-23 203 9540 0 0
2022-05-24 203 9540 0 0
2022-05-25 203 9540 0 0
2022-05-26 206 9540 0 0
2022-05-27 208 9540 0 0
2022-05-28 209 9540 0 0
2022-05-29 209 9540 0 0
2022-05-30 210 9540 0 0
2022-05-31 209 9540 0 0
2022-06-01 209 9540 0 0
2022-06-02 210 9540 0 0
2022-06-03 209 9540 0 0
2022-06-04 209 9540 0 0
2022-06-05 209 9540 0 0
2022-06-06 211 9540 0 0
2022-06-07 211 9540 0 0
2022-06-08 212 9540 0 0
2022-06-11 200 9540 0 0
2022-06-12 200 9540 0 0
2022-06-13 195 9540 0 0
2022-06-14 195 9540 0 0
2022-06-15 198 9540 0 0
2022-06-16 195 9540 0 0
2022-06-17 193 9540 0 0
2022-06-18 191 9540 0 0
2022-06-19 191 9540 0 0
2022-06-20 191 9540 0 0
2022-06-21 192 9540 0 0
2022-06-22 195 9540 0 0
2022-06-24 201 9540 0 0
2022-06-25 201 9540 0 0
2022-06-26 201 9540 0 0
2022-06-27 198 9540 0 0
2022-06-28 194 9540 0 0
2022-06-29 191 9540 0 0
2022-06-30 191 9540 0 0
2022-07-01 191 9540 0 0
2022-07-02 190 9540 0 0
2022-07-03 190 9540 0 0
2022-07-04 191 9540 0 0
2022-07-05 197 9540 0 0
2022-07-06 195 9540 0 0
2022-07-07 198 9540 0 0
2022-07-08 196 9540 0 0
2022-07-09 196 9540 0 0
2022-07-10 196 9540 0 0
2022-07-11 192 9540 0 0
2022-07-12 192 9540 0 0
2022-07-13 191 9540 0 0
2022-07-14 191 9540 0 0
2022-07-15 192 9540 0 0
2022-07-16 192 9540 0 0
2022-07-17 192 9540 0 0
2022-07-18 189 9540 0 0
2022-07-19 198 9540 0 0
2022-07-20 197 9540 0 0
2022-07-21 198 9540 0 0
2022-07-22 197 9540 0 0
2022-07-23 197 9540 0 0
2022-07-24 197 9540 0 0
2022-07-25 196 9540 0 0
2022-07-26 196 9540 0 0
2022-07-27 198 9540 0 0
2022-07-28 199 9540 0 0
2022-07-29 198 9540 0 0
2022-07-30 198 9540 0 0
2022-07-31 198 9540 0 0
2022-08-01 198 9540 0 0
2022-08-02 199 9540 0 0
2022-08-03 199 9540 0 0
2022-08-04 200 9540 0 0
2022-08-05 200 9540 0 0
2022-08-06 201 9540 0 0
2022-08-07 201 9540 0 0
2022-08-08 203 9540 0 0
2022-08-09 200 9540 0 0
2022-08-10 203 9540 0 0
2022-08-11 208 9540 0 0
2022-08-12 210 9540 0 0
2022-08-13 210 9540 0 0
2022-08-14 210 9540 0 0
2022-08-15 209 9540 0 0
2022-08-16 207 9540 0 0
2022-08-17 207 9540 0 0
2022-08-18 208 9540 0 0
2022-08-19 203 9540 0 0
2022-08-20 203 9540 0 0
2022-08-21 203 9540 0 0
2022-08-22 201 9540 0 0
2022-08-23 201 9540 0 0
2022-08-24 200 9540 0 0
2022-08-25 204 9540 0 0
2022-08-26 204 9540 0 0
2022-08-27 202 9540 0 0
2022-08-28 202 9540 0 0
2022-08-29 201 9540 0 0
2022-08-30 201 9540 0 0
2022-08-31 199 9540 0 0
2022-09-01 198 9540 0 0
2022-09-03 196 9540 0 0
2022-09-04 197 9540 0 0
2022-09-05 197 9540 0 0
2022-09-06 196 9540 0 0
2022-09-07 200 9540 0 0
2022-09-08 199 9540 0 0
2022-09-09 205 9540 0 0
2022-09-11 205 9540 0 0
2022-09-12 207 9540 0 0
2022-09-13 206 9540 0 0
2022-09-14 201 9540 0 0
2022-09-15 201 9540 0 0
2022-09-16 197 9540 0 0
2022-09-17 197 9540 0 0
2022-09-18 197 9540 0 0
2022-09-19 196 9540 0 0
2022-09-20 196 9540 0 0
2022-09-21 194 9540 0 0
2022-09-22 191 9540 0 0
2022-09-23 190 9540 0 0
2022-09-24 189 9540 0 0
2022-09-25 189 9540 0 0
2022-09-26 187 9540 0 0
2022-09-27 186 9540 0 0
2022-09-28 186 9540 0 0
2022-09-29 187 9540 0 0
2022-09-30 184 9540 0 0
2022-10-01 185 9540 0 0
2022-10-02 185 9540 0 0
2022-10-03 186 9540 0 0
2022-10-04 188 9540 0 0
2022-10-05 190 9540 0 0
2022-10-06 190 9540 0 0
2022-10-07 188 9540 0 0
2022-10-08 187 9540 0 0
2022-10-09 187 9540 0 0
2022-10-10 184 9540 0 0
2022-10-11 182 9540 0 0
2022-10-12 182 9540 0 0
2022-10-13 181 9540 0 0
2022-10-14 181 9540 0 0
2022-10-15 182 9540 0 0
2022-10-16 181 9540 0 0
2022-10-17 184 9540 0 0
2022-10-18 184 9540 0 0
2022-10-19 182 9540 0 0
2022-10-20 181 9540 0 0
2022-10-21 181 9540 0 0
2022-10-22 224 8100 -1440 -15.094
2022-10-23 223 8100 0 0
2022-10-24 221 8100 0 0
2022-10-25 224 8100 0 0
2022-10-26 231 8100 0 0
2022-10-27 231 8100 0 0
2022-10-28 231 8100 0 0
2022-10-29 231 8100 0 0
2022-10-30 231 8100 0 0
2022-10-31 229 8100 0 0
2022-11-01 228 8100 0 0
2022-11-02 224 8100 0 0
2022-11-03 223 8100 0 0
2022-11-04 226 8100 0 0
2022-11-05 229 8100 0 0
2022-11-06 229 8100 0 0
2022-11-07 230 8100 0 0
2022-11-08 233 8100 0 0
2022-11-09 231 8100 0 0
2022-11-10 231 8100 0 0
2022-11-11 237 8100 0 0
2022-11-12 240 8100 0 0
2022-11-13 240 8100 0 0
2022-11-14 237 8100 0 0
2022-11-15 242 8100 0 0
2022-11-16 243 8100 0 0
2022-11-17 238 8100 0 0
2022-11-18 236 8100 0 0
2022-11-19 237 8100 0 0
2022-11-20 237 8100 0 0
2022-11-21 236 8100 0 0
2022-11-22 234 8100 0 0
2022-11-23 238 8100 0 0
2022-11-24 239 8100 0 0
2022-11-25 238 8100 0 0
2022-11-26 238 8100 0 0
2022-11-27 238 8100 0 0
2022-11-28 237 8100 0 0
2022-11-29 240 8100 0 0
2022-11-30 242 8100 0 0
2022-12-02 248 8100 0 0
2022-12-04 246 8100 0 0
2022-12-05 247 8100 0 0
2022-12-06 246 8100 0 0
2022-12-07 245 8100 0 0
2022-12-08 245 8100 0 0
2022-12-09 245 8100 0 0
2022-12-10 244 8100 0 0
2022-12-11 244 8100 0 0
2022-12-12 245 8100 0 0
2022-12-13 245 8100 0 0
2022-12-14 249 8100 0 0
2022-12-15 243 8100 0 0
2022-12-16 243 8100 0 0
2022-12-17 243 8100 0 0
2022-12-18 243 8100 0 0
2022-12-19 242 8100 0 0
2022-12-20 242 8100 0 0
2022-12-21 241 8100 0 0
2022-12-22 242 8100 0 0
2022-12-23 242 8100 0 0
2022-12-24 242 8100 0 0
2022-12-25 242 8100 0 0
2022-12-26 242 8100 0 0
2022-12-27 242 8100 0 0
2022-12-28 241 8100 0 0
2022-12-29 242 8100 0 0
2022-12-30 241 8100 0 0
2022-12-31 241 8100 0 0
2023-01-02 241 8100 0 0
2023-01-03 244 8100 0 0
2023-01-04 246 8100 0 0
2023-01-05 246 8100 0 0
2023-01-07 249 8100 0 0
2023-01-08 249 8100 0 0
2023-01-09 253 8100 0 0
2023-01-10 253 8100 0 0
2023-01-11 254 8100 0 0
2023-01-14 259 8100 0 0
2023-01-16 256 8100 0 0
2023-01-17 259 8100 0 0
2023-01-20 253 8100 0 0
2023-01-21 259 8100 0 0
2023-01-22 259 8100 0 0
2023-01-23 263 8100 0 0
2023-01-24 264 8100 0 0
2023-01-25 264 8100 0 0
2023-01-27 348 6900 -1200 -14.815
2023-01-29 348 6900 0 0
2023-01-30 345 6900 0 0
2023-01-31 343 6900 0 0
2023-02-01 348 6900 0 0
2023-02-02 348 6900 0 0
2023-02-03 357 6900 0 0
2023-02-04 357 6900 0 0
2023-02-05 352 6900 0 0
2023-02-06 351 6900 0 0
2023-02-07 348 6900 0 0
2023-02-08 348 6900 0 0
2023-02-09 347 6900 0 0
2023-02-10 345 6900 0 0
2023-02-11 347 6900 0 0
2023-02-12 347 6900 0 0
2023-02-13 351 6900 0 0
2023-02-14 356 6900 0 0
2023-02-15 358 6900 0 0
2023-02-16 355 6900 0 0
2023-02-17 353 6900 0 0
2023-02-18 353 6900 0 0
2023-02-19 353 6900 0 0
2023-02-20 349 6900 0 0
2023-02-21 344 6900 0 0
2023-02-22 340 6900 0 0
2023-02-23 343 6900 0 0
2023-02-24 341 6900 0 0
2023-02-25 341 6900 0 0
2023-02-27 342 6900 0 0
2023-03-02 335 6900 0 0
2023-03-03 337 6900 0 0
2023-03-04 338 6900 0 0
2023-03-06 339 6900 0 0
2023-03-07 336 6900 0 0
2023-03-08 336 6900 0 0
2023-03-09 332 6900 0 0
2023-03-10 334 6900 0 0
2023-03-11 458 5500 -1400 -20.29
2023-03-12 461 5500 0 0
2023-03-13 458 5500 0 0
2023-03-16 459 5500 0 0
2023-03-18 456 5500 0 0
2023-03-19 457 5500 0 0
2023-03-20 457 5500 0 0
2023-03-21 466 5500 0 0
2023-03-22 465 5500 0 0
2023-03-23 462 5500 0 0
2023-03-25 464 5500 0 0
2023-03-27 466 5500 0 0
2023-03-30 470 5500 0 0
2023-04-01 470 5500 0 0
2023-04-02 470 5500 0 0
2023-04-03 472 5500 0 0
2023-04-06 490 5500 0 0
2023-04-07 489 5500 0 0
2023-04-08 487 5500 0 0
2023-04-09 487 5500 0 0
2023-04-10 490 5500 0 0
2023-04-11 490 5500 0 0
2023-04-12 493 5500 0 0
2023-04-13 492 5500 0 0
2023-04-14 498 5500 0 0
2023-04-15 498 5500 0 0
2023-04-16 498 5500 0 0
2023-04-17 501 5500 0 0
2023-04-18 500 5500 0 0
2023-04-19 499 5500 0 0
2023-04-20 494 5500 0 0
2023-04-21 494 5500 0 0
2023-04-22 494 5500 0 0
2023-04-23 494 5500 0 0
2023-04-24 488 5500 0 0
2023-04-25 489 5500 0 0
2023-04-26 486 5500 0 0
2023-04-27 489 5500 0 0
2023-04-28 489 5500 0 0
2023-04-29 489 5500 0 0
2023-05-01 490 5500 0 0
2023-05-02 492 5500 0 0
2023-05-03 494 5500 0 0
2023-05-04 489 5500 0 0
2023-05-06 494 5500 0 0
2023-05-07 494 5500 0 0
2023-05-08 494 5500 0 0
2023-05-09 492 5500 0 0
2023-05-10 491 5500 0 0
2023-05-11 492 5500 0 0
2023-05-12 490 5500 0 0
2023-05-13 491 5500 0 0
2023-05-14 491 5500 0 0
2023-05-15 495 5500 0 0
2023-05-16 492 5500 0 0
2023-05-17 495 5500 0 0
2023-05-19 491 5500 0 0
2023-05-20 489 5500 0 0
2023-05-21 489 5500 0 0
2023-05-22 491 5500 0 0
2023-05-23 488 5500 0 0
2023-05-24 481 5500 0 0
2023-05-25 482 5500 0 0
2023-05-26 479 5500 0 0
2023-05-27 479 5500 0 0
2023-05-28 480 5500 0 0
2023-05-29 481 5500 0 0
2023-05-30 480 5500 0 0
2023-05-31 479 5500 0 0
2023-06-01 479 5500 0 0
2023-06-02 484 5500 0 0
2023-06-03 485 5500 0 0
2023-06-04 485 5500 0 0
2023-06-05 487 5500 0 0
2023-06-06 489 5500 0 0
2023-06-07 489 5500 0 0
2023-06-08 485 5500 0 0
2023-06-09 493 5500 0 0
2023-06-10 488 5500 0 0
2023-06-11 489 5500 0 0
2023-06-12 489 5500 0 0
2023-06-13 491 5500 0 0
2023-06-14 489 5500 0 0
2023-06-16 496 5500 0 0
2023-06-17 497 5500 0 0
2023-06-18 497 5500 0 0
2023-06-19 495 5500 0 0
2023-06-20 491 5500 0 0
2023-06-21 488 5500 0 0
2023-06-22 487 5500 0 0
2023-06-23 488 5500 0 0
2023-06-24 488 5500 0 0
2023-06-25 488 5500 0 0
2023-06-26 486 5500 0 0
2023-06-27 488 5500 0 0
2023-06-28 494 5500 0 0
2023-06-29 492 5500 0 0
2023-06-30 492 5500 0 0
2023-07-01 493 5500 0 0
2023-07-02 493 5500 0 0
2023-07-03 494 5500 0 0
2023-07-04 492 5500 0 0
2023-07-06 490 5500 0 0
2023-07-07 488 5500 0 0
2023-07-08 492 5500 0 0
2023-07-09 492 5500 0 0
2023-07-10 492 5500 0 0
2023-07-11 497 5500 0 0
2023-07-12 499 5500 0 0
2023-07-13 502 5500 0 0
2023-07-14 502 5500 0 0
2023-07-15 502 5500 0 0
2023-07-16 502 5500 0 0
2023-07-17 502 5500 0 0
2023-07-18 503 5500 0 0
2023-07-19 505 5500 0 0
2023-07-20 505 5500 0 0
2023-07-21 505 5500 0 0
2023-07-22 504 5500 0 0
2023-07-23 504 5500 0 0
2023-07-24 504 5500 0 0
2023-07-25 506 5500 0 0
2023-07-26 508 5500 0 0
2023-07-27 508 5500 0 0
2023-07-28 511 5500 0 0
2023-07-29 511 5500 0 0
2023-07-30 511 5500 0 0
2023-07-31 510 5500 0 0
2023-08-01 509 5500 0 0
2023-08-02 508 5500 0 0
2023-08-04 502 5500 0 0
2023-08-05 505 5500 0 0
2023-08-06 505 5500 0 0
2023-08-07 507 5500 0 0
2023-08-08 504 5500 0 0
2023-08-09 502 5500 0 0
2023-08-10 504 5500 0 0
2023-08-11 507 5500 0 0
2023-08-12 504 5500 0 0
2023-08-13 504 5500 0 0
2023-08-14 502 5500 0 0
2023-08-15 499 5500 0 0
2023-08-16 494 5500 0 0
2023-08-17 494 5500 0 0
2023-08-18 489 5500 0 0
2023-08-19 491 5500 0 0
2023-08-20 491 5500 0 0
2023-08-21 491 5500 0 0
2023-08-22 491 5500 0 0
2023-08-23 491 5500 0 0
2023-08-24 492 5500 0 0
2023-08-26 491 5500 0 0
2023-08-27 491 5500 0 0
2023-08-28 491 5500 0 0
2023-08-29 496 5500 0 0
2023-08-30 499 5500 0 0
2023-08-31 499 5500 0 0
2023-09-01 505 5500 0 0
2023-09-02 504 5500 0 0
2023-09-03 505 5500 0 0
2023-09-04 508 5500 0 0
2023-09-05 507 5500 0 0
2023-09-06 506 5500 0 0
2023-09-07 506 5500 0 0
2023-09-08 505 5500 0 0
2023-09-09 506 5500 0 0
2023-09-10 510 5500 0 0
2023-09-12 508 5500 0 0
2023-09-14 509 5500 0 0
2023-09-15 507 5500 0 0
2023-09-17 506 5500 0 0
2023-09-18 505 5500 0 0
2023-09-19 500 5500 0 0
2023-09-20 502 5500 0 0
2023-09-21 501 5500 0 0
2023-09-22 498 5500 0 0
2023-09-23 499 5500 0 0
2023-09-24 499 5500 0 0
2023-09-25 499 5500 0 0
2023-09-26 497 5500 0 0
2023-09-27 500 5500 0 0
2023-09-28 499 5500 0 0
2023-09-29 498 5500 0 0
2023-10-01 498 5500 0 0
2023-10-02 498 5500 0 0
2023-10-03 495 5500 0 0
2023-10-04 496 5500 0 0
2023-10-05 496 5500 0 0
2023-10-06 500 5500 0 0
2023-10-07 500 5500 0 0
2023-10-08 500 5500 0 0
2023-10-09 498 5500 0 0
2023-10-10 499 5500 0 0
2023-10-11 501 5500 0 0
2023-10-12 499 5500 0 0
2023-10-13 495 5500 0 0
2023-10-14 495 5500 0 0
2023-10-15 495 5500 0 0
2023-10-16 495 5500 0 0
2023-10-17 493 5500 0 0
2023-10-18 490 5500 0 0
2023-10-19 488 5500 0 0
2023-10-21 487 5500 0 0
2023-10-26 488 5500 0 0
2023-10-27 486 5500 0 0
2023-10-28 486 5500 0 0
2023-10-29 486 5500 0 0
2023-10-30 485 5500 0 0
2023-10-31 488 5500 0 0
2023-11-01 489 5500 0 0
2023-11-02 495 5500 0 0
2023-11-03 499 5500 0 0
2023-11-04 501 5500 0 0
2023-11-05 501 5500 0 0
2023-11-06 503 5500 0 0
2023-11-07 505 5500 0 0
2023-11-08 504 5500 0 0
2023-11-09 503 5500 0 0
2023-11-10 501 5500 0 0
2023-11-11 502 5500 0 0
2023-11-13 503 5500 0 0
2023-11-15 509 5500 0 0
2023-11-16 511 5500 0 0
2023-11-17 511 5500 0 0
2023-11-18 512 5500 0 0
2023-11-20 511 5500 0 0
2023-11-21 512 5500 0 0
2023-11-22 511 5500 0 0
2023-11-24 510 5500 0 0
2023-11-25 513 5500 0 0
2023-11-26 513 5500 0 0
2023-11-27 513 5500 0 0
2023-11-28 514 5500 0 0
2023-11-29 514 5500 0 0
2023-11-30 514 5500 0 0
2023-12-01 515 5500 0 0
2023-12-03 516 5500 0 0
2023-12-04 515 5500 0 0
2023-12-05 514 5500 0 0
2023-12-06 512 5500 0 0
2023-12-07 512 5500 0 0
2023-12-08 511 5500 0 0
2023-12-09 511 5500 0 0
2023-12-10 511 5500 0 0
2023-12-12 514 5500 0 0
2023-12-13 516 5500 0 0
2023-12-14 519 5500 0 0
2023-12-15 521 5500 0 0
2023-12-16 522 5500 0 0
2023-12-17 522 5500 0 0
2023-12-18 519 5500 0 0
2023-12-19 516 5500 0 0
2023-12-20 518 5500 0 0
2023-12-21 518 5500 0 0
2023-12-22 518 5500 0 0
2023-12-23 519 5500 0 0
2023-12-25 520 5500 0 0
2023-12-28 528 5500 0 0
2023-12-29 528 5500 0 0
2023-12-30 526 5500 0 0
2023-12-31 526 5500 0 0
2024-01-01 526 5500 0 0
2024-01-02 525 5500 0 0
2024-01-03 520 5500 0 0
2024-01-04 518 5500 0 0
2024-01-05 516 5500 0 0
2024-01-06 516 5500 0 0
2024-01-07 517 5500 0 0
2024-01-08 518 5500 0 0
2024-01-09 520 5500 0 0
2024-01-10 518 5500 0 0
2024-01-11 520 5500 0 0
2024-01-12 521 5500 0 0
2024-01-13 521 5500 0 0
2024-01-14 521 5500 0 0
2024-01-15 522 5500 0 0
2024-01-16 519 5500 0 0
2024-01-17 516 5500 0 0
2024-01-18 516 5500 0 0
2024-01-19 518 5500 0 0
2024-01-20 518 5500 0 0
2024-01-21 518 5500 0 0
2024-01-22 517 5500 0 0
2024-01-23 514 5500 0 0
2024-01-24 518 5500 0 0
2024-01-25 519 5500 0 0
2024-01-26 519 5500 0 0
2024-01-27 519 5500 0 0
2024-01-28 519 5500 0 0
2024-01-29 520 5500 0 0
2024-01-30 516 5500 0 0
2024-01-31 513 5500 0 0
2024-02-01 514 5500 0 0
2024-02-02 517 5500 0 0
2024-02-03 516 5500 0 0
2024-02-04 515 5500 0 0
2024-02-05 520 5500 0 0
2024-02-06 520 5500 0 0
2024-02-07 524 5500 0 0
2024-02-08 527 5500 0 0
2024-02-09 525 5500 0 0
2024-02-10 524 5500 0 0
2024-02-11 524 5500 0 0
2024-02-12 523 5500 0 0
2024-02-13 522 5500 0 0
2024-02-14 523 5500 0 0
2024-02-15 524 5500 0 0
2024-02-16 525 5500 0 0
2024-02-17 525 5500 0 0
2024-02-18 525 5500 0 0
2024-02-19 525 5500 0 0
2024-02-20 525 5500 0 0
2024-02-21 528 5500 0 0
2024-02-22 529 5500 0 0
2024-02-23 533 5500 0 0
2024-02-24 535 5500 0 0
2024-02-25 534 5500 0 0
2024-02-26 531 5500 0 0
2024-02-27 532 5500 0 0
2024-02-28 529 5500 0 0
2024-02-29 532 5500 0 0
2024-03-01 370 7150 1650 30
2024-03-02 372 7150 0 0
2024-03-03 374 7150 0 0
2024-03-04 372 7150 0 0
2024-03-05 370 7150 0 0
2024-03-06 372 7150 0 0
2024-03-07 373 7150 0 0
2024-03-08 375 7150 0 0
2024-03-09 376 7150 0 0
2024-03-10 377 7150 0 0
2024-03-11 381 7150 0 0
2024-03-12 380 7150 0 0
2024-03-13 380 7150 0 0
2024-03-14 378 7150 0 0
2024-03-15 375 7150 0 0
2024-03-16 375 7150 0 0
2024-03-17 375 7150 0 0
2024-03-18 376 7150 0 0
2024-03-19 376 7150 0 0
2024-03-20 376 7150 0 0
2024-03-21 379 7150 0 0
2024-03-22 379 7150 0 0
2024-03-23 379 7150 0 0
2024-03-24 379 7150 0 0
2024-03-25 375 7150 0 0
2024-03-26 379 7150 0 0
2024-03-27 376 7150 0 0
2024-03-28 376 7150 0 0
2024-03-29 375 7150 0 0
2024-03-30 380 7150 0 0
2024-03-31 380 7150 0 0
2024-04-01 377 7150 0 0
2024-04-02 382 7150 0 0
2024-04-03 379 7150 0 0
2024-04-04 377 7150 0 0
2024-04-05 378 7150 0 0
2024-04-06 377 7150 0 0
2024-04-07 377 7150 0 0
2024-04-08 382 7150 0 0
2024-04-09 382 7150 0 0
2024-04-10 381 7150 0 0
2024-04-11 375 7150 0 0
2024-04-12 375 7150 0 0
2024-04-13 373 7150 0 0
2024-04-14 373 7150 0 0
2024-04-15 373 7150 0 0
2024-04-16 370 7150 0 0
2024-04-17 370 7150 0 0
2024-04-18 368 7150 0 0
2024-04-19 365 7150 0 0
2024-04-20 366 7150 0 0
2024-04-21 366 7150 0 0
2024-04-22 368 7150 0 0
2024-04-23 370 7150 0 0
2024-04-24 374 7150 0 0
2024-04-25 372 7150 0 0
2024-04-26 373 7150 0 0
2024-04-27 376 7150 0 0
2024-04-28 376 7150 0 0
2024-04-29 378 7150 0 0
2024-04-30 375 7150 0 0
2024-05-01 374 7150 0 0
2024-05-02 376 7150 0 0
2024-05-03 380 7150 0 0
2024-05-04 382 7150 0 0
2024-05-05 382 7150 0 0
2024-05-06 385 7150 0 0
2024-05-07 386 7150 0 0
2024-05-08 383 7150 0 0
2024-05-09 384 7150 0 0
2024-05-10 388 7150 0 0
2024-05-11 386 7150 0 0
2024-05-12 386 7150 0 0
2024-05-13 388 7150 0 0
2024-05-14 392 7150 0 0
2024-05-15 393 7150 0 0
2024-05-16 397 7150 0 0
2024-05-17 397 7150 0 0
2024-05-18 396 7150 0 0
2024-05-19 396 7150 0 0
2024-05-20 397 7150 0 0
2024-05-21 391 7150 0 0
2024-05-22 390 7150 0 0
2024-05-23 384 7150 0 0
2024-05-24 386 7150 0 0
2024-05-25 386 7150 0 0
2024-05-26 386 7150 0 0
2024-05-27 389 7150 0 0
2024-05-28 386 7150 0 0
2024-05-29 383 7150 0 0
2024-05-30 382 7150 0 0
2024-05-31 387 7150 0 0
2024-06-01 389 7150 0 0
2024-06-02 389 7150 0 0
2024-06-03 387 7150 0 0
2024-06-04 389 7150 0 0
2024-06-05 394 7150 0 0
2024-06-06 390 7150 0 0
2024-06-07 390 7150 0 0
2024-06-09 389 7150 0 0
2024-06-10 386 7150 0 0
2024-06-11 387 7150 0 0
2024-06-12 391 7150 0 0
2024-06-13 385 7150 0 0
2024-06-14 384 7150 0 0
2024-06-15 384 7150 0 0
2024-06-16 384 7150 0 0
2024-06-17 382 7150 0 0
2024-06-18 386 7150 0 0
2024-06-19 386 7150 0 0
2024-06-20 387 7150 0 0
2024-06-21 384 7150 0 0
2024-06-22 383 7150 0 0
2024-06-23 383 7150 0 0
2024-06-24 383 7150 0 0
2024-06-25 386 7150 0 0
2024-06-26 389 7150 0 0
2024-06-27 387 7150 0 0
2024-06-28 384 7150 0 0
2024-06-29 384 7150 0 0
2024-06-30 384 7150 0 0
2024-07-01 387 7150 0 0
2024-07-02 382 7150 0 0
2024-07-03 382 7150 0 0
2024-07-04 384 7150 0 0
2024-07-05 385 7150 0 0
2024-07-06 385 7150 0 0
2024-07-07 385 7150 0 0
2024-07-08 388 7150 0 0
2024-07-09 388 7150 0 0
2024-07-10 388 7150 0 0
2024-07-11 392 7150 0 0
2024-07-12 392 7150 0 0
2024-07-13 392 7150 0 0
2024-07-14 392 7150 0 0
2024-07-15 392 7150 0 0
2024-07-16 392 7150 0 0
2024-07-17 391 7150 0 0
2024-07-18 392 7150 0 0
2024-07-19 391 7150 0 0
2024-07-20 391 7150 0 0
2024-07-21 391 7150 0 0
2024-07-22 393 7150 0 0
2024-07-23 390 7150 0 0
2024-07-24 390 7150 0 0
2024-07-25 389 7150 0 0
2024-07-26 395 7150 0 0
2024-07-27 398 7150 0 0
2024-07-28 398 7150 0 0
2024-07-29 396 7150 0 0
2024-07-30 395 7150 0 0
2024-07-31 399 7150 0 0
2024-08-01 400 7150 0 0
2024-08-02 399 7150 0 0
2024-08-03 401 7150 0 0
2024-08-04 401 7150 0 0
2024-08-05 390 7150 0 0
2024-08-06 390 7150 0 0
2024-08-07 394 7150 0 0
2024-08-08 396 7150 0 0
2024-08-09 397 7150 0 0
2024-08-10 397 7150 0 0
2024-08-11 397 7150 0 0
2024-08-12 398 7150 0 0
2024-08-13 395 7150 0 0
2024-08-14 397 7150 0 0
2024-08-15 401 7150 0 0
2024-08-16 403 7150 0 0
2024-08-17 402 7150 0 0
2024-08-18 402 7150 0 0
2024-08-19 405 7150 0 0
2024-08-20 404 7150 0 0
2024-08-21 404 7150 0 0
2024-08-22 406 7150 0 0
2024-08-23 405 7150 0 0
2024-08-24 405 7150 0 0
2024-08-25 404 7150 0 0
2024-08-26 405 7150 0 0
2024-08-27 403 7150 0 0
2024-08-28 404 7150 0 0
2024-08-29 406 7150 0 0
2024-08-30 405 7150 0 0
2024-08-31 409 7150 0 0
2024-09-01 411 7150 0 0
2024-09-02 411 7150 0 0
2024-09-03 412 7150 0 0
2024-09-04 407 7150 0 0
2024-09-05 407 7150 0 0
2024-09-06 404 7150 0 0
2024-09-07 406 7150 0 0
2024-09-08 406 7150 0 0
2024-09-09 409 7150 0 0
2024-09-10 406 7150 0 0
2024-09-11 404 7150 0 0
2024-09-12 409 7150 0 0
2024-09-13 410 7150 0 0
2024-09-14 412 7150 0 0
2024-09-15 412 7150 0 0
2024-09-16 412 7150 0 0
2024-09-17 414 7150 0 0
2024-09-18 410 7150 0 0
2024-09-19 413 7150 0 0
2024-09-20 411 7150 0 0
2024-09-21 410 7150 0 0
2024-09-22 410 7150 0 0
2024-09-23 412 7150 0 0
2024-09-24 416 7150 0 0
2024-09-25 416 7150 0 0
2024-09-26 424 7150 0 0
2024-09-27 428 7150 0 0
2024-09-28 429 7150 0 0
2024-09-29 429 7150 0 0
2024-09-30 438 7150 0 0
2024-10-01 434 7150 0 0
2024-10-02 433 7150 0 0
2024-10-03 431 7150 0 0
2024-10-04 429 7150 0 0
2024-10-05 428 7150 0 0
2024-10-06 428 7150 0 0
2024-10-07 424 7150 0 0
2024-10-08 426 7150 0 0
2024-10-09 426 7150 0 0
2024-10-10 423 7150 0 0
2024-10-11 423 7150 0 0
2024-10-12 423 7150 0 0
2024-10-13 423 7150 0 0
2024-10-14 424 7150 0 0
2024-10-15 423 7150 0 0
2024-10-16 422 7150 0 0
2024-10-17 418 7150 0 0
2024-10-18 423 7150 0 0
2024-10-19 425 7150 0 0
2024-10-20 425 7150 0 0
2024-10-21 421 7150 0 0
2024-10-22 420 7150 0 0
2024-10-23 420 7150 0 0
2024-10-24 421 7150 0 0
2024-10-25 422 7150 0 0
2024-10-26 422 7150 0 0
2024-10-27 421 7150 0 0
2024-10-28 423 7150 0 0
2024-10-29 423 7150 0 0
2024-10-30 417 7150 0 0
2024-10-31 416 7150 0 0
2024-11-01 415 7150 0 0
2024-11-02 415 7150 0 0
2024-11-03 415 7150 0 0
2024-11-04 415 7150 0 0
2024-11-05 423 7150 0 0
2024-11-06 426 7150 0 0
2024-11-07 427 7150 0 0
2024-11-08 431 7150 0 0
2024-11-09 427 7150 0 0
2024-11-10 427 7150 0 0
2024-11-11 429 7150 0 0
2024-11-12 422 7150 0 0
2024-11-13 420 7150 0 0
2024-11-14 416 7150 0 0
2024-11-15 414 7150 0 0
2024-11-16 409 7150 0 0
2024-11-17 409 7150 0 0
2024-11-18 408 7150 0 0
2024-11-19 413 7150 0 0
2024-11-20 412 7150 0 0
2024-11-21 411 7150 0 0
2024-11-22 412 7150 0 0
2024-11-23 411 7150 0 0
2024-11-24 411 7150 0 0
2024-11-25 419 7150 0 0
2024-11-26 419 7150 0 0
2024-11-27 419 7150 0 0
2024-11-28 421 7150 0 0
2024-11-29 426 7150 0 0
2024-11-30 427 7150 0 0
2024-12-01 427 7150 0 0
2024-12-02 428 7150 0 0
2024-12-03 427 7150 0 0
2024-12-04 428 7150 0 0
2024-12-05 428 7150 0 0
2024-12-06 432 7150 0 0
2024-12-07 430 7150 0 0
2024-12-08 430 7150 0 0
2024-12-09 428 7150 0 0
2024-12-10 422 7150 0 0
2024-12-11 426 7150 0 0
2024-12-12 421 7150 0 0
2024-12-13 420 7150 0 0
2024-12-14 420 7150 0 0
2024-12-15 420 7150 0 0
2024-12-16 424 7150 0 0
2024-12-17 422 7150 0 0
2024-12-18 414 7150 0 0
2024-12-19 414 7150 0 0
2024-12-20 415 7150 0 0
2024-12-21 415 7150 0 0
2024-12-22 415 7150 0 0
2024-12-23 415 7150 0 0
2024-12-24 417 7150 0 0
2024-12-25 417 7150 0 0
2024-12-26 416 7150 0 0
2024-12-27 413 7150 0 0
2024-12-28 413 7150 0 0
2024-12-29 413 7150 0 0
2024-12-30 412 7150 0 0
2024-12-31 414 7150 0 0
2025-01-01 414 7150 0 0
2025-01-02 415 7150 0 0
2025-01-03 413 7150 0 0
2025-01-04 413 7150 0 0
2025-01-05 413 7150 0 0
2025-01-06 409 7150 0 0
2025-01-07 409 7150 0 0
2025-01-08 403 7150 0 0
2025-01-09 409 7150 0 0
2025-01-10 406 7150 0 0
2025-01-11 405 7150 0 0
2025-01-12 405 7150 0 0
2025-01-13 404 7150 0 0
2025-01-14 406 7150 0 0
2025-01-15 410 7150 0 0
2025-01-16 412 7150 0 0
2025-01-17 416 7150 0 0
2025-01-18 413 7150 0 0
2025-01-19 413 7150 0 0
2025-01-20 414 7150 0 0
2025-01-21 413 7150 0 0
2025-01-22 419 7150 0 0
2025-01-23 420 7150 0 0
2025-01-24 421 7150 0 0
2025-01-25 424 7150 0 0
2025-01-26 424 7150 0 0
2025-01-27 425 7150 0 0
2025-01-28 426 7150 0 0
2025-01-29 427 7150 0 0
2025-01-30 430 7150 0 0
2025-01-31 431 7150 0 0
2025-02-01 432 7150 0 0
2025-02-02 432 7150 0 0
2025-02-03 431 7150 0 0
2025-02-04 430 7150 0 0
2025-02-05 430 7150 0 0
2025-02-06 427 7150 0 0
2025-02-07 425 7150 0 0
2025-02-08 425 7150 0 0
2025-02-09 425 7150 0 0
2025-02-10 426 7150 0 0
2025-02-11 425 7150 0 0
2025-02-12 427 7150 0 0
2025-02-13 430 7150 0 0
2025-02-14 433 7150 0 0
2025-02-15 434 7150 0 0
2025-02-16 434 7150 0 0
2025-02-17 436 7150 0 0
2025-02-18 438 7150 0 0
2025-02-19 437 7150 0 0
2025-02-20 433 7150 0 0
2025-02-21 434 7150 0 0
2025-02-22 434 7150 0 0
2025-02-23 435 7150 0 0
2025-02-24 438 7150 0 0
2025-02-25 432 7150 0 0
2025-02-26 439 7150 0 0
2025-02-27 439 7150 0 0
2025-02-28 437 7150 0 0
2025-03-01 256 10065 2915 40.769
2025-03-02 256 10065 0 0
2025-03-03 254 10065 0 0
2025-03-04 254 10065 0 0
2025-03-05 256 10065 0 0
2025-03-06 266 10065 0 0
2025-03-07 265 10065 0 0
2025-03-08 265 10065 0 0
2025-03-09 265 10065 0 0
2025-03-10 263 10065 0 0
2025-03-11 263 10065 0 0
2025-03-12 262 10065 0 0
2025-03-13 262 10065 0 0
2025-03-14 263 10065 0 0
2025-03-15 264 10065 0 0
2025-03-16 264 10065 0 0
2025-03-17 266 10065 0 0
2025-03-18 264 10065 0 0
2025-03-19 266 10065 0 0
2025-03-20 265 10065 0 0
2025-03-21 264 10065 0 0
2025-03-22 264 10065 0 0
2025-03-23 264 10065 0 0
2025-03-24 265 10065 0 0
2025-03-25 266 10065 0 0
2025-03-26 265 10065 0 0
2025-03-27 264 10065 0 0
2025-03-28 262 10065 0 0
2025-03-29 261 10065 0 0
2025-03-30 261 10065 0 0
2025-03-31 260 10065 0 0
2025-04-01 264 10065 0 0
2025-04-02 271 10065 0 0
2025-04-03 262 10065 0 0
2025-04-04 256 10065 0 0
2025-04-05 252 10065 0 0
2025-04-06 252 10065 0 0
2025-04-07 244 10065 0 0
2025-04-08 240 10065 0 0
2025-04-09 242 10065 0 0
2025-04-10 251 10065 0 0
2025-04-11 251 10065 0 0
2025-04-12 254 10065 0 0
2025-04-13 254 10065 0 0
2025-04-14 263 10065 0 0
2025-04-15 267 10065 0 0
2025-04-16 261 10065 0 0
2025-04-17 262 10065 0 0
2025-04-18 263 10065 0 0
2025-04-19 263 10065 0 0
2025-04-20 263 10065 0 0
2025-04-21 264 10065 0 0
2025-04-22 264 10065 0 0
2025-04-23 268 10065 0 0
2025-04-24 269 10065 0 0
2025-04-25 266 10065 0 0
2025-04-26 265 10065 0 0
2025-04-27 265 10065 0 0
2025-04-28 265 10065 0 0
2025-04-29 266 10065 0 0
2025-04-30 266 10065 0 0
2025-05-01 269 10065 0 0
2025-05-02 269 10065 0 0
2025-05-03 271 10065 0 0
2025-05-04 271 10065 0 0
2025-05-05 271 10065 0 0
2025-05-06 274 10065 0 0
2025-05-07 273 10065 0 0
2025-05-08 275 10065 0 0
2025-05-09 272 10065 0 0
2025-05-10 272 10065 0 0
2025-05-11 272 10065 0 0
2025-05-12 274 10065 0 0
2025-05-13 278 10065 0 0
2025-05-14 278 10065 0 0
2025-05-15 276 10065 0 0
2025-05-16 278 10065 0 0
2025-05-17 278 10065 0 0
2025-05-18 278 10065 0 0
2025-05-19 281 10065 0 0
2025-05-20 285 10065 0 0
2025-05-21 284 10065 0 0
2025-05-22 283 10065 0 0
2025-05-23 281 10065 0 0
2025-05-24 281 10065 0 0
2025-05-25 282 10065 0 0
2025-05-26 282 10065 0 0
2025-05-27 282 10065 0 0
2025-05-28 283 10065 0 0
2025-05-29 282 10065 0 0
2025-05-30 282 10065 0 0
2025-05-31 284 10065 0 0
2025-06-01 284 10065 0 0
2025-06-02 284 10065 0 0
2025-06-03 285 10065 0 0
2025-06-04 285 10065 0 0
2025-06-05 290 10065 0 0
2025-06-06 290 10065 0 0
2025-06-07 290 10065 0 0
2025-06-08 290 10065 0 0
2025-06-09 288 10065 0 0
2025-06-10 288 10065 0 0
2025-06-11 287 10065 0 0
2025-06-12 286 10065 0 0
2025-06-13 284 10065 0 0
2025-06-14 284 10065 0 0
2025-06-15 284 10065 0 0
2025-06-16 288 10065 0 0
2025-06-17 285 10065 0 0
2025-06-18 282 10065 0 0
2025-06-19 282 10065 0 0
2025-06-20 283 10065 0 0
2025-06-21 283 10065 0 0
2025-06-22 283 10065 0 0
2025-06-23 284 10065 0 0
2025-06-24 286 10065 0 0
2025-06-25 288 10065 0 0
2025-06-26 288 10065 0 0
2025-06-27 287 10065 0 0
2025-06-28 288 10065 0 0
2025-06-29 288 10065 0 0
2025-06-30 295 10065 0 0
2025-07-01 293 10065 0 0
2025-07-02 290 10065 0 0
2025-07-03 294 10065 0 0
2025-07-04 295 10065 0 0
2025-07-05 295 10065 0 0
2025-07-06 295 10065 0 0
2025-07-07 294 10065 0 0
2025-07-08 290 10065 0 0
2025-07-09 291 10065 0 0
2025-07-10 293 10065 0 0
2025-07-11 291 10065 0 0
2025-07-12 290 10065 0 0
2025-07-13 290 10065 0 0
2025-07-14 290 10065 0 0
2025-07-15 290 10065 0 0
2025-07-16 292 10065 0 0
2025-07-17 293 10065 0 0
2025-07-18 298 10065 0 0
2025-07-19 299 10065 0 0
2025-07-20 299 10065 0 0
2025-07-21 300 10065 0 0
2025-07-22 300 10065 0 0
2025-07-23 299 10065 0 0
2025-07-24 301 10065 0 0
2025-07-25 299 10065 0 0
2025-07-26 299 10065 0 0
2025-07-27 300 10065 0 0
2025-07-28 300 10065 0 0
2025-07-29 299 10065 0 0
2025-07-30 297 10065 0 0
2025-07-31 289 10065 0 0
2025-08-01 285 10065 0 0
2025-08-02 284 10065 0 0
2025-08-03 284 10065 0 0
2025-08-04 284 10065 0 0
2025-08-05 285 10065 0 0
2025-08-06 285 10065 0 0
2025-08-07 291 10065 0 0
2025-08-08 293 10065 0 0
2025-08-09 294 10065 0 0
2025-08-10 294 10065 0 0
2025-08-11 289 10065 0 0
2025-08-12 289 10065 0 0
2025-08-13 288 10065 0 0
2025-08-14 295 10065 0 0
2025-08-15 294 10065 0 0
2025-08-16 298 10065 0 0
2025-08-17 297 10065 0 0
2025-08-18 297 10065 0 0
2025-08-19 292 10065 0 0
2025-08-20 296 10065 0 0
2025-08-21 296 10065 0 0
2025-08-22 299 10065 0 0
2025-08-23 304 10065 0 0
2025-08-24 304 10065 0 0
2025-08-25 304 10065 0 0
2025-08-26 303 10065 0 0
2025-08-27 297 10065 0 0
2025-08-28 299 10065 0 0
2025-08-29 301 10065 0 0
2025-08-30 301 10065 0 0
2025-08-31 298 10065 0 0
2025-09-01 300 10065 0 0
2025-09-02 298 10065 0 0
2025-09-03 303 10065 0 0
2025-09-04 300 10065 0 0
2025-09-05 300 10065 0 0
2025-09-06 303 10065 0 0
2025-09-07 303 10065 0 0
2025-09-08 304 10065 0 0
2025-09-09 307 10065 0 0
2025-09-10 304 10065 0 0
2025-09-11 305 10065 0 0
2025-09-12 305 10065 0 0
2025-09-13 305 10065 0 0
2025-09-14 305 10065 0 0
2025-09-15 303 10065 0 0
2025-09-16 304 10065 0 0
2025-09-17 305 10065 0 0
2025-09-18 308 10065 0 0
2025-09-19 308 10065 0 0
2025-09-20 308 10065 0 0
2025-09-21 307 10065 0 0
2025-09-22 308 10065 0 0
2025-09-23 308 10065 0 0
2025-09-24 308 10065 0 0
2025-09-25 305 10065 0 0
2025-09-26 303 10065 0 0
2025-09-27 305 10065 0 0
2025-09-28 305 10065 0 0
2025-09-29 305 10065 0 0
2025-09-30 305 10065 0 0
2025-10-01 307 10065 0 0
2025-10-02 309 10065 0 0
2025-10-03 309 10065 0 0
2025-10-04 309 10065 0 0
2025-10-05 309 10065 0 0
2025-10-06 307 10065 0 0
2025-10-07 310 10065 0 0
2025-10-08 306 10065 0 0
2025-10-09 303 10065 0 0
2025-10-10 301 10065 0 0
2025-10-11 301 10065 0 0
2025-10-12 301 10065 0 0
2025-10-13 302 10065 0 0
2025-10-14 302 10065 0 0
2025-10-15 304 10065 0 0
2025-10-16 304 10065 0 0
2025-10-17 303 10065 0 0
2025-10-18 302 10065 0 0
2025-10-19 302 10065 0 0
2025-10-20 303 10065 0 0
2025-10-21 305 10065 0 0
2025-10-22 302 10065 0 0
2025-10-23 305 10065 0 0
2025-10-24 307 10065 0 0
2025-10-25 307 10065 0 0
2025-10-26 307 10065 0 0
2025-10-27 309 10065 0 0
2025-10-28 309 10065 0 0
2025-10-29 308 10065 0 0
2025-10-30 306 10065 0 0
2025-10-31 305 10065 0 0
2025-11-01 305 10065 0 0
2025-11-02 305 10065 0 0
2025-11-03 305 10065 0 0
2025-11-04 298 10065 0 0
2025-11-05 297 10065 0 0
2025-11-06 300 10065 0 0
2025-11-07 299 10065 0 0
2025-11-08 304 10065 0 0
2025-11-09 304 10065 0 0
2025-11-10 304 10065 0 0
2025-11-11 298 10065 0 0
2025-11-12 304 10065 0 0
2025-11-13 302 10065 0 0
2025-11-14 302 10065 0 0
2025-11-15 301 10065 0 0
2025-11-16 301 10065 0 0
2025-11-17 300 10065 0 0
2025-11-18 300 10065 0 0
2025-11-19 297 10065 0 0
2025-11-20 297 10065 0 0
2025-11-21 296 10065 0 0
2025-11-22 296 10065 0 0
2025-11-23 296 10065 0 0
2025-11-24 299 10065 0 0
2025-11-25 304 10065 0 0
2025-11-26 305 10065 0 0
2025-11-27 306 10065 0 0
2025-11-28 306 10065 0 0
2025-11-29 306 10065 0 0
2025-11-30 306 10065 0 0
2025-12-01 306 10065 0 0
2025-12-02 304 10065 0 0
2025-12-03 305 10065 0 0
2025-12-04 307 10065 0 0
2025-12-05 309 10065 0 0
2025-12-06 309 10065 0 0
2025-12-07 310 10065 0 0
2025-12-08 310 10065 0 0
2025-12-09 311 10065 0 0
2025-12-10 309 10065 0 0
2025-12-11 312 10065 0 0
2025-12-12 313 10065 0 0
2025-12-13 312 10065 0 0
2025-12-14 312 10065 0 0
2025-12-15 311 10065 0 0
2025-12-16 308 10065 0 0
2025-12-17 311 10065 0 0
2025-12-18 314 10065 0 0
2025-12-19 314 10065 0 0
2025-12-20 314 10065 0 0
2025-12-21 314 10065 0 0
2025-12-22 314 10065 0 0
2025-12-23 315 10065 0 0
2025-12-24 310 10065 0 0
2025-12-25 314 10065 0 0
2025-12-26 313 10065 0 0
2025-12-27 313 10065 0 0
2025-12-28 313 10065 0 0
2025-12-29 312 10065 0 0
2025-12-30 310 10065 0 0
2025-12-31 310 10065 0 0
2026-01-01 306 10065 0 0
2026-01-02 307 10065 0 0
2026-01-03 308 10065 0 0
2026-01-05 309 10065 0 0
2026-01-06 309 10065 0 0
2026-01-07 312 10065 0 0
2026-01-08 311 10065 0 0
2026-01-09 312 10065 0 0
2026-01-10 311 10065 0 0
2026-01-11 312 10065 0 0
2026-01-12 313 10065 0 0
2026-01-13 312 10065 0 0
2026-01-14 313 10065 0 0
2026-01-15 315 10065 0 0
2026-01-16 313 10065 0 0
2026-01-17 314 10065 0 0
2026-01-18 314 10065 0 0
2026-01-19 315 10065 0 0
2026-01-20 314 10065 0 0
2026-01-21 314 10065 0 0
2026-01-22 314 10065 0 0
2026-01-23 315 10065 0 0
2026-01-24 316 10065 0 0
2026-01-25 316 10065 0 0
2026-01-26 315 10065 0 0
2026-01-27 318 10065 0 0
2026-01-28 318 10065 0 0
2026-01-29 320 10065 0 0
2026-01-30 320 10065 0 0
2026-01-31 319 10065 0 0
