2020-04-08 1510 1538.876 0 0
2020-04-10 1513 1553.168 14.292 0.92
2020-04-11 1513 1553.168 0 0
2020-04-12 1513 1553.168 0 0
2020-04-13 1517 1553.168 0 0
2020-04-14 1550 1520.431 -32.737 -2.153
2020-04-15 1558 1509.714 -10.717 -0.71
2020-04-17 1544 1520.804 11.09 0.729
2020-04-18 1554 1520.902 0.098 0.006
2020-04-19 1554 1520.902 0 0
2020-04-20 1573 1506.348 -14.554 -0.966
2020-04-21 1561 1499.071 -7.277 -0.485
2020-04-23 1540 1528.238 29.167 1.909
2020-04-24 1543 1528.199 -0.039 -0.003
2020-04-25 1541 1528.1 -0.099 -0.006
2020-04-26 1541 1528.1 0 0
2020-04-27 1552 1524.462 -3.638 -0.239
2020-04-28 1568 1520.961 -3.501 -0.23
2020-04-29 1590 1502.748 -18.213 -1.212
2020-04-30 1597 1502.69 -0.058 -0.004
2020-05-01 1597 1502.341 -0.349 -0.023
2020-05-02 1591 1502.322 -0.019 -0.001
2020-05-03 1591 1502.322 0 0
2020-05-04 1604 1491.409 -10.913 -0.732
2020-05-05 1583 1502.051 10.642 0.708
2020-05-06 1583 1505.765 3.714 0.247
2020-05-07 1599 1495.143 -10.622 -0.71
2020-05-08 1599 1498.916 3.773 0.252
2020-05-09 1609 1498.781 -0.135 -0.009
2020-05-10 1609 1498.781 0 0
2020-05-11 1609 1498.781 0 0
2020-05-12 1609 1491.775 -7.006 -0.47
2020-05-13 1614 1488.059 -3.716 -0.25
2020-05-14 1592 1506.309 18.25 1.212
2020-05-15 1607 1488.002 -18.307 -1.23
2020-05-16 1606 1487.925 -0.077 -0.005
2020-05-17 1606 1487.925 0 0
2020-05-18 1613 1484.287 -3.638 -0.245
2020-05-19 1588 1524.305 40.018 2.625
2020-05-20 1607 1509.889 -14.416 -0.955
2020-05-21 1590 1528.219 18.33 1.199
2020-05-22 1626 1490.928 -37.291 -2.501
2020-05-23 1618 1490.755 -0.173 -0.012
2020-05-24 1618 1490.755 0 0
2020-05-25 1619 1490.755 0 0
2020-05-26 1626 1494.391 3.636 0.243
2020-05-27 1667 1469.47 -24.921 -1.696
2020-05-28 1674 1462.327 -7.143 -0.488
2020-05-29 1693 1451.283 -11.044 -0.761
2020-05-30 1691 1451.658 0.375 0.026
2020-05-31 1691 1451.658 0 0
