2020-01-19 83 16479.49 0 0
2020-02-07 100 14701.862 -1777.628 -12.091
2020-02-15 93 15343.457 641.595 4.182
2020-02-16 93 15343.457 0 0
2020-02-17 94 15373.221 29.764 0.194
2020-02-18 98 14945.57 -427.651 -2.861
2020-02-19 94 15382.89 437.32 2.843
2020-02-20 89 15836.925 454.035 2.867
2020-02-21 91 15511.547 -325.378 -2.098
2020-02-22 91 15501.953 -9.594 -0.062
2020-02-23 91 15501.953 0 0
2020-02-24 94 14987.927 -514.026 -3.43
2020-02-25 125 12157.118 -2830.809 -23.285
2020-02-26 123 12257.636 100.518 0.82
2020-02-27 121 12332.121 74.485 0.604
2020-02-28 122 12063.769 -268.352 -2.224
2020-02-29 121 12066.134 2.365 0.02
