2019-11-07 511 4279.533 0 0
2020-01-19 531 4312.756 33.223 0.776
2020-02-07 534 4263.967 -48.789 -1.131
2020-02-15 546 4241.765 -22.202 -0.521
2020-02-16 546 4241.765 0 0
2020-02-17 548 4247.906 6.141 0.145
2020-02-18 547 4247.906 0 0
2020-02-19 543 4255.32 7.414 0.175
2020-02-20 538 4265.281 9.961 0.234
2020-02-21 532 4293.238 27.957 0.655
2020-02-22 540 4248.836 -44.402 -1.034
2020-02-23 540 4248.836 0 0
2020-02-24 532 4248.836 0 0
2020-02-25 537 4182.942 -65.894 -1.551
2020-02-26 555 4067.093 -115.849 -2.77
2020-02-27 550 4035.209 -31.884 -0.784
2020-02-28 557 3964.411 -70.798 -1.755
2020-02-29 558 3935.129 -29.282 -0.739
2020-03-01 557 3935.129 0 0
2020-03-02 570 3935.129 0 0
2020-03-03 557 4004.651 69.522 1.767
2020-03-04 571 3961.029 -43.622 -1.089
2020-03-05 557 4040.31 79.281 2.002
2020-03-06 564 3961.486 -78.824 -1.951
2020-03-07 578 3892.428 -69.058 -1.743
2020-03-08 578 3892.428 0 0
2020-03-09 555 3892.428 0 0
2020-03-10 616 3635.826 -256.602 -6.592
2020-03-11 571 3779.14 143.314 3.942
2020-03-12 560 3698.77 -80.37 -2.127
2020-03-13 597 3479.532 -219.238 -5.927
2020-03-14 571 3609.222 129.69 3.727
2020-03-15 571 3609.222 0 0
2020-03-16 547 3609.222 0 0
2020-03-17 605 3348.762 -260.46 -7.217
2020-03-18 564 3468.748 119.986 3.583
2020-03-19 603 3299.159 -169.589 -4.889
2020-03-20 594 3355.551 56.392 1.709
2020-03-21 628 3208.97 -146.581 -4.368
2020-03-22 628 3208.97 0 0
2020-03-23 620 3208.97 0 0
2020-03-24 631 3141.569 -67.401 -2.1
2020-03-25 597 3346.345 204.776 6.518
2020-03-26 596 3373.739 27.394 0.819
2020-03-27 596 3478.925 105.186 3.118
2020-03-28 611 3392.843 -86.082 -2.474
2020-03-29 611 3392.843 0 0
2020-03-30 611 3392.843 0 0
2020-03-31 597 3438.094 45.251 1.334
