2019-11-07 1619 1514.691 0 0
2020-01-19 1646 1540.818 26.127 1.725
2020-02-07 1653 1517.128 -23.69 -1.537
2020-02-15 1662 1514.229 -2.899 -0.191
2020-02-16 1662 1514.229 0 0
2020-02-17 1670 1511.545 -2.684 -0.177
2020-02-18 1670 1511.545 0 0
2020-02-19 1669 1512.382 0.837 0.055
2020-02-20 1668 1518.737 6.355 0.42
2020-02-21 1664 1519.741 1.004 0.066
2020-02-22 1667 1514.115 -5.626 -0.37
2020-02-23 1667 1514.115 0 0
2020-02-24 1653 1514.115 0 0
2020-02-25 1661 1497.674 -16.441 -1.086
2020-02-26 1664 1482.136 -15.538 -1.037
2020-02-27 1657 1471.781 -10.355 -0.699
2020-02-28 1652 1454.238 -17.543 -1.192
2020-02-29 1645 1455.88 1.642 0.113
