2024-03-30 2080 1509.807 0 0
2024-03-31 2080 1509.807 0 0
2024-04-02 2088 1509.807 0 0
2024-04-03 2085 1509.807 0 0
2024-04-04 2081 1509.807 0 0
2024-04-05 2082 1509.807 0 0
2024-04-06 2083 1509.807 0 0
2024-04-07 2083 1509.807 0 0
2024-04-08 2079 1509.807 0 0
2024-04-09 2083 1509.807 0 0
2024-04-10 2081 1509.807 0 0
2024-04-11 2075 1509.807 0 0
2024-04-12 2067 1509.807 0 0
2024-04-13 2064 1509.807 0 0
2024-04-14 2064 1509.807 0 0
2024-04-15 2067 1509.807 0 0
2024-04-16 2058 1509.807 0 0
2024-04-17 2056 1509.807 0 0
2024-04-18 2058 1509.807 0 0
2024-04-19 2056 1509.807 0 0
2024-04-20 2058 1509.807 0 0
2024-04-21 2058 1509.807 0 0
2024-04-22 2063 1509.807 0 0
2024-04-23 2065 1509.807 0 0
2024-04-24 2072 1509.807 0 0
2024-04-25 2073 1509.807 0 0
2024-04-26 2079 1509.807 0 0
2024-04-27 2079 1509.807 0 0
2024-04-28 2079 1509.807 0 0
2024-04-29 2086 1509.807 0 0
2024-04-30 2082 1509.807 0 0
