2019-11-07 1983 1138.33 0 0
2020-01-19 1730 1446.967 308.637 27.113
2020-02-07 1705 1452.773 5.806 0.401
2020-02-15 1612 1579.61 126.837 8.731
2020-02-16 1613 1579.61 0 0
2020-02-17 1611 1588.865 9.255 0.586
2020-02-18 1613 1582.829 -6.036 -0.38
2020-02-19 1650 1535.544 -47.285 -2.987
2020-02-20 1642 1546.014 10.47 0.682
2020-02-21 1656 1525.238 -20.776 -1.344
2020-02-22 1661 1520.167 -5.071 -0.332
2020-02-23 1661 1520.167 0 0
2020-02-24 1675 1496.223 -23.944 -1.575
2020-02-25 1663 1490.416 -5.807 -0.388
2020-02-26 1712 1413.326 -77.09 -5.172
2020-02-27 1655 1473.651 60.325 4.268
2020-02-28 1762 1339.701 -133.95 -9.09
2020-02-29 1750 1344.685 4.984 0.372
2020-03-01 1754 1344.685 0 0
2020-03-02 1706 1405.764 61.079 4.542
2020-03-03 1641 1485.743 79.979 5.689
2020-03-04 1691 1439.786 -45.957 -3.093
2020-03-05 1689 1434.66 -5.126 -0.356
2020-03-06 1678 1434.097 -0.563 -0.039
2020-03-07 1670 1434.51 0.413 0.029
2020-03-08 1663 1434.51 0 0
2020-03-09 1720 1355.182 -79.328 -5.53
2020-03-10 1674 1389.426 34.244 2.527
2020-03-11 1657 1386.931 -2.495 -0.18
2020-03-12 1655 1352.443 -34.488 -2.487
2020-03-13 1671 1306.622 -45.821 -3.388
2020-03-14 1675 1305.221 -1.401 -0.107
2020-03-15 1674 1305.221 0 0
2020-03-16 1700 1240.95 -64.271 -4.924
2020-03-17 1727 1206.713 -34.237 -2.759
2020-03-18 1769 1149.488 -57.225 -4.742
2020-03-19 1742 1151.497 2.009 0.175
2020-03-20 1789 1121.136 -30.361 -2.637
2020-03-21 1784 1125.102 3.966 0.354
2020-03-22 1784 1125.102 0 0
2020-03-23 1841 1059.91 -65.192 -5.794
2020-03-24 1839 1052.078 -7.832 -0.739
2020-03-25 1854 1062.628 10.55 1.003
2020-03-26 1840 1109.002 46.374 4.364
2020-03-27 1863 1098.73 -10.272 -0.926
2020-03-28 1885 1074.5 -24.23 -2.205
2020-03-29 1885 1074.5 0 0
2020-03-30 1885 1074.5 0 0
2020-03-31 1899 1055.795 -18.705 -1.741
2020-04-01 1896 1060.216 4.421 0.419
2020-04-02 1890 1053.578 -6.638 -0.626
2020-04-03 1871 1072.147 18.569 1.762
2020-04-04 1848 1087.177 15.03 1.402
2020-04-05 1848 1087.177 0 0
2020-04-06 1848 1087.177 0 0
2020-04-07 1854 1112.531 25.354 2.332
2020-04-08 2004 1113.718 1.187 0.107
2020-04-09 1996 1119.984 6.266 0.563
2020-04-10 2029 1094.049 -25.935 -2.316
2020-04-11 2029 1094.049 0 0
2020-04-12 2029 1094.049 0 0
2020-04-13 2047 1075.346 -18.703 -1.71
2020-04-14 2019 1113.581 38.235 3.556
2020-04-15 1984 1129.957 16.376 1.471
2020-04-16 1992 1119.265 -10.692 -0.946
2020-04-17 1997 1121.511 2.246 0.201
2020-04-18 2000 1121.067 -0.444 -0.04
2020-04-19 2000 1121.067 0 0
2020-04-20 1962 1152.425 31.358 2.797
2020-04-21 1985 1120.479 -31.946 -2.772
2020-04-23 1968 1143.242 22.763 2.032
2020-04-24 1981 1130.671 -12.571 -1.1
2020-04-25 1977 1130.017 -0.654 -0.058
2020-04-26 1977 1130.017 0 0
2020-04-27 2020 1102.652 -27.365 -2.422
2020-04-28 2040 1087.016 -15.636 -1.418
2020-04-29 2026 1105.846 18.83 1.732
2020-04-30 1909 1215.018 109.172 9.872
2020-05-01 1906 1218.929 3.911 0.322
2020-05-02 1905 1218.929 0 0
2020-05-03 1905 1218.929 0 0
2020-05-04 1905 1218.929 0 0
2020-05-05 1895 1218.929 0 0
2020-05-06 1875 1242.429 23.5 1.928
2020-05-07 1907 1209.15 -33.279 -2.679
2020-05-08 1909 1213.741 4.591 0.38
2020-05-09 1913 1215.799 2.058 0.17
2020-05-10 1913 1215.799 0 0
2020-05-11 1925 1209.451 -6.348 -0.522
2020-05-12 1910 1213.426 3.975 0.329
2020-05-13 1942 1195.201 -18.225 -1.502
2020-05-14 1955 1175.732 -19.469 -1.629
2020-05-15 1941 1183.567 7.835 0.666
2020-05-16 1943 1182.617 -0.95 -0.08
2020-05-17 1943 1182.617 0 0
2020-05-18 1990 1139.495 -43.122 -3.646
2020-05-19 1965 1171.587 32.092 2.816
2020-05-20 1970 1173.186 1.599 0.136
2020-05-21 1996 1148.302 -24.884 -2.121
2020-05-23 2027 1110.895 -37.407 -3.258
2020-05-24 2027 1110.895 0 0
2020-05-25 2056 1093.195 -17.7 -1.593
2020-05-26 2046 1108.928 15.733 1.439
2020-05-27 2047 1115.325 6.397 0.577
2020-05-28 2057 1102.987 -12.338 -1.106
2020-05-29 2071 1095.154 -7.833 -0.71
2020-05-30 2067 1097.239 2.085 0.19
2020-05-31 2067 1097.239 0 0
2020-06-01 2032 1137.727 40.488 3.69
2020-06-02 2037 1143.764 6.037 0.531
2020-06-03 1990 1186.796 43.032 3.762
2020-06-04 1946 1220.082 33.286 2.805
2020-06-05 1990 1199.028 -21.054 -1.726
2020-06-06 1976 1205.068 6.04 0.504
2020-06-07 1977 1205.068 0 0
2020-06-08 1978 1205.464 0.396 0.033
2020-06-09 1884 1309.039 103.575 8.592
2020-06-10 1897 1293.707 -15.332 -1.171
2020-06-11 1827 1359.048 65.341 5.051
2020-06-12 1834 1348.974 -10.074 -0.741
2020-06-13 1832 1348.135 -0.839 -0.062
2020-06-14 1832 1348.135 0 0
2020-06-15 1867 1306.444 -41.691 -3.092
2020-06-16 1868 1314.188 7.744 0.593
2020-06-17 1859 1320.511 6.323 0.481
2020-06-18 1861 1316.148 -4.363 -0.33
2020-06-19 1831 1355.458 39.31 2.987
2020-06-20 1827 1355.63 0.172 0.013
2020-06-21 1827 1355.63 0 0
2020-06-22 1814 1369.519 13.889 1.025
2020-06-23 1826 1364.669 -4.85 -0.354
2020-06-24 1826 1364.669 0 0
2020-06-25 1824 1361.994 -2.675 -0.196
2020-06-26 1819 1361.994 0 0
2020-06-27 1816 1361.994 0 0
2020-06-28 1816 1361.994 0 0
2020-06-29 1850 1325.466 -36.528 -2.682
2020-06-30 1866 1311.354 -14.112 -1.065
2020-07-01 1871 1305.272 -6.082 -0.464
2020-07-07 1803 1404.537 99.265 7.605
2020-07-08 1816 1402.559 -1.978 -0.141
2020-07-09 1753 1465.878 63.319 4.515
2020-07-10 1779 1439.415 -26.463 -1.805
2020-07-11 1779 1435.511 -3.904 -0.271
2020-07-12 1779 1435.511 0 0
2020-07-13 1764 1451.95 16.439 1.145
2020-07-14 1789 1430.327 -21.623 -1.489
2020-07-15 1820 1401.197 -29.13 -2.037
2020-07-16 1834 1388.391 -12.806 -0.914
2020-07-17 1897 1319.083 -69.308 -4.992
2020-07-18 1897 1319.083 0 0
2020-07-20 1894 1328.28 9.197 0.697
2020-07-21 1867 1356.368 28.088 2.115
2020-07-22 1863 1366.464 10.096 0.744
2020-07-23 1821 1409.191 42.727 3.127
2020-07-24 1878 1341.103 -68.088 -4.832
2020-07-25 1878 1337.052 -4.051 -0.302
2020-07-26 1871 1337.052 0 0
2020-07-27 1887 1317.438 -19.614 -1.467
2020-07-28 1849 1361.772 44.334 3.365
2020-07-29 1847 1368.505 6.733 0.494
2020-07-30 1862 1356.025 -12.48 -0.912
2020-07-31 1835 1388.127 32.102 2.367
