2020-01-19 748 3412.19 0 0
2020-02-07 747 3346.411 -65.779 -1.966
2020-02-15 747 3334.162 -12.249 -0.367
2020-02-16 747 3334.162 0 0
2020-02-17 749 3333.227 -0.935 -0.028
2020-02-18 750 3333.227 0 0
2020-02-19 751 3323.24 -9.987 -0.301
2020-02-20 1039 2481.912 -841.328 -33.898
2020-02-21 1037 2464.549 -17.363 -0.705
2020-02-22 1040 2466.02 1.471 0.06
2020-02-23 1040 2466.02 0 0
2020-02-24 1037 2464.431 -1.589 -0.064
2020-02-25 1037 2458.028 -6.403 -0.26
2020-02-26 1025 2451.363 -6.665 -0.272
2020-02-27 1028 2431.519 -19.844 -0.816
2020-02-28 1005 2439.206 7.687 0.315
2020-02-29 1019 2391.397 -47.809 -1.999
2020-03-01 1021 2391.397 0 0
2020-03-02 1031 2390.94 -0.457 -0.019
2020-03-03 1027 2416.211 25.271 1.046
2020-03-04 1012 2455.614 39.403 1.605
2020-03-05 1005 2456.263 0.649 0.026
2020-03-06 998 2448.957 -7.306 -0.298
2020-03-07 995 2458.049 9.092 0.37
2020-03-08 995 2458.049 0 0
2020-03-09 973 2455.759 -2.29 -0.093
2020-03-10 957 2464.405 8.646 0.351
2020-03-11 973 2398.007 -66.398 -2.769
2020-03-12 932 2407.886 9.879 0.41
2020-03-13 952 2323.833 -84.053 -3.617
2020-03-14 977 2277.216 -46.617 -2.047
2020-03-15 977 2278.273 1.057 0.046
2020-03-16 946 2274.917 -3.356 -0.148
2020-03-17 942 2268.289 -6.628 -0.292
2020-03-18 961 2207.768 -60.521 -2.741
2020-03-19 988 2148.891 -58.877 -2.74
2020-03-20 986 2168.007 19.116 0.882
2020-03-21 992 2160.785 -7.222 -0.334
2020-03-22 992 2160.785 0 0
2020-03-23 985 2155.419 -5.366 -0.249
2020-03-24 992 2122.545 -32.874 -1.549
2020-03-25 985 2186.012 63.467 2.903
2020-03-26 994 2198.147 12.135 0.552
2020-03-27 996 2231.205 33.058 1.482
2020-03-28 970 2261.496 30.291 1.339
2020-03-29 970 2261.496 0 0
2020-03-30 970 2261.496 0 0
2020-03-31 965 2273.248 11.752 0.517
