2022-04-05 2679 1013.688 0 0
2022-04-06 2687 990.517 -23.171 -2.339
2022-04-09 2584 1057.3 66.783 6.316
2022-04-10 2585 1057.3 0 0
2022-04-11 2605 1031.46 -25.84 -2.505
2022-04-12 2617 1020.031 -11.429 -1.12
2022-04-13 2630 1005.059 -14.972 -1.49
2022-04-14 2572 1054.906 49.847 4.725
2022-04-15 2564 1062.843 7.937 0.747
2022-04-16 2564 1062.843 0 0
2022-04-17 2564 1062.843 0 0
2022-04-18 2549 1072.229 9.386 0.875
2022-04-19 2497 1111.554 39.325 3.538
2022-04-20 2491 1114.478 2.924 0.262
2022-04-21 2552 1048.43 -66.048 -6.3
2022-04-22 2559 1034.78 -13.65 -1.319
2022-04-23 2564 1028.878 -5.902 -0.574
2022-04-24 2564 1028.878 0 0
2022-04-25 2583 979.172 -49.706 -5.076
2022-04-28 2500 1045.132 65.96 6.311
2022-04-29 2433 1101.503 56.371 5.118
2022-04-30 2434 1105.717 4.214 0.381
