2019-11-07 839 2938.871 0 0
2020-01-19 948 2771.572 -167.299 -5.693
2020-02-07 855 2987.474 215.902 7.79
2020-02-15 832 3081.254 93.78 3.139
2020-02-16 832 3081.254 0 0
2020-02-17 825 3101.963 20.709 0.672
2020-02-18 820 3121.638 19.675 0.634
2020-02-19 1145 2282.052 -839.586 -26.896
2020-02-20 1327 1979.947 -302.105 -13.238
2020-02-21 1308 2007.162 27.215 1.375
2020-02-22 1308 2008.36 1.198 0.06
2020-02-23 1308 2008.36 0 0
2020-02-24 1326 1962.363 -45.997 -2.29
2020-02-25 1300 1991.999 29.636 1.51
2020-02-26 1392 1826.303 -165.696 -8.318
2020-02-27 1434 1747.409 -78.894 -4.32
2020-02-28 1551 1567.992 -179.417 -10.268
2020-02-29 1571 1537.259 -30.733 -1.96
2020-03-01 1580 1537.259 0 0
2020-03-02 1435 1728.075 190.816 12.413
2020-03-03 1458 1701.231 -26.844 -1.553
2020-03-04 1511 1640.031 -61.2 -3.597
2020-03-05 1531 1616.055 -23.976 -1.462
2020-03-06 1561 1567.701 -48.354 -2.992
2020-03-07 1555 1573.521 5.82 0.371
2020-03-08 1553 1573.521 0 0
2020-03-09 1656 1415.127 -158.394 -10.066
2020-03-10 1581 1499.879 84.752 5.989
2020-03-11 1667 1377.685 -122.194 -8.147
2020-03-12 1653 1356.317 -21.368 -1.551
2020-03-13 1631 1352.977 -3.34 -0.246
2020-03-14 1659 1325.836 -27.141 -2.006
2020-03-15 1688 1288.844 -36.992 -2.79
2020-03-16 1626 1323.939 35.095 2.723
2020-03-17 1693 1232.429 -91.51 -6.912
2020-03-18 1786 1128.144 -104.285 -8.462
2020-03-19  973.368 -154.776 -13.72
2020-03-21 1825 1096.211 122.843 12.62
2020-03-22 1825 1096.211 0 0
2020-03-23 1779 1114.229 18.018 1.644
2020-03-24 1797 1097.235 -16.994 -1.525
2020-03-25 1629 1282.518 185.283 16.886
2020-03-26 1751 1182.427 -100.091 -7.804
2020-03-27 1635 1320.297 137.87 11.66
2020-03-28 1541 1404.205 83.908 6.355
2020-03-29 1541 1404.205 0 0
2020-03-30 1541 1404.205 0 0
2020-03-31 1429 1538.682 134.477 9.577
2020-04-01 1351 1647.944 109.262 7.101
2020-04-02 1415 1535.299 -112.645 -6.835
2020-04-03 1520 1430.087 -105.212 -6.853
2020-04-04 1558 1380.646 -49.441 -3.457
2020-04-05 1558 1380.646 0 0
2020-04-06 1558 1380.646 0 0
2020-04-07 1560 1404.353 23.707 1.717
2020-04-08 1578 1478.001 73.648 5.244
2020-04-09 1501 1563.068 85.067 5.756
2020-04-10 1482 1587.719 24.651 1.577
2020-04-11 1482 1587.719 0 0
2020-04-12 1482 1587.719 0 0
2020-04-13 1471 1587.719 0 0
2020-04-14 1489 1591.341 3.622 0.228
2020-04-15 1485 1584.49 -6.851 -0.431
2020-04-16 1528 1533.04 -51.45 -3.247
2020-04-17 1505 1564.875 31.835 2.077
2020-04-18 1499 1577.518 12.643 0.808
2020-04-19 1499 1577.518 0 0
2020-04-20 1496 1580.459 2.941 0.186
2020-04-21 1669 1393.317 -187.142 -11.841
2020-04-23 1474 1599.626 206.309 14.807
2020-04-24 1433 1636.837 37.211 2.326
2020-04-25 1435 1632.557 -4.28 -0.261
2020-04-26 1436 1632.557 0 0
2020-04-27 1368 1725.941 93.384 5.72
2020-04-28 1349 1755.347 29.406 1.704
2020-04-29 1335 1794.838 39.491 2.25
2020-04-30 1286 1909.841 115.003 6.407
