2022-01-16 622 4828.646 0 0
2022-01-17 608 4902.972 74.326 1.516
2022-01-18 578 5052.845 149.873 2.966
2022-01-19 560 5167.401 114.556 2.217
2022-01-20 559 5177.526 10.125 0.196
2022-01-22 556 5170.609 -6.917 -0.134
2022-01-23 556 5170.609 0 0
2022-01-24 567 5082.638 -87.971 -1.731
2022-01-25 584 4939.13 -143.508 -2.906
2022-01-26 583 4963.971 24.841 0.5
2022-01-27 591 4855.692 -108.279 -2.23
2022-01-28 583 4895.882 40.19 0.821
2022-01-29 587 4895.036 -0.846 -0.017
2022-01-30 587 4895.036 0 0
2022-01-31 595 4895.036 0 0
2022-02-01 600 4895.036 0 0
2022-02-02 602 4895.036 0 0
2022-02-03 600 4895.036 0 0
2022-02-04 603 4895.036 0 0
2022-02-05 598 4895.036 0 0
2022-02-06 598 4895.036 0 0
2022-02-07 645 4645.027 -250.009 -5.382
2022-02-08 629 4725.92 80.893 1.712
2022-02-09 655 4655.371 -70.549 -1.515
2022-02-10 641 4722.269 66.898 1.417
2022-02-11 614 4823.501 101.232 2.099
2022-02-12 610 4823.349 -0.152 -0.003
2022-02-13 612 4823.349 0 0
2022-02-14 649 4595.296 -228.053 -4.963
2022-02-15 654 4610.496 15.2 0.33
2022-02-16 637 4728.461 117.965 2.495
2022-02-17 628 4761.585 33.124 0.696
2022-02-18 614 4814.488 52.903 1.099
2022-02-19 613 4822.479 7.991 0.166
2022-02-20 613 4822.479 0 0
2022-02-21 621 4751.937 -70.542 -1.484
2022-02-22 640 4671.471 -80.466 -1.722
2022-02-23 650 4545.597 -125.874 -2.769
2022-02-24 675 4400.624 -144.973 -3.294
2022-02-25 668 4405.74 5.116 0.116
2022-02-26 682 4386.655 -19.085 -0.435
2022-02-27 682 4386.655 0 0
2022-02-28 692 4318.681 -67.974 -1.574
2022-03-01 672 4417.061 98.38 2.227
2022-03-02 684 4350.111 -66.95 -1.539
2022-03-03 686 4297.957 -52.154 -1.213
2022-03-04 684 4283.512 -14.445 -0.337
2022-03-05 680 4283.105 -0.407 -0.01
2022-03-06 681 4283.105 0 0
2022-03-07 684 4207.741 -75.364 -1.791
2022-03-08 699 4061.622 -146.119 -3.598
2022-03-09 722 4002.175 -59.447 -1.485
2022-03-10 697 4139.62 137.445 3.32
2022-03-11 705 4088.905 -50.715 -1.24
2022-03-12 703 4088.323 -0.582 -0.014
2022-03-13 704 4088.323 0 0
2022-03-14 734 3967.421 -120.902 -3.047
2022-03-15 787 3658.969 -308.452 -8.43
2022-03-16 769 3827.63 168.661 4.406
2022-03-17 736 4048.999 221.369 5.467
2022-03-18 723 4120.26 71.261 1.73
2022-03-19 727 4109.966 -10.294 -0.25
2022-03-20 727 4109.966 0 0
2022-03-21 738 4030.321 -79.645 -1.976
2022-03-22 742 4031.531 1.21 0.03
2022-03-23 758 3992.812 -38.719 -0.97
2022-03-24 793 3811.266 -181.546 -4.763
2022-03-25 793 3781.661 -29.605 -0.783
2022-03-26 793 3783.503 1.842 0.049
2022-03-27 793 3783.503 0 0
2022-03-28 798 3764.14 -19.363 -0.514
2022-03-29 803 3802.567 38.427 1.011
2022-03-30 742 4117.182 314.615 7.642
