2021-04-25 2511 1176.265 0 0
2021-04-26 2447 1224.544 48.279 3.943
2021-04-27 2398 1261.04 36.496 2.894
2021-04-28 2417 1244.517 -16.523 -1.328
2021-04-29 2484 1198.144 -46.373 -3.87
2021-04-30 2466 1211.12 12.976 1.071
2021-05-01 2464 1210.128 -0.992 -0.082
2021-05-02 2463 1210.128 0 0
2021-05-03 2462 1210.128 0 0
2021-05-04 2452 1210.128 0 0
2021-05-05 2456 1210.128 0 0
2021-05-06 2292 1337.57 127.442 9.528
2021-05-07 2363 1268.644 -68.926 -5.433
2021-05-08 2366 1271.649 3.005 0.236
2021-05-09 2366 1271.649 0 0
2021-05-10 2352 1286.118 14.469 1.125
2021-05-11 2391 1251.733 -34.385 -2.747
2021-05-12 2273 1355.733 104 7.671
2021-05-13 2327 1299.392 -56.341 -4.336
2021-05-14 2308 1329.518 30.126 2.266
2021-05-15 2305 1333.65 4.132 0.31
2021-05-16 2305 1333.65 0 0
2021-05-17 2236 1396.375 62.725 4.492
2021-05-18 2221 1412.365 15.99 1.132
2021-05-19 2219 1415.398 3.033 0.214
2021-05-20 2214 1422.222 6.824 0.48
2021-05-21 2261 1390.622 -31.6 -2.272
2021-05-22 2257 1391.032 0.41 0.029
2021-05-24 2264 1389.016 -2.016 -0.145
2021-05-25 2165 1467.428 78.412 5.343
2021-05-26 2216 1431.009 -36.419 -2.545
2021-05-27 2161 1482.337 51.328 3.463
2021-05-28 2223 1429.955 -52.382 -3.663
2021-05-29 2222 1432.224 2.269 0.158
2021-05-30 2222 1432.224 0 0
2021-05-31 2133 1505.816 73.592 4.887
2021-06-01 2155 1489.89 -15.926 -1.069
2021-06-02 2318 1348.833 -141.057 -10.458
2021-06-03 2341 1321.442 -27.391 -2.073
2021-06-04 2349 1318.554 -2.888 -0.219
2021-06-05 2351 1315.283 -3.271 -0.249
2021-06-06 2351 1315.283 0 0
2021-06-07 2312 1353.18 37.897 2.801
2021-06-08 2380 1295.417 -57.763 -4.459
2021-06-09 2336 1337.275 41.858 3.13
2021-06-10 2328 1343.809 6.534 0.486
2021-06-11 2395 1286.122 -57.687 -4.485
2021-06-12 2392 1286.162 0.04 0.003
2021-06-13 2392 1286.162 0 0
2021-06-14 2393 1286.162 0 0
2021-06-16 2320 1341.742 55.58 4.142
2021-06-17 2199 1439.585 97.843 6.797
2021-06-18 2189 1432.576 -7.009 -0.489
2021-06-19 2189 1432.576 0 0
2021-06-20 2190 1429.774 -2.802 -0.196
2021-06-21 2079 1525.44 95.666 6.271
2021-06-22 2049 1557.713 32.273 2.072
2021-06-23 2067 1549.185 -8.528 -0.55
2021-06-24 2066 1553.308 4.123 0.265
2021-06-25 2026 1600.041 46.733 2.921
2021-06-26 2026 1604.652 4.611 0.287
2021-06-27 2026 1604.652 0 0
2021-06-28 1946 1700.9 96.248 5.659
2021-06-29 1966 1678.298 -22.602 -1.347
2021-06-30 1955 1677.815 -0.483 -0.029
2021-07-01 1860 1766.061 88.246 4.997
2021-07-02 1977 1648.477 -117.584 -7.133
2021-07-03 1979 1643.849 -4.628 -0.282
2021-07-04 1979 1643.849 0 0
2021-07-05 1982 1636.214 -7.635 -0.467
2021-07-06 2024 1579.438 -56.776 -3.595
2021-07-07 1973 1640.744 61.306 3.736
2021-07-08 1995 1610.421 -30.323 -1.883
2021-07-09 2064 1541.019 -69.402 -4.504
2021-07-10 2067 1540.092 -0.927 -0.06
2021-07-11 2067 1540.092 0 0
2021-07-12 2006 1608.145 68.053 4.232
2021-07-13 2309 1338.956 -269.189 -20.104
2021-07-14 2357 1299.397 -39.559 -3.044
2021-07-15 2371 1287.981 -11.416 -0.886
2021-07-16 2440 1223.286 -64.695 -5.289
2021-07-17 2441 1222.076 -1.21 -0.099
2021-07-18 2441 1222.076 0 0
2021-07-19 2400 1251.792 29.716 2.374
2021-07-20 2462 1199.81 -51.982 -4.333
2021-07-21 2315 1311.741 111.931 8.533
2021-07-22 2345 1293.129 -18.612 -1.439
2021-07-23 2408 1236.644 -56.485 -4.568
2021-07-24 2408 1234.716 -1.928 -0.156
2021-07-25 2408 1234.716 0 0
2021-07-26 2403 1231.08 -3.636 -0.295
2021-07-27 2376 1241.036 9.956 0.802
2021-07-28 2480 1159.188 -81.848 -7.061
2021-07-29 2366 1251.94 92.752 7.409
2021-07-30 2392 1236.199 -15.741 -1.273
2021-07-31 2387 1237.424 1.225 0.099
2021-08-01 2387 1237.424 0 0
2021-08-02 2278 1339.492 102.068 7.62
2021-08-03 2259 1354.824 15.332 1.132
2021-08-04 2206 1397.724 42.9 3.069
2021-08-05 2246 1368.063 -29.661 -2.168
2021-08-06 2276 1339.624 -28.439 -2.123
2021-08-07 2273 1338.278 -1.346 -0.101
2021-08-08 2273 1338.278 0 0
2021-08-09 2227 1385.45 47.172 3.405
2021-08-10 2209 1397.775 12.325 0.882
2021-08-11 2168 1426.872 29.097 2.039
2021-08-13 2283 1337.119 -89.753 -6.712
2021-08-14 2282 1335.923 -1.196 -0.09
2021-08-15 2282 1335.923 0 0
2021-08-16 2245 1354.748 18.825 1.39
2021-08-17 2300 1307.574 -47.174 -3.608
2021-08-18 2303 1295.149 -12.425 -0.959
2021-08-19 2266 1322.853 27.704 2.094
2021-08-20 2300 1286.095 -36.758 -2.858
2021-08-21 2298 1284.71 -1.385 -0.108
2021-08-22 2298 1284.71 0 0
2021-08-23 2117 1447.331 162.621 11.236
2021-08-24 2057 1518.018 70.687 4.657
2021-08-25 2060 1517.582 -0.436 -0.029
2021-08-26 2098 1475.377 -42.205 -2.861
2021-08-27 1972 1607.8 132.423 8.236
2021-08-28 1977 1608.867 1.067 0.066
2021-08-29 1977 1608.867 0 0
2021-08-30 1933 1660.995 52.128 3.138
2021-08-31 2058 1530.85 -130.145 -8.501
2021-09-01 2070 1527.705 -3.145 -0.206
2021-09-02 2059 1541.35 13.645 0.885
2021-09-03 2117 1479.953 -61.397 -4.149
2021-09-04 2115 1481.007 1.054 0.071
2021-09-05 2115 1481.007 0 0
2021-09-06 2143 1457.827 -23.18 -1.59
2021-09-07 2104 1500.728 42.901 2.859
2021-09-08 2047 1551.027 50.299 3.243
2021-09-09 2015 1573.57 22.543 1.433
2021-09-10 1992 1586.743 13.173 0.83
2021-09-11 1989 1590.685 3.942 0.248
2021-09-12 1989 1590.685 0 0
2021-09-13 2037 1551.524 -39.161 -2.524
2021-09-14 2016 1564.64 13.116 0.838
2021-09-15 1994 1580.497 15.857 1.003
2021-09-16 2101 1483.816 -96.681 -6.516
2021-09-17 2115 1466.744 -17.072 -1.164
2021-09-18 2115 1465.016 -1.728 -0.118
2021-09-19 2113 1465.016 0 0
2021-09-20 2105 1465.016 0 0
2021-09-21 2101 1465.016 0 0
2021-09-22 2185 1396.246 -68.77 -4.925
2021-09-23 2169 1413.548 17.302 1.224
2021-09-24 2193 1391.858 -21.69 -1.558
2021-09-25 2188 1390.889 -0.969 -0.07
2021-09-26 2188 1390.889 0 0
2021-09-27 2141 1436.452 45.563 3.172
2021-09-28 2155 1406.76 -29.692 -2.111
2021-09-29 2183 1382.737 -24.023 -1.737
2021-09-30 2155 1400.307 17.57 1.255
2021-10-01 2154 1401.543 1.236 0.088
2021-10-02 2154 1401.543 0 0
2021-10-03 2154 1401.543 0 0
2021-10-05 2161 1401.543 0 0
2021-10-06 2175 1401.543 0 0
2021-10-07 2179 1401.543 0 0
2021-10-08 2216 1377.75 -23.793 -1.727
2021-10-09 2212 1380.57 2.82 0.204
2021-10-10 2212 1380.57 0 0
2021-10-11 2194 1397.743 17.173 1.229
2021-10-12 2246 1345.323 -52.42 -3.896
2021-10-13 2246 1350.666 5.343 0.396
2021-10-14 2239 1360.531 9.865 0.725
2021-10-15 2137 1456.204 95.673 6.57
2021-10-16 2135 1457.291 1.087 0.075
2021-10-17 2134 1457.291 0 0
2021-10-18 2187 1411.928 -45.363 -3.213
2021-10-19 2206 1400.971 -10.957 -0.782
2021-10-20 2156 1449.656 48.685 3.358
2021-10-21 2271 1350.988 -98.668 -7.303
2021-10-22 2334 1295.368 -55.62 -4.294
2021-10-23 2333 1297.172 1.804 0.139
2021-10-25 2520 1139.218 -157.954 -13.865
2021-10-26 2588 1096.333 -42.885 -3.912
2021-10-27 2645 1034.048 -62.285 -6.023
2021-10-28 2669 1012.132 -21.916 -2.165
2021-10-29 2658 1022.494 10.362 1.013
2021-10-30 2660 1022.558 0.064 0.006
2021-10-31 2660 1022.558 0 0
2021-11-01 2608 1072.977 50.419 4.699
2021-11-02 2625 1055.114 -17.863 -1.693
2021-11-03 2613 1068.1 12.986 1.216
2021-11-04 2560 1108.725 40.625 3.664
2021-11-05 2490 1157.476 48.751 4.212
2021-11-06 2493 1156.5 -0.976 -0.084
2021-11-07 2493 1156.5 0 0
2021-11-08 2503 1145.09 -11.41 -0.996
2021-11-09 2527 1134.698 -10.392 -0.916
2021-11-10 2501 1156.252 21.554 1.864
2021-11-11 2497 1157.62 1.368 0.118
2021-11-12 2498 1157.591 -0.029 -0.003
2021-11-13 2498 1160.036 2.445 0.211
2021-11-14 2498 1160.036 0 0
2021-11-15 2471 1177.178 17.142 1.456
2021-11-16 2506 1154.114 -23.064 -1.998
2021-11-17 2507 1143.623 -10.491 -0.917
2021-11-18 2504 1142.476 -1.147 -0.1
2021-11-19 2503 1146.594 4.118 0.359
2021-11-20 2499 1146.54 -0.054 -0.005
2021-11-21 2499 1146.54 0 0
2021-11-22 2519 1129.299 -17.241 -1.527
2021-11-23 2411 1213.255 83.956 6.92
2021-11-24 2383 1234.183 20.928 1.696
2021-11-25 2418 1207.537 -26.646 -2.207
2021-11-26 2432 1184.671 -22.866 -1.93
2021-11-27 2430 1184.022 -0.649 -0.055
2021-11-28 2430 1184.022 0 0
2021-11-29 2320 1273.143 89.121 7
2021-11-30 2357 1236.789 -36.354 -2.939
2021-12-01 2411 1195.318 -41.471 -3.469
2021-12-02 2459 1153.758 -41.56 -3.602
2021-12-03 2464 1149.484 -4.274 -0.372
2021-12-04 2466 1150.242 0.758 0.066
2021-12-05 2466 1150.242 0 0
2021-12-06 2485 1130.967 -19.275 -1.704
2021-12-07 2529 1094.759 -36.208 -3.307
2021-12-08 2522 1113.223 18.464 1.659
2021-12-09 2474 1154.539 41.316 3.579
2021-12-10 2502 1126.833 -27.706 -2.459
2021-12-11 2513 1122.445 -4.388 -0.391
2021-12-12 2506 1122.445 0 0
2021-12-13 2450 1165.104 42.659 3.661
2021-12-14 2473 1147.915 -17.189 -1.497
2021-12-15 2515 1106.633 -41.282 -3.73
2021-12-16 2491 1126.991 20.358 1.806
2021-12-17 2552 1082.627 -44.364 -4.098
2021-12-18 2551 1081.591 -1.036 -0.096
2021-12-19 2552 1081.591 0 0
2021-12-20 2568 1055.66 -25.931 -2.456
2021-12-21 2550 1079.929 24.269 2.247
2021-12-22 2551 1084.587 4.658 0.429
2021-12-23 2552 1084.611 0.024 0.002
2021-12-24 2614 1036.165 -48.446 -4.676
2021-12-25 2617 1036.572 0.407 0.039
2021-12-26 2616 1036.572 0 0
2021-12-27 2644 1013.075 -23.497 -2.319
2021-12-28 2615 1040.232 27.157 2.611
2021-12-29 2615 1029.972 -10.26 -0.996
2021-12-30 2594 1057.217 27.245 2.577
2021-12-31 2592 1063.083 5.866 0.552
2022-01-02 2592 1063.616 0.533 0.05
2022-01-03 2593 1063.616 0 0
2022-01-04 2597 1057.472 -6.144 -0.581
2022-01-05 2640 1010.739 -46.733 -4.624
2022-01-06 2658 992.348 -18.391 -1.853
2022-07-08 2536 940.02 -52.328 -5.567
