2020-01-19 2177 1015.726 0 0
2020-02-07 1586 1603.153 587.427 36.642
2020-02-15 1607 1587.17 -15.983 -1.007
2020-02-16 1608 1587.17 0 0
2020-02-17 1613 1587.17 0 0
2020-02-18 1609 1587.17 0 0
2020-02-19 1609 1584.681 -2.489 -0.157
2020-02-20 1614 1577.78 -6.901 -0.437
2020-02-21 1619 1573.203 -4.577 -0.291
2020-02-22 1620 1573.822 0.619 0.039
2020-02-23 1620 1573.822 0 0
2020-02-24 1605 1573.822 0 0
2020-02-25 1591 1568.32 -5.502 -0.351
2020-02-26 1595 1563.06 -5.26 -0.337
2020-02-27 1572 1560.088 -2.972 -0.191
2020-02-28 1543 1579.135 19.047 1.206
2020-02-29 1552 1561.8 -17.335 -1.11
2020-03-01 1559 1561.8 0 0
2020-03-02 1569 1561.8 0 0
2020-03-03 1568 1569.258 7.458 0.475
2020-03-04 1542 1608.093 38.835 2.415
2020-03-05 1540 1604.34 -3.753 -0.234
2020-03-06 1536 1595.162 -9.178 -0.575
2020-03-07 1521 1602.654 7.492 0.467
2020-03-08 1518 1602.654 0 0
2020-03-09 1503 1602.654 0 0
2020-03-10 1493 1592.715 -9.939 -0.624
2020-03-11 1477 1587.56 -5.155 -0.325
2020-03-12 1451 1574.752 -12.808 -0.813
2020-03-13 1461 1546.8 -27.952 -1.807
2020-03-14 1471 1543.742 -3.058 -0.198
2020-03-15 1471 1543.742 0 0
2020-03-16 1427 1543.742 0 0
2020-03-17 1436 1520.012 -23.73 -1.561
2020-03-18 1405 1528.224 8.212 0.537
2020-03-19 1409 1506.219 -22.005 -1.461
2020-03-20 1429 1491.83 -14.389 -0.965
2020-03-21 1437 1489.849 -1.981 -0.133
2020-03-22 1437 1489.849 0 0
2020-03-23 1413 1489.849 0 0
2020-03-24 1414 1476.886 -12.963 -0.878
2020-03-25 1427 1509.317 32.431 2.149
2020-03-26 1444 1510.953 1.636 0.108
2020-03-27 1451 1528.463 17.51 1.146
2020-03-28 1457 1511.819 -16.644 -1.101
2020-03-29 1457 1511.819 0 0
2020-03-30 1457 1511.819 0 0
2020-03-31 1492 1483.057 -28.762 -1.939
2020-04-01 1497 1480.964 -2.093 -0.141
2020-04-02 1489 1459.614 -21.35 -1.463
2020-04-03 1479 1475.1 15.486 1.05
2020-04-04 1483 1454.979 -20.121 -1.383
2020-04-05 1483 1454.979 0 0
2020-04-06 1483 1454.979 0 0
2020-04-07 1527 1442.827 -12.152 -0.842
2020-04-08 1612 1442.251 -0.576 -0.04
2020-04-10 1601 1469.769 27.518 1.872
2020-04-11 1601 1469.769 0 0
2020-04-12 1601 1469.769 0 0
2020-04-13 1599 1469.769 0 0
2020-04-14 1634 1436.202 -33.567 -2.337
2020-04-15 1636 1433.608 -2.594 -0.181
2020-04-17 1657 1407.699 -25.909 -1.841
2020-04-18 1662 1408.634 0.935 0.066
2020-04-19 1662 1408.634 0 0
2020-04-20 1669 1408.634 0 0
2020-04-21 1653 1405.591 -3.043 -0.216
2020-04-23 1673 1394.684 -10.907 -0.782
2020-04-24 1657 1406.381 11.697 0.832
2020-04-25 1668 1398.201 -8.18 -0.585
2020-04-26 1668 1398.201 0 0
2020-04-27 1673 1398.201 0 0
2020-04-28 1679 1396.42 -1.781 -0.128
2020-04-29 1696 1394.983 -1.437 -0.103
2020-04-30 1693 1403.61 8.627 0.615
2020-05-01 1707 1396.38 -7.23 -0.518
2020-05-02 1709 1388.237 -8.143 -0.587
2020-05-03 1709 1388.237 0 0
2020-05-04 1696 1388.237 0 0
2020-05-05 1695 1384.417 -3.82 -0.276
2020-05-06 1720 1377.558 -6.859 -0.498
2020-05-07 1739 1357.346 -20.212 -1.489
2020-05-08 1737 1365.684 8.338 0.611
2020-05-09 1740 1372.56 6.876 0.501
2020-05-10 1740 1372.56 0 0
2020-05-11 1736 1372.56 0 0
2020-05-12 1725 1379.505 6.945 0.503
2020-05-13 1710 1396.38 16.875 1.208
2020-05-14 1702 1398.541 2.161 0.155
2020-05-15 1691 1402.359 3.818 0.272
2020-05-16 1687 1411.118 8.759 0.621
2020-05-17 1687 1411.118 0 0
2020-05-18 1688 1411.118 0 0
2020-05-19 1693 1417.925 6.807 0.48
2020-05-20 1681 1438.298 20.373 1.416
2020-05-21 1687 1438.913 0.615 0.043
2020-05-22 1685 1435.505 -3.408 -0.237
2020-05-23 1685 1432.135 -3.37 -0.235
2020-05-24 1685 1432.135 0 0
2020-05-25 1687 1432.135 0 0
2020-05-26 1698 1432.135 0 0
2020-05-27 1682 1452.878 20.743 1.428
2020-05-28 1694 1440.165 -12.713 -0.883
2020-05-29 1711 1431.61 -8.555 -0.598
2020-05-30 1713 1430.77 -0.84 -0.059
2020-05-31 1713 1430.77 0 0
2020-06-01 1721 1430.77 0 0
2020-06-02 1729 1432.871 2.101 0.147
2020-06-03 1720 1449.684 16.813 1.16
2020-06-04 1728 1450.266 0.582 0.04
2020-06-05 1736 1445.99 -4.276 -0.296
2020-06-06 1750 1438.934 -7.056 -0.49
2020-06-07 1750 1438.934 0 0
2020-06-08 1749 1438.934 0 0
2020-06-09 1758 1436.985 -1.949 -0.136
2020-06-10 1757 1435.4 -1.585 -0.11
2020-06-11 1743 1436.245 0.845 0.059
2020-06-12 1748 1429.827 -6.418 -0.449
2020-06-13 1748 1427.318 -2.509 -0.176
2020-06-14 1748 1427.318 0 0
2020-06-15 1742 1427.318 0 0
2020-06-16 1750 1425.234 -2.084 -0.146
2020-06-17 1754 1425.296 0.062 0.004
2020-06-18 1754 1425.296 0 0
2020-06-19 1759 1423.363 -1.933 -0.136
2020-06-20 1758 1425.15 1.787 0.125
2020-06-21 1758 1425.15 0 0
2020-06-22 1754 1425.15 0 0
2020-06-23 1766 1425.483 0.333 0.023
2020-06-24 1766 1425.483 0 0
2020-06-25 1756 1423.882 -1.601 -0.112
2020-06-26 1755 1423.778 -0.104 -0.007
2020-06-27 1749 1423.82 0.042 0.003
2020-06-28 1749 1423.82 0 0
2020-06-29 1751 1423.82 0 0
2020-06-30 1756 1423.82 0 0
2020-07-01 1758 1423.82 0 0
2020-07-07 1789 1423.82 0 0
2020-07-08 1796 1423.052 -0.768 -0.054
2020-07-09 1796 1421.911 -1.141 -0.08
2020-07-10 1793 1421.808 -0.103 -0.007
2020-07-11 1795 1421.704 -0.104 -0.007
2020-07-12 1795 1421.704 0 0
2020-07-13 1796 1421.704 0 0
2020-07-14 1793 1422.844 1.14 0.08
2020-07-15 1799 1421.704 -1.14 -0.08
2020-07-16 1796 1421.704 0 0
2020-07-17 1793 1423.363 1.659 0.117
2020-07-18 1793 1423.363 0 0
2020-07-20 1791 1422.637 -0.726 -0.051
2020-07-21 1793 1422.637 0 0
2020-07-22 1800 1425.588 2.951 0.207
2020-07-23 1804 1425.338 -0.25 -0.018
2020-07-24 1784 1425.296 -0.042 -0.003
2020-07-25 1781 1425.296 0 0
2020-07-26 1776 1425.296 0 0
2020-07-27 1778 1425.296 0 0
2020-07-28 1791 1423.986 -1.31 -0.092
2020-07-29 1817 1403.812 -20.174 -1.437
2020-07-30 1822 1401.051 -2.761 -0.197
2020-07-31 1822 1401.051 0 0
2020-08-04 1830 1401.051 0 0
2020-08-05 1838 1399.584 -1.467 -0.105
2020-08-06 1852 1387.941 -11.643 -0.839
2020-08-07 1898 1335.157 -52.784 -3.953
2020-08-08 1877 1348.83 13.673 1.014
2020-08-09 1877 1348.83 0 0
2020-08-10 1883 1348.83 0 0
2020-08-12 1878 1348.83 0 0
2020-08-13 1891 1336.071 -12.759 -0.955
2020-08-14 1898 1333.333 -2.738 -0.205
2020-08-15 1910 1322.135 -11.198 -0.847
2020-08-16 1910 1322.135 0 0
2020-08-17 1916 1322.135 0 0
2020-08-18 1923 1319.632 -2.503 -0.19
2020-08-19 1921 1323.3 3.668 0.277
2020-08-20 1888 1347.396 24.096 1.788
2020-08-21 1910 1328.253 -19.143 -1.441
2020-08-22 1908 1328.795 0.542 0.041
2020-08-23 1908 1328.795 0 0
2020-08-24 1910 1328.795 0 0
2020-08-25 1915 1322.941 -5.854 -0.442
2020-08-26 1921 1318.082 -4.859 -0.369
2020-08-27 1917 1320.936 2.854 0.216
2020-08-28 1920 1324.557 3.621 0.273
2020-08-29 1920 1328.524 3.967 0.299
2020-08-30 1920 1328.524 0 0
2020-08-31 1915 1328.524 0 0
2020-09-01 1922 1326.267 -2.257 -0.17
2020-09-02 1926 1327.981 1.714 0.129
2020-09-03 1922 1322.224 -5.757 -0.435
2020-09-04 1930 1313.028 -9.196 -0.7
2020-09-05 1933 1309.329 -3.699 -0.283
2020-09-06 1933 1309.329 0 0
2020-09-07 1929 1309.329 0 0
2020-09-08 1928 1309.329 0 0
2020-09-09 1926 1303.332 -5.997 -0.46
2020-09-10 1924 1303.68 0.348 0.027
2020-09-11 1922 1312.004 8.324 0.634
2020-09-12 1925 1305.301 -6.703 -0.514
2020-09-13 1925 1305.301 0 0
2020-09-14 1927 1305.301 0 0
2020-09-15 1937 1303.193 -2.108 -0.162
2020-09-16 1935 1303.767 0.574 0.044
2020-09-17 1941 1301.385 -2.382 -0.183
2020-09-18 1953 1291.296 -10.089 -0.781
2020-09-19 1957 1288.568 -2.728 -0.212
2020-09-21 1948 1288.568 0 0
2020-09-22 1943 1278.441 -10.127 -0.792
2020-09-23 1948 1272.938 -5.503 -0.432
2020-09-24 1950 1266.217 -6.721 -0.531
2020-09-25 1938 1276.568 10.351 0.811
2020-09-26 1939 1274.351 -2.217 -0.174
2020-09-27 1939 1274.351 0 0
2020-09-28 1938 1274.351 0 0
2020-09-29 1959 1252.969 -21.382 -1.707
2020-09-30 1964 1242.631 -10.338 -0.832
2020-10-01 1949 1266.841 24.21 1.911
2020-10-03 1961 1256.146 -10.695 -0.851
2020-10-04 1961 1256.146 0 0
2020-10-05 1963 1256.146 0 0
2020-10-06 1966 1258.543 2.397 0.19
2020-10-07 1966 1258.543 0 0
2020-10-08 1982 1237.683 -20.86 -1.685
2020-10-09 1992 1229.219 -8.464 -0.689
2020-10-10 1981 1241.462 12.243 0.986
2020-10-11 1983 1241.462 0 0
2020-10-12 1989 1241.462 0 0
2020-10-13 1989 1239.208 -2.254 -0.182
2020-10-14 1993 1232.51 -6.698 -0.543
2020-10-16 1995 1229.622 -2.888 -0.235
2020-10-17 1995 1229.622 0 0
2020-10-18 1995 1229.622 0 0
2020-10-19 1994 1236.633 7.011 0.567
2020-10-20 1994 1237.134 0.501 0.04
2020-10-21 1991 1239.554 2.42 0.195
2020-10-22 1987 1248.561 9.007 0.721
2020-10-23 1999 1230.614 -17.947 -1.458
2020-10-24 2005 1225.392 -5.222 -0.426
2020-10-25 2004 1225.392 0 0
2020-10-26 2000 1225.392 0 0
2020-10-27 2023 1207.667 -17.725 -1.468
2020-10-28 2040 1194.585 -13.082 -1.095
2020-10-29 2053 1178.915 -15.67 -1.329
2020-10-30 2048 1177.578 -1.337 -0.114
2020-10-31 2056 1164.261 -13.317 -1.144
2020-11-01 2056 1164.261 0 0
2020-11-02 2060 1164.261 0 0
2020-11-03 2068 1158.966 -5.295 -0.457
2020-11-04 2078 1158.045 -0.921 -0.08
2020-11-05 2082 1159.379 1.334 0.115
2020-11-06 2088 1158.457 -0.922 -0.08
2020-11-07 2103 1146.751 -11.706 -1.021
2020-11-08 2103 1146.751 0 0
2020-11-09 2120 1146.751 0 0
2020-11-10 2065 1199.651 52.9 4.41
2020-11-11 2071 1196.445 -3.206 -0.268
2020-11-12 2009 1248.689 52.244 4.184
2020-11-13 1996 1267.532 18.843 1.487
2020-11-14 1984 1272.988 5.456 0.429
2020-11-15 1984 1272.988 0 0
2020-11-17 1999 1264.249 -8.739 -0.691
2020-11-18 1996 1269.461 5.212 0.411
2020-11-19 1993 1270.007 0.546 0.043
2020-11-20 1966 1292.852 22.845 1.767
2020-11-21 1985 1280.252 -12.6 -0.984
2020-11-22 1985 1280.252 0 0
2020-11-23 1989 1280.252 0 0
2020-11-24 2022 1239.774 -40.478 -3.265
2020-11-25 2046 1216.351 -23.423 -1.926
2020-11-26 2036 1226.054 9.703 0.791
2020-11-27 2039 1226.054 0 0
2020-11-28 2029 1247.045 20.991 1.683
2020-11-29 2029 1247.045 0 0
2020-11-30 2022 1247.045 0 0
2020-12-01 2028 1247.715 0.67 0.054
2020-12-02 2036 1242.394 -5.321 -0.428
2020-12-03 2036 1241.73 -0.664 -0.053
2020-12-04 2029 1256.647 14.917 1.187
2020-12-05 2041 1249.088 -7.559 -0.605
2020-12-06 2041 1249.088 0 0
2020-12-07 2034 1249.088 0 0
2020-12-08 2039 1247.237 -1.851 -0.148
2020-12-09 2042 1250.432 3.195 0.256
2020-12-10 2047 1248.194 -2.238 -0.179
2020-12-11 2048 1239.759 -8.435 -0.68
2020-12-12 2047 1242.125 2.366 0.19
2020-12-13 2047 1242.125 0 0
2020-12-14 2051 1242.125 0 0
2020-12-15 2054 1237.448 -4.677 -0.378
2020-12-16 2058 1237.448 0 0
2020-12-17 2062 1247.332 9.884 0.792
2020-12-18 2043 1266.381 19.049 1.504
2020-12-19 2031 1276.902 10.521 0.824
2020-12-20 2030 1276.902 0 0
2020-12-21 2026 1276.902 0 0
2020-12-22 2031 1272.54 -4.362 -0.343
2020-12-23 2064 1277.571 5.031 0.394
2020-12-24 2064 1278.156 0.585 0.046
2020-12-25 2057 1286.784 8.628 0.671
2020-12-26 2057 1286.784 0 0
2020-12-27 2058 1286.784 0 0
2020-12-28 2058 1286.784 0 0
2020-12-29 2030 1316.428 29.644 2.252
2020-12-31 2030 1324.881 8.453 0.638
2021-01-01 2037 1313.152 -11.729 -0.893
2021-01-02 2037 1313.152 0 0
2021-01-03 2037 1313.152 0 0
2021-01-04 2042 1313.152 0 0
2021-01-05 2036 1314.885 1.733 0.132
2021-01-06 2040 1320.436 5.551 0.42
2021-01-07 2029 1338.747 18.311 1.368
2021-01-08 2043 1324.288 -14.459 -1.092
2021-01-09 2045 1326.087 1.799 0.136
2021-01-10 2045 1326.087 0 0
2021-01-11 2044 1326.087 0 0
2021-01-12 2055 1306.472 -19.615 -1.501
2021-01-13 2063 1305.371 -1.101 -0.084
2021-01-14 2061 1316.57 11.199 0.851
2021-01-15 2054 1325.421 8.851 0.668
2021-01-16 2064 1309.066 -16.355 -1.249
2021-01-17 2064 1309.066 0 0
2021-01-18 2068 1309.066 0 0
2021-01-19 2064 1309.066 0 0
2021-01-20 2067 1310.032 0.966 0.074
2021-01-21 2060 1317.993 7.961 0.604
2021-01-22 2053 1324.198 6.205 0.469
2021-01-23 2057 1320.346 -3.852 -0.292
2021-01-24 2058 1320.346 0 0
2021-01-25 2057 1320.346 0 0
2021-01-26 2052 1318.491 -1.855 -0.141
2021-01-27 2041 1330.335 11.844 0.89
2021-01-28 2046 1322.493 -7.842 -0.593
2021-01-29 2032 1327.385 4.892 0.369
2021-01-30 2028 1337.261 9.876 0.739
2021-01-31 2030 1337.261 0 0
2021-02-01 2038 1337.261 0 0
2021-02-02 2013 1361.74 24.479 1.798
2021-02-03 2022 1357.346 -4.394 -0.324
2021-02-04 2021 1363.128 5.782 0.424
2021-02-05 2020 1366.698 3.57 0.261
2021-02-06 2005 1382.926 16.228 1.173
2021-02-07 2006 1382.926 0 0
2021-02-08 2012 1382.926 0 0
2021-02-09 2023 1374.164 -8.762 -0.638
2021-02-10 2022 1380.481 6.317 0.458
2021-02-11 2018 1384.594 4.113 0.297
2021-02-12 2015 1388.178 3.584 0.258
2021-02-13 2015 1388.434 0.256 0.018
2021-02-14 2015 1388.434 0 0
2021-02-15 2015 1388.434 0 0
2021-02-16 2020 1388.434 0 0
2021-02-17 2011 1397.32 8.886 0.636
2021-02-19 2013 1396.121 -1.199 -0.086
2021-02-20 2006 1401.936 5.815 0.415
2021-02-21 2007 1401.936 0 0
2021-02-22 2007 1401.936 0 0
2021-02-23 2027 1385.144 -16.792 -1.212
2021-02-24 2027 1381.458 -3.686 -0.267
2021-02-25 2046 1353.657 -27.801 -2.054
2021-02-26 2060 1347.322 -6.335 -0.47
2021-02-27 2081 1315.719 -31.603 -2.402
2021-02-28 2082 1315.719 0 0
2021-03-01 2082 1315.719 0 0
2021-03-02 2057 1345.353 29.634 2.203
2021-03-03 2077 1320.525 -24.828 -1.88
