2019-11-07 734 3288.177 0 0
2020-01-19 706 3536.927 248.75 7.565
2020-02-07 699 3499.993 -36.934 -1.044
2020-02-15 707 3485.753 -14.24 -0.407
2020-02-16 707 3485.753 0 0
2020-02-17 711 3485.753 0 0
2020-02-18 714 3479.968 -5.785 -0.166
2020-02-19 716 3468.843 -11.125 -0.32
2020-02-20 722 3451.489 -17.354 -0.5
2020-02-21 716 3447.484 -4.005 -0.116
2020-02-22 709 3447.484 0 0
2020-02-23 709 3447.484 0 0
2020-02-24 711 3431.464 -16.02 -0.465
2020-02-25 708 3410.878 -20.586 -0.6
2020-02-26 694 3434.907 24.029 0.704
2020-02-27 698 3392.633 -42.274 -1.231
2020-02-28 693 3374.389 -18.244 -0.538
2020-02-29 691 3374.389 0 0
2020-03-01 691 3374.389 0 0
2020-03-02 672 3466.501 92.112 2.73
2020-03-03 699 3408.653 -57.848 -1.669
2020-03-04 702 3397.528 -11.125 -0.326
2020-03-05 708 3381.508 -16.02 -0.472
2020-03-06 722 3281.386 -100.122 -2.961
2020-03-07 721 3281.386 0 0
2020-03-08 722 3281.386 0 0
2020-03-09 744 3141.659 -139.727 -4.258
2020-03-10 741 3153.229 11.57 0.368
2020-03-11 751 3102.5 -50.729 -1.609
2020-03-12 744 3031.746 -70.754 -2.281
2020-03-13 688 3159.458 127.712 4.212
2020-03-14 693 3159.458 0 0
2020-03-15 693 3159.458 0 0
2020-03-16 741 2936.518 -222.94 -7.056
2020-03-17 738 2923.614 -12.904 -0.439
2020-03-18 743 2867.99 -55.624 -1.903
2020-03-19 688 2997.037 129.047 4.5
2020-03-20 697 2970.783 -26.254 -0.876
2020-03-21 701 2970.783 0 0
2020-03-22 701 2970.783 0 0
2020-03-23 700 2918.274 -52.509 -1.768
2020-03-24 694 2918.274 0 0
2020-03-25 705 2999.262 80.988 2.775
2020-03-26 680 3106.505 107.243 3.576
2020-03-27 682 3163.908 57.403 1.848
2020-03-28 693 3119.854 -44.054 -1.392
2020-03-29 693 3119.854 0 0
2020-03-30 693 3119.854 0 0
2020-03-31 699 3109.842 -10.012 -0.321
