2026-02-25 3048 1104.828 0 0
2026-02-26 3044 1104.807 -0.021 -0.002
2026-02-27 3043 1109.303 4.496 0.407
2026-02-28 3045 1109.303 0 0
2026-03-01 3038 1109.303 0 0
2026-03-02 2885 1225.043 115.74 10.434
2026-03-03 2969 1149.526 -75.517 -6.164
2026-03-04 3113 1024.995 -124.531 -10.833
2026-03-05 3040 1077.33 52.335 5.106
2026-03-06 3074 1053.361 -23.969 -2.225
2026-03-07 3070 1054.214 0.853 0.081
2026-03-08 3069 1054.214 0 0
2026-03-09  943.979 -110.235 -10.457
2026-03-12  977.545 33.566 3.556
2026-03-14 3333 1018.349 40.804 4.174
2026-03-15 3333 1018.349 0 0
2026-03-16 3221 1092.411 74.062 7.273
2026-03-17 3219 1095.262 2.851 0.261
2026-03-18 3162 1134.054 38.792 3.542
2026-03-19 3219 1086.579 -47.475 -4.186
2026-03-20 3307 1016.848 -69.731 -6.417
2026-03-21 3313 1015.232 -1.616 -0.159
2026-03-22 3313 1015.232 0 0
2026-03-23  909.818 -105.414 -10.383
2026-04-09 3281 1060.286 150.468 16.538
2026-04-10 3337 1026.392 -33.894 -3.197
2026-04-11 3339 1026.765 0.373 0.036
2026-04-12 3339 1026.765 0 0
2026-04-13 3170 1133.136 106.371 10.36
2026-04-14 3027 1218.872 85.736 7.566
2026-04-15 2991 1243.532 24.66 2.023
2026-04-16 2970 1258.848 15.316 1.232
2026-04-17 2851 1343.992 85.144 6.764
2026-04-18 2854 1341.608 -2.384 -0.177
2026-04-19 2854 1341.608 0 0
2026-04-20 2962 1279.717 -61.891 -4.613
2026-04-21 2862 1345.675 65.958 5.154
2026-04-22 2954 1284.684 -60.991 -4.532
2026-04-23 3079 1194.289 -90.395 -7.036
2026-04-24 3115 1170.32 -23.969 -2.007
2026-04-25 3105 1173.092 2.772 0.237
2026-04-26 3105 1173.092 0 0
2026-04-27 3133 1158.039 -15.053 -1.283
2026-04-28 2938 1281.364 123.325 10.649
2026-04-29 3065 1194.131 -87.233 -6.808
2026-04-30 3049 1206.713 12.582 1.054
2026-05-01 3064 1202.251 -4.462 -0.37
2026-05-02 3056 1202.251 0 0
2026-05-04 2894 1310.654 108.403 9.017
2026-05-05 2894 1310.654 0 0
2026-05-06 2968 1264.923 0 0
2026-05-07 2900 1311.751 0 0
2026-05-08 3009 1244.905 0 0
2026-05-09 3006 1250.092 0 0
2026-05-10 3005 1250.009 0 0
2026-05-11 2988 1266.991 0 0
2026-05-12 2946 1295.293 0 0
2026-05-13 3009 1242.483 0 0
2026-05-14 3040 1217.416 0 0
2026-05-15 3097 1189.506 0 0
2026-05-16 3118 1171.404 0 0
2026-05-17 3110 1170.629 0 0
2026-05-18 3142 1149.972 0 0
2026-05-19 3054 1204.431 0 0
2026-05-20 3151 1146.975 0 0
2026-05-21 3094 1186.249 0 0
2026-05-22 2998 1242.01 0 0
2026-05-23 2970 1268.187 0 0
2026-05-24 2963 1275.553 0 0
2026-05-25 2839 1348.881 0 0
2026-05-26 2826 1356.402 0 0
2026-05-27 2850 1335.72 0 0
2026-05-28 2949 1276.262 0 0
2026-05-29 2935 1289.632 0 0
2026-05-30 2894 1305.426 0 0
2026-05-31 2895 1309.234 0 0
2026-06-01 2813 1371.619 0 0
2026-06-02 2893 1303.562 0 0
2026-06-03 2913 1294.22 0 0
2026-06-04 2963 1257.332 0 0
2026-06-05 3026 1209.063 0 0
2026-06-06 2998 1222.319 0 0
2026-06-07 2997 1220.079 0 0
2026-06-09 3137 1135.532 0 0
2026-06-10 3156 1120.934 0 0
2026-06-11 3261 1052.756 0 0
2026-06-12 3166 1121.882 0 0
2026-06-13 3130 1148.749 0 0
2026-06-14 3132 1150.511 0 0
2026-06-16 2981 1240.409 0 0
2026-06-17 2965 1254.762 0 0
2026-06-18 2887 1302.437 0 0
2026-06-19 2916 1287.537 0 0
2026-06-20 2913 1288.385 0 0
2026-06-21 2913 1288.385 0 0
2026-06-22 2770 1382.241 0 0
2026-06-23 2945 1263.982 0 0
2026-06-24 2970 1244.298 0 0
2026-06-25 2917 1274.089 0 0
2026-06-26 3015 1199.8 0 0
