2023-04-18 2633 1005.538 0 0
2023-04-19 2630 1001.652 -3.886 -0.386
2023-04-20 2625 1002.14 0.488 0.049
2023-04-21 2600 1017.425 15.285 1.525
2023-04-22 2598 1016.979 -0.446 -0.044
2023-04-23 2598 1016.979 0 0
2023-04-24 2589 1021.485 4.506 0.443
2023-04-25 2584 1021.109 -0.376 -0.037
2023-04-26 2584 1016.289 -4.82 -0.472
2023-04-27 2574 1028.028 11.739 1.155
2023-04-28 2569 1037.509 9.481 0.922
2023-04-29 2570 1040.258 2.749 0.265
2023-05-01 2568 1040.258 0 0
2023-05-02 2585 1024.823 -15.435 -1.484
2023-05-03 2566 1038.646 13.823 1.349
2023-05-04 2568 1028.524 -10.122 -0.975
2023-05-06 2537 1055.953 27.429 2.667
2023-05-07 2537 1055.953 0 0
2023-05-08 2564 1040.339 -15.614 -1.479
2023-05-09 2576 1027.983 -12.356 -1.188
2023-05-10 2583 1021.647 -6.336 -0.616
2023-05-11 2541 1054.347 32.7 3.201
2023-05-12 2543 1048.759 -5.588 -0.53
2023-05-13 2552 1043.405 -5.354 -0.511
2023-05-14 2551 1043.405 0 0
2023-05-15 2571 1025.967 -17.438 -1.671
2023-05-16 2565 1030.764 4.797 0.468
2023-05-17 2547 1044.962 14.198 1.377
2023-05-19 2487 1088.405 43.443 4.157
2023-05-20 2485 1090.166 1.761 0.162
2023-05-21 2485 1090.166 0 0
2023-05-22 2498 1086.944 -3.222 -0.296
2023-05-23 2526 1059.897 -27.047 -2.488
2023-05-24 2567 1022.029 -37.868 -3.573
2023-05-25 2545 1032.141 10.112 0.989
2023-05-26 2509 1057.366 25.225 2.444
2023-05-27 2509 1055.102 -2.264 -0.214
2023-05-28 2509 1055.102 0 0
2023-05-29 2518 1050.306 -4.796 -0.455
2023-05-30 2541 1035.119 -15.187 -1.446
2023-05-31 2576 1004.791 -30.328 -2.93
2023-06-02 2545 1041.28 36.489 3.632
2023-06-03 2553 1040.61 -0.67 -0.064
2023-06-04 2553 1040.61 0 0
2023-06-05 2553 1035.805 -4.805 -0.462
2023-06-06 2550 1033.674 -2.131 -0.206
2023-06-07 2556 1034.479 0.805 0.078
2023-06-08 2551 1036.94 2.461 0.238
2023-06-09 2548 1037.342 0.402 0.039
2023-06-10 2552 1036.114 -1.228 -0.118
2023-06-11 2553 1036.114 0 0
2023-06-12 2541 1050.973 14.859 1.434
2023-06-13 2516 1069.329 18.356 1.747
2023-06-14 2521 1066.521 -2.808 -0.263
2023-06-16 2536 1066.81 0.289 0.027
2023-06-17 2534 1068.209 1.399 0.131
2023-06-18 2534 1068.209 0 0
2023-06-19 2555 1046.999 -21.21 -1.986
2023-06-20 2574 1031.093 -15.906 -1.519
2023-06-21 2583 1017.042 -14.051 -1.363
2023-06-22 2582 1017.557 0.515 0.051
2023-06-23 2582 1009.096 -8.461 -0.832
2023-06-24 2594 1002.067 -7.029 -0.697
2023-06-25 2594 1002.067 0 0
2023-06-26  987.442 -14.625 -1.459
2023-06-29 2580 1014.49 27.048 2.739
2023-06-30 2555 1034.116 19.626 1.935
2023-07-01 2554 1036.147 2.031 0.196
2023-07-02 2554 1036.147 0 0
2023-07-03 2587 1013.542 -22.605 -2.182
2023-07-04 2598 1009.546 -3.996 -0.394
2023-07-12 2560 1039.263 29.717 2.944
2023-07-13 2562 1047.478 8.215 0.79
2023-07-14 2562 1052.307 4.829 0.461
2023-07-15 2555 1056.802 4.495 0.427
2023-07-16 2555 1056.802 0 0
2023-07-17 2586 1033.089 -23.713 -2.244
2023-07-18 2565 1048.305 15.216 1.473
2023-07-19 2560 1052.434 4.129 0.394
2023-07-20 2557 1047.358 -5.076 -0.482
2023-07-21 2558 1046.185 -1.173 -0.112
2023-07-22 2560 1043.046 -3.139 -0.3
2023-07-23 2560 1043.046 0 0
2023-07-24 2542 1055.907 12.861 1.233
2023-07-25 2574 1034.134 -21.773 -2.062
2023-07-26 2594 1022.369 -11.765 -1.138
2023-07-27 2581 1035.538 13.169 1.288
2023-07-28 2601 1029.94 -5.598 -0.541
2023-07-29 2593 1034.031 4.091 0.397
2023-07-30 2593 1034.031 0 0
2023-07-31 2625 1019.201 -14.83 -1.434
2023-08-01 2632 1011.51 -7.691 -0.755
2023-08-02 2624 1006.47 -5.04 -0.498
2023-08-04  965.651 -40.819 -4.056
2025-12-16 3102 1009.701 44.05 4.562
2025-12-17  989.434 -20.267 -2.007
2025-12-20 3127 1001.195 11.761 1.189
2025-12-21 3131 1001.195 0 0
2025-12-22  997.181 -4.014 -0.401
2025-12-23  992.481 -4.7 -0.471
2025-12-30 3131 1009.37 16.889 1.702
2025-12-31 3130 1008.658 -0.712 -0.071
2026-01-01 3135 1007.355 -1.303 -0.129
2026-01-02  995.278 -12.077 -1.199
2026-01-06 3148 1010.756 15.478 1.555
2026-01-07 3156 1009.645 -1.111 -0.11
2026-01-08 3150 1017.069 7.424 0.735
2026-01-09 3157 1015.852 -1.217 -0.12
2026-01-10 3163 1013.723 -2.129 -0.21
2026-01-11 3163 1013.723 0 0
2026-01-12  994.968 -18.755 -1.85
2026-01-15 2750 1297.761 302.793 30.432
2026-01-16 2754 1292.804 -4.957 -0.382
2026-01-17 2752 1292.055 -0.749 -0.058
2026-01-18 2751 1292.055 0 0
2026-01-19 2807 1256.665 -35.39 -2.739
2026-01-20 2827 1242.004 -14.661 -1.167
2026-01-21 2796 1264.313 22.309 1.796
2026-01-22 2769 1285.991 21.678 1.715
2026-01-23 2793 1275.138 -10.853 -0.844
2026-01-24 2799 1277.837 2.699 0.212
2026-01-25 2799 1277.837 0 0
2026-01-26 2796 1273.223 -4.614 -0.361
2026-01-27 2814 1264.359 -8.864 -0.696
2026-01-28 2727 1338.516 74.157 5.865
2026-01-29 2720 1338.237 -0.279 -0.021
2026-01-30 2700 1345.323 7.086 0.53
2026-01-31 2702 1341.642 -3.681 -0.274
