2020-12-23 1037 2847.445 0 0
2020-12-24 1048 2824.813 -22.632 -0.801
2020-12-25 1053 2825.009 0.196 0.007
2020-12-26 1053 2825.009 0 0
2020-12-27 1053 2825.009 0 0
2020-12-28 1042 2834.073 9.064 0.32
2020-12-29 1075 2756.63 -77.443 -2.809
2020-12-31 960 3029.034 272.404 8.993
2021-01-01 960 3028.346 -0.688 -0.023
2021-01-02 960 3028.346 0 0
2021-01-03 960 3028.346 0 0
2021-01-04 933 3105.38 77.034 2.481
2021-01-05 940 3106.469 1.089 0.035
2021-01-06 1039 2893.626 -212.843 -7.356
2021-01-07 1073 2789.389 -104.237 -3.737
2021-01-08 1121 2707.841 -81.548 -3.012
2021-01-09 1120 2706.801 -1.04 -0.038
2021-01-10 1120 2706.801 0 0
2021-01-11 1203 2502.945 -203.856 -8.145
2021-01-12 1188 2566.544 63.599 2.478
2021-01-13 1188 2566.655 0.111 0.004
2021-01-14 1141 2662.412 95.757 3.597
2021-01-15 1132 2671.443 9.031 0.338
2021-01-16 1129 2671.255 -0.188 -0.007
2021-01-17 1129 2671.255 0 0
2021-01-18 1129 2689.381 18.126 0.674
2021-01-19 1089 2793.603 104.222 3.731
2021-01-20 1062 2857.639 64.036 2.241
2021-01-21 1115 2762.694 -94.945 -3.437
2021-01-22 1128 2721.987 -40.707 -1.495
2021-01-23 1122 2721.497 -0.49 -0.018
2021-01-24 1122 2721.497 0 0
2021-01-25 1118 2726.029 4.532 0.166
2021-01-26 1164 2603.876 -122.153 -4.691
2021-01-27 1148 2621.69 17.814 0.679
2021-01-28 1191 2522.385 -99.305 -3.937
2021-01-29 1180 2540.035 17.65 0.695
2021-01-30 1178 2540.032 -0.003 0
2021-01-31 1177 2540.032 0 0
2021-02-01 1066 2807.385 267.353 9.523
2021-02-02 1081 2785.101 -22.284 -0.8
2021-02-03 1069 2835.448 50.347 1.776
2021-02-04 1079 2817.288 -18.16 -0.645
2021-02-05 1071 2830.465 13.177 0.466
2021-02-06 1076 2830.364 -0.101 -0.004
2021-02-07 1076 2830.364 0 0
2021-02-08 1073 2848.493 18.129 0.636
2021-02-09 1071 2866.839 18.346 0.64
2021-02-10 1061 2898.868 32.029 1.105
2021-02-11 1070 2876.211 -22.657 -0.788
2021-02-12 1075 2875.995 -0.216 -0.008
2021-02-13 1075 2875.959 -0.036 -0.001
2021-02-14 1075 2875.959 0 0
2021-02-15 1076 2875.959 0 0
2021-02-16 1053 2943.937 67.978 2.309
2021-02-17 1060 2921.497 -22.44 -0.768
2021-02-19 1036 2979.778 58.281 1.956
2021-02-20 1034 2979.886 0.108 0.004
2021-02-21 1032 2979.886 0 0
2021-02-22 1089 2816.741 -163.145 -5.792
2021-02-23 1087 2811.814 -4.927 -0.175
2021-02-24 1138 2685.073 -126.741 -4.72
2021-02-25 1052 2879.704 194.631 6.759
2021-02-26 1058 2848.2 -31.504 -1.106
2021-02-27 1052 2846.933 -1.267 -0.045
2021-02-28 1054 2846.933 0 0
2021-03-01 1028 2928.462 81.529 2.784
2021-03-02 1021 2955.758 27.296 0.923
2021-03-03 1017 2986.796 31.038 1.039
2021-03-04 1015 2987.623 0.827 0.028
2021-03-05 1033 2900.628 -86.995 -2.999
2021-03-06 1033 2898.59 -2.038 -0.07
2021-03-07 1040 2898.59 0 0
2021-03-08 1117 2726.625 -171.965 -6.307
2021-03-09 1077 2805.938 79.313 2.827
2021-03-11 966 3111.705 305.767 9.826
2021-03-12 919 3316.087 204.382 6.163
2021-03-13 920 3313.715 -2.372 -0.072
2021-03-14 921 3313.715 0 0
2021-03-15 951 3205.134 -108.581 -3.388
2021-03-16 940 3241.432 36.298 1.12
2021-03-18 824 3602.842 361.41 10.031
2021-03-19 824 3602.842 0 0
2021-03-20 848 3513.408 -89.434 -2.546
2021-03-21 848 3513.408 0 0
2021-03-22 851 3513.408 0 0
2021-03-23 864 3462.853 -50.555 -1.46
2021-03-24 886 3385.649 -77.204 -2.28
2021-03-26 893 3385.13 -0.519 -0.015
2021-03-27 894 3384.512 -0.618 -0.018
2021-03-28 894 3384.512 0 0
2021-03-29 878 3411.648 27.136 0.795
2021-03-30 864 3474.966 63.318 1.822
2021-03-31 876 3431.532 -43.434 -1.266
2021-04-01 856 3517.485 85.953 2.444
2021-04-02 855 3516.407 -1.078 -0.031
2021-04-03 855 3516.407 0 0
2021-04-04 855 3516.407 0 0
2021-04-05 854 3516.407 0 0
2021-04-06 860 3516.628 0.221 0.006
2021-04-07 845 3566.235 49.607 1.391
2021-04-08 888 3426.175 -140.06 -4.088
2021-04-09 941 3371.508 -54.667 -1.621
2021-04-10 941 3371.249 -0.259 -0.008
2021-04-11 941 3371.249 0 0
2021-04-12 945 3339.628 -31.621 -0.947
2021-04-13 993 3181.525 -158.103 -4.969
2021-04-14 974 3260.128 78.603 2.411
2021-04-15 973 3262.822 2.694 0.083
2021-04-16 951 3331.183 68.361 2.052
2021-04-17 953 3329.979 -1.204 -0.036
2021-04-18 953 3329.979 0 0
2021-04-19 938 3397.809 67.83 1.996
2021-04-20 939 3390.832 -6.977 -0.206
2021-04-21 971 3293.034 -97.798 -2.97
2021-04-22 976 3283.327 -9.707 -0.296
2021-04-23 951 3371.055 87.728 2.602
2021-04-24 951 3371.055 0 0
2021-04-25 952 3370.69 -0.365 -0.011
2021-04-26 959 3357.107 -13.583 -0.405
2021-04-27 920 3484.315 127.208 3.651
2021-04-28 874 3614.566 130.251 3.604
2021-04-29 821 3759.017 144.451 3.843
2021-04-30 847 3691.052 -67.965 -1.841
2021-05-01 844 3689.356 -1.696 -0.046
2021-05-02 843 3689.356 0 0
2021-05-03 839 3698.404 9.048 0.245
2021-05-04 835 3716.686 18.282 0.492
2021-05-05 834 3706.985 -9.701 -0.262
2021-05-06 831 3715.238 8.253 0.222
2021-05-07 838 3702.24 -12.998 -0.351
2021-05-08 845 3703.196 0.956 0.026
2021-05-09 845 3703.196 0 0
2021-05-10 834 3721.291 18.095 0.486
2021-05-11 841 3704.368 -16.923 -0.457
2021-05-12 805 3775.596 71.228 1.887
2021-05-13 852 3617.746 -157.85 -4.363
2021-05-14 831 3702.464 84.718 2.288
2021-05-15 837 3703.626 1.162 0.031
2021-05-16 837 3703.626 0 0
2021-05-17 816 3771.486 67.86 1.799
2021-05-18 805 3812.008 40.522 1.063
2021-05-19 807 3812.775 0.767 0.02
2021-05-20 849 3690.886 -121.889 -3.302
2021-05-21 823 3777.415 86.529 2.291
2021-05-22 821 3776.73 -0.685 -0.018
2021-05-24 831 3745.055 -31.675 -0.846
2021-05-25 805 3826.504 81.449 2.129
2021-05-26 820 3805.546 -20.958 -0.551
2021-05-27 767 4046.049 240.503 5.944
2021-05-28 797 3920.779 -125.27 -3.195
2021-05-29 799 3919.64 -1.139 -0.029
2021-05-30 799 3919.64 0 0
2021-05-31 808 3878.898 -40.742 -1.05
2021-06-01 783 3987.543 108.645 2.725
2021-06-02 797 3966.154 -21.389 -0.539
2021-06-03 783 4006.517 40.363 1.007
2021-06-04 805 3925.457 -81.06 -2.065
2021-06-05 806 3925.877 0.42 0.011
2021-06-06 806 3925.877 0 0
2021-06-07 803 3962.114 36.237 0.915
2021-06-08 815 3879.783 -82.331 -2.122
2021-06-09 800 3933.615 53.832 1.369
2021-06-10 827 3838.564 -95.051 -2.476
2021-06-11 844 3761.318 -77.246 -2.054
2021-06-12 841 3761.368 0.05 0.001
2021-06-13 841 3761.368 0 0
2021-06-14 842 3761.368 0 0
2021-06-16 841 3746.814 -14.554 -0.388
2021-06-17 892 3570.53 -176.284 -4.937
2021-06-18 866 3646.084 75.554 2.072
2021-06-19 866 3646.084 0 0
2021-06-20 864 3646.23 0.146 0.004
2021-06-21 859 3668.86 22.63 0.617
2021-06-22 868 3645.186 -23.674 -0.649
2021-06-23 823 3793.904 148.718 3.92
2021-06-24 836 3780.613 -13.291 -0.352
2021-06-25 835 3785.806 5.193 0.137
2021-06-26 841 3787.158 1.352 0.036
2021-06-27 841 3787.158 0 0
2021-06-28 797 3936.547 149.389 3.795
2021-06-29 787 4013.227 76.68 1.911
2021-06-30 782 4007.727 -5.5 -0.137
2021-07-01 781 4006.615 -1.112 -0.028
2021-07-02 787 3961.534 -45.081 -1.138
2021-07-03 787 3960.436 -1.098 -0.028
2021-07-04 787 3960.436 0 0
2021-07-05 780 3992.101 31.665 0.793
2021-07-06 759 4059.955 67.854 1.671
2021-07-07 765 4060.278 0.323 0.008
2021-07-08 776 4001.151 -59.127 -1.478
2021-07-09 781 3986.642 -14.509 -0.364
2021-07-10 782 3987.09 0.448 0.011
2021-07-11 782 3987.09 0 0
2021-07-12 767 4050.413 63.323 1.563
2021-07-13 700 4385.842 335.429 7.648
2021-07-14 690 4400.131 14.289 0.325
2021-07-15 680 4453.532 53.401 1.199
2021-07-16 685 4426.266 -27.266 -0.616
2021-07-17 685 4426.401 0.135 0.003
2021-07-18 685 4426.401 0 0
2021-07-19 695 4317.839 -108.562 -2.514
2021-07-20 698 4302.155 -15.684 -0.365
2021-07-21 698 4350.897 48.742 1.12
2021-07-22 689 4436.071 85.174 1.92
2021-07-23 724 4262.181 -173.89 -4.08
2021-07-24 723 4262.579 0.398 0.009
2021-07-25 723 4262.579 0 0
2021-07-26 753 4072.635 -189.944 -4.664
2021-07-27 798 3860.286 -212.349 -5.501
2021-07-28 769 3978.908 118.622 2.981
2021-07-29 737 4130.537 151.629 3.671
2021-07-30 776 3962.986 -167.551 -4.228
2021-07-31 775 3963.324 0.338 0.009
2021-08-01 775 3963.324 0 0
2021-08-02 772 4031.143 67.819 1.682
2021-08-03 805 3863.21 -167.933 -4.347
2021-08-04 828 3788.065 -75.145 -1.984
2021-08-05 874 3667.517 -120.548 -3.287
2021-08-06 862 3698.42 30.903 0.836
2021-08-07 860 3696.845 -1.575 -0.043
2021-08-08 860 3696.845 0 0
2021-08-09 836 3742.007 45.162 1.207
2021-08-10 797 3926.637 184.63 4.702
2021-08-11 795 3931.159 4.522 0.115
2021-08-13 742 4138.676 207.517 5.014
2021-08-14 744 4137.244 -1.432 -0.035
2021-08-15 744 4137.244 0 0
2021-08-16 755 4096.619 -40.625 -0.992
2021-08-17 769 4010.854 -85.765 -2.138
2021-08-18 739 4133.493 122.639 2.967
2021-08-19 783 3978.093 -155.4 -3.906
2021-08-20 859 3651.23 -326.863 -8.952
2021-08-21 858 3651.5 0.27 0.007
2021-08-22 858 3651.5 0 0
2021-08-23 912 3538.731 -112.769 -3.187
2021-08-24 860 3735.794 197.063 5.275
2021-08-25 841 3810.259 74.465 1.954
2021-08-26 832 3825.995 15.736 0.411
2021-08-27 850 3774.883 -51.112 -1.354
2021-08-28 852 3774.232 -0.651 -0.017
2021-08-29 852 3774.232 0 0
2021-08-30 887 3684 -90.232 -2.449
2021-08-31 880 3698.506 14.506 0.392
2021-09-01 835 3887.858 189.352 4.87
2021-09-02 841 3888.714 0.856 0.022
2021-09-03 841 3859.364 -29.35 -0.76
2021-09-04 842 3859.622 0.258 0.007
2021-09-05 843 3859.622 0 0
2021-09-06 843 3882.23 22.608 0.582
2021-09-07 842 3891.273 9.043 0.232
2021-09-08 837 3889.556 -1.717 -0.044
2021-09-09 843 3861.637 -27.919 -0.723
2021-09-10 817 3973.424 111.787 2.813
2021-09-11 818 3973.945 0.521 0.013
2021-09-12 818 3973.945 0 0
2021-09-13 835 3910.699 -63.246 -1.617
2021-09-14 861 3796.529 -114.17 -3.007
2021-09-15 863 3752.178 -44.351 -1.182
2021-09-16 920 3588.363 -163.815 -4.565
2021-09-17 883 3704.154 115.791 3.126
2021-09-18 881 3706.047 1.893 0.051
2021-09-19 880 3706.047 0 0
2021-09-20 909 3593.145 -112.902 -3.142
2021-09-21 896 3648.925 55.78 1.529
2021-09-22 895 3648.925 0 0
2021-09-23 911 3608.588 -40.337 -1.118
2021-09-24 921 3568.628 -39.96 -1.12
2021-09-25 920 3568.209 -0.419 -0.012
2021-09-26 920 3568.209 0 0
2021-09-27 925 3541.129 -27.08 -0.765
2021-09-28 866 3726.906 185.777 4.985
2021-09-29 859 3731.931 5.025 0.135
2021-09-30 866 3703.88 -28.051 -0.757
