2020-01-19 1374 1900.293 0 0
2020-02-07 1112 2328.054 427.761 18.374
2020-02-15 1127 2307.43 -20.624 -0.894
2020-02-16 1127 2307.43 0 0
2020-02-17 1092 2387.348 79.918 3.348
2020-02-18 1103 2358.489 -28.859 -1.224
2020-02-19 1189 2211.362 -147.127 -6.653
2020-02-20 1170 2241.459 30.097 1.343
2020-02-21 1124 2325.119 83.66 3.598
2020-02-22 1129 2317.389 -7.73 -0.334
2020-02-23 1129 2317.389 0 0
2020-02-24 1072 2379.581 62.192 2.614
2020-02-25 1084 2344.871 -34.71 -1.48
2020-02-26 1192 2156.942 -187.929 -8.713
2020-02-27 1137 2224.663 67.721 3.044
2020-02-28 1168 2135.47 -89.193 -4.177
2020-02-29 1168 2143.413 7.943 0.371
2020-03-01 1166 2143.413 0 0
2020-03-02 1150 2191.628 48.215 2.2
2020-03-03 1168 2172.262 -19.366 -0.892
2020-03-04 1184 2140.103 -32.159 -1.503
2020-03-05 1174 2172.085 31.982 1.472
2020-03-06 1146 2191.715 19.63 0.896
2020-03-07 1151 2192.346 0.631 0.029
2020-03-08 1149 2192.346 0 0
2020-03-09 1202 2046.101 -146.245 -7.147
2020-03-10 1156 2110.885 64.784 3.069
2020-03-11 1168 2071.304 -39.581 -1.911
2020-03-12 1174 2004.727 -66.577 -3.321
2020-03-13 1173 1982.978 -21.749 -1.097
2020-03-14 1181 1980.851 -2.127 -0.107
2020-03-15 1181 1980.851 0 0
2020-03-16 1149 1985.837 4.986 0.251
2020-03-17 1067 2064.076 78.239 3.791
2020-03-18 1044 2061.73 -2.346 -0.114
2020-03-19 989 2146.765 85.035 3.961
2020-03-20 982 2174.615 27.85 1.281
2020-03-21 972 2182.309 7.694 0.353
2020-03-22 972 2182.309 0 0
2020-03-23 987 2153.801 -28.508 -1.324
2020-03-24 986 2137.886 -15.915 -0.744
2020-03-25 1057 2072.178 -65.708 -3.171
2020-03-26 1031 2143.972 71.794 3.349
2020-03-27 1036 2160.831 16.859 0.78
2020-03-28 1076 2078.125 -82.706 -3.98
2020-03-29 1076 2078.125 0 0
2020-03-30 1076 2078.125 0 0
2020-03-31 1110 2018.532 -59.593 -2.952
2020-04-01 1098 2046.721 28.189 1.377
2020-04-02 1110 2007.627 -39.094 -1.947
2020-04-03 1105 2020.203 12.576 0.623
2020-04-04 1087 2039.88 19.677 0.965
2020-04-05 1087 2039.88 0 0
2020-04-06 1087 2039.88 0 0
2020-04-07 1047 2159.532 119.652 5.541
2020-04-08 1085 2147.276 -12.256 -0.571
2020-04-10 1122 2103.922 -43.354 -2.061
2020-04-11 1122 2103.922 0 0
2020-04-12 1122 2103.922 0 0
2020-04-13 1154 2048.492 -55.43 -2.706
2020-04-14 1064 2213.072 164.58 7.437
2020-04-15 1047 2228.451 15.379 0.69
2020-04-17 1030 2253.896 25.445 1.129
2020-04-18 1034 2253.005 -0.891 -0.04
2020-04-19 1034 2253.005 0 0
2020-04-20 1023 2280.923 27.918 1.224
2020-04-21 1028 2251.228 -29.695 -1.319
2020-04-23 1049 2221.574 -29.654 -1.335
2020-04-24 1078 2173.561 -48.013 -2.209
2020-04-25 1075 2172.302 -1.259 -0.058
2020-04-26 1075 2172.302 0 0
2020-04-27 1074 2180.507 8.205 0.376
2020-04-28 1077 2194.934 14.427 0.657
2020-04-29 1061 2232.805 37.871 1.696
2020-04-30 1055 2243.658 10.853 0.484
2020-05-01 1051 2250.88 7.222 0.321
2020-05-02 1049 2250.88 0 0
2020-05-03 1049 2250.88 0 0
2020-05-04 1049 2250.88 0 0
2020-05-05 1041 2250.88 0 0
2020-05-06 1050 2239.345 -11.535 -0.515
2020-05-07 996 2350.225 110.88 4.718
2020-05-08 1006 2336.702 -13.523 -0.579
2020-05-09 1010 2340.663 3.961 0.169
2020-05-10 1010 2340.663 0 0
2020-05-11 1035 2293.057 -47.606 -2.076
2020-05-12 1031 2297.384 4.327 0.188
2020-05-13 1013 2328.881 31.497 1.352
2020-05-14 1024 2275.329 -53.552 -2.354
2020-05-15 1022 2282.813 7.484 0.328
2020-05-16 1022 2280.98 -1.833 -0.08
2020-05-17 1022 2280.98 0 0
2020-05-18 1065 2231.33 -49.65 -2.225
2020-05-19 1065 2249.778 18.448 0.82
2020-05-20 1122 2174.686 -75.092 -3.453
2020-05-21 1137 2148.552 -26.134 -1.216
2020-05-22 1150 2113.33 -35.222 -1.667
2020-05-23 1155 2101.285 -12.045 -0.573
2020-05-24 1155 2101.285 0 0
2020-05-25 1160 2100.2 -1.085 -0.052
2020-05-26 1159 2116.474 16.274 0.769
2020-05-27 1196 2071.476 -44.998 -2.172
2020-05-28 1188 2084.471 12.995 0.623
2020-05-29 1186 2100.331 15.86 0.755
2020-05-30 1180 2104.328 3.997 0.19
2020-05-31 1180 2104.328 0 0
