2022-09-28 2254 1126.359 0 0
2022-09-29 2251 1126.359 0 0
2022-09-30 2264 1111.582 -14.777 -1.312
2022-10-01 2276 1111.582 0 0
2022-10-02 2272 1111.582 0 0
2022-10-03 2257 1127.145 15.563 1.4
2022-10-04 2258 1138.746 11.601 1.029
2022-10-05 2270 1134.201 -4.545 -0.399
2022-10-06 2285 1120.026 -14.175 -1.25
2022-10-07 2331 1079.517 -40.509 -3.617
2022-10-08 2325 1079.517 0 0
2022-10-09 2325 1079.517 0 0
2022-10-10 2337 1061.657 -17.86 -1.654
2022-10-11 2324 1058.088 -3.569 -0.336
2022-10-12 2313 1076.589 18.501 1.749
2022-10-13 2288 1087.252 10.663 0.99
2022-10-14 2318 1069.999 -17.253 -1.587
2022-10-15 2323 1069.999 0 0
2022-10-16 2322 1069.999 0 0
2022-10-17 2295 1095.667 25.668 2.399
2022-10-18 2305 1099.38 3.713 0.339
2022-10-19 2313 1082.493 -16.887 -1.536
2022-10-20 2306 1082.878 0.385 0.036
2022-10-21 2308 1086.561 3.683 0.34
2022-10-22 2305 1086.561 0 0
2022-10-23 2304 1086.561 0 0
2022-10-24 2289 1086.192 -0.369 -0.034
2022-10-25 2303 1082.338 -3.854 -0.355
2022-10-26 2320 1081.211 -1.127 -0.104
2022-10-27 2333 1072.728 -8.483 -0.785
2022-10-28 2319 1078.869 6.141 0.572
2022-10-29 2316 1078.869 0 0
2022-10-30 2316 1078.869 0 0
2022-10-31 2322 1067.876 -10.993 -1.019
