2020-01-19 887 2950.533 0 0
2020-02-07 932 2795.912 -154.621 -5.53
2020-02-15 915 2853.023 57.111 2.002
2020-02-16 915 2853.023 0 0
2020-02-17 907 2866.635 13.612 0.475
2020-02-18 941 2749.572 -117.063 -4.257
2020-02-19 931 2791.713 42.141 1.51
2020-02-20 934 2770.191 -21.522 -0.777
2020-02-21 922 2788.184 17.993 0.645
2020-02-22 929 2775.789 -12.395 -0.447
2020-02-23 930 2775.789 0 0
2020-02-24 946 2705.855 -69.934 -2.585
2020-02-25 937 2708.586 2.731 0.101
2020-02-26 930 2691.489 -17.097 -0.635
2020-02-27 942 2610.054 -81.435 -3.12
2020-02-28 940 2616.605 6.551 0.25
2020-02-29 940 2616.605 0 0
