2024-03-30 1604 2065.938 0 0
2024-03-31 1604 2065.938 0 0
2024-04-02 1613 2055.283 -10.655 -0.516
2024-04-03 1607 2059.488 4.205 0.205
2024-04-04 1598 2070.186 10.698 0.519
2024-04-05 1599 2078.961 8.775 0.424
2024-04-06 1605 2069.29 -9.671 -0.465
2024-04-07 1605 2069.29 0 0
2024-04-08 1604 2069.29 0 0
2024-04-09 1602 2076.028 6.738 0.326
2024-04-10 1599 2076.929 0.901 0.043
2024-04-11 1610 2057.051 -19.878 -0.957
2024-04-12 1608 2047.802 -9.249 -0.45
2024-04-13 1613 2033.435 -14.367 -0.702
2024-04-14 1613 2033.435 0 0
2024-04-15 1606 2033.435 0 0
2024-04-16 1599 2032.786 -0.649 -0.032
