2020-01-19 2015 1152.889 0 0
2020-02-07 1994 1142.441 -10.448 -0.915
2020-02-15 1997 1151.749 9.308 0.808
2020-02-16 1999 1151.749 0 0
2020-02-17 1998 1151.749 0 0
2020-02-18 2001 1145.48 -6.269 -0.547
2020-02-19 1995 1156.308 10.828 0.936
2020-02-20 1985 1166.946 10.638 0.912
2020-02-21 1990 1156.688 -10.258 -0.887
2020-02-22 1990 1156.688 0 0
2020-02-23 1989 1156.688 0 0
2020-02-24 2008 1126.864 -29.824 -2.647
2020-02-25 2043 1085.643 -41.221 -3.797
2020-02-26 2044 1077.664 -7.979 -0.74
2020-02-27 2066 1052.21 -25.454 -2.419
2020-02-28 2063 1045.751 -6.459 -0.618
2020-02-29 2059 1045.751 0 0
2020-03-01 2056 1045.751 0 0
2020-03-02 2065 1040.432 -5.319 -0.511
2020-03-03 2088 1021.816 -18.616 -1.822
2020-03-04 2110 1011.178 -10.638 -1.052
2020-03-05 2130 944.503 -66.675 -7.059
2021-01-07 2340 1024.856 80.353 7.84
2021-01-08 2334 1039.293 14.437 1.389
2021-01-09 2337 1037.013 -2.28 -0.22
2021-01-10 2338 1037.013 0 0
2021-01-11 2325 1047.081 10.068 0.962
2021-01-12 2288 1094.191 47.11 4.305
2021-01-13 2272 1100.46 6.269 0.57
2021-01-14 2272 1108.818 8.358 0.754
2021-01-15 2305 1077.285 -31.533 -2.927
2021-01-16 2303 1075.005 -2.28 -0.212
2021-01-17 2303 1075.005 0 0
2021-01-18 2303 1075.005 0 0
2021-01-19 2304 1075.005 0 0
2021-01-20 2309 1068.166 -6.839 -0.64
2021-01-21 2305 1075.005 6.839 0.636
2021-01-22 2284 1096.471 21.466 1.958
2021-01-23 2283 1096.471 0 0
2021-01-24 2283 1096.471 0 0
2021-01-25 2270 1108.248 11.777 1.063
2021-01-26 2246 1136.742 28.494 2.507
2021-01-27 2251 1132.183 -4.559 -0.403
2021-01-28 2292 1078.044 -54.139 -5.022
2021-01-29 2303 1059.998 -18.046 -1.702
2021-01-30 2304 1059.998 0 0
2021-01-31 2305 1059.998 0 0
2021-02-01 2296 1069.686 9.688 0.906
2021-02-02 2297 1067.027 -2.659 -0.249
2021-02-03 2294 1079.944 12.917 1.196
2021-02-04 2329 1032.454 -47.49 -4.6
2021-02-05 2331 1033.594 1.14 0.11
2021-02-06 2332 1033.594 0 0
2021-02-07 2333 1033.594 0 0
2021-02-08 2318 1047.271 13.677 1.306
2021-02-09 2338 1033.024 -14.247 -1.379
2021-02-10 2322 1051.07 18.046 1.717
2021-02-11 2334 1042.332 -8.738 -0.838
2021-02-12 2327 1048.601 6.269 0.598
2021-02-13 2325 1048.601 0 0
2021-02-14 2325 1048.601 0 0
2021-02-15 2329 1048.601 0 0
2021-02-16 2314 1071.966 23.365 2.18
2021-02-17 2318 1071.396 -0.57 -0.053
2021-02-19 2307 1090.202 18.806 1.725
2021-02-20 2309 1090.202 0 0
2021-02-21 2310 1090.202 0 0
2021-02-22 2304 1097.61 7.408 0.675
2021-02-23 2302 1100.08 2.47 0.225
2021-02-24 2298 1096.85 -3.23 -0.294
2021-02-25 2309 1088.872 -7.978 -0.733
2021-02-26 2311 1078.994 -9.878 -0.915
2021-02-27 2312 1078.994 0 0
2021-02-28 2314 1078.994 0 0
2021-03-01 2293 1107.868 28.874 2.606
2021-03-02 2297 1100.46 -7.408 -0.673
2021-03-03 2312 1075.575 -24.885 -2.314
2021-03-04 2311 1075.575 0 0
2021-03-05 2299 1090.001 14.426 1.323
2021-03-06 2307 1090.001 0 0
2021-03-07 2303 1090.001 0 0
2021-03-08 2257 1132.528 42.527 3.755
2021-03-09 2249 1132.528 0 0
2021-03-11 2244 1133.652 1.124 0.099
2021-03-12 2183 1208.026 74.374 6.157
2021-03-13 2181 1208.026 0 0
2021-03-14 2182 1208.026 0 0
2021-03-15 2101 1290.83 82.804 6.415
2021-03-16 2122 1273.407 -17.423 -1.368
2021-03-18 2155 1230.881 -42.526 -3.455
2021-03-19 2155 1230.881 0 0
2021-03-20 2155 1229.008 -1.873 -0.152
2021-03-21 2155 1229.008 0 0
2021-03-22 2200 1183.109 -45.899 -3.88
2021-03-23 2248 1125.034 -58.075 -5.162
2021-03-24 2282 1091.875 -33.159 -3.037
2021-03-26 2220 1158.38 66.505 5.741
2021-03-27 2217 1158.38 0 0
2021-03-28 2217 1158.38 0 0
2021-03-29 2243 1132.34 -26.04 -2.3
2021-03-30 2245 1132.34 0 0
2021-03-31 2229 1142.457 10.117 0.886
2021-04-01 2250 1121.662 -20.795 -1.854
2021-04-02 2249 1121.662 0 0
2021-04-03 2249 1121.662 0 0
2021-04-04 2250 1121.662 0 0
2021-04-05 2249 1122.973 1.311 0.117
2021-04-06 2245 1130.467 7.494 0.663
2021-04-07 2256 1121.1 -9.367 -0.836
2021-04-08 2260 1121.1 0 0
2021-04-09 2529 1138.71 17.61 1.546
2021-04-10 2526 1138.71 0 0
2021-04-11 2527 1138.71 0 0
2021-04-12 2517 1137.024 -1.686 -0.148
2021-04-13 2514 1137.024 0 0
2021-04-14 2537 1128.593 -8.431 -0.747
2021-04-15 2578 1106.3 -22.293 -2.015
2021-04-16 2585 1104.239 -2.061 -0.187
2021-04-17 2588 1104.239 0 0
2021-04-18 2588 1104.239 0 0
2021-04-19 2604 1098.994 -5.245 -0.477
2021-04-20 2618 1085.131 -13.863 -1.278
2021-04-21 2568 1123.535 38.404 3.418
2021-04-22 2573 1122.599 -0.936 -0.083
2021-04-23 2560 1137.398 14.799 1.301
2021-04-24 2560 1137.398 0 0
2021-04-25 2562 1137.398 0 0
2021-04-26 2604 1117.353 -20.045 -1.794
2021-04-27 2576 1135.712 18.359 1.617
2021-04-28 2547 1148.451 12.739 1.109
2021-04-29 2561 1138.335 -10.116 -0.889
2021-04-30 2587 1120.163 -18.172 -1.622
2021-05-01 2587 1120.163 0 0
2021-05-02 2586 1120.163 0 0
2021-05-03 2520 1161.378 41.215 3.549
2021-05-04 2561 1136.181 -25.197 -2.218
2021-05-05 2526 1157.069 20.888 1.805
2021-05-06 2523 1152.76 -4.309 -0.374
2021-05-07 2497 1179.363 26.603 2.256
2021-05-08 2499 1179.363 0 0
2021-05-09 2499 1179.363 0 0
2021-05-10 2500 1169.996 -9.367 -0.801
2021-05-11 2528 1144.705 -25.291 -2.209
2021-05-12 2587 1108.173 -36.532 -3.297
2021-05-13 2547 1122.599 14.426 1.285
2021-05-14 2455 1200.157 77.558 6.462
2021-05-15 2459 1200.157 0 0
2021-05-16 2459 1200.157 0 0
2021-05-17 2405 1240.623 40.466 3.262
2021-05-18 2440 1219.453 -21.17 -1.736
2021-05-19 2479 1194.724 -24.729 -2.07
2021-05-20 2550 1146.953 -47.771 -4.165
2021-05-21 2554 1141.333 -5.62 -0.492
2021-05-22 2556 1141.333 0 0
2021-05-24 2564 1136.462 -4.871 -0.429
2021-05-25 2588 1116.416 -20.046 -1.796
2021-05-26 2622 1076.888 -39.528 -3.671
2021-05-27 2633 1075.576 -1.312 -0.122
2021-05-28 2647 1061.338 -14.238 -1.342
2021-05-29 2646 1061.338 0 0
2021-05-30 2646 1061.338 0 0
2021-05-31 2652 1061.338 0 0
2021-06-01 2639 1074.265 12.927 1.203
2021-06-02 2619 1099.181 24.916 2.267
2021-06-03 2630 1078.761 -20.42 -1.893
2021-06-04 2644 1068.27 -10.491 -0.982
2021-06-05 2643 1068.27 0 0
2021-06-06 2643 1068.27 0 0
2021-06-07 2634 1079.51 11.24 1.041
2021-06-08 2635 1079.136 -0.374 -0.035
2021-06-09 2624 1088.877 9.741 0.895
2021-06-10 2635 1076.138 -12.739 -1.184
2021-06-11 2624 1093.748 17.61 1.61
2021-06-12 2623 1093.748 0 0
2021-06-13 2623 1093.748 0 0
2021-06-14 2640 1074.827 -18.921 -1.76
2021-06-16 2628 1075.389 0.562 0.052
2021-06-17 2641 1059.09 -16.299 -1.539
2021-06-18 2669 1030.615 -28.475 -2.763
2021-06-19 2669 1030.615 0 0
2021-06-20 2667 1030.615 0 0
2021-06-21 2642 1049.536 18.921 1.803
2021-06-22 2615 1078.574 29.038 2.692
2021-06-23 2608 1093.561 14.987 1.37
2021-06-24 2593 1108.735 15.174 1.369
2021-06-25 2588 1115.292 6.557 0.588
2021-06-26 2591 1115.292 0 0
2021-06-27 2591 1115.292 0 0
2021-06-28 2593 1104.427 -10.865 -0.984
2021-06-29 2592 1115.854 11.427 1.024
2021-06-30 2587 1118.102 2.248 0.201
