2026-03-10 1989 2100 0 0
2026-03-11 1991 2100 0 0
2026-03-12 1981 2100 0 0
2026-03-13 1965 2100 0 0
2026-03-14 1959 2100 0 0
2026-03-15 1959 2100 0 0
2026-03-16 1964 2100 0 0
2026-03-17 1963 2100 0 0
2026-03-18 1962 2100 0 0
2026-03-19 1954 2100 0 0
2026-03-20 1941 2100 0 0
2026-03-21 1938 2100 0 0
2026-03-22 1938 2100 0 0
2026-03-23 1930 2100 0 0
2026-03-24 1941 2100 0 0
2026-03-25 1951 2100 0 0
2026-03-27 1932 2100 0 0
2026-03-28 1929 2100 0 0
2026-03-29 1930 2100 0 0
2026-03-30 1926 2100 0 0
2026-03-31 1926 2100 0 0
2026-04-01 1943 2100.0 0 0
2026-04-02 1939 2100.0 0 0
2026-04-03 1942 2100.0 0 0
2026-04-04 1941 2100.0 0 0
2026-04-05 1941 2100.0 0 0
2026-04-06 1942 2100.0 0 0
2026-04-07 1944 2100.0 0 0
2026-04-08 1948 2100.0 0 0
2026-04-09 1956 2100.0 0 0
2026-04-10 1969 2100.0 0 0
2026-04-11 1970 2100.0 0 0
2026-04-12 1973 2100.0 0 0
2026-04-13 1969 2100.0 0 0
2026-04-14 1971 2100.0 0 0
2026-04-15 1987 2100.0 0 0
2026-04-16 1998 2100.0 0 0
2026-04-17 1997 2100.0 0 0
2026-04-18 2001 2100.0 0 0
2026-04-19 2010 2100.0 0 0
2026-04-20 2012 2100.0 0 0
2026-04-21 2005 2100.0 0 0
2026-04-22 2004 2100.0 0 0
2026-04-23 1996 2100.0 0 0
2026-04-24 1990 2100.0 0 0
2026-04-25 1992 2100.0 0 0
2026-04-26 1992 2100.0 0 0
2026-04-27 1989 2100.0 0 0
2026-04-28 1985 2100.0 0 0
2026-04-29 1982 2100.0 0 0
2026-04-30 1985 2100.0 0 0
2026-05-01 1980 2100.0 0 0
