2024-07-26 2638 1055.567 0 0
2024-07-27 2638 1055.567 0 0
2024-07-28 2638 1055.567 0 0
2024-07-29 2636 1054.345 -1.222 -0.116
2024-07-30 2613 1067.02 12.675 1.202
2024-07-31 2630 1065.926 -1.094 -0.103
2024-08-01 2649 1045.53 -20.396 -1.913
2024-08-02 2632 1051.514 5.984 0.572
2024-08-03 2634 1051.514 0 0
2024-08-04 2634 1051.514 0 0
2024-08-05 2632 1036.265 -15.249 -1.45
2024-08-06 2657 1028.609 -7.656 -0.739
2024-08-07 2667 1029.831 1.222 0.119
2024-08-08 2669 1028.995 -0.836 -0.081
2024-08-09 2669 1023.848 -5.147 -0.5
2024-08-10 2675 1023.848 0 0
2024-08-11 2675 1023.848 0 0
2024-08-12 2690 1010.851 -12.997 -1.269
2024-08-13 2671 1026.614 15.763 1.559
2024-08-14 2673 1028.93 2.316 0.226
2024-08-15 2674 1034.592 5.662 0.55
2024-08-16 2665 1036.909 2.317 0.224
2024-08-17 2665 1036.909 0 0
2024-08-18 2665 1036.909 0 0
2024-08-19 2683 1024.877 -12.032 -1.16
2024-08-20 2698 1014.776 -10.101 -0.986
2024-08-21 2697 1016.834 2.058 0.203
2024-08-22 2720 1003.001 -13.833 -1.36
2024-08-23 2712 1001.65 -1.351 -0.135
2024-08-24 2717 1001.65 0 0
2024-08-25 2717 1001.65 0 0
2024-08-26 2698 1019.022 17.372 1.734
2024-08-27 2694 1021.66 2.638 0.259
2024-08-28 2679 1031.568 9.908 0.97
2024-08-29 2677 1032.212 0.644 0.062
2024-08-30 2691 1027.644 -4.568 -0.443
2024-08-31 2692 1027.644 0 0
