2021-04-09 1019 3100 0 0
2021-04-10 1019 3100 0 0
2021-04-11 1019 3100 0 0
2021-04-12 1007 3100 0 0
2021-04-13 1013 3100 0 0
2021-04-14 1014 3100 0 0
2021-04-15 1015 3100 0 0
2021-04-16 1013 3100 0 0
2021-04-17 1015 3100 0 0
2021-04-18 1015 3100 0 0
2021-04-19 1021 3100 0 0
2021-04-20 1020 3100 0 0
2021-04-21 1027 3100 0 0
2021-04-22 1028 3100 0 0
2021-04-23 1032 3100 0 0
2021-04-24 1032 3100 0 0
2021-04-25 1032 3100 0 0
2021-04-26 1037 3100 0 0
2021-04-27 1032 3100 0 0
2021-04-28 1036 3100 0 0
2021-04-29 1036 3100 0 0
2021-04-30 1036 3100 0 0
2021-05-01 1035 3100 0 0
2021-05-02 1034 3100 0 0
2021-05-03 1034 3100 0 0
2021-05-04 1032 3100 0 0
2021-05-05 1031 3100 0 0
2021-05-06 1024 3100 0 0
2021-05-07 1022 3100 0 0
2021-05-08 1026 3100 0 0
2021-05-09 1026 3100 0 0
2021-05-10 1021 3100 0 0
2021-05-11 1021 3100 0 0
2021-05-12 1018 3100 0 0
2021-05-13 1013 3100 0 0
2021-05-14 1023 3100 0 0
2021-05-15 1023 3100 0 0
2021-05-16 1023 3100 0 0
2021-05-17 1032 3100 0 0
2021-05-18 1033 3100 0 0
2021-05-19 1033 3100 0 0
2021-05-20 1033 3100 0 0
2021-05-21 1035 3100 0 0
2021-05-22 1036 3100 0 0
2021-05-24 1039 3100 0 0
2021-05-25 1041 3100 0 0
2021-05-26 1042 3100 0 0
2021-05-27 1048 3100 0 0
2021-05-28 1042 3100 0 0
2021-05-29 1041 3100 0 0
2021-05-30 1041 3100 0 0
2021-05-31 1044 3100 0 0
