2026-03-10 3213 1107.351 0 0
2026-03-11 3213 1107.351 0 0
2026-03-12 3207 1107.351 0 0
2026-03-13 3205 1107.351 0 0
2026-03-14 3200 1107.351 0 0
2026-03-15 3199 1107.351 0 0
2026-03-16 3197 1107.351 0 0
2026-03-17 3198 1107.351 0 0
2026-03-18 3205 1107.351 0 0
2026-03-19 3189 1107.351 0 0
2026-03-20 3176 1107.351 0 0
2026-03-21 3174 1107.351 0 0
2026-03-22 3174 1107.351 0 0
2026-03-23 3165 1107.351 0 0
2026-03-24 3167 1107.351 0 0
2026-03-25 3178 1107.351 0 0
2026-03-27 3165 1107.351 0 0
2026-03-28 3161 1107.351 0 0
2026-03-29 3161 1107.351 0 0
2026-03-30 3155 1107.351 0 0
2026-03-31 3153 1107.351 0 0
