2021-02-11 2261 1140.959 0 0
2021-02-12 2276 1120.032 -20.927 -1.834
2021-02-13 2275 1121.687 1.655 0.148
2021-02-14 2275 1121.687 0 0
2021-02-15 2283 1105.939 -15.748 -1.404
2021-02-16 2309 1078.538 -27.401 -2.478
2021-02-17 2335 1042.909 -35.629 -3.303
2021-02-18 2291 1102.148 59.239 5.68
2021-02-19 2321 1078.169 -23.979 -2.176
2021-02-20 2321 1078.169 0 0
2021-02-21 2322 1078.169 0 0
2021-02-22 2322 1075.039 -3.13 -0.29
2021-02-23 2285 1124.037 48.998 4.558
2021-02-24 2311 1087.509 -36.528 -3.25
2021-02-25 2326 1064.19 -23.319 -2.144
2021-02-26 2332 1051.607 -12.583 -1.182
2021-02-27 2342 1036.437 -15.17 -1.443
2021-02-28 2344 1036.437 0 0
2021-03-01 2345 1033.625 -2.812 -0.271
2021-03-02 2369 1000.159 -33.466 -3.238
2021-03-03  986.62 -13.539 -1.354
2021-03-11 2336 1020.532 33.912 3.437
2021-03-12 2336 1030.314 9.782 0.959
2021-03-13 2335 1032.013 1.699 0.165
2021-03-14 2336 1032.013 0 0
2021-03-15 2349 1015.984 -16.029 -1.553
2021-03-16 2343 1028.7 12.716 1.252
2021-03-19  0 -1028.7 -100
2021-04-28 2693 1034.725 0 0
2021-04-29 2671 1047.677 12.952 1.252
2021-04-30  949.085 -98.592 -9.411
2021-09-08 2589 1084.852 135.767 14.305
2021-09-09 2604 1069.7 -15.152 -1.397
2021-09-10 2600 1071.274 1.574 0.147
2021-09-11 2603 1071.274 0 0
2021-09-12 2603 1071.274 0 0
2021-09-13 2624 1048.926 -22.348 -2.086
2021-09-14 2611 1055.489 6.563 0.626
2021-09-15 2596 1067.704 12.215 1.157
2021-09-16 2610 1053.775 -13.929 -1.305
2021-09-17 2625 1036.714 -17.061 -1.619
2021-09-18 2627 1037.155 0.441 0.043
2021-09-19 2625 1037.155 0 0
2021-09-20  976.006 -61.149 -5.896
2021-09-23 2632 1025.908 49.902 5.113
2021-09-24 2631 1023.048 -2.86 -0.279
2021-09-25 2632 1022.241 -0.807 -0.079
2021-09-26 2633 1022.241 0 0
2021-09-27 2618 1036.7 14.459 1.414
2021-09-28 2640 1005.999 -30.701 -2.961
2021-09-29  987.306 -18.693 -1.858
2021-10-01  991.875 4.569 0.463
2021-10-05 2646 1003.617 11.742 1.184
2021-10-06  976.254 -27.363 -2.726
2021-10-09 2636 1041.924 65.67 6.727
2021-10-10 2635 1041.924 0 0
2021-10-11 2636 1040.448 -1.476 -0.142
2021-10-12 2651 1027.906 -12.542 -1.205
2021-10-13 2547 1112.526 84.62 8.232
2021-10-14 2555 1107.556 -4.97 -0.447
2021-10-15 2560 1109.274 1.718 0.155
2021-10-16 2566 1109.274 0 0
2021-10-17 2565 1109.274 0 0
2021-10-18 2596 1083.145 -26.129 -2.356
2021-10-19 2678 1014.162 -68.983 -6.369
2021-10-20  997.647 -16.515 -1.628
2021-10-21 2686 1013.375 15.728 1.577
2021-10-22  939.478 -73.897 -7.292
