2019-11-07 2113 1039.952 0 0
2020-01-19 2144 1055.343 15.391 1.48
2020-02-07 2103 1055.61 0.267 0.025
2020-02-15 2104 1056.4 0.79 0.075
2020-02-16 2106 1056.4 0 0
2020-02-17 2108 1052.21 -4.19 -0.397
2020-02-18 2110 1051.791 -0.419 -0.04
2020-02-19 2108 1053.825 2.034 0.193
2020-02-20 2129 1036.78 -17.045 -1.617
2020-02-21 2128 1033.21 -3.57 -0.344
2020-02-22 2126 1036.771 3.561 0.345
2020-02-23 2126 1036.771 0 0
2020-02-24 2115 1036.771 0 0
2020-02-25 2119 1021.581 -15.19 -1.465
2020-02-26 2120 1011.048 -10.533 -1.031
2020-02-27  984.151 -26.897 -2.66
