2024-03-30 2417 1246.087 0 0
2024-03-31 2417 1246.087 0 0
2024-04-02 2423 1246.087 0 0
2024-04-03 2417 1246.087 0 0
2024-04-04 2416 1246.087 0 0
2024-04-05 2420 1246.087 0 0
2024-04-06 2416 1246.087 0 0
2024-04-07 2417 1246.087 0 0
2024-04-08 2414 1246.087 0 0
2024-04-09 2421 1246.087 0 0
2024-04-10 2416 1246.087 0 0
2024-04-11 2414 1246.087 0 0
2024-04-12 2401 1246.087 0 0
2024-04-13 2400 1246.087 0 0
2024-04-14 2401 1246.087 0 0
2024-04-15 2399 1246.087 0 0
2024-04-16 2388 1246.087 0 0
2024-04-17 2388 1246.087 0 0
2024-04-18 2391 1246.087 0 0
2024-04-19 2383 1246.087 0 0
2024-04-20 2383 1246.087 0 0
2024-04-21 2384 1246.087 0 0
2024-04-22 2394 1246.087 0 0
2024-04-23 2396 1246.087 0 0
2024-04-24 2397 1246.087 0 0
2024-04-25 2398 1246.087 0 0
2024-04-26 2403 1246.087 0 0
2024-04-27 2402 1246.087 0 0
2024-04-28 2402 1246.087 0 0
2024-04-29 2411 1246.087 0 0
2024-04-30 2409 1246.087 0 0
2024-05-01 2406 1246.087 0 0
2024-05-02 2408 1246.087 0 0
2024-05-03 2413 1246.087 0 0
2024-05-04 2416 1246.087 0 0
2024-05-05 2416 1246.087 0 0
2024-05-06 2420 1246.087 0 0
2024-05-07 2419 1246.087 0 0
2024-05-08 2414 1246.087 0 0
2024-05-09 2420 1246.087 0 0
2024-05-10 2420 1246.087 0 0
2024-05-11 2420 1246.087 0 0
2024-05-12 2420 1246.087 0 0
2024-05-13 2419 1246.087 0 0
2024-05-14 2420 1246.087 0 0
2024-05-15 2420 1246.087 0 0
2024-05-16 2423 1246.087 0 0
2024-05-17 2431 1246.087 0 0
2024-05-18 2429 1246.087 0 0
2024-05-19 2429 1246.087 0 0
2024-05-20 2436 1246.087 0 0
2024-05-21 2425 1246.087 0 0
2024-05-22 2419 1246.087 0 0
2024-05-23 2411 1246.087 0 0
2024-05-24 2411 1246.087 0 0
2024-05-25 2412 1246.087 0 0
2024-05-26 2412 1246.087 0 0
2024-05-27 2413 1246.087 0 0
2024-05-28 2416 1246.087 0 0
2024-05-29 2414 1246.087 0 0
2024-05-30 2403 1246.087 0 0
2024-05-31 2405 1246.087 0 0
2024-06-01 2406 1246.087 0 0
2024-06-02 2406 1246.087 0 0
2024-06-03 2409 1246.087 0 0
2024-06-04 2410 1246.087 0 0
2024-06-05 2408 1246.087 0 0
2024-06-06 2411 1246.087 0 0
2024-06-07 2411 1246.087 0 0
2024-06-09 2410 1246.087 0 0
2024-06-10 2409 1246.087 0 0
2024-06-11 2414 1246.087 0 0
2024-06-12 2409 1246.087 0 0
2024-06-13 2414 1246.087 0 0
2024-06-14 2403 1246.087 0 0
2024-06-15 2400 1246.087 0 0
2024-06-16 2400 1246.087 0 0
2024-06-17 2402 1246.087 0 0
2024-06-18 2405 1246.087 0 0
2024-06-19 2396 1246.087 0 0
2024-06-20 2394 1246.087 0 0
2024-06-21 2395 1246.087 0 0
2024-06-22 2389 1246.087 0 0
2024-06-23 2389 1246.087 0 0
2024-06-24 2392 1246.087 0 0
2024-06-25 2394 1246.087 0 0
2024-06-26 2393 1246.087 0 0
2024-06-27 2384 1246.087 0 0
2024-06-28 2391 1246.087 0 0
2024-06-29 2391 1246.087 0 0
2024-06-30 2391 1246.087 0 0
2024-07-01 2386 1246.087 0 0
2024-07-02 2383 1246.087 0 0
2024-07-03 2387 1246.087 0 0
2024-07-04 2386 1246.087 0 0
2024-07-05 2388 1246.087 0 0
2024-07-06 2393 1246.087 0 0
2024-07-07 2393 1246.087 0 0
2024-07-08 2386 1246.087 0 0
2024-07-09 2389 1246.087 0 0
2024-07-10 2389 1246.087 0 0
2024-07-11 2394 1246.087 0 0
2024-07-12 2399 1246.087 0 0
2024-07-13 2398 1246.087 0 0
2024-07-14 2398 1246.087 0 0
2024-07-15 2399 1246.087 0 0
2024-07-16 2396 1246.087 0 0
2024-07-17 2396 1246.087 0 0
2024-07-18 2399 1246.087 0 0
2024-07-19 2396 1246.087 0 0
2024-07-20 2392 1246.087 0 0
2024-07-21 2392 1246.087 0 0
2024-07-22 2386 1246.087 0 0
2024-07-23 2377 1246.087 0 0
2024-07-24 2371 1246.087 0 0
2024-07-25 2372 1246.087 0 0
2024-07-26 2381 1246.087 0 0
2024-07-27 2381 1246.087 0 0
2024-07-28 2381 1246.087 0 0
2024-07-29 2379 1246.087 0 0
2024-07-30 2379 1246.087 0 0
2024-07-31 2389 1246.087 0 0
