2021-04-09 2252 1345.875 0 0
2021-04-10 2251 1345.875 0 0
2021-04-11 2253 1345.875 0 0
2021-04-12 2229 1355.958 10.083 0.749
2021-04-13 2227 1355.958 0 0
2021-04-14 2249 1339.657 -16.301 -1.202
2021-04-15 2219 1373.179 33.522 2.502
2021-04-16 2169 1419.625 46.446 3.382
2021-04-17 2172 1419.625 0 0
2021-04-18 2172 1419.625 0 0
2021-04-19 2178 1418.569 -1.056 -0.074
2021-04-20 2189 1407.828 -10.741 -0.757
2021-04-21 2167 1435.645 27.817 1.976
2021-04-22 2181 1423.02 -12.625 -0.879
2021-04-23 2201 1413.712 -9.308 -0.654
2021-04-24 2201 1413.712 0 0
2021-04-25 2202 1413.712 0 0
2021-04-26 2200 1416.331 2.619 0.185
2021-04-27 2207 1417.44 1.109 0.078
2021-04-28 2194 1434.917 17.477 1.233
2021-04-29 2184 1442.038 7.121 0.496
2021-04-30 2181 1440.336 -1.702 -0.118
2021-05-01 2176 1440.336 0 0
2021-05-02 2175 1440.336 0 0
2021-05-03 2152 1460.626 20.29 1.409
2021-05-04 2133 1472.577 11.951 0.818
2021-05-05 2113 1487.354 14.777 1.003
2021-05-06 2104 1496.695 9.341 0.628
2021-05-07 2094 1503.08 6.385 0.427
2021-05-08 2102 1503.08 0 0
2021-05-09 2102 1503.08 0 0
2021-05-10 2080 1520.245 17.165 1.142
2021-05-11 2096 1504.329 -15.916 -1.047
2021-05-12 2115 1492.55 -11.779 -0.783
2021-05-13 2057 1527.992 35.442 2.375
2021-05-14 2044 1545.601 17.609 1.152
2021-05-15 2049 1545.601 0 0
2021-05-16 2049 1545.601 0 0
2021-05-17 2047 1553.347 7.746 0.501
2021-05-18 2074 1531.164 -22.183 -1.428
2021-05-19 2102 1519.237 -11.927 -0.779
2021-05-20 2091 1530.209 10.972 0.722
2021-05-21 2087 1529.718 -0.491 -0.032
2021-05-22 2088 1529.718 0 0
2021-05-23 2088 1529.718 0 0
2021-05-24 2079 1538.569 8.851 0.579
2021-05-25 2074 1545.632 7.063 0.459
2021-05-26 2078 1549.452 3.82 0.247
2021-05-27 2091 1540.014 -9.438 -0.609
2021-05-28 2086 1544.629 4.615 0.3
2021-05-29 2088 1544.629 0 0
2021-05-30 2089 1544.629 0 0
2021-05-31 2096 1544.629 0 0
