2020-02-07 2141 1025.35 0 0
2020-02-15 2151 1015.128 -10.222 -0.997
2020-02-16 2152 1015.128 0 0
2020-02-17 2149 1015.128 0 0
2020-02-18 2145 1015.128 0 0
2020-02-19 2149 1013.536 -1.592 -0.157
2020-02-20 2155 1009.122 -4.414 -0.436
2020-02-21 2150 1006.194 -2.928 -0.29
2020-02-22 2153 1006.59 0.396 0.039
2020-02-23 2153 1006.59 0 0
2020-02-24 1971 1160.694 154.104 15.31
2020-02-25 1968 1156.636 -4.058 -0.35
2020-02-26 1968 1152.757 -3.879 -0.335
2020-02-27 1960 1150.565 -2.192 -0.19
2020-02-28 1947 1145.52 -5.045 -0.438
2020-02-29 1951 1132.945 -12.575 -1.098
