2020-04-08 1461 1590.557 0 0
2020-04-10 1551 1517.499 -73.058 -4.814
2020-04-11 1551 1517.499 0 0
2020-04-12 1551 1517.499 0 0
2020-04-13 1539 1529.273 11.774 0.77
2020-04-14 1504 1580.457 51.184 3.239
2020-04-15 1403 1694.182 113.725 6.713
2020-04-17 1489 1579.077 -115.105 -7.289
2020-04-18 1498 1578.452 -0.625 -0.04
2020-04-19 1498 1578.452 0 0
2020-04-20 1564 1514.038 -64.414 -4.254
2020-04-21 1608 1451.314 -62.724 -4.322
2020-04-23 1541 1527.856 76.542 5.01
2020-04-24 1561 1514.677 -13.179 -0.87
2020-04-25 1559 1513.8 -0.877 -0.058
2020-04-26 1559 1513.8 0 0
2020-04-27 1536 1538.157 24.357 1.584
2020-04-28 1487 1600.845 62.688 3.916
2020-04-29 1507 1592.376 -8.469 -0.532
2020-04-30 1484 1630.245 37.869 2.323
2020-05-01 1475 1635.492 5.247 0.321
2020-05-02 1469 1635.492 0 0
2020-05-03 1468 1635.492 0 0
2020-05-04 1461 1635.492 0 0
2020-05-05 1456 1635.492 0 0
2020-05-06 1448 1651.026 15.534 0.941
2020-05-07 1483 1616.152 -34.874 -2.158
2020-05-08 1431 1687.131 70.979 4.207
2020-05-09 1438 1689.991 2.86 0.169
2020-05-10 1438 1689.991 0 0
2020-05-11 1420 1708.667 18.676 1.093
2020-05-12 1403 1724.594 15.927 0.924
2020-05-13 1416 1704.14 -20.454 -1.2
2020-05-14 1426 1678.597 -25.543 -1.522
2020-05-15 1417 1694.453 15.856 0.936
2020-05-16 1420 1693.092 -1.361 -0.08
2020-05-17 1420 1693.092 0 0
2020-05-18 1454 1667.199 -25.893 -1.553
2020-05-19 1444 1691.507 24.308 1.437
2020-05-20 1513 1618.475 -73.032 -4.512
2020-05-21 1573 1550.992 -67.483 -4.351
2020-05-22 1597 1512.091 -38.901 -2.573
2020-05-23 1600 1503.473 -8.618 -0.573
2020-05-24 1600 1503.473 0 0
2020-05-25 1592 1512.642 9.169 0.606
2020-05-26 1569 1547.907 35.265 2.278
2020-05-27 1593 1534.32 -13.587 -0.886
2020-05-28 1591 1537.702 3.382 0.22
2020-05-29 1544 1601.704 64.002 3.996
2020-05-30 1543 1604.753 3.049 0.19
2020-05-31 1543 1604.753 0 0
