2026-03-11 3361 1004.599 0 0
2026-04-02 3314 1017.326 12.727 1.267
2026-04-03 3320 1010.77 -6.556 -0.644
2026-04-04 3320 1010.77 0 0
2026-04-05 3320 1010.77 0 0
2026-04-06 3321 1010.77 0 0
2026-04-07 3325 1007.093 -3.677 -0.364
2026-04-08 3324 1023.682 16.589 1.647
2026-04-09 3308 1040.863 17.181 1.678
2026-04-10 3310 1038.391 -2.472 -0.237
2026-04-11 3308 1042.006 3.615 0.348
2026-04-12 3308 1042.006 0 0
2026-04-13 3313 1039.067 -2.939 -0.282
2026-04-14 3315 1044.326 5.259 0.506
2026-04-15 3315 1051.847 7.521 0.72
2026-04-16 3322 1053.474 1.627 0.155
2026-04-17 3326 1054.011 0.537 0.051
2026-04-18 3324 1058.139 4.128 0.392
2026-04-19 3324 1058.139 0 0
2026-04-20 3327 1055.844 -2.295 -0.217
2026-04-21 3332 1046.953 -8.891 -0.842
2026-04-22 3340 1037.463 -9.49 -0.906
2026-04-23 3338 1034.671 -2.792 -0.269
2026-04-24 3328 1032.163 -2.508 -0.242
2026-04-25 3331 1031.342 -0.821 -0.08
2026-04-26 3331 1031.342 0 0
2026-04-27 3338 1031.437 0.095 0.009
2026-04-28 3327 1031.777 0.34 0.033
2026-04-29 3346 1021.212 -10.565 -1.024
2026-04-30 3339 1024.143 2.931 0.287
2026-05-01 3335 1027.575 3.432 0.335
2026-05-02 3333 1030.929 3.354 0.326
2026-05-04 3330 1030.159 -0.77 -0.075
2026-05-05 3335 1027.941 0 0
2026-05-06 3340 1024.634 0 0
2026-05-07 3332 1036.43 0 0
2026-05-08 3335 1040.041 0 0
2026-05-09 3346 1041.951 0 0
