2021-08-28 2661 1004.775 0 0
2021-08-29 2661 1004.775 0 0
2021-08-30 2658 1004.775 0 0
2021-08-31 2656 1005.029 0.254 0.025
2021-09-01 2662 1005.089 0.06 0.006
2021-09-02 2659 1012.996 7.907 0.781
2021-09-03 2629 1039.607 26.611 2.56
2021-09-04 2631 1039.537 -0.07 -0.007
2021-09-05 2632 1039.537 0 0
2021-09-06 2638 1039.537 0 0
2021-09-07 2639 1039.537 0 0
2021-09-08 2641 1036.663 -2.874 -0.277
2021-09-09 2621 1048.014 11.351 1.083
2021-09-10 2603 1069.747 21.733 2.032
2021-09-11 2585 1089.095 19.348 1.777
2021-09-12 2585 1089.095 0 0
2021-09-13 2582 1089.095 0 0
2021-09-14 2558 1102.526 13.431 1.218
2021-09-15 2565 1096.547 -5.979 -0.545
2021-09-16 2545 1110.288 13.741 1.238
2021-09-17 2509 1133.41 23.122 2.04
2021-09-18 2471 1159.098 25.688 2.216
2021-09-19 2469 1159.098 0 0
2021-09-20 2461 1159.098 0 0
2021-09-21 2484 1136.437 -22.661 -1.994
2021-09-22 2484 1136.437 0 0
2021-09-23 2470 1152.795 16.358 1.419
2021-09-24 2479 1149.068 -3.727 -0.324
2021-09-25 2502 1127.874 -21.194 -1.879
2021-09-26 2502 1127.874 0 0
2021-09-27 2512 1127.874 0 0
2021-09-28 2506 1123.983 -3.891 -0.346
2021-09-29 2505 1118.78 -5.203 -0.465
2021-09-30 2509 1114.103 -4.677 -0.42
