2019-11-07 825 2982.912 0 0
2020-01-19 865 2997.292 14.38 0.482
2020-02-07 836 3041.723 44.431 1.482
2020-02-15 840 3067.994 26.271 0.864
2020-02-16 840 3067.994 0 0
2020-02-17 835 3067.994 0 0
2020-02-18 836 3070.575 2.581 0.084
2020-02-19 838 3046.516 -24.059 -0.784
2020-02-20 833 3065.137 18.621 0.611
2020-02-21 834 3054.628 -10.509 -0.343
2020-02-22 836 3054.628 0 0
2020-02-23 836 3054.628 0 0
2020-02-24 826 3041.447 -13.181 -0.432
2020-02-25 842 2971.39 -70.057 -2.303
2020-02-26 837 2959.038 -12.352 -0.416
2020-02-27 851 2893.037 -66.001 -2.23
2020-02-28 838 2899.397 6.36 0.22
2020-02-29 842 2899.397 0 0
