2019-11-07 670 3526.327 0 0
2020-01-19 665 3750.418 224.091 6.355
2020-02-07 646 3726.159 -24.259 -0.647
2020-02-15 646 3743.391 17.232 0.462
2020-02-16 646 3743.391 0 0
2020-02-17 571 4114.616 371.225 9.917
2020-02-18 572 4091.041 -23.575 -0.573
2020-02-19 571 4093.997 2.956 0.072
2020-02-20 571 4094.724 0.727 0.018
2020-02-21 571 4084.492 -10.232 -0.25
2020-02-22 571 4084.091 -0.401 -0.01
2020-02-23 570 4084.091 0 0
2020-02-24 565 4063.648 -20.443 -0.501
2020-02-25 559 4079.381 15.733 0.387
2020-02-26 554 4070.5 -8.881 -0.218
2020-02-27 541 4092.808 22.308 0.548
2020-02-28 531 4075.395 -17.413 -0.425
2020-02-29 531 4075.518 0.123 0.003
