2020-04-08 1538 1504.879 0 0
2020-04-09 1509 1551.149 46.27 3.075
2020-04-10 1543 1525.44 -25.709 -1.657
2020-04-11 1543 1525.44 0 0
2020-04-12 1544 1525.44 0 0
2020-04-13 1486 1576.442 51.002 3.343
2020-04-14 1512 1569.459 -6.983 -0.443
2020-04-15 1506 1571.383 1.924 0.123
2020-04-16 1443 1626.5 55.117 3.508
2020-04-17 1497 1569.398 -57.102 -3.511
2020-04-18 1509 1568.777 -0.621 -0.04
2020-04-19 1509 1568.777 0 0
2020-04-20 1500 1577.102 8.325 0.531
2020-04-21 1503 1553.337 -23.765 -1.507
2020-04-23 1437 1630.826 77.489 4.989
2020-04-24 1448 1618.269 -12.557 -0.77
2020-04-25 1450 1617.332 -0.937 -0.058
2020-04-26 1451 1617.332 0 0
2020-04-27 1423 1668.162 50.83 3.143
2020-04-28 1429 1671.599 3.437 0.206
2020-04-29 1454 1653.739 -17.86 -1.068
2020-04-30 1514 1596.887 -56.852 -3.438
