2021-04-09 2543 1131.994 0 0
2021-04-10 2546 1129.259 -2.735 -0.242
2021-04-11 2547 1129.259 0 0
2021-04-12 2618 1074.478 -54.781 -4.851
2021-04-13 2619 1075.001 0.523 0.049
2021-04-14 2627 1070.419 -4.582 -0.426
2021-04-15 2613 1083.428 13.009 1.215
2021-04-16 2627 1075.517 -7.911 -0.73
2021-04-17 2619 1083.871 8.354 0.777
2021-04-18 2619 1083.871 0 0
2021-04-19 2622 1084.206 0.335 0.031
2021-04-20 2614 1093.872 9.666 0.892
2021-04-21 2612 1093.689 -0.183 -0.017
2021-04-22 2614 1096.872 3.183 0.291
2021-04-23 2598 1111.597 14.725 1.342
2021-04-24 2598 1111.597 0 0
2021-04-25 2602 1110.523 -1.074 -0.097
2021-04-26 2642 1079.154 -31.369 -2.825
2021-04-27 2620 1099.363 20.209 1.873
2021-04-28 2595 1121.964 22.601 2.056
2021-04-29 2581 1124.515 2.551 0.227
2021-04-30 2601 1110.017 -14.498 -1.289
2021-05-01 2601 1109.53 -0.487 -0.044
2021-05-02 2600 1109.53 0 0
2021-05-03 2596 1109.266 -0.264 -0.024
2021-05-04 2592 1112.428 3.162 0.285
2021-05-05 2588 1111.373 -1.055 -0.095
2021-05-06 2591 1108.068 -3.305 -0.297
2021-05-07 2593 1106.353 -1.715 -0.155
2021-05-08 2594 1110.247 3.894 0.352
2021-05-09 2594 1110.247 0 0
2021-05-10 2584 1114.118 3.871 0.349
2021-05-11 2574 1118.65 4.532 0.407
2021-05-12 2572 1114.122 -4.528 -0.405
2021-05-13 2561 1112.908 -1.214 -0.109
2021-05-14 2587 1101.644 -11.264 -1.012
2021-05-15 2587 1103.655 2.011 0.183
2021-05-16 2587 1103.655 0 0
2021-05-17 2582 1112.853 9.198 0.833
2021-05-18 2586 1114.511 1.658 0.149
2021-05-19 2582 1119.356 4.845 0.435
2021-05-20 2595 1112.182 -7.174 -0.641
2021-05-21 2587 1118.693 6.511 0.585
2021-05-22 2582 1122.935 4.242 0.379
2021-05-23 2582 1122.935 0 0
2021-05-24 2593 1113.265 -9.67 -0.861
2021-05-25 2532 1156.171 42.906 3.854
2021-05-26 2558 1139.493 -16.678 -1.443
2021-05-27 2553 1148.121 8.628 0.757
2021-05-28 2532 1164.567 16.446 1.432
2021-05-29 2530 1166.978 2.411 0.207
2021-05-30 2530 1166.978 0 0
2021-05-31 2557 1147.557 -19.421 -1.664
2021-06-01 2581 1136.385 -11.172 -0.974
2021-06-02 2588 1126.672 -9.713 -0.855
2021-06-03 2584 1125.554 -1.118 -0.099
2021-06-04 2517 1183.139 57.585 5.116
2021-06-05 2519 1181.599 -1.54 -0.13
2021-06-06 2519 1181.599 0 0
2021-06-07 2509 1190.248 8.649 0.732
2021-06-08 2504 1194.596 4.348 0.365
2021-06-09 2484 1206.297 11.701 0.979
2021-06-10 2486 1207.404 1.107 0.092
2021-06-11 2462 1219.998 12.594 1.043
2021-06-12 2462 1219.809 -0.189 -0.015
2021-06-13 2462 1219.809 0 0
2021-06-14 2497 1195.298 -24.511 -2.009
2021-06-16 2475 1200.322 5.024 0.42
2021-06-17 2484 1198.434 -1.888 -0.157
2021-06-18 2486 1191.996 -6.438 -0.537
2021-06-19 2486 1191.996 0 0
2021-06-20 2476 1195.466 3.47 0.291
2021-06-21 2470 1202.57 7.104 0.594
2021-06-22 2438 1231.315 28.745 2.39
2021-06-23 2451 1223.74 -7.575 -0.615
2021-06-24 2444 1231.496 7.756 0.634
2021-06-25 2478 1208.536 -22.96 -1.864
2021-06-26 2480 1208.047 -0.489 -0.04
2021-06-27 2480 1208.047 0 0
2021-06-28 2483 1204.859 -3.188 -0.264
2021-06-29 2471 1211.401 6.542 0.543
2021-06-30 2490 1197.723 -13.678 -1.129
2021-07-01 2448 1225.667 27.944 2.333
2021-07-02 2448 1216.153 -9.514 -0.776
2021-07-03 2451 1212.94 -3.213 -0.264
2021-07-04 2451 1212.94 0 0
2021-07-05 2449 1220.269 7.329 0.604
2021-07-06 2445 1219.507 -0.762 -0.062
2021-07-07 2425 1237.037 17.53 1.437
2021-07-08 2409 1242.8 5.763 0.466
2021-07-09 2402 1246.563 3.763 0.303
2021-07-10 2406 1247.879 1.316 0.106
2021-07-11 2406 1247.879 0 0
2021-07-12 2418 1246.545 -1.334 -0.107
2021-07-13 2399 1260.971 14.426 1.157
2021-07-14 2378 1282.591 21.62 1.715
2021-07-15 2397 1266.29 -16.301 -1.271
2021-07-16 2395 1260.834 -5.456 -0.431
2021-07-17 2394 1260.476 -0.358 -0.028
2021-07-18 2394 1260.476 0 0
2021-07-19 2383 1263.625 3.149 0.25
2021-07-20 2370 1268.326 4.701 0.372
2021-07-21 2367 1272.808 4.482 0.353
2021-07-22 2379 1265.156 -7.652 -0.601
2021-07-23 2374 1262.846 -2.31 -0.183
2021-07-24 2372 1263.854 1.008 0.08
2021-07-25 2372 1263.854 0 0
2021-07-26 2361 1266.483 2.629 0.208
2021-07-27 2338 1268.324 1.841 0.145
2021-07-28 2348 1263.979 -4.345 -0.343
2021-07-29 2349 1268.511 4.532 0.359
2021-07-30 2345 1272.812 4.301 0.339
2021-07-31 2346 1270.588 -2.224 -0.175
2021-08-01 2346 1270.588 0 0
2021-08-02 2356 1275.321 4.733 0.373
2021-08-03 2349 1276.923 1.602 0.126
2021-08-04 2354 1278.846 1.923 0.151
2021-08-05 2374 1259.821 -19.025 -1.488
2021-08-06 2353 1276.301 16.48 1.308
2021-08-07 2347 1276.623 0.322 0.025
2021-08-08 2347 1276.623 0 0
2021-08-09 2366 1264.678 -11.945 -0.936
2021-08-10 2408 1233.595 -31.083 -2.458
2021-08-11 2411 1229.953 -3.642 -0.295
2021-08-13 2395 1246.402 16.449 1.337
2021-08-14 2394 1246.507 0.105 0.008
2021-08-15 2394 1246.507 0 0
2021-08-16 2386 1243.656 -2.851 -0.229
2021-08-17 2373 1246.962 3.306 0.266
2021-08-18 2363 1250.914 3.952 0.317
2021-08-19 2360 1252.693 1.779 0.142
2021-08-20 2365 1230.821 -21.872 -1.746
2021-08-21 2369 1228.308 -2.513 -0.204
2021-08-22 2369 1228.308 0 0
2021-08-23 2428 1196.057 -32.251 -2.626
2021-08-24 2403 1221.927 25.87 2.163
2021-08-25 2369 1254.393 32.466 2.657
2021-08-26 2389 1227.42 -26.973 -2.15
2021-08-27 2365 1251.122 23.702 1.931
2021-08-28 2359 1260.097 8.975 0.717
2021-08-29 2359 1260.097 0 0
2021-08-30 2356 1260.073 -0.024 -0.002
2021-08-31 2316 1302.507 42.434 3.368
