2023-04-06 2565 1049.366 0 0
2023-04-07 2555 1050.624 1.258 0.12
2023-04-08 2554 1050.624 0 0
2023-04-09 2553 1050.624 0 0
2023-04-10 2544 1059.433 8.809 0.831
2023-04-11 2553 1060.919 1.486 0.14
2023-04-12 2549 1063.085 2.166 0.204
2023-04-13 2563 1053.879 -9.206 -0.874
2023-04-14 2571 1056.524 2.645 0.25
2023-04-15 2566 1056.524 0 0
2023-04-16 2566 1056.524 0 0
2023-04-17 2562 1061.47 4.946 0.466
2023-04-18 2564 1052.995 -8.475 -0.805
2023-04-19 2568 1054.19 1.195 0.113
2023-04-20 2564 1052.483 -1.707 -0.162
2023-04-21 2554 1056.439 3.956 0.374
2023-04-22 2549 1056.936 0.497 0.047
2023-04-23 2549 1056.936 0 0
2023-04-24 2533 1068.229 11.293 1.057
2023-04-25 2526 1069.999 1.77 0.165
2023-04-26 2520 1071.98 1.981 0.185
2023-04-27 2522 1074.656 2.676 0.249
2023-04-28 2506 1086.488 11.832 1.089
2023-04-29 2508 1086.547 0.059 0.005
2023-04-30 2508 1086.547 0 0
2023-05-01 2508 1086.547 0 0
2023-05-02 2528 1069.966 -16.581 -1.55
2023-05-03 2524 1071.489 1.523 0.142
2023-05-04 2519 1075.221 3.732 0.347
2023-05-05 2503 1084.13 8.909 0.822
2023-05-06 2504 1084.13 0 0
2023-05-07 2504 1084.13 0 0
2023-05-08 2500 1092.935 8.805 0.806
2023-05-09 2487 1097.087 4.152 0.378
2023-05-10 2488 1093.194 -3.893 -0.356
2023-05-11 2496 1092.799 -0.395 -0.036
2023-05-12 2469 1097.407 4.608 0.42
2023-05-13 2470 1096.493 -0.914 -0.083
2023-05-14 2471 1096.493 0 0
2023-05-15 2445 1120.935 24.442 2.181
2023-05-16 2447 1116.858 -4.077 -0.365
2023-05-17 2437 1128.544 11.686 1.035
2023-05-18 2431 1129.096 0.552 0.049
2023-05-19 2440 1124.951 -4.145 -0.368
2023-05-20 2445 1117.258 -7.693 -0.689
2023-05-21 2445 1117.258 0 0
2023-05-22 2456 1114.194 -3.064 -0.275
2023-05-23 2449 1119.186 4.992 0.446
2023-05-24 2418 1125.479 6.293 0.559
2023-05-25 2413 1125.047 -0.432 -0.038
2023-05-26 2411 1127.982 2.935 0.26
2023-05-27 2407 1130.041 2.059 0.182
2023-05-28 2407 1130.041 0 0
2023-05-29 2393 1138.559 8.518 0.748
2023-05-30 2393 1139.298 0.739 0.065
2023-05-31 2390 1133.03 -6.268 -0.553
2023-06-01 2360 1143.169 10.139 0.887
2023-06-02 2346 1172.136 28.967 2.471
2023-06-03 2353 1173.423 1.287 0.11
2023-06-04 2353 1173.423 0 0
2023-06-05 2358 1167.131 -6.292 -0.539
2023-06-06 2349 1171.881 4.75 0.405
2023-06-07 2329 1187.515 15.634 1.317
2023-06-08 2327 1193.688 6.173 0.517
2023-06-09 2350 1172.079 -21.609 -1.844
2023-06-10 2353 1173.525 1.446 0.123
2023-06-11 2354 1173.525 0 0
2023-06-12 2346 1181.615 8.09 0.685
2023-06-13 2345 1188.491 6.876 0.579
2023-06-14 2357 1182.373 -6.118 -0.517
2023-06-15 2397 1162.554 -19.819 -1.705
2023-06-16 2407 1158.413 -4.141 -0.357
2023-06-17 2404 1161.54 3.127 0.269
2023-06-18 2404 1161.54 0 0
2023-06-19 2420 1148.07 -13.47 -1.173
2023-06-20 2414 1152.942 4.872 0.423
2023-06-21 2398 1157.072 4.13 0.357
2023-06-22 2385 1158.116 1.044 0.09
2023-06-23 2400 1147.065 -11.051 -0.963
2023-06-24 2398 1146.01 -1.055 -0.092
2023-06-25 2398 1146.01 0 0
2023-06-26 2360 1165.569 19.559 1.678
2023-06-27 2363 1165.294 -0.275 -0.024
2023-06-28 2389 1159.62 -5.674 -0.489
2023-06-29 2379 1159.317 -0.303 -0.026
2023-06-30 2345 1181.545 22.228 1.881
