2019-11-07 638 3653.051 0 0
2020-01-19 629 3886.416 233.365 6.388
2020-02-07 673 3615.216 -271.2 -6.978
2020-02-15 656 3696.144 80.928 2.239
2020-02-16 656 3696.144 0 0
2020-02-17 648 3741.908 45.764 1.238
2020-02-18 648 3741.908 0 0
2020-02-19 646 3731.29 -10.618 -0.284
2020-02-20 650 3743.765 12.475 0.334
2020-02-21 649 3740.847 -2.918 -0.078
2020-02-22 647 3742.723 1.876 0.05
2020-02-23 647 3742.723 0 0
2020-02-24 639 3742.723 0 0
2020-02-25 646 3669.845 -72.878 -1.947
2020-02-26 639 3672.341 2.496 0.068
2020-02-27 636 3623.902 -48.439 -1.319
2020-02-28 598 3768.298 144.396 3.985
2020-02-29 616 3649.476 -118.822 -3.153
2020-03-01 618 3649.476 0 0
2020-03-02 627 3649.476 0 0
2020-03-03 611 3761.392 111.916 3.067
2020-03-04 608 3822.139 60.747 1.615
2020-03-05 603 3873.566 51.427 1.346
2020-03-06 573 3928.473 54.907 1.417
2020-03-07 573 3905.522 -22.951 -0.584
2020-03-08 574 3905.522 0 0
2020-03-09 556 3887.086 -18.436 -0.472
2020-03-10 592 3757.141 -129.945 -3.343
2020-03-11 583 3743.079 -14.062 -0.374
2020-03-12 568 3644.44 -98.639 -2.635
2020-03-13 639 3321.539 -322.901 -8.86
2020-03-14 647 3328.629 7.09 0.213
2020-03-15 647 3328.629 0 0
2020-03-16 616 3328.629 0 0
2020-03-17 677 3098.967 -229.662 -6.9
2020-03-18 674 3065.803 -33.164 -1.07
2020-03-19 711 2919.941 -145.862 -4.758
2020-03-20 729 2885.365 -34.576 -1.184
2020-03-21 609 3275.742 390.377 13.53
2020-03-22 615 3253.552 -22.19 -0.677
2020-03-23 608 3253.552 0 0
2020-03-24 635 3125.046 -128.506 -3.95
2020-03-25 624 3256.228 131.182 4.198
2020-03-26 601 3362.565 106.337 3.266
2020-03-27 577 3531.869 169.304 5.035
2020-03-28 582 3507.463 -24.406 -0.691
2020-03-29 582 3507.463 0 0
2020-03-30 582 3507.463 0 0
2020-03-31 582 3515.749 8.286 0.236
