2024-03-30 1017 3300 0 0
2024-03-31 1017 3300 0 0
2024-04-02 1006 3300 0 0
2024-04-03 1002 3300 0 0
2024-04-04 1002 3300 0 0
2024-04-05 1008 3300 0 0
2024-04-06 1004 3300 0 0
2024-04-07 1004 3300 0 0
2024-04-08 1004 3300 0 0
2024-04-09 1010 3300 0 0
2024-04-10 1003 3300 0 0
2024-04-11 997 3300 0 0
2024-04-12 991 3300 0 0
2024-04-13 990 3300 0 0
2024-04-14 990 3300 0 0
2024-04-15 987 3300 0 0
2024-04-16 976 3300 0 0
2024-04-17 977 3300 0 0
2024-04-18 972 3300 0 0
2024-04-19 969 3300 0 0
2024-04-20 970 3300 0 0
2024-04-21 970 3300 0 0
2024-04-22 975 3300 0 0
2024-04-23 981 3300 0 0
2024-04-24 982 3300 0 0
2024-04-25 981 3300 0 0
2024-04-26 988 3300 0 0
2024-04-27 988 3300 0 0
2024-04-28 988 3300 0 0
2024-04-29 990 3300 0 0
2024-04-30 994 3300 0 0
2024-05-01 991 3300 0 0
2024-05-02 998 3300 0 0
2024-05-03 997 3300 0 0
2024-05-04 1000 3300 0 0
2024-05-05 1000 3300 0 0
2024-05-06 1005 3300 0 0
2024-05-07 1011 3300 0 0
2024-05-08 1012 3300 0 0
2024-05-09 1012 3300 0 0
2024-05-10 1013 3300 0 0
2024-05-11 1012 3300 0 0
2024-05-12 1012 3300 0 0
2024-05-13 1014 3300 0 0
2024-05-14 1016 3300 0 0
2024-05-15 1018 3300 0 0
2024-05-16 1025 3300 0 0
2024-05-17 1025 3300 0 0
2024-05-18 1023 3300 0 0
2024-05-19 1023 3300 0 0
2024-05-20 1021 3300 0 0
2024-05-21 1022 3300 0 0
2024-05-22 1020 3300 0 0
2024-05-23 1017 3300 0 0
2024-05-24 1013 3300 0 0
2024-05-25 1013 3300 0 0
2024-05-26 1013 3300 0 0
2024-05-27 1013 3300 0 0
2024-05-28 1009 3300 0 0
2024-05-29 1013 3300 0 0
2024-05-30 1006 3300 0 0
2024-05-31 1007 3300 0 0
2024-06-01 1006 3300 0 0
2024-06-02 1006 3300 0 0
2024-06-03 1008 3300 0 0
2024-06-04 1008 3300 0 0
2024-06-05 1006 3300 0 0
2024-06-06 1005 3300 0 0
2024-06-07 1007 3300 0 0
2024-06-09 1004 3300 0 0
2024-06-10 1006 3300 0 0
2024-06-11 999 3300 0 0
2024-06-12 1001 3300 0 0
2024-06-13 996 3300 0 0
2024-06-14 994 3300 0 0
2024-06-15 990 3300 0 0
2024-06-16 990 3300 0 0
2024-06-17 989 3300 0 0
2024-06-18 999 3300 0 0
2024-06-19 995 3300 0 0
2024-06-20 997 3300 0 0
2024-06-21 998 3300 0 0
2024-06-22 997 3300 0 0
2024-06-23 997 3300 0 0
2024-06-24 999 3300 0 0
2024-06-25 1000 3300 0 0
2024-06-26 998 3300 0 0
2024-06-27 993 3300 0 0
2024-06-28 992 3300 0 0
2024-06-29 993 3300 0 0
2024-06-30 993 3300 0 0
2024-07-01 990 3300 0 0
2024-07-02 991 3300 0 0
2024-07-03 995 3300 0 0
2024-07-04 1000 3300 0 0
2024-07-05 995 3300 0 0
2024-07-06 997 3300 0 0
2024-07-07 997 3300 0 0
2024-07-08 998 3300 0 0
2024-07-09 1000 3300 0 0
2024-07-10 1002 3300 0 0
2024-07-11 1008 3300 0 0
2024-07-12 1014 3300 0 0
2024-07-13 1015 3300 0 0
2024-07-14 1015 3300 0 0
2024-07-15 1019 3300 0 0
2024-07-16 1015 3300 0 0
2024-07-17 1011 3300 0 0
2024-07-18 1014 3300 0 0
2024-07-19 1005 3300 0 0
2024-07-20 1005 3300 0 0
2024-07-21 1005 3300 0 0
2024-07-22 1009 3300 0 0
2024-07-23 1006 3300 0 0
2024-07-24 999 3300 0 0
2024-07-25 997 3300 0 0
2024-07-26 1006 3300 0 0
2024-07-27 1010 3300 0 0
2024-07-28 1010 3300 0 0
2024-07-29 1006 3300 0 0
2024-07-30 1002 3300 0 0
2024-07-31 1007 3300 0 0
2024-08-01 1007 3300 0 0
2024-08-02 998 3300 0 0
2024-08-03 1003 3300 0 0
2024-08-04 1003 3300 0 0
2024-08-05 986 3300 0 0
2024-08-06 988 3300 0 0
2024-08-07 993 3300 0 0
2024-08-08 992 3300 0 0
2024-08-09 991 3300 0 0
2024-08-10 998 3300 0 0
2024-08-11 998 3300 0 0
2024-08-12 995 3300 0 0
2024-08-13 998 3300 0 0
2024-08-14 1003 3300 0 0
2024-08-15 1014 3300 0 0
2024-08-16 1020 3300 0 0
2024-08-17 1020 3300 0 0
2024-08-18 1020 3300 0 0
2024-08-19 1016 3300 0 0
2024-08-20 1020 3300 0 0
2024-08-21 1026 3300 0 0
2024-08-22 1027 3300 0 0
2024-08-23 1027 3300 0 0
2024-08-24 1029 3300 0 0
2024-08-25 1029 3300 0 0
2024-08-26 1032 3300 0 0
2024-08-27 1031 3300 0 0
2024-08-28 1034 3300 0 0
2024-08-29 1033 3300 0 0
2024-08-30 1040 3300 0 0
2024-08-31 1039 3300 0 0
2024-09-01 1044 3300 0 0
2024-09-02 1041 3300 0 0
2024-09-03 933 3644.098 344.098 10.427
2024-09-04 934 3638.155 -5.943 -0.163
2024-09-05 935 3636.274 -1.881 -0.052
2024-09-06 938 3636.631 0.357 0.01
2024-09-07 939 3637.123 0.492 0.014
2024-09-08 939 3637.123 0 0
2024-09-09 942 3634.606 -2.517 -0.069
2024-09-10 937 3632.56 -2.046 -0.056
2024-09-11 939 3632.697 0.137 0.004
2024-09-12 940 3634.029 1.332 0.037
2024-09-13 941 3637.958 3.929 0.108
2024-09-14 942 3638.297 0.339 0.009
2024-09-15 942 3638.297 0 0
2024-09-16 943 3640.908 2.611 0.072
2024-09-17 945 3641.342 0.434 0.012
2024-09-18 941 3641.342 0 0
2024-09-19 946 3641.613 0.271 0.007
2024-09-20 942 3642.187 0.574 0.016
2024-09-21 941 3642.064 -0.123 -0.003
2024-09-22 941 3642.064 0 0
2024-09-23 942 3642.064 0 0
2024-09-24 945 3641.351 -0.713 -0.02
2024-09-25 952 3645.751 4.4 0.121
2024-09-26 960 3645.122 -0.629 -0.017
2024-09-27 965 3651.932 6.81 0.187
2024-09-28 967 3652.572 0.64 0.018
2024-09-29 967 3652.572 0 0
2024-09-30 972 3652.572 0 0
2024-10-01 971 3651.686 -0.886 -0.024
2024-10-02 970 3650.982 -0.704 -0.019
2024-10-03 967 3650.982 0 0
2024-10-04 968 3650.982 0 0
2024-10-05 968 3650.514 -0.468 -0.013
2024-10-06 968 3650.514 0 0
2024-10-07 969 3648.906 -1.608 -0.044
