2020-04-30 2158 1013.764 0 0
2020-05-01 2041 1107.307 93.543 8.448
2020-05-02 2042 1107.307 0 0
2020-05-03 2042 1107.307 0 0
2020-05-04 2036 1107.307 0 0
2020-05-05 2033 1107.307 0 0
2020-05-06 2087 1060.593 -46.714 -4.405
2020-05-07 2083 1060.593 0 0
2020-05-08 2140 1017.247 -43.346 -4.261
2020-05-09 2145 1020.973 3.726 0.365
2020-05-10 2145 1020.973 0 0
2020-05-11 2147 1020.973 0 0
2020-05-12 2095 1056.834 35.861 3.393
2020-05-13 2084 1065.569 8.735 0.82
2020-05-14 2089 1057.103 -8.466 -0.801
2020-05-15 2093 1050.146 -6.957 -0.662
2020-05-16 2104 1044.125 -6.021 -0.577
2020-05-17 2104 1044.125 0 0
2020-05-18 2107 1044.125 0 0
2020-05-19 2077 1073.051 28.926 2.696
2020-05-20 2060 1090.888 17.837 1.635
2020-05-21 2043 1108.345 17.457 1.575
2020-05-22 2055 1091.136 -17.209 -1.577
2020-05-23 2096 1050.737 -40.399 -3.845
2020-05-24 2097 1050.737 0 0
2020-05-25 2096 1050.737 0 0
2020-05-26 2103 1050.737 0 0
2020-05-27 2050 1113.087 62.35 5.602
2020-05-28 1954 1197.373 84.286 7.039
2020-05-29 2005 1149.031 -48.342 -4.207
2020-05-30 2062 1101.421 -47.61 -4.323
2020-05-31 2062 1101.421 0 0
