2023-08-02 2373 1188.623 0 0
2023-08-03 2365 1189.873 1.25 0.105
2023-08-04 2367 1188.009 -1.864 -0.157
2023-08-05 2373 1186.53 -1.479 -0.125
2023-08-06 2376 1186.53 0 0
2023-08-07 2380 1182.706 -3.824 -0.323
2023-08-08 2338 1201.523 18.817 1.566
2023-08-09 2335 1203.307 1.784 0.148
2023-08-10 2373 1178.347 -24.96 -2.118
2023-08-11 2330 1200.677 22.33 1.86
2023-08-12 2336 1198.438 -2.239 -0.187
2023-08-13 2336 1198.438 0 0
2023-08-14 2316 1207.256 8.818 0.73
2023-08-15 2298 1217.186 9.93 0.816
2023-08-16 2260 1244.044 26.858 2.159
2023-08-17 2267 1235.983 -8.061 -0.652
2023-08-18 2272 1221.458 -14.525 -1.189
2023-08-19 2268 1222.081 0.623 0.051
2023-08-20 2269 1222.081 0 0
2023-08-21 2255 1241.19 19.109 1.54
2023-08-22 2202 1277.941 36.751 2.876
2023-08-23 2145 1313.897 35.956 2.737
2023-08-24 2173 1291.804 -22.093 -1.71
2023-08-25 2179 1286.356 -5.448 -0.424
2023-08-26 2173 1285.112 -1.244 -0.097
2023-08-27 2173 1285.112 0 0
2023-08-28 2156 1308.681 23.569 1.801
2023-08-29 2183 1291.158 -17.523 -1.357
2023-08-30 2191 1295.314 4.156 0.321
2023-08-31 2159 1314.602 19.288 1.467
2023-09-01 2143 1332.377 17.775 1.334
2023-09-02 2143 1333.503 1.126 0.084
2023-09-03 2143 1333.503 0 0
2023-09-04 2145 1338.593 5.09 0.38
2023-09-05 2118 1357.654 19.061 1.404
2023-09-06 2114 1352.079 -5.575 -0.412
2023-09-07 2135 1323.071 -29.008 -2.192
2023-09-08 2128 1326.15 3.079 0.232
2023-09-09 2122 1330.427 4.277 0.321
2023-09-10 2121 1330.427 0 0
2023-09-11 2139 1317.627 -12.8 -0.971
2023-09-12 2209 1268.14 -49.487 -3.902
2023-09-13 2168 1291.222 23.082 1.788
2023-09-14 2131 1322.016 30.794 2.329
2023-09-15 2136 1321.171 -0.845 -0.064
2023-09-16 2137 1319.005 -2.166 -0.164
2023-09-17 2136 1319.005 0 0
2023-09-18 2143 1310.445 -8.56 -0.653
2023-09-19 2141 1310.445 0 0
2023-09-20 2099 1347.114 36.669 2.722
2023-09-21 2104 1334.005 -13.109 -0.983
2023-09-22 2133 1310.689 -23.316 -1.779
2023-09-23 2131 1313.257 2.568 0.196
2023-09-24 2131 1313.257 0 0
2023-09-25 2107 1332.692 19.435 1.458
2023-09-26 2125 1312.371 -20.321 -1.548
2023-09-27 2075 1365.691 53.32 3.904
2023-09-28 2092 1347.335 -18.356 -1.362
2023-09-29 2074 1360.852 13.517 0.993
2023-09-30 2074 1363.412 2.56 0.188
