2023-08-16 2396 1137.996 0 0
2023-08-17 2393 1137.403 -0.593 -0.052
2023-08-18 2385 1134.369 -3.034 -0.267
2023-08-19 2382 1137.419 3.05 0.268
2023-08-20 2383 1137.419 0 0
2023-08-21 2382 1137.419 0 0
2023-08-22 2381 1133.795 -3.624 -0.32
2023-08-23 2382 1136.935 3.14 0.276
2023-08-24 2379 1137.029 0.094 0.008
2023-08-25 2377 1139.357 2.328 0.204
2023-08-26 2376 1137.528 -1.829 -0.161
2023-08-27 2376 1137.528 0 0
2023-08-28 2381 1137.528 0 0
2023-08-29 2393 1136.561 -0.967 -0.085
2023-08-30 2394 1137.138 0.577 0.051
2023-08-31 2393 1137.138 0 0
2023-09-01 2396 1137.372 0.234 0.021
2023-09-02 2391 1141.679 4.307 0.377
2023-09-03 2391 1141.679 0 0
2023-09-04 2399 1141.679 0 0
2023-09-05 2395 1141.679 0 0
2023-09-06 2394 1134.757 -6.922 -0.61
2023-09-07 2385 1134.369 -0.388 -0.034
2023-09-08 2384 1131.629 -2.74 -0.242
2023-09-09 2383 1129.178 -2.451 -0.217
2023-09-10 2382 1129.178 0 0
2023-09-11 2385 1129.178 0 0
2023-09-12 2388 1129.178 0 0
2023-09-13 2368 1137.996 8.818 0.775
2023-09-14 2372 1138.95 0.954 0.084
2023-09-15 2371 1140.47 1.52 0.133
2023-09-16 2371 1140.595 0.125 0.011
2023-09-17 2370 1140.595 0 0
2023-09-18 2369 1140.595 0 0
2023-09-19 2364 1140.595 0 0
2023-09-20 2361 1136.577 -4.018 -0.354
2023-09-21 2350 1136.172 -0.405 -0.036
2023-09-22 2348 1135.239 -0.933 -0.082
2023-09-23 2348 1135.736 0.497 0.044
2023-09-24 2348 1135.736 0 0
2023-09-25 2347 1135.736 0 0
2023-09-26 2335 1134.198 -1.538 -0.136
2023-09-27 2344 1135.301 1.103 0.097
2023-09-28 2341 1134.524 -0.777 -0.068
2023-09-29 2345 1135.208 0.684 0.06
2023-09-30 2346 1135.208 0 0
2023-10-01 2346 1135.208 0 0
2023-10-02 2344 1135.208 0 0
2023-10-03 2341 1135.208 0 0
2023-10-04 2336 1135.208 0 0
2023-10-05 2326 1135.208 0 0
2023-10-06 2334 1135.208 0 0
2023-10-07 2334 1135.208 0 0
2023-10-08 2334 1135.208 0 0
2023-10-09 2332 1135.208 0 0
2023-10-10 2340 1137.029 1.821 0.16
2023-10-11 2347 1136.951 -0.078 -0.007
2023-10-12 2347 1136.032 -0.919 -0.081
2023-10-13 2338 1136.219 0.187 0.016
2023-10-14 2338 1135.13 -1.089 -0.096
2023-10-15 2338 1135.13 0 0
2023-10-16 2333 1135.13 0 0
2023-10-17 2333 1134.012 -1.118 -0.099
2023-10-18 2330 1134.012 0 0
2023-10-19 2317 1133.935 -0.077 -0.007
2023-10-20 2309 1133.423 -0.512 -0.045
2023-10-21 2310 1133.392 -0.031 -0.003
2023-10-22 2310 1133.392 0 0
2023-10-23 2304 1133.392 0 0
2023-10-24 2309 1133.361 -0.031 -0.003
2023-10-25 2301 1134.602 1.241 0.109
2023-10-26 2300 1133.423 -1.179 -0.104
2023-10-27 2304 1132.897 -0.526 -0.046
2023-10-28 2303 1133.206 0.309 0.027
2023-10-29 2303 1133.206 0 0
2023-10-30 2313 1133.206 0 0
2023-10-31 2315 1133.051 -0.155 -0.014
