2025-04-02 1909 1886.811 0 0
2025-04-03 1710 2097.221 210.41 11.152
2025-04-04 1943 1808.595 -288.626 -13.762
2025-04-05 1948 1787.527 -21.068 -1.165
2025-04-06 1947 1787.527 0 0
2025-04-07 1947 1748.412 -39.115 -2.188
2025-04-08 1956 1739.76 -8.652 -0.495
2025-04-09 1964 1736.197 -3.563 -0.205
2025-04-10 1968 1754.454 18.257 1.052
2025-04-11 1973 1750.712 -3.742 -0.213
2025-04-12 1953 1798.152 47.44 2.71
2025-04-13 1952 1798.152 0 0
2025-04-14 1950 1805.839 7.687 0.427
2025-04-15 1958 1806.707 0.868 0.048
2025-04-16 1955 1800.362 -6.345 -0.351
2025-04-17 1951 1813.034 12.672 0.704
2025-04-18 1952 1807.889 -5.145 -0.284
2025-04-19 1952 1807.889 0 0
2025-04-20 1952 1807.889 0 0
2025-04-21 1952 1807.889 0 0
2025-04-22 1962 1807.991 0.102 0.006
2025-04-23 1975 1806.824 -1.167 -0.065
2025-04-24 1986 1786.523 -20.301 -1.124
2025-04-25 1961 1819.302 32.779 1.835
2025-04-26 1958 1818.474 -0.828 -0.046
2025-04-27 1958 1818.474 0 0
2025-04-28 1891 1896.133 77.659 4.271
2025-04-29 1889 1908.853 12.72 0.671
2025-04-30 1893 1901.787 -7.066 -0.37
2025-05-01 1895 1899.193 -2.594 -0.136
2025-05-02 1908 1892.486 -6.707 -0.353
