2020-01-19 498 4492.643 0 0
2020-02-07 479 4612.792 120.149 2.605
2020-02-15 468 4678.1 65.308 1.396
2020-02-16 468 4678.1 0 0
2020-02-17 467 4678.1 0 0
2020-02-18 467 4685.674 7.574 0.162
2020-02-19 458 4748.463 62.789 1.322
2020-02-20 457 4735.839 -12.624 -0.267
2020-02-21 454 4732.295 -3.544 -0.075
2020-02-22 460 4732.295 0 0
2020-02-23 460 4732.295 0 0
2020-02-24 478 4558.712 -173.583 -3.808
2020-02-25 500 4375.315 -183.397 -4.192
2020-02-26 509 4283.38 -91.935 -2.146
2020-02-27 526 4148.287 -135.093 -3.257
2020-02-28 535 4063.636 -84.651 -2.083
2020-02-29 533 4063.636 0 0
2020-03-01 532 4063.636 0 0
2020-03-02 507 4195.601 131.965 3.145
2020-03-03 553 4028.996 -166.605 -4.135
2020-03-04 514 4219.028 190.032 4.504
2020-03-05 556 4044.682 -174.346 -4.31
2020-03-06 562 3971.32 -73.362 -1.847
2020-03-07 561 3971.32 0 0
2020-03-08 561 3971.32 0 0
2020-03-09 599 3708.385 -262.935 -7.09
2020-03-10 548 3925.275 216.89 5.525
2020-03-11 577 3767.72 -157.555 -4.182
2020-03-12 654 3344.418 -423.302 -12.657
2020-03-13 580 3544.451 200.033 5.644
2020-03-14 586 3544.451 0 0
2020-03-15 586 3544.451 0 0
2020-03-16 673 3138.116 -406.335 -12.948
2020-03-17 690 3066.573 -71.543 -2.333
2020-03-18 681 3043.587 -22.986 -0.755
2020-03-19 619 3250.42 206.833 6.363
2020-03-20 677 3049.076 -201.344 -6.603
2020-03-21 674 3049.076 0 0
2020-03-22 674 3049.076 0 0
2020-03-23 742 2793.378 -255.698 -9.154
2020-03-24 739 2793.378 0 0
2020-03-25 654 3129.687 336.309 10.746
2020-03-26 611 3319.964 190.277 5.731
2020-03-27 579 3524.213 204.249 5.796
2020-03-28 593 3442.692 -81.521 -2.368
2020-03-29 593 3442.692 0 0
2020-03-30 593 3442.692 0 0
2020-03-31 581 3517.53 74.838 2.128
