2024-03-30 2196 1413.2 0 0
2024-03-31 2196 1413.2 0 0
2024-04-02 2210 1410.3 -2.9 -0.205
2024-04-03 2201 1411.1 0.8 0.057
2024-04-04 2207 1410 -1.1 -0.078
2024-04-05 2209 1410 0 0
2024-04-06 2210 1410 0 0
2024-04-07 2210 1410 0 0
2024-04-08 2208 1409.8 -0.2 -0.014
2024-04-09 2211 1409.8 0 0
2024-04-10 2201 1408.6 -1.2 -0.085
2024-04-11 2195 1408.9 0.3 0.021
2024-04-12 2189 1407.1 -1.8 -0.128
2024-04-13 2187 1407.1 0 0
2024-04-14 2187 1407.1 0 0
2024-04-15 2178 1405.9 -1.2 -0.085
2024-04-16 2168 1405.6 -0.3 -0.021
2024-04-17 2173 1404.8 -0.8 -0.057
2024-04-18 2174 1404.8 0 0
2024-04-19 2171 1403.5 -1.3 -0.093
2024-04-20 2173 1403.5 0 0
2024-04-21 2173 1403.5 0 0
2024-04-22 2178 1406.3 2.8 0.2
2024-04-23 2182 1407.1 0.8 0.057
2024-04-24 2203 1406.7 -0.4 -0.028
2024-04-25 2193 1406.8 0.1 0.007
2024-04-26 2209 1407.2 0.4 0.028
2024-04-27 2205 1407.2 0 0
2024-04-28 2205 1407.2 0 0
2024-04-29 2217 1407.7 0.5 0.036
2024-04-30 2215 1405.8 -1.9 -0.135
