2025-04-02 2399 1393.813 0 0
2025-04-03 2437 1349.861 -43.952 -3.153
2025-04-04 2525 1279.497 -70.364 -5.213
2025-04-05 2513 1279.497 0 0
2025-04-06 2513 1279.497 0 0
2025-04-07 2503 1258.223 -21.274 -1.663
2025-04-08 2478 1268.056 9.833 0.781
2025-04-09 2409 1327.247 59.191 4.668
2025-04-10 2441 1310.527 -16.72 -1.26
2025-04-11 2448 1312.776 2.249 0.172
2025-04-12 2457 1312.776 0 0
2025-04-13 2457 1312.776 0 0
2025-04-14 2442 1329.421 16.645 1.268
2025-04-15 2467 1316.691 -12.73 -0.958
2025-04-16 2479 1301.437 -15.254 -1.159
2025-04-17 2501 1291.724 -9.713 -0.746
2025-04-18 2508 1291.724 0 0
2025-04-19 2508 1291.724 0 0
2025-04-20 2508 1291.724 0 0
2025-04-21 2551 1261.601 -30.123 -2.332
2025-04-22 2544 1276.585 14.984 1.188
2025-04-23 2549 1283.511 6.926 0.543
2025-04-24 2511 1301.683 18.172 1.416
2025-04-25 2522 1296.861 -4.822 -0.37
2025-04-26 2523 1296.861 0 0
2025-04-27 2524 1296.861 0 0
2025-04-28 2508 1302.428 5.567 0.429
2025-04-29 2499 1312.362 9.934 0.763
2025-04-30 2504 1315.97 3.608 0.275
2025-05-01 2475 1341.86 25.89 1.967
2025-05-02 2461 1362.686 20.826 1.552
2025-05-03 2465 1362.686 0 0
2025-05-04 2466 1362.686 0 0
2025-05-05 2457 1371.191 8.505 0.624
2025-05-06 2457 1367.192 -3.999 -0.292
2025-05-07 2441 1386.103 18.911 1.383
2025-05-08 2440 1385.452 -0.651 -0.047
2025-05-09 2449 1369.908 -15.544 -1.122
2025-05-10 2445 1369.908 0 0
2025-05-11 2445 1369.908 0 0
2025-05-12 2447 1387.311 17.403 1.27
2025-05-13 2449 1386.828 -0.483 -0.035
2025-05-14 2446 1391.537 4.709 0.34
2025-05-15 2413 1415.141 23.604 1.696
2025-05-16 2404 1428.674 13.533 0.956
2025-05-17 2402 1428.674 0 0
2025-05-18 2403 1428.674 0 0
2025-05-19 2389 1438.26 9.586 0.671
2025-05-20 2409 1422.108 -16.152 -1.123
2025-05-21 2453 1388.752 -33.356 -2.346
2025-05-22 2463 1381.654 -7.098 -0.511
2025-05-23 2456 1385.562 3.908 0.283
2025-05-24 2456 1385.562 0 0
2025-05-25 2455 1385.562 0 0
2025-05-26 2457 1385.562 0 0
2025-05-27 2443 1409.611 24.049 1.736
2025-05-28 2351 1491.518 81.907 5.811
2025-05-29 2318 1514.952 23.434 1.571
2025-05-30 2324 1512.803 -2.149 -0.142
2025-05-31 2321 1512.803 0 0
2025-06-01 2321 1512.803 0 0
2025-06-02 2315 1517.905 5.102 0.337
2025-06-03 2331 1508.117 -9.788 -0.645
2025-06-04 2331 1514.431 6.314 0.419
2025-06-05 2331 1518.834 4.403 0.291
2025-06-06 2329 1527.72 8.886 0.585
2025-06-07 2325 1527.72 0 0
2025-06-08 2325 1527.72 0 0
2025-06-09 2317 1529.221 1.501 0.098
2025-06-10 2340 1513.536 -15.685 -1.026
2025-06-11 2339 1523.029 9.493 0.627
2025-06-12 2326 1530.816 7.787 0.511
2025-06-13 2306 1536.378 5.562 0.363
2025-06-14 2302 1536.378 0 0
2025-06-15 2300 1536.378 0 0
2025-06-16 2310 1531.567 -4.811 -0.313
2025-06-17 2289 1542.886 11.319 0.739
2025-06-18 2273 1558.863 15.977 1.036
2025-06-19 2264 1558.863 0 0
2025-06-20 2234 1576.778 17.915 1.149
2025-06-21 2232 1576.778 0 0
2025-06-22 2232 1576.778 0 0
2025-06-23 2221 1591.613 14.835 0.941
2025-06-24 2229 1585.178 -6.435 -0.404
2025-06-25 2247 1581.636 -3.542 -0.223
2025-06-26 2222 1599.987 18.351 1.16
2025-06-27 2212 1617.934 17.947 1.122
2025-06-28 2214 1617.934 0 0
2025-06-29 2215 1617.934 0 0
2025-06-30 2213 1627.052 9.118 0.564
2025-07-01 2234 1600.884 -26.168 -1.608
2025-07-02 2250 1590.112 -10.772 -0.673
2025-07-03 2230 1613.598 23.486 1.477
2025-07-04 2230 1613.598 0 0
2025-07-05 2230 1613.598 0 0
2025-07-06 2230 1613.598 0 0
2025-07-07 2221 1617.013 3.415 0.212
2025-07-08 2252 1587.063 -29.95 -1.852
2025-07-09 2262 1582.067 -4.996 -0.315
2025-07-10 2303 1560.882 -21.185 -1.339
2025-07-11 2283 1573.875 12.993 0.832
2025-07-12 2283 1573.875 0 0
2025-07-13 2283 1573.875 0 0
2025-07-14 2237 1601.243 27.368 1.739
2025-07-15 2253 1587.36 -13.883 -0.867
2025-07-16 2247 1593.602 6.242 0.393
2025-07-17 2244 1598.992 5.39 0.338
2025-07-18 2232 1604.633 5.641 0.353
2025-07-19 2235 1604.633 0 0
2025-07-20 2235 1604.633 0 0
2025-07-21 2253 1591.558 -13.075 -0.815
2025-07-22 2272 1580.313 -11.245 -0.707
2025-07-23 2245 1600.691 20.378 1.289
2025-07-24 2257 1596.415 -4.276 -0.267
2025-07-25 2247 1609.86 13.445 0.842
2025-07-26 2243 1609.86 0 0
2025-07-27 2243 1609.86 0 0
2025-07-28 2243 1610.611 0.751 0.047
2025-07-29 2239 1608.981 -1.63 -0.101
2025-07-30 2229 1615.954 6.973 0.433
2025-07-31 2207 1622.223 6.269 0.388
2025-08-01 2204 1615.345 -6.878 -0.424
2025-08-02 2210 1615.345 0 0
2025-08-03 2210 1615.345 0 0
2025-08-04 2167 1665.518 50.173 3.106
2025-08-05 2277 1567.417 -98.101 -5.89
2025-08-06 2261 1580.858 13.441 0.858
2025-08-07 2264 1581.606 0.748 0.047
2025-08-08 2295 1568.175 -13.431 -0.849
2025-08-09 2297 1568.175 0 0
2025-08-10 2297 1568.175 0 0
2025-08-11 2307 1564.474 -3.701 -0.236
2025-08-12 2281 1578.95 14.476 0.925
2025-08-13 2316 1566.307 -12.643 -0.801
2025-08-14 2320 1559.331 -6.976 -0.445
2025-08-15 2331 1546.086 -13.245 -0.849
2025-08-16 2334 1546.086 0 0
2025-08-17 2334 1546.086 0 0
2025-08-18 2342 1547.084 0.998 0.065
2025-08-19 2357 1532.346 -14.738 -0.953
2025-08-20 2346 1543.35 11.004 0.718
2025-08-21 2348 1545.304 1.954 0.127
2025-08-22 2347 1552.882 7.578 0.49
2025-08-23 2349 1552.882 0 0
2025-08-24 2349 1552.882 0 0
2025-08-25 2376 1535.753 -17.129 -1.103
2025-08-26 2235 1643.821 108.068 7.037
2025-08-27 2306 1580.945 -62.876 -3.825
2025-08-28 2292 1587.008 6.063 0.384
2025-08-29 2347 1562.661 -24.347 -1.534
2025-08-30 2347 1562.661 0 0
2025-08-31 2347 1562.661 0 0
2025-09-01 2348 1562.661 0 0
2025-09-02 2306 1578.357 15.696 1.004
2025-09-03 2292 1590.136 11.779 0.746
2025-09-04 2269 1604.038 13.902 0.874
2025-09-05 2281 1601.327 -2.711 -0.169
2025-09-06 2281 1601.327 0 0
2025-09-07 2281 1601.327 0 0
2025-09-08 2315 1584.286 -17.041 -1.064
2025-09-09 2326 1580.374 -3.912 -0.247
2025-09-10 2328 1580.957 0.583 0.037
2025-09-11 2309 1598.133 17.176 1.086
2025-09-12 2320 1590.344 -7.789 -0.487
2025-09-13 2321 1590.344 0 0
2025-09-14 2321 1590.344 0 0
2025-09-15 2304 1608.693 18.349 1.154
2025-09-16 2311 1606.158 -2.535 -0.158
2025-09-17 2349 1582.547 -23.611 -1.47
2025-09-18 2315 1601.829 19.282 1.218
2025-09-19 2328 1589.749 -12.08 -0.754
2025-09-20 2327 1589.749 0 0
2025-09-21 2327 1589.749 0 0
2025-09-22 2315 1595.662 5.913 0.372
2025-09-23 2315 1594.708 -0.954 -0.06
2025-09-24 2340 1581.531 -13.177 -0.826
2025-09-25 2328 1586.478 4.947 0.313
2025-09-26 2304 1596.063 9.585 0.604
2025-09-27 2303 1596.063 0 0
2025-09-28 2303 1596.063 0 0
2025-09-29 2320 1586.094 -9.969 -0.625
2025-09-30 2306 1606.176 20.082 1.266
2025-10-01 2322 1594.064 -12.112 -0.754
2025-10-02 2343 1586.001 -8.063 -0.506
2025-10-03 2332 1597.442 11.441 0.721
2025-10-04 2331 1597.442 0 0
2025-10-05 2332 1597.442 0 0
2025-10-06 2324 1602.939 5.497 0.344
2025-10-07 2348 1582.701 -20.238 -1.263
2025-10-08 2333 1597.835 15.134 0.956
2025-10-09 2356 1578.282 -19.553 -1.224
2025-10-10 2391 1541.779 -36.503 -2.313
2025-10-11 2390 1541.779 0 0
2025-10-12 2390 1541.779 0 0
2025-10-13 2368 1560.012 18.233 1.183
2025-10-14 2346 1566.582 6.57 0.421
2025-10-15 2384 1543.246 -23.336 -1.49
2025-10-16 2383 1543.898 0.652 0.042
2025-10-17 2378 1542.369 -1.529 -0.099
2025-10-18 2378 1542.369 0 0
2025-10-19 2379 1542.369 0 0
2025-10-20 2354 1566.678 24.309 1.576
2025-10-21 2355 1575.208 8.53 0.544
2025-10-22 2366 1562.473 -12.735 -0.808
2025-10-23 2329 1584.946 22.473 1.438
2025-10-24 2346 1581.773 -3.173 -0.2
2025-10-25 2346 1581.773 0 0
2025-10-26 2347 1581.773 0 0
2025-10-27 2352 1578.586 -3.187 -0.201
2025-10-28 2385 1564.765 -13.821 -0.876
2025-10-29 2400 1557.043 -7.722 -0.493
2025-10-30 2394 1555.817 -1.226 -0.079
2025-10-31 2348 1585.791 29.974 1.927
2025-11-01 2349 1585.791 0 0
2025-11-02 2349 1585.791 0 0
2025-11-03 2360 1573.917 -11.874 -0.749
2025-11-04 2345 1579.339 5.422 0.344
2025-11-05 2331 1588.127 8.788 0.556
2025-11-06 2331 1584.955 -3.172 -0.2
2025-11-07 2297 1606.933 21.978 1.387
2025-11-08 2299 1606.933 0 0
2025-11-09 2299 1606.933 0 0
2025-11-10 2273 1637.639 30.706 1.911
2025-11-11 2280 1630.829 -6.81 -0.416
2025-11-12 2291 1618.815 -12.014 -0.737
2025-11-13 2332 1584.35 -34.465 -2.129
2025-11-14 2356 1569.164 -15.186 -0.959
2025-11-15 2356 1569.164 0 0
2025-11-16 2356 1569.164 0 0
2025-11-17 2367 1558.038 -11.126 -0.709
2025-11-18 2366 1554.092 -3.946 -0.253
2025-11-19 2380 1544.362 -9.73 -0.626
2025-11-20 2393 1527.041 -17.321 -1.122
2025-11-21 2392 1527.204 0.163 0.011
2025-11-22 2387 1527.204 0 0
2025-11-23 2387 1527.204 0 0
2025-11-24 2384 1538.32 11.116 0.728
2025-11-25 2348 1572.954 34.634 2.251
2025-11-26 2357 1575.677 2.723 0.173
2025-11-27 2355 1575.677 0 0
2025-11-28 2348 1582.325 6.648 0.422
2025-11-29 2348 1582.325 0 0
2025-11-30 2349 1582.325 0 0
2025-12-01 2395 1553.349 -28.976 -1.831
2025-12-02 2397 1547.458 -5.891 -0.379
2025-12-03 2395 1552.302 4.844 0.313
2025-12-04 2358 1577.226 24.924 1.606
2025-12-05 2381 1563.37 -13.856 -0.879
2025-12-06 2378 1563.37 0 0
2025-12-07 2378 1563.37 0 0
2025-12-08 2367 1572.988 9.618 0.615
2025-12-09 2413 1537.22 -35.768 -2.274
2025-12-10 2398 1549.14 11.92 0.775
2025-12-11 2360 1575.672 26.532 1.713
2025-12-12 2398 1556.469 -19.203 -1.219
2025-12-13 2397 1556.469 0 0
2025-12-14 2397 1556.469 0 0
2025-12-15 2385 1563.201 6.732 0.433
2025-12-16 2394 1555.674 -7.527 -0.482
2025-12-17 2416 1541.984 -13.69 -0.88
2025-12-18 2403 1549.382 7.398 0.48
2025-12-19 2313 1621.659 72.277 4.665
2025-12-20 2315 1621.659 0 0
2025-12-21 2314 1621.659 0 0
2025-12-22 2291 1653.509 31.85 1.964
2025-12-23 2276 1666.83 13.321 0.806
2025-12-24 2278 1667.535 0.705 0.042
2025-12-25 2281 1667.535 0 0
2025-12-26 2288 1654.528 -13.007 -0.78
2025-12-27 2291 1654.528 0 0
2025-12-28 2291 1654.528 0 0
2025-12-29 2310 1631.979 -22.549 -1.363
2025-12-30 2311 1628.029 -3.95 -0.242
2025-12-31 2331 1609.237 -18.792 -1.154
2026-01-01 2329 1609.237 0 0
2026-01-02 2317 1632.283 23.046 1.432
2026-01-03 2317 1632.283 0 0
2026-01-05 2275 1681.854 49.571 3.037
2026-01-06 2251 1706.324 24.47 1.455
2026-01-07 2246 1719.235 12.911 0.757
2026-01-08 2242 1718.997 -0.238 -0.014
2026-01-09 2230 1729.909 10.912 0.635
2026-01-10 2229 1729.909 0 0
2026-01-11 2229 1729.909 0 0
2026-01-12 2222 1742.7 12.791 0.739
2026-01-13 2245 1724.814 -17.886 -1.026
2026-01-14 2245 1724.78 -0.034 -0.002
2026-01-15 2223 1747.946 23.166 1.343
2026-01-16 2244 1725.841 -22.105 -1.265
2026-01-17 2242 1725.841 0 0
2026-01-18 2242 1725.841 0 0
2026-01-19 2240 1725.841 0 0
2026-01-20 2267 1693.513 -32.328 -1.873
2026-01-21 2247 1706.517 13.004 0.768
2026-01-22 2295 1673.033 -33.484 -1.962
2026-01-23 2325 1652.768 -20.265 -1.211
2026-01-24 2327 1652.768 0 0
2026-01-25 2327 1652.768 0 0
2026-01-26 2318 1659.77 7.002 0.424
2026-01-27 2318 1669.487 9.717 0.585
2026-01-28 2355 1639.47 -30.017 -1.798
2026-01-29 2349 1642.875 3.405 0.208
2026-01-30 2346 1638.658 -4.217 -0.257
2026-01-31 2345 1638.658 0 0
