2019-11-07 1130 2215.218 0 0
2020-01-19 1045 2488.595 273.377 12.341
2020-02-07 1037 2481.025 -7.57 -0.304
2020-02-15 1031 2502.574 21.549 0.869
2020-02-16 1031 2502.574 0 0
2020-02-17 1029 2510.876 8.302 0.332
2020-02-18 1033 2498.17 -12.706 -0.506
2020-02-19 1034 2490.501 -7.669 -0.307
2020-02-20 1037 2485.376 -5.125 -0.206
2020-02-21 1043 2455.788 -29.588 -1.19
2020-02-22 1036 2473.17 17.382 0.708
2020-02-23 1036 2473.17 0 0
2020-02-24 1056 2420.028 -53.142 -2.149
2020-02-25 1047 2423.777 3.749 0.155
2020-02-26 1041 2412.733 -11.044 -0.456
2020-02-27 1048 2381.301 -31.432 -1.303
2020-02-28 1058 2307.031 -74.27 -3.119
2020-02-29 1071 2283.54 -23.491 -1.018
2020-03-01 1074 2283.54 0 0
2020-03-02 1066 2310.402 26.862 1.176
2020-03-03 1067 2321.506 11.104 0.481
2020-03-04 1048 2362.919 41.413 1.784
2020-03-05 1046 2379.046 16.127 0.683
2020-03-06 1069 2330.653 -48.393 -2.034
2020-03-07 1076 2325.613 -5.04 -0.216
2020-03-08 1072 2325.613 0 0
2020-03-09 1070 2271.716 -53.897 -2.318
2020-03-10 1046 2278.27 6.554 0.289
2020-03-11 1044 2270.89 -7.38 -0.324
2020-03-12 1061 2176.123 -94.767 -4.173
2020-03-13 1076 2123.457 -52.666 -2.42
2020-03-14 1081 2136.61 13.153 0.619
2020-03-15 1081 2136.61 0 0
2020-03-16 1084 2066.84 -69.77 -3.265
2020-03-17 1065 2068.267 1.427 0.069
2020-03-18 1091 2010.315 -57.952 -2.802
2020-03-19 1059 2029.798 19.483 0.969
2020-03-20 1052 2045.933 16.135 0.795
2020-03-21 1059 2037.456 -8.477 -0.414
2020-03-22 1059 2037.456 0 0
2020-03-23 1042 2046.933 9.477 0.465
2020-03-24 1042 2032.942 -13.991 -0.684
2020-03-25 1034 2106.322 73.38 3.61
2020-03-26 1012 2173.59 67.268 3.194
2020-03-27 1002 2223.633 50.043 2.302
2020-03-28 1025 2163.273 -60.36 -2.714
2020-03-29 1025 2163.273 0 0
2020-03-30 1025 2163.273 0 0
2020-03-31 1033 2151.573 -11.7 -0.541
2020-04-01 1026 2172.561 20.988 0.975
2020-04-02 1032 2137.568 -34.993 -1.611
2020-04-03 1037 2123.135 -14.433 -0.675
2020-04-04 1055 2093.665 -29.47 -1.388
2020-04-05 1055 2093.665 0 0
2020-04-06 1055 2093.665 0 0
2020-04-07 1061 2132.519 38.854 1.856
2020-04-08 1080 2153.128 20.609 0.966
2020-04-09 1083 2162.042 8.914 0.414
2020-04-10 1074 2183.761 21.719 1.005
2020-04-11 1074 2183.761 0 0
2020-04-12 1074 2183.761 0 0
2020-04-13 1074 2183.761 0 0
2020-04-14 1095 2173.02 -10.741 -0.492
2020-04-15 1082 2173.599 0.579 0.027
2020-04-16 1061 2194.182 20.583 0.947
2020-04-17 1069 2188.592 -5.59 -0.255
2020-04-18 1086 2175.361 -13.231 -0.605
2020-04-19 1086 2175.361 0 0
2020-04-20 1073 2191.91 16.549 0.761
2020-04-21 1070 2183.515 -8.395 -0.383
2020-04-23 1053 2213.783 30.268 1.386
2020-04-24 1056 2208.191 -5.592 -0.253
2020-04-25 1054 2208.766 0.575 0.026
2020-04-26 1054 2208.766 0 0
2020-04-27 1056 2210.997 2.231 0.101
2020-04-28 1048 2237.696 26.699 1.208
2020-04-29 1058 2239.456 1.76 0.079
2020-04-30 1038 2261.555 22.099 0.987
2020-05-01 1045 2259.336 -2.219 -0.098
2020-05-02 1065 2228.774 -30.562 -1.353
2020-05-03 1065 2228.774 0 0
2020-05-04 1074 2209.527 -19.247 -0.864
2020-05-05 1059 2232.03 22.503 1.018
2020-05-06 1040 2261.567 29.537 1.323
2020-05-07 1053 2239.036 -22.531 -0.996
2020-05-08 1040 2277.32 38.284 1.71
2020-05-09 1029 2302.067 24.747 1.087
2020-05-10 1029 2302.067 0 0
2020-05-11 1013 2341.914 39.847 1.731
2020-05-12 1006 2350.33 8.416 0.359
2020-05-13 981 2414.563 64.233 2.733
2020-05-14 991 2369.117 -45.446 -1.882
2020-05-15 1006 2330.185 -38.932 -1.643
2020-05-16 1004 2331.985 1.8 0.077
2020-05-17 1004 2331.985 0 0
2020-05-18 997 2343.404 11.419 0.49
2020-05-19 992 2374.943 31.539 1.346
2020-05-20 982 2424.445 49.502 2.084
2020-05-21 993 2401.576 -22.869 -0.943
2020-05-23 986 2390.863 -10.713 -0.446
2020-05-24 986 2390.863 0 0
2020-05-25 993 2379.881 -10.982 -0.459
2020-05-26 1006 2384.343 4.462 0.187
2020-05-27 1016 2374.202 -10.141 -0.425
2020-05-28 1024 2357.288 -16.914 -0.712
2020-05-29 1051 2325.849 -31.439 -1.334
2020-05-30 1057 2314.626 -11.223 -0.483
2020-05-31 1057 2314.626 0 0
