2019-11-07 25 35618.33 0 0
2020-01-19 27 35449.555 -168.775 -0.474
2020-02-07 28 35185.475 -264.08 -0.745
2020-02-15 28 32549.598 -2635.877 -7.491
2020-02-16 28 32549.598 0 0
2020-02-17 28 32729.832 180.234 0.554
2020-02-18 28 32729.832 0 0
2020-02-19 28 32841.737 111.905 0.342
2020-02-20 28 32779.153 -62.584 -0.191
2020-02-21 28 32608.615 -170.538 -0.52
2020-02-22 28 32920.469 311.854 0.956
2020-02-23 28 32920.469 0 0
2020-02-24 28 32920.469 0 0
2020-02-25 28 32207.28 -713.189 -2.166
2020-02-26 28 31904.044 -303.236 -0.942
2020-02-27 28 31820.253 -83.791 -0.263
2020-02-28 28 31420.298 -399.955 -1.257
2020-02-29 28 30715.536 -704.762 -2.243
2020-03-01 28 30715.536 0 0
2020-03-02 28 30715.536 0 0
2020-03-03 28 31819.708 1104.172 3.595
2020-03-04 28 32463.607 643.899 2.024
2020-03-05 28 32957.18 493.573 1.52
2020-03-06 28 33212.605 255.425 0.775
2020-03-07 28 33240.628 28.023 0.084
2020-03-08 28 33240.628 0 0
2020-03-09 27 33240.628 0 0
2020-03-10 28 33026.159 -214.469 -0.645
2020-03-11 27 32035.049 -991.11 -3.001
2020-03-12 26 31343.507 -691.542 -2.159
2020-03-13 29 27988.105 -3355.402 -10.705
2020-03-14 29 28578.119 590.014 2.108
2020-03-15 29 28578.119 0 0
2020-03-16 27 28578.119 0 0
2020-03-17 27 28586.97 8.851 0.031
2020-03-18 24 29517.954 930.984 3.257
2020-03-19 25 29357.821 -160.133 -0.542
2020-03-20 23 31878.779 2520.958 8.587
2020-03-21 23 31540.216 -338.563 -1.062
2020-03-22 23 31540.216 0 0
2020-03-23 23 31540.216 0 0
2020-03-24 23 31241.05 -299.166 -0.949
2020-03-25 23 32401.577 1160.527 3.715
2020-03-26 26 32406.319 4.742 0.015
2020-03-27 25 34445.585 2039.266 6.293
2020-03-28 24 34865.062 419.477 1.218
2020-03-29 24 34865.062 0 0
2020-03-30 24 34865.062 0 0
2020-03-31 25 34890.408 25.346 0.073
