2020-01-19 2069 1111.01 0 0
2020-02-07 2086 1067.754 -43.256 -4.051
2020-02-15 2032 1112.251 44.497 4.001
2020-02-16 2034 1112.251 0 0
2020-02-17 2037 1112.251 0 0
2020-02-18 2018 1132.157 19.906 1.758
2020-02-19 2014 1131.99 -0.167 -0.015
2020-02-20 2066 1087.661 -44.329 -4.076
2020-02-21 2110 1046.677 -40.984 -3.916
2020-02-22 2110 1046.677 0 0
2020-02-23 2110 1046.677 0 0
2020-02-24 2156 999.002 -47.675 -4.772
2020-02-27 2138 987.205 -11.797 -1.195
2020-02-29 2082 1022.69 35.485 3.47
2020-03-01 2080 1022.69 0 0
2020-03-02 2086 1014.234 -8.456 -0.834
2020-03-03 2118 970.291 -43.943 -4.529
2020-03-27 1959 1006.108 35.817 3.56
2020-03-28 1957 1008.596 2.488 0.247
2020-03-29 1957 1008.596 0 0
2020-03-30 1957 1008.596 0 0
2020-04-07 1954 1022.027 13.431 1.314
2020-04-08 2094 1033.966 11.939 1.155
2020-04-14 2089 1043.418 9.452 0.906
2020-04-15 2069 1058.839 15.421 1.456
2020-04-17 2014 1107.259 48.42 4.373
2020-04-18 2019 1107.259 0 0
2020-04-19 2019 1107.259 0 0
2020-04-20 1938 1168.446 61.187 5.237
2020-04-21 1974 1129.313 -39.133 -3.465
2020-04-23 1924 1176.406 47.093 4.003
2020-04-24 1864 1227.644 51.238 4.174
2020-04-25 1860 1227.644 0 0
2020-04-26 1860 1227.644 0 0
2020-04-27 1842 1254.175 26.531 2.115
2020-04-28 1922 1196.636 -57.539 -4.808
2020-04-29 1952 1182.541 -14.095 -1.192
2020-04-30 1981 1155.678 -26.863 -2.324
