2025-04-02 1147 3223.832 0 0
2025-04-03 1151 3192.66 -31.172 -0.967
2025-04-04 1144 3192.576 -0.084 -0.003
2025-04-05 1133 3191.642 -0.934 -0.029
2025-04-06 1249 2911.4 -280.242 -8.78
2025-04-07 1145 3103.745 192.345 6.607
2025-04-08 1157 3060.764 -42.981 -1.385
2025-04-09 1206 2959.186 -101.578 -3.319
2025-04-10 1159 3101.344 142.158 4.804
2025-04-11 1162 3101.344 0 0
2025-04-12 1172 3101.591 0.247 0.008
2025-04-13 1188 3064.972 -36.619 -1.181
2025-04-14 1194 3071.156 6.184 0.202
2025-04-15 1199 3065.407 -5.749 -0.187
2025-04-16 1176 3111.355 45.948 1.499
2025-04-17 1199 3066.643 -44.712 -1.437
2025-04-18 1199 3066.806 0.163 0.005
2025-04-19 1199 3066.806 0 0
2025-04-20 1199 3075.669 8.863 0.289
2025-04-21 1204 3051.131 -24.538 -0.798
2025-04-22 1241 2995.967 -55.164 -1.808
2025-04-23 1200 3103.717 107.75 3.597
2025-04-24 1203 3096.406 -7.311 -0.236
2025-04-25 1203 3096.324 -0.082 -0.003
2025-04-26 1203 3096.159 -0.165 -0.005
2025-04-27 1212 3074.886 -21.273 -0.687
2025-04-28 1211 3072.77 -2.116 -0.069
2025-04-29 1242 3027.41 -45.36 -1.476
2025-04-30 1242 3030.409 2.999 0.099
2025-05-01 1267 2956.501 -73.908 -2.439
2025-05-02 1267 2956.894 0.393 0.013
2025-05-03 1269 2957.209 0.315 0.011
2025-05-04 1299 2890.597 -66.612 -2.253
2025-05-05 1303 2874.428 -16.169 -0.559
2025-05-06 1331 2819.217 -55.211 -1.921
2025-05-07 1339 2806.167 -13.05 -0.463
2025-05-08 1333 2820.541 14.374 0.512
2025-05-09 1328 2820.616 0.075 0.003
2025-05-10 1329 2820.616 0 0
2025-05-11 1381 2716.091 -104.525 -3.706
2025-05-12 1370 2753.779 37.688 1.388
2025-05-13 1366 2759.394 5.615 0.204
2025-05-14 1346 2807.905 48.511 1.758
2025-05-15 1375 2765.005 -42.9 -1.528
2025-05-16 1373 2765.005 0 0
2025-05-17 1372 2765.005 0 0
2025-05-18 1385 2740.92 -24.085 -0.871
2025-05-19 1382 2745.136 4.216 0.154
2025-05-20 1397 2709.938 -35.198 -1.282
2025-05-21 1450 2593.716 -116.222 -4.289
2025-05-22 1457 2576.77 -16.946 -0.653
2025-05-23 1453 2576.496 -0.274 -0.011
2025-05-24 1453 2576.496 0 0
2025-05-25 1551 2381.06 -195.436 -7.585
2025-05-26 1438 2609.082 228.022 9.576
2025-05-27 1470 2552.037 -57.045 -2.186
2025-05-28 1482 2525.073 -26.964 -1.057
2025-05-29 1520 2452.666 -72.407 -2.868
2025-05-30 1524 2452.275 -0.391 -0.016
2025-05-31 1525 2452.144 -0.131 -0.005
2025-06-01 1545 2397.89 -54.254 -2.213
2025-06-02 1563 2372.372 -25.518 -1.064
2025-06-03 1552 2394.745 22.373 0.943
2025-06-04 1473 2550.701 155.956 6.512
2025-06-05 1478 2550.633 -0.068 -0.003
2025-06-06 1482 2550.769 0.136 0.005
2025-06-07 1482 2550.769 0 0
2025-06-08 1482 2550.769 0 0
2025-06-09 1481 2550.769 0 0
2025-06-10 1487 2550.837 0.068 0.003
2025-06-11 1552 2420.933 -129.904 -5.093
2025-06-12 1570 2384.757 -36.176 -1.494
2025-06-13 1566 2384.188 -0.569 -0.024
2025-06-14 1564 2382.858 -1.33 -0.056
2025-06-15 1563 2382.858 0 0
2025-06-16 1520 2476.236 93.378 3.919
2025-06-17 1606 2331.748 -144.488 -5.835
2025-06-18 1658 2254.756 -76.992 -3.302
2025-06-19 1647 2264.375 9.619 0.427
2025-06-20 1649 2264.375 0 0
2025-06-21 1648 2264.135 -0.24 -0.011
2025-06-22 1664 2238.222 -25.913 -1.144
2025-06-23 1619 2292.882 54.66 2.442
2025-06-24 1577 2373.327 80.445 3.508
2025-06-25 1590 2357.923 -15.404 -0.649
2025-06-26 1609 2338.409 -19.514 -0.828
2025-06-27 1612 2338.906 0.497 0.021
2025-06-28 1614 2338.906 0 0
2025-06-29 1615 2337.18 -1.726 -0.074
2025-06-30 1566 2428.452 91.272 3.905
2025-07-01 1592 2373.665 -54.787 -2.256
2025-07-02 1630 2336.677 -36.988 -1.558
2025-07-03 1611 2356.162 19.485 0.834
2025-07-04 1614 2356.099 -0.063 -0.003
2025-07-05 1614 2356.099 0 0
2025-07-06 1511 2538.138 182.039 7.726
2025-07-07 1506 2540.671 2.533 0.1
2025-07-08 1562 2457.545 -83.126 -3.272
2025-07-09 1603 2384.632 -72.913 -2.967
2025-07-10 1617 2357.036 -27.596 -1.157
2025-07-11 1612 2357.036 0 0
2025-07-12 1611 2357.099 0.063 0.003
2025-07-13 1651 2300.704 -56.395 -2.393
2025-07-14 1648 2314.583 13.879 0.603
2025-07-15 1666 2278.661 -35.922 -1.552
2025-07-16 1672 2265.542 -13.119 -0.576
2025-07-17 1665 2275.898 10.356 0.457
2025-07-18 1669 2275.837 -0.061 -0.003
2025-07-19 1669 2275.777 -0.06 -0.003
2025-07-20 1679 2267.396 -8.381 -0.368
2025-07-21 1701 2230.473 -36.923 -1.628
2025-07-22 1722 2197.667 -32.806 -1.471
2025-07-23 1727 2204.519 6.852 0.312
2025-07-24 1750 2180.247 -24.272 -1.101
2025-07-25 1752 2180.363 0.116 0.005
2025-07-26 1745 2180.305 -0.058 -0.003
2025-07-27 1773 2146.026 -34.279 -1.572
2025-07-28 1797 2115.629 -30.397 -1.416
2025-07-29 1872 2031.881 -83.748 -3.959
2025-07-30 1766 2146.941 115.06 5.663
2025-07-31 1791 2116.175 -30.766 -1.433
