2021-04-09 131 14594.992 0 0
2021-04-10 133 14559.726 -35.266 -0.242
2021-04-11 133 14559.726 0 0
2021-04-12 148 13928.863 -630.863 -4.529
2021-04-13 145 14016.026 87.163 0.622
2021-04-14 150 13956.274 -59.752 -0.428
2021-04-15 143 14408.796 452.522 3.141
2021-04-16 143 14374.777 -34.019 -0.237
2021-04-17 141 14486.434 111.657 0.771
2021-04-18 141 14486.434 0 0
2021-04-19 144 14164.719 -321.715 -2.271
2021-04-20 157 13719.214 -445.505 -3.247
2021-04-21 155 13716.924 -2.29 -0.017
2021-04-22 161 13424.81 -292.114 -2.176
2021-04-23 163 13399.587 -25.223 -0.188
2021-04-24 163 13399.587 0 0
2021-04-25 163 13386.637 -12.95 -0.097
2021-04-26 157 13836.062 449.425 3.248
2021-04-27 155 13986.449 150.387 1.075
2021-04-28 142 14509.794 523.345 3.607
2021-04-29 144 14391.339 -118.455 -0.823
2021-04-30 145 14257.897 -133.442 -0.936
2021-05-01 145 14251.641 -6.256 -0.044
2021-05-02 145 14251.641 0 0
2021-05-03 140 14439.732 188.091 1.303
2021-05-04 142 14282.058 -157.674 -1.104
2021-05-05 142 14372.004 89.946 0.626
2021-05-06 142 14370.231 -1.773 -0.012
2021-05-07 143 14449.339 79.108 0.547
2021-05-08 145 14500.19 50.851 0.351
2021-05-09 145 14500.19 0 0
2021-05-10 146 14330.116 -170.074 -1.187
2021-05-11 145 14347.104 16.988 0.118
2021-05-12 142 14382.807 35.703 0.248
2021-05-13 136 14367.135 -15.672 -0.109
2021-05-14 139 14302.403 -64.732 -0.453
2021-05-15 138 14328.515 26.112 0.182
2021-05-16 138 14328.515 0 0
2021-05-17 137 14584.977 256.462 1.758
2021-05-18 128 15364.317 779.34 5.072
2021-05-19 129 15258.065 -106.252 -0.696
2021-05-20 130 15247.048 -11.017 -0.072
2021-05-21 131 15299.608 52.56 0.344
2021-05-22 129 15357.627 58.019 0.378
2021-05-24 129 15374.598 16.971 0.11
2021-05-25 128 15689.57 314.972 2.008
2021-05-26 126 15668.534 -21.036 -0.134
2021-05-27 133 15335.302 -333.232 -2.173
2021-05-28 133 15330.779 -4.523 -0.03
2021-05-29 133 15362.523 31.744 0.207
2021-05-30 133 15362.523 0 0
2021-05-31 129 15616.398 253.875 1.626
