2025-12-16 1043 3810.955 0 0
2025-12-17 1055 3759.964 -50.991 -1.338
2025-12-18 1092 3693.586 -66.378 -1.765
2025-12-19 1015 3953.086 259.5 7.026
2025-12-20 1011 3993.907 40.821 1.033
2025-12-21 1011 3993.907 0 0
2025-12-22 1012 3992.117 -1.79 -0.045
2025-12-23 1025 3951.771 -40.346 -1.011
2025-12-24 1014 3999.207 47.436 1.2
2025-12-25 1018 3994.031 -5.176 -0.129
2025-12-26 1026 3953.46 -40.571 -1.016
2025-12-27 1026 3950.38 -3.08 -0.078
2025-12-28 1026 3950.38 0 0
2025-12-29 1027 3938.689 -11.691 -0.296
2025-12-30 990 4084.125 145.436 3.692
2025-12-31 963 4263.109 178.984 4.382
2026-01-01 958 4273.54 10.431 0.245
2026-01-02 979 4150.308 -123.232 -2.884
2026-01-03 982 4135.611 -14.697 -0.354
2026-01-05 975 4201.63 66.019 1.596
2026-01-06 973 4260.356 58.726 1.398
2026-01-07 979 4195.518 -64.838 -1.522
2026-01-08 972 4245.38 49.862 1.188
2026-01-09 986 4142.149 -103.231 -2.432
2026-01-10 990 4135.832 -6.317 -0.153
2026-01-11 990 4135.832 0 0
2026-01-12 978 4204.028 68.196 1.649
2026-01-13 916 4502.458 298.43 7.099
2026-01-14 913 4505.275 2.817 0.063
2026-01-15 912 4500.845 -4.43 -0.098
2026-01-16 965 4268.793 -232.052 -5.156
2026-01-17 965 4241.548 -27.245 -0.638
2026-01-18 964 4241.548 0 0
2026-01-19 973 4181.863 -59.685 -1.407
2026-01-20 980 4108.985 -72.878 -1.743
2026-01-21 1050 3854.59 -254.395 -6.191
2026-01-22 1091 3731.039 -123.551 -3.205
2026-01-23 1180 3528.447 -202.592 -5.43
2026-01-24 1181 3515.761 -12.686 -0.36
2026-01-25 1181 3515.761 0 0
2026-01-26 1185 3515.761 0 0
2026-01-27 1196 3502.722 -13.039 -0.371
2026-01-28 1240 3407.413 -95.309 -2.721
2026-01-29 1210 3474.952 67.539 1.982
2026-01-30 1231 3408.328 -66.624 -1.917
2026-01-31 1230 3407.287 -1.041 -0.031
2026-02-01 1247 3346.152 -61.135 -1.794
2026-02-02 1215 3434.596 88.444 2.643
2026-02-03 1171 3560.472 125.876 3.665
2026-02-04 1205 3459.193 -101.279 -2.845
2026-02-05 1211 3434.453 -24.74 -0.715
2026-02-06 1210 3479.925 45.472 1.324
2026-02-07 1212 3467.693 -12.232 -0.352
2026-02-08 1212 3467.693 0 0
2026-02-09 1225 3426.762 -40.931 -1.18
2026-02-10 1235 3410.578 -16.184 -0.472
2026-02-11 1229 3437.006 26.428 0.775
2026-02-12 1244 3390.901 -46.105 -1.341
2026-02-13 1255 3339.044 -51.857 -1.529
2026-02-14 1254 3338.219 -0.825 -0.025
2026-02-15 1253 3338.219 0 0
2026-02-16 1221 3430.496 92.277 2.764
2026-02-17 1223 3420.103 -10.393 -0.303
2026-02-18 1225 3429.829 9.726 0.284
2026-02-19 1215 3471.937 42.108 1.228
2026-02-20 1218 3463.122 -8.815 -0.254
2026-02-21 1227 3451.229 -11.893 -0.343
2026-02-22 1228 3451.229 0 0
2026-02-23 1231 3424.248 -26.981 -0.782
2026-02-24 1246 3399.572 -24.676 -0.721
2026-02-25 1255 3371.945 -27.627 -0.813
2026-02-26 1262 3352.438 -19.507 -0.579
