2021-04-09 2550 1128.728 0 0
2021-04-10 2550 1126.001 -2.727 -0.242
2021-04-11 2551 1126.001 0 0
2021-04-12 2633 1063.943 -62.058 -5.833
2021-04-13 2617 1077.557 13.614 1.263
2021-04-14 2624 1072.963 -4.594 -0.428
2021-04-15 2619 1074.959 1.996 0.186
2021-04-16 2648 1060.882 -14.077 -1.327
2021-04-17 2640 1069.122 8.24 0.771
2021-04-18 2640 1069.122 0 0
2021-04-19 2656 1052.592 -16.53 -1.57
2021-04-20 2638 1063.849 11.257 1.058
2021-04-21 2650 1063.671 -0.178 -0.017
2021-04-22 2637 1076.67 12.999 1.207
2021-04-23 2669 1051.732 -24.938 -2.371
2021-04-24 2669 1051.732 0 0
2021-04-25 2673 1050.715 -1.017 -0.097
2021-04-26 2704 1024.762 -25.953 -2.533
2021-04-27 2701 1030.524 5.762 0.559
2021-04-28 2682 1040.718 10.194 0.98
2021-04-29 2680 1041.505 0.787 0.076
2021-04-30 2660 1055.179 13.674 1.296
2021-05-01 2661 1054.716 -0.463 -0.044
2021-05-02 2660 1054.716 0 0
2021-05-03 2654 1058.581 3.865 0.365
2021-05-04 2641 1074.882 16.301 1.517
2021-05-05 2627 1085.184 10.302 0.949
2021-05-06 2630 1080.622 -4.562 -0.422
2021-05-07 2643 1067.377 -13.245 -1.241
2021-05-08 2644 1071.133 3.756 0.351
2021-05-09 2644 1071.133 0 0
2021-05-10 2619 1088.151 17.018 1.564
2021-05-11 2625 1085.846 -2.305 -0.212
2021-05-12 2603 1092.24 6.394 0.585
2021-05-13 2591 1091.05 -1.19 -0.109
2021-05-14 2554 1124.286 33.236 2.956
2021-05-15 2554 1126.339 2.053 0.182
2021-05-16 2554 1126.339 0 0
2021-05-17 2590 1107.707 -18.632 -1.682
2021-05-18 2581 1118.775 11.068 0.989
2021-05-19 2412 1236.514 117.739 9.522
2021-05-20 2398 1251.711 15.197 1.214
2021-05-21 2390 1254.571 2.86 0.228
2021-05-22 2386 1259.329 4.758 0.378
2021-05-24 2391 1265.8 6.471 0.511
2021-05-25 2302 1348.593 82.793 6.139
2021-05-26 2308 1346.18 -2.413 -0.179
2021-05-27 2272 1386.311 40.131 2.895
2021-05-28 2282 1372.94 -13.371 -0.974
2021-05-29 2280 1375.783 2.843 0.207
2021-05-30 2280 1375.783 0 0
2021-05-31 2253 1395.423 19.64 1.407
2021-06-01 2331 1337.233 -58.19 -4.352
2021-06-02 2370 1297.76 -39.473 -3.042
2021-06-03 2353 1315.427 17.667 1.343
2021-06-04 2351 1315.768 0.341 0.026
2021-06-05 2352 1314.056 -1.712 -0.13
2021-06-06 2352 1314.056 0 0
2021-06-07 2358 1312.85 -1.206 -0.092
2021-06-08 2346 1324.479 11.629 0.878
2021-06-09 2341 1328.524 4.045 0.304
2021-06-10 2321 1348.964 20.44 1.515
2021-06-11 2334 1338.109 -10.855 -0.811
2021-06-12 2335 1337.902 -0.207 -0.015
2021-06-13 2335 1337.902 0 0
2021-06-14 2331 1342.484 4.582 0.341
2021-06-16 2329 1335.822 -6.662 -0.499
2021-06-17 2327 1336.239 0.417 0.031
2021-06-18 2298 1350.101 13.862 1.027
2021-06-19 2298 1350.101 0 0
2021-06-20 2280 1354.031 3.93 0.29
2021-06-21 2317 1335.126 -18.905 -1.416
2021-06-22 2320 1331.678 -3.448 -0.259
2021-06-23 2233 1407.232 75.554 5.369
2021-06-24 2207 1425.482 18.25 1.28
2021-06-25 2225 1418.843 -6.639 -0.468
2021-06-26 2227 1418.269 -0.574 -0.04
2021-06-27 2227 1418.269 0 0
2021-06-28 2247 1405.624 -12.645 -0.9
2021-06-29 2267 1386.235 -19.389 -1.399
2021-06-30 2269 1381.761 -4.474 -0.324
2021-07-01 2285 1365.026 -16.735 -1.226
2021-07-02 2207 1424.548 59.522 4.178
2021-07-03 2206 1420.785 -3.763 -0.265
2021-07-04 2206 1420.785 0 0
2021-07-05 2198 1424.261 3.476 0.244
2021-07-06 2207 1404.993 -19.268 -1.371
2021-07-07 2209 1403.635 -1.358 -0.097
2021-07-08 2210 1401.881 -1.754 -0.125
2021-07-09 2217 1393.753 -8.128 -0.583
2021-07-10 2218 1395.225 1.472 0.106
2021-07-11 2218 1395.225 0 0
2021-07-12 2239 1385.487 -9.738 -0.703
2021-07-13 2231 1393.653 8.166 0.586
2021-07-14 2229 1390.821 -2.832 -0.204
2021-07-15 2231 1393.739 2.918 0.209
2021-07-16 2230 1384.878 -8.861 -0.64
2021-07-17 2230 1384.484 -0.394 -0.028
2021-07-18 2230 1384.484 0 0
2021-07-19 2220 1383.48 -1.004 -0.073
2021-07-20 2240 1364.788 -18.692 -1.37
2021-07-21 2246 1369.611 4.823 0.352
2021-07-22 2212 1399.07 29.459 2.106
2021-07-23 2199 1398.564 -0.506 -0.036
2021-07-24 2197 1399.68 1.116 0.08
2021-07-25 2197 1399.68 0 0
2021-07-26 2168 1413.888 14.208 1.005
2021-07-27 2179 1399.384 -14.504 -1.036
2021-07-28 2192 1385.798 -13.586 -0.98
2021-07-29 2199 1383.095 -2.703 -0.195
2021-07-30 2216 1377.89 -5.205 -0.378
2021-07-31 2219 1375.483 -2.407 -0.175
