2023-04-06 785 3722.41 0 0
2023-04-07 785 3726.473 4.063 0.109
2023-04-08 784 3726.473 0 0
2023-04-09 783 3726.473 0 0
2023-04-10 785 3726.473 0 0
2023-04-11 786 3733.63 7.157 0.192
2023-04-12 771 3776.215 42.585 1.141
2023-04-13 748 3898.341 122.126 3.234
2023-04-14 737 3953.232 54.891 1.408
2023-04-15 738 3938.884 -14.348 -0.363
2023-04-16 738 3938.884 0 0
2023-04-17 757 3859.419 -79.465 -2.017
2023-04-18 756 3858.95 -0.469 -0.012
2023-04-19 741 3930.158 71.208 1.845
2023-04-20 745 3921.863 -8.295 -0.211
2023-04-21 700 4148.849 226.986 5.788
2023-04-22 700 4147.029 -1.82 -0.044
2023-04-23 700 4147.029 0 0
2023-04-24 705 4097.528 -49.501 -1.194
2023-04-25 699 4110.16 12.632 0.308
2023-04-26 710 4045.973 -64.187 -1.562
2023-04-27 718 4031.564 -14.409 -0.356
2023-04-28 725 3997.007 -34.557 -0.857
2023-04-29 724 4007.59 10.583 0.265
2023-05-01 724 4007.59 0 0
2023-05-02 727 3982 -25.59 -0.639
2023-05-03 716 4047.611 65.611 1.648
2023-05-04 713 4066.403 18.792 0.464
2023-05-06 712 4091.502 25.099 0.617
2023-05-07 712 4091.502 0 0
2023-05-08 712 4105.514 14.012 0.342
2023-05-09 712 4073.722 -31.792 -0.774
2023-05-10 710 4071.752 -1.97 -0.048
2023-05-11 705 4097.137 25.385 0.623
2023-05-12 707 4084.023 -13.114 -0.32
2023-05-13 711 4063.188 -20.835 -0.51
2023-05-14 711 4063.188 0 0
2023-05-15 717 4041.949 -21.239 -0.523
2023-05-16 708 4078.223 36.274 0.897
2023-05-17 711 4067.391 -10.832 -0.266
2023-05-19 725 3989.053 -78.338 -1.926
2023-05-20 722 3995.503 6.45 0.162
2023-05-21 722 3995.503 0 0
2023-05-22 741 3917.111 -78.392 -1.962
2023-05-23 752 3865.28 -51.831 -1.323
2023-05-24 754 3808.574 -56.706 -1.467
2023-05-25 755 3790.647 -17.927 -0.471
2023-05-26 748 3827.373 36.726 0.969
2023-05-27 747 3819.184 -8.189 -0.214
2023-05-28 747 3819.184 0 0
2023-05-29 758 3784.214 -34.97 -0.916
2023-05-30 760 3776.83 -7.384 -0.195
2023-05-31 779 3649.985 -126.845 -3.359
