2020-01-19 1074 2431.919 0 0
2020-02-07 1071 2396.785 -35.134 -1.466
2020-02-15 1067 2440.602 43.817 1.795
2020-02-16 1067 2440.602 0 0
2020-02-17 1060 2451.524 10.922 0.446
2020-02-18 1046 2470.265 18.741 0.759
2020-02-19 1055 2459.045 -11.22 -0.456
2020-02-20 1069 2414.558 -44.487 -1.842
2020-02-21 1086 2373.454 -41.104 -1.732
2020-02-22 1104 2352.451 -21.003 -0.893
2020-02-23 1103 2352.451 0 0
2020-02-24 1138 2272.813 -79.638 -3.504
2020-02-25 1150 2238.645 -34.168 -1.526
2020-02-26 1126 2246.549 7.904 0.352
2020-02-27 1139 2221.835 -24.714 -1.112
2020-02-28 1153 2169.242 -52.593 -2.424
2020-02-29 1155 2174.065 4.823 0.222
