2019-11-07 1461 1706.748 0 0
2020-01-19 1570 1645.988 -60.76 -3.56
2020-02-07 1547 1636.675 -9.313 -0.566
2020-02-15 1542 1655.365 18.69 1.142
2020-02-16 1543 1655.365 0 0
2020-02-17 1546 1655.365 0 0
2020-02-18 1554 1643.252 -12.113 -0.732
2020-02-19 1555 1651.197 7.945 0.483
2020-02-20 1543 1667.934 16.737 1.014
2020-02-21 1546 1660.575 -7.359 -0.441
2020-02-22 1545 1660.575 0 0
2020-02-23 1540 1660.575 0 0
2020-02-24 1547 1639.345 -21.23 -1.278
2020-02-25 1546 1621.436 -17.909 -1.092
2020-02-26 1535 1615.9 -5.536 -0.341
2020-02-27 1549 1587.637 -28.263 -1.749
2020-02-28 1541 1584.316 -3.321 -0.209
2020-02-29 1541 1584.316 0 0
