2020-01-19 1526 1704 0 0
2020-02-07 1496 1704 0 0
2020-02-15 1500 1704 0 0
2020-02-16 1501 1704 0 0
2020-02-17 1504 1704 0 0
2020-02-18 1504 1704 0 0
2020-02-19 1508 1704 0 0
2020-02-20 1510 1704 0 0
2020-02-21 1506 1704 0 0
2020-02-22 1508 1704 0 0
2020-02-23 1509 1704 0 0
2020-02-24 1492 1704 0 0
2020-02-25 1484 1704 0 0
2020-02-26 1480 1704 0 0
2020-02-27 1464 1704 0 0
2020-02-28 1451 1704 0 0
2020-02-29 1443 1704 0 0
2020-03-01 1441 1704 0 0
2020-03-02 1455 1704 0 0
2020-03-03 1457 1704 0 0
2020-03-04 1467 1704 0 0
2020-03-05 1471 1704 0 0
2020-03-06 1460 1704 0 0
2020-03-07 1456 1704 0 0
2020-03-08 1450 1704 0 0
2020-03-09 1425 1704 0 0
2020-03-10 1413 1704 0 0
2020-03-11 1400 1704 0 0
2020-03-12 1357 1704 0 0
2020-03-13 1343 1704 0 0
2020-03-14 1343 1704 0 0
2020-03-15 1343 1704 0 0
2020-03-16 1312 1704 0 0
2020-03-17 1306 1704 0 0
2020-03-18 1278 1704 0 0
2020-03-19 1268 1704 0 0
2020-03-20 1282 1704 0 0
2020-03-21 1286 1704 0 0
2020-03-22 1286 1704 0 0
2020-03-23 1266 1704 0 0
2020-03-24 1257 1704 0 0
2020-03-25 1285 1704 0 0
2020-03-26 1304 1704 0 0
2020-03-27 1314 1704 0 0
2020-03-28 1308 1704 0 0
2020-03-29 1308 1704 0 0
2020-03-30 1308 1704 0 0
2020-03-31 1299 1704 0 0
