2024-08-28 227 10235 0 0
2024-08-29 227 10235 0 0
2024-08-30 233 10235 0 0
2024-08-31 233 10235 0 0
2024-09-01 234 10235 0 0
2024-09-02 234 10235 0 0
2024-09-03 232 10235 0 0
2024-09-04 230 10235 0 0
2024-09-05 230 10235 0 0
2024-09-06 230 10235 0 0
2024-09-07 232 10235 0 0
2024-09-08 232 10235 0 0
2024-09-09 233 10235 0 0
2024-09-10 233 10235 0 0
2024-09-11 232 10235 0 0
2024-09-12 234 10235 0 0
2024-09-13 237 10235 0 0
2024-09-14 237 10235 0 0
2024-09-15 237 10235 0 0
2024-09-16 237 10235 0 0
2024-09-17 238 10235 0 0
2024-09-18 239 10235 0 0
2024-09-19 239 10235 0 0
2024-09-20 238 10235 0 0
2024-09-21 238 10235 0 0
2024-09-22 238 10235 0 0
2024-09-23 238 10235 0 0
2024-09-24 239 10235 0 0
2024-09-25 237 10235 0 0
2024-09-26 239 10235 0 0
2024-09-27 244 10235 0 0
2024-09-28 243 10235 0 0
2024-09-29 243 10235 0 0
2024-09-30 246 10235 0 0
2024-10-01 246 10235 0 0
2024-10-02 246 10235 0 0
2024-10-03 244 10235 0 0
2024-10-04 247 10235 0 0
2024-10-05 247 10235 0 0
2024-10-06 247 10235 0 0
2024-10-07 245 10235 0 0
2024-10-08 252 10235 0 0
2024-10-09 246 10235 0 0
2024-10-10 246 10235 0 0
2024-10-11 248 10235 0 0
2024-10-12 248 10235 0 0
2024-10-13 248 10235 0 0
2024-10-14 250 10235 0 0
2024-10-15 249 10235 0 0
2024-10-16 248 10235 0 0
2024-10-17 246 10235 0 0
2024-10-18 247 10235 0 0
2024-10-19 247 10235 0 0
2024-10-20 246 10235 0 0
2024-10-21 245 10235 0 0
2024-10-22 245 10235 0 0
2024-10-23 244 10235 0 0
2024-10-24 244 10235 0 0
2024-10-25 244 10235 0 0
2024-10-26 244 10235 0 0
2024-10-27 244 10235 0 0
2024-10-28 246 10235 0 0
2024-10-29 246 10235 0 0
2024-10-30 243 10235 0 0
2024-10-31 241 10235 0 0
