2019-11-07 1614 1516.975 0 0
2020-01-19 1496 1741.658 224.683 14.811
2020-02-07 1403 1823.763 82.105 4.714
2020-02-15 1415 1818.833 -4.93 -0.27
2020-02-16 1415 1818.833 0 0
2020-02-17 1413 1824.528 5.695 0.313
2020-02-18 1407 1824.398 -0.13 -0.007
2020-02-19 1413 1826.937 2.539 0.139
2020-02-20 1441 1790.339 -36.598 -2.003
2020-02-21 1437 1791.26 0.921 0.051
2020-02-22 1432 1799.23 7.97 0.445
2020-02-23 1431 1799.23 0 0
2020-02-24 1482 1717.515 -81.715 -4.542
2020-02-25 1479 1708.972 -8.543 -0.497
2020-02-26 1479 1704.282 -4.69 -0.274
2020-02-27 1486 1668.307 -35.975 -2.111
2020-02-28 1507 1622.929 -45.378 -2.72
2020-02-29 1499 1622.572 -0.357 -0.022
2020-03-01 1504 1622.572 0 0
2020-03-02 1524 1613.597 -8.975 -0.553
2020-03-03 1505 1645.009 31.412 1.947
2020-03-04 1493 1659.518 14.509 0.882
2020-03-05 1510 1640.769 -18.749 -1.13
2020-03-06 1551 1581.08 -59.689 -3.638
2020-03-07 1531 1598.248 17.168 1.086
2020-03-08 1527 1598.248 0 0
2020-03-09 1616 1455.397 -142.851 -8.938
2020-03-10 1673 1390.007 -65.39 -4.493
2020-03-11 1693 1350.342 -39.665 -2.854
2020-03-12 1848 1147.749 -202.593 -15.003
2020-03-13 1811 1171.407 23.658 2.061
2020-03-14 1815 1170.11 -1.297 -0.111
2020-03-15 1816 1170.11 0 0
2020-03-16 1862 1090.632 -79.478 -6.792
2020-03-17 1802 1140.181 49.549 4.543
2020-03-18 1830 1096.073 -44.108 -3.869
2020-03-19 1814 1097.005 0.932 0.085
2020-03-20 1756 1148.728 51.723 4.715
2020-03-21 1760 1147.377 -1.351 -0.118
2020-03-22 1760 1147.377 0 0
2020-03-23 1770 1118.316 -29.061 -2.533
2020-03-24 1752 1125.656 7.34 0.656
2020-03-25 1728 1194.463 68.807 6.113
2020-03-26 1708 1217.938 23.475 1.965
2020-03-27 1688 1269.296 51.358 4.217
2020-03-28 1708 1232.529 -36.767 -2.897
2020-03-29 1708 1232.529 0 0
2020-03-30 1708 1232.529 0 0
2020-03-31 1758 1188.094 -44.435 -3.605
