2025-04-02 1776 2023.86 0 0
2025-04-03 1842 1940.743 -83.117 -4.107
2025-04-04 1760 2022.392 81.649 4.207
2025-04-05 1748 2022.392 0 0
2025-04-06 1747 2022.392 0 0
2025-04-07 1805 1918.716 -103.676 -5.126
2025-04-08 1859 1834.865 -83.851 -4.37
2025-04-09 1793 1923.856 88.991 4.85
2025-04-10 1849 1875.542 -48.314 -2.511
2025-04-11 1824 1903.59 28.048 1.495
2025-04-12 1844 1903.59 0 0
2025-04-13 1844 1903.59 0 0
2025-04-14 1831 1921.8 18.21 0.957
2025-04-15 1867 1904.031 -17.769 -0.925
2025-04-16 1896 1870.696 -33.335 -1.751
2025-04-17 1839 1925.177 54.481 2.912
2025-04-18 1843 1925.177 0 0
2025-04-19 1843 1925.177 0 0
2025-04-20 1843 1925.177 0 0
2025-04-21 1850 1917.982 -7.195 -0.374
2025-04-22 1810 1979.659 61.677 3.216
2025-04-23 1819 1977.162 -2.497 -0.126
2025-04-24 1805 1995.518 18.356 0.928
2025-04-25 1819 1973.785 -21.733 -1.089
2025-04-26 1819 1973.785 0 0
2025-04-27 1819 1973.785 0 0
2025-04-28 1817 1982.742 8.957 0.454
2025-04-29 1824 1976.575 -6.167 -0.311
2025-04-30 1809 1999.924 23.349 1.181
2025-05-01 1822 1988.323 -11.601 -0.58
2025-05-02 1799 2014.168 25.845 1.3
2025-05-03 1807 2014.168 0 0
2025-05-04 1807 2014.168 0 0
2025-05-05 1827 1990.085 -24.083 -1.196
2025-05-06 1864 1934.429 -55.656 -2.797
2025-05-07 1861 1947.498 13.069 0.676
2025-05-08 1856 1963.211 15.713 0.807
2025-05-09 1876 1936.632 -26.579 -1.354
2025-05-10 1876 1936.632 0 0
2025-05-11 1876 1936.632 0 0
2025-05-12 1842 1996.987 60.355 3.116
2025-05-13 1837 2000.218 3.231 0.162
2025-05-14 1895 1937.219 -62.999 -3.15
2025-05-15 1875 1956.603 19.384 1.001
2025-05-16 1847 1991.26 34.657 1.771
2025-05-17 1848 1991.26 0 0
2025-05-18 1848 1991.26 0 0
2025-05-19 1856 1979.218 -12.042 -0.605
2025-05-20 1886 1946.177 -33.041 -1.669
2025-05-21 1919 1900.653 -45.524 -2.339
2025-05-22 1927 1890.668 -9.985 -0.525
2025-05-23 1924 1886.996 -3.672 -0.194
2025-05-24 1924 1886.996 0 0
2025-05-25 1931 1886.996 0 0
2025-05-26 1934 1886.996 0 0
2025-05-27 1898 1928.555 41.559 2.202
2025-05-28 1955 1868.493 -60.062 -3.114
2025-05-29 1935 1881.416 12.923 0.692
2025-05-30 1935 1878.332 -3.084 -0.164
2025-05-31 1935 1878.332 0 0
2025-06-01 1934 1878.332 0 0
2025-06-02 1958 1861.151 -17.181 -0.915
2025-06-03 1936 1882.591 21.44 1.152
2025-06-04 1878 1958.659 76.068 4.041
2025-06-05 1893 1947.058 -11.601 -0.592
2025-06-06 1920 1917.688 -29.37 -1.508
2025-06-07 1917 1917.688 0 0
2025-06-08 1917 1917.688 0 0
2025-06-09 1903 1945.736 28.048 1.463
2025-06-10 1852 2008.735 62.999 3.238
2025-06-11 1880 1977.456 -31.279 -1.557
2025-06-12 1866 1998.455 20.999 1.062
2025-06-13 1891 1952.051 -46.404 -2.322
2025-06-14 1888 1952.051 0 0
2025-06-15 1888 1952.051 0 0
2025-06-16 1888 1960.421 8.37 0.429
2025-06-17 1923 1905.646 -54.775 -2.794
2025-06-18 1908 1925.618 19.972 1.048
2025-06-19 1903 1925.618 0 0
2025-06-20 1869 1968.498 42.88 2.227
2025-06-21 1869 1968.498 0 0
2025-06-22 1869 1968.498 0 0
2025-06-23 1821 2033.993 65.495 3.327
2025-06-24 1817 2048.238 14.245 0.7
2025-06-25 1852 2013.875 -34.363 -1.678
2025-06-26 1850 2011.819 -2.056 -0.102
2025-06-27 1841 2034.434 22.615 1.124
2025-06-28 1842 2034.434 0 0
2025-06-29 1843 2034.434 0 0
2025-06-30 1845 2037.811 3.377 0.166
2025-07-01 1778 2110.943 73.132 3.589
2025-07-02 1764 2136.054 25.111 1.19
2025-07-03 1820 2081.572 -54.482 -2.551
2025-07-04 1814 2081.572 0 0
2025-07-05 1814 2081.572 0 0
2025-07-06 1814 2081.572 0 0
2025-07-07 1825 2067.915 -13.657 -0.656
2025-07-08 1817 2073.789 5.874 0.284
2025-07-09 1733 2177.172 103.383 4.985
2025-07-10 1725 2194.941 17.769 0.816
2025-07-11 1751 2153.823 -41.118 -1.873
2025-07-12 1751 2153.823 0 0
2025-07-13 1751 2153.823 0 0
2025-07-14 1760 2143.25 -10.573 -0.491
2025-07-15 1842 2051.028 -92.222 -4.303
2025-07-16 1817 2075.845 24.817 1.21
2025-07-17 1816 2077.901 2.056 0.099
2025-07-18 1808 2080.104 2.203 0.106
2025-07-19 1814 2080.104 0 0
2025-07-20 1817 2080.104 0 0
2025-07-21 1833 2071.587 -8.517 -0.409
2025-07-22 1593 2398.769 327.182 15.794
2025-07-23 1645 2320.497 -78.272 -3.263
2025-07-24 1684 2269.541 -50.956 -2.196
2025-07-25 1677 2278.645 9.104 0.401
2025-07-26 1676 2278.645 0 0
2025-07-27 1677 2278.645 0 0
2025-07-28 1662 2291.568 12.923 0.567
2025-07-29 1645 2308.456 16.888 0.737
2025-07-30 1688 2249.128 -59.328 -2.57
2025-07-31 1685 2242.226 -6.902 -0.307
2025-08-01 1609 2351.777 109.551 4.886
2025-08-02 1610 2351.777 0 0
2025-08-03 1610 2351.777 0 0
2025-08-04 1582 2395.538 43.761 1.861
2025-08-05 1573 2418.3 22.762 0.95
2025-08-06 1580 2406.992 -11.308 -0.468
2025-08-07 1585 2404.496 -2.496 -0.104
2025-08-08 1569 2442.824 38.328 1.594
2025-08-09 1569 2442.824 0 0
2025-08-10 1569 2442.824 0 0
2025-08-11 1578 2420.209 -22.615 -0.926
2025-08-12 1561 2468.669 48.46 2.002
2025-08-13 1514 2575.723 107.054 4.337
2025-08-14 1524 2551.493 -24.23 -0.941
2025-08-15 1508 2576.751 25.258 0.99
2025-08-16 1511 2576.751 0 0
2025-08-17 1511 2576.751 0 0
2025-08-18 1517 2569.996 -6.755 -0.262
2025-08-19 1494 2613.316 43.32 1.686
2025-08-20 1532 2543.709 -69.607 -2.664
2025-08-21 1541 2521.682 -22.027 -0.866
2025-08-22 1482 2651.057 129.375 5.131
2025-08-23 1485 2651.057 0 0
2025-08-24 1485 2651.057 0 0
2025-08-25 1497 2625.799 -25.258 -0.953
2025-08-26 1498 2617.134 -8.665 -0.33
2025-08-27 1498 2604.359 -12.775 -0.488
2025-08-28 1490 2625.064 20.705 0.795
2025-08-29 1490 2633.435 8.371 0.319
2025-08-30 1491 2633.435 0 0
2025-08-31 1491 2633.435 0 0
2025-09-01 1492 2633.435 0 0
2025-09-02 1478 2644.889 11.454 0.435
2025-09-03 1475 2672.937 28.048 1.06
2025-09-04 1446 2739.314 66.377 2.483
2025-09-05 1404 2814.354 75.04 2.739
2025-09-06 1408 2814.354 0 0
2025-09-07 1409 2814.354 0 0
2025-09-08 1393 2847.248 32.894 1.169
2025-09-09 1442 2756.789 -90.459 -3.177
2025-09-10 1457 2731.09 -25.699 -0.932
2025-09-11 1422 2802.753 71.663 2.624
2025-09-12 1449 2756.642 -46.111 -1.645
2025-09-13 1450 2756.642 0 0
2025-09-14 1449 2756.642 0 0
2025-09-15 1483 2671.763 -84.879 -3.079
2025-09-16 1488 2665.889 -5.874 -0.22
2025-09-17 1509 2640.777 -25.112 -0.942
2025-09-18 1515 2635.344 -5.433 -0.206
2025-09-19 1520 2616.107 -19.237 -0.73
2025-09-20 1518 2616.107 0 0
2025-09-21 1518 2616.107 0 0
2025-09-22 1546 2556.339 -59.768 -2.285
2025-09-23 1531 2586.296 29.957 1.172
2025-09-24 1519 2603.624 17.328 0.67
2025-09-25 1533 2567.646 -35.978 -1.382
2025-09-26 1511 2599.953 32.307 1.258
2025-09-27 1515 2599.953 0 0
2025-09-28 1515 2599.953 0 0
2025-09-29 1490 2638.575 38.622 1.485
2025-09-30 1501 2633.288 -5.287 -0.2
2025-10-01 1483 2676.902 43.614 1.656
2025-10-02 1496 2662.658 -14.244 -0.532
2025-10-03 1479 2713.762 51.104 1.919
2025-10-04 1474 2713.762 0 0
2025-10-05 1474 2713.762 0 0
2025-10-06 1494 2663.539 -50.223 -1.851
2025-10-07 1580 2511.256 -152.283 -5.717
2025-10-08 1594 2474.543 -36.713 -1.462
2025-10-09 1661 2367.783 -106.76 -4.314
2025-10-10 1647 2370.573 2.79 0.118
2025-10-11 1642 2370.573 0 0
2025-10-12 1642 2370.573 0 0
2025-10-13 1635 2385.405 14.832 0.626
2025-10-14 1596 2446.348 60.943 2.555
2025-10-15 1611 2424.32 -22.028 -0.9
2025-10-16 1638 2390.251 -34.069 -1.405
2025-10-17 1626 2401.559 11.308 0.473
2025-10-18 1625 2401.559 0 0
2025-10-19 1626 2401.559 0 0
2025-10-20 1630 2402.587 1.028 0.043
2025-10-21 1596 2474.103 71.516 2.977
2025-10-22 1597 2467.935 -6.168 -0.249
2025-10-23 1596 2472.928 4.993 0.202
2025-10-24 1604 2464.117 -8.811 -0.356
2025-10-25 1605 2464.117 0 0
2025-10-26 1604 2464.117 0 0
2025-10-27 1593 2477.48 13.363 0.542
2025-10-28 1646 2402.44 -75.04 -3.029
2025-10-29 1699 2322.26 -80.18 -3.337
2025-10-30 1686 2336.945 14.685 0.632
2025-10-31 1688 2333.861 -3.084 -0.132
2025-11-01 1687 2333.861 0 0
2025-11-02 1688 2333.861 0 0
2025-11-03 1727 2274.827 -59.034 -2.529
2025-11-04 1707 2282.61 7.783 0.342
2025-11-05 1705 2277.911 -4.699 -0.206
2025-11-06 1707 2277.177 -0.734 -0.032
2025-11-07 1715 2270.568 -6.609 -0.29
2025-11-08 1716 2270.568 0 0
2025-11-09 1716 2270.568 0 0
2025-11-10 1728 2267.631 -2.937 -0.129
2025-11-11 1696 2303.169 35.538 1.567
2025-11-12 1714 2289.072 -14.097 -0.612
2025-11-13 1744 2250.45 -38.622 -1.687
2025-11-14 1757 2236.206 -14.244 -0.633
2025-11-15 1755 2236.206 0 0
2025-11-16 1755 2236.206 0 0
2025-11-17 1800 2167.627 -68.579 -3.067
2025-11-18 1782 2177.759 10.132 0.467
2025-11-19 1784 2164.249 -13.51 -0.62
2025-11-20 1786 2161.165 -3.084 -0.142
2025-11-21 1670 2299.057 137.892 6.38
2025-11-22 1667 2299.057 0 0
2025-11-23 1667 2299.057 0 0
2025-11-24 1678 2289.806 -9.251 -0.402
2025-11-25 1609 2413.894 124.088 5.419
2025-11-26 1599 2446.642 32.748 1.357
2025-11-27 1603 2446.642 0 0
2025-11-28 1583 2479.683 33.041 1.35
2025-11-29 1583 2479.683 0 0
2025-11-30 1583 2479.683 0 0
2025-12-01 1604 2455.599 -24.084 -0.971
2025-12-02 1589 2471.606 16.007 0.652
2025-12-03 1534 2567.646 96.04 3.886
2025-12-04 1576 2504.941 -62.705 -2.442
2025-12-05 1592 2473.956 -30.985 -1.237
2025-12-06 1593 2473.956 0 0
2025-12-07 1593 2473.956 0 0
2025-12-08 1645 2383.056 -90.9 -3.674
2025-12-09 1680 2337.826 -45.23 -1.898
2025-12-10 1627 2424.761 86.935 3.719
2025-12-11 1627 2423.733 -1.028 -0.042
2025-12-12 1617 2442.089 18.356 0.757
2025-12-13 1617 2442.089 0 0
2025-12-14 1617 2442.089 0 0
2025-12-15 1619 2442.383 0.294 0.012
2025-12-16 1626 2422.558 -19.825 -0.812
2025-12-17 1647 2376.741 -45.817 -1.891
2025-12-18 1658 2367.93 -8.811 -0.371
2025-12-19 1703 2305.959 -61.971 -2.617
2025-12-20 1703 2305.959 0 0
2025-12-21 1702 2305.959 0 0
2025-12-22 1735 2279.526 -26.433 -1.146
2025-12-23 1752 2266.163 -13.363 -0.586
2025-12-24 1727 2297.883 31.72 1.4
2025-12-25 1725 2297.883 0 0
2025-12-26 1732 2293.33 -4.553 -0.198
2025-12-27 1732 2293.33 0 0
2025-12-28 1732 2293.33 0 0
2025-12-29 1732 2288.044 -5.286 -0.23
2025-12-30 1744 2281.729 -6.315 -0.276
2025-12-31 1761 2259.702 -22.027 -0.965
2026-01-01 1760 2259.702 0 0
2026-01-02 1743 2284.519 24.817 1.098
2026-01-03 1741 2284.519 0 0
2026-01-05 1743 2295.68 11.161 0.489
2026-01-06 1778 2266.604 -29.076 -1.267
2026-01-07 1836 2190.388 -76.216 -3.363
2026-01-08 1755 2287.163 96.775 4.418
2026-01-09 1655 2454.278 167.115 7.307
2026-01-10 1654 2454.278 0 0
2026-01-11 1654 2454.278 0 0
2026-01-12 1643 2489.962 35.684 1.454
2026-01-13 1628 2506.703 16.741 0.672
2026-01-14 1642 2483.942 -22.761 -0.908
2026-01-15 1627 2508.906 24.964 1.005
2026-01-16 1670 2434.894 -74.012 -2.95
2026-01-17 1670 2434.894 0 0
2026-01-18 1669 2434.894 0 0
2026-01-19 1666 2434.894 0 0
2026-01-20 1686 2394.216 -40.678 -1.671
2026-01-21 1649 2466.466 72.25 3.018
2026-01-22 1674 2431.663 -34.803 -1.411
2026-01-23 1727 2354.86 -76.803 -3.158
2026-01-24 1732 2354.86 0 0
2026-01-25 1732 2354.86 0 0
2026-01-26 1741 2347.371 -7.489 -0.318
2026-01-27 1759 2326.665 -20.706 -0.882
2026-01-28 1749 2349.867 23.202 0.997
2026-01-29 1742 2353.539 3.672 0.156
2026-01-30 1757 2330.336 -23.203 -0.986
2026-01-31 1757 2330.336 0 0
2026-02-01 1754 2330.336 0 0
2026-02-02 1734 2343.993 13.657 0.586
2026-02-03 1694 2403.615 59.622 2.544
2026-02-04 1663 2468.082 64.467 2.682
2026-02-05 1659 2466.76 -1.322 -0.054
2026-02-06 1674 2439.446 -27.314 -1.107
2026-02-07 1676 2439.446 0 0
2026-02-08 1676 2439.446 0 0
2026-02-09 1707 2398.769 -40.677 -1.667
2026-02-10 1640 2527.703 128.934 5.375
2026-02-11 1631 2550.758 23.055 0.912
2026-02-12 1622 2561.625 10.867 0.426
2026-02-13 1586 2608.47 46.845 1.829
2026-02-14 1585 2608.47 0 0
2026-02-15 1584 2608.47 0 0
2026-02-16 1588 2608.47 0 0
2026-02-17 1597 2586.59 -21.88 -0.839
2026-02-18 1591 2600.687 14.097 0.545
2026-02-19 1620 2549.73 -50.957 -1.959
2026-02-20 1618 2554.723 4.993 0.196
2026-02-21 1627 2554.723 0 0
2026-02-22 1624 2554.723 0 0
2026-02-23 1625 2556.632 1.909 0.075
2026-02-24 1629 2552.227 -4.405 -0.172
2026-02-25 1697 2456.921 -95.306 -3.734
2026-02-26 1687 2479.095 22.174 0.903
2026-02-27 1669 2499.948 20.853 0.841
2026-02-28 1674 2499.948 0 0
2026-03-01 1675 2499.948 0 0
2026-03-02 1738 2411.985 -87.963 -3.519
2026-03-03 1728 2385.699 -26.286 -1.09
2026-03-04 1717 2387.021 1.322 0.055
2026-03-05 1750 2345.609 -41.412 -1.735
2026-03-06 1783 2307.134 -38.475 -1.64
2026-03-07 1782 2307.134 0 0
2026-03-08 1782 2307.134 0 0
2026-03-09 1768 2313.449 6.315 0.274
2026-03-10 1843 2278.058 -35.391 -1.53
2026-03-11 1869 2239.73 -38.328 -1.682
2026-03-12 1909 2186.423 -53.307 -2.38
2026-03-13 1880 2207.717 21.294 0.974
2026-03-14 1872 2207.717 0 0
2026-03-15 1872 2207.717 0 0
2026-03-16 1852 2231.213 23.496 1.064
2026-03-17 1854 2231.947 0.734 0.033
2026-03-18 1922 2160.137 -71.81 -3.217
2026-03-19 1894 2170.857 10.72 0.496
2026-03-20 1945 2099.488 -71.369 -3.288
2026-03-21 1942 2099.488 0 0
2026-03-22 1942 2099.488 0 0
2026-03-23 1862 2183.193 83.705 3.987
2026-03-24 1871 2175.997 -7.196 -0.33
2026-03-25 1889 2166.599 -9.398 -0.432
2026-03-27 1923 2115.201 -51.398 -2.372
2026-03-28 1916 2115.201 0 0
2026-03-29 1916 2115.201 0 0
2026-03-30 1935 2090.824 -24.377 -1.152
2026-03-31 1878 2159.697 68.873 3.294
2026-04-01 1883 2174.822 15.125 0.7
2026-04-02 1859 2195.969 21.147 0.972
2026-04-03 1860 2195.969 0 0
2026-04-04 1860 2195.969 0 0
2026-04-05 1860 2195.969 0 0
2026-04-06 1835 2225.779 29.81 1.357
2026-04-07 1888 2157.494 -68.285 -3.068
2026-04-08 1853 2239.877 82.383 3.818
2026-04-09 1845 2255.443 15.566 0.695
2026-04-10 1856 2239.289 -16.154 -0.716
2026-04-11 1856 2239.289 0 0
2026-04-12 1856 2239.289 0 0
2026-04-13 1832 2264.107 24.818 1.108
2026-04-14 1827 2277.617 13.51 0.597
2026-04-15 1848 2262.198 -15.419 -0.677
2026-04-16 1870 2249.716 -12.482 -0.552
2026-04-17 1787 2344.581 94.865 4.217
2026-04-18 1792 2344.581 0 0
2026-04-19 1792 2344.581 0 0
2026-04-20 1751 2396.419 51.838 2.211
2026-04-21 1666 2526.528 130.109 5.429
2026-04-22 1675 2511.549 -14.979 -0.593
2026-04-23 1642 2556.192 44.643 1.778
2026-04-24 1686 2492.753 -63.439 -2.482
2026-04-25 1685 2492.753 0 0
2026-04-26 1685 2492.753 0 0
2026-04-27 1685 2484.382 -8.371 -0.336
2026-04-28 1721 2441.502 -42.88 -1.726
2026-04-29 1767 2371.601 -69.901 -2.863
2026-04-30 1739 2404.055 32.454 1.368
2026-05-01 1775 2347.077 -56.978 -2.37
2026-05-02 1780 2347.077 0 0
2026-05-04 1860 2252.359 -94.718 -4.036
2026-05-05 1863 2252.359 0 0
2026-05-06 1827 2295.533 0 0
2026-05-07 1804 2335.182 0 0
2026-05-08 1847 2288.19 0 0
2026-05-09 1828 2312.568 0 0
2026-05-10 1827 2312.568 0 0
2026-05-11 1829 2312.568 0 0
2026-05-12 1874 2273.359 0 0
2026-05-13 1880 2248.541 0 0
2026-05-14 1904 2211.241 0 0
2026-05-15 1934 2191.123 0 0
2026-05-16 1966 2132.823 0 0
2026-05-17 1960 2132.823 0 0
2026-05-18 1954 2132.823 0 0
2026-05-19 1930 2163.662 0 0
2026-05-20 1964 2122.984 0 0
2026-05-21 1881 2226.367 0 0
2026-05-22 1855 2261.317 0 0
2026-05-23 1858 2255.296 0 0
2026-05-24 1857 2255.296 0 0
2026-05-25 1858 2255.296 0 0
2026-05-26 1869 2255.296 0 0
2026-05-27 1840 2282.757 0 0
2026-05-28 1812 2315.211 0 0
2026-05-29 1821 2302.141 0 0
2026-05-30 1816 2304.638 0 0
2026-05-31 1818 2304.638 0 0
2026-06-01 1817 2304.638 0 0
2026-06-02 1822 2303.022 0 0
2026-06-03 1804 2316.679 0 0
2026-06-04 1842 2266.604 0 0
2026-06-05 1812 2294.652 0 0
2026-06-06 1808 2282.757 0 0
2026-06-07 1807 2282.757 0 0
2026-06-09 1824 2263.373 0 0
2026-06-10 1739 2363.084 0 0
2026-06-11 1778 2299.057 0 0
2026-06-12 1708 2412.426 0 0
2026-06-13 1725 2407.433 0 0
2026-06-14 1726 2407.433 0 0
2026-06-16 1726 2422.118 0 0
2026-06-17 1719 2440.327 0 0
2026-06-18 1747 2383.79 0 0
2026-06-19 1696 2462.061 0 0
2026-06-20 1693 2462.061 0 0
2026-06-21 1693 2462.061 0 0
2026-06-22 1691 2462.061 0 0
2026-06-23 1710 2434.6 0 0
2026-06-24 1704 2436.656 0 0
2026-06-25 1601 2589.82 0 0
2026-06-26 1594 2596.282 0 0
2026-06-27 1605 2586.59 0 0
2026-06-28 1605 2586.59 0 0
2026-06-29 1602 2586.59 0 0
2026-06-30 1626 2556.339 0 0
2026-07-01 1649 2536.514 0 0
2026-07-02 1701 2451.047 0 0
