2025-10-21 1908 2040 0 0
2025-10-22 1907 2040 0 0
2025-10-23 1905 2040 0 0
2025-10-24 1908 2040 0 0
2025-10-25 1907 2040 0 0
2025-10-26 1907 2040 0 0
2025-10-27 1913 2040 0 0
2025-10-28 1911 2040 0 0
2025-10-29 1917 2040 0 0
2025-10-30 1909 2040 0 0
2025-10-31 1906 2040 0 0
2025-11-01 1906 2040 0 0
2025-11-02 1906 2040 0 0
2025-11-03 1902 2040 0 0
2025-11-04 1890 2040 0 0
2025-11-05 1891 2040 0 0
2025-11-06 1889 2040 0 0
2025-11-07 1892 2040 0 0
2025-11-08 1893 2040 0 0
2025-11-09 1893 2040 0 0
2025-11-10 1899 2040 0 0
2025-11-11 1903 2040 0 0
2025-11-12 1907 2040 0 0
2025-11-13 1905 2040 0 0
2025-11-14 1903 2040 0 0
2025-11-15 1902 2040 0 0
2025-11-16 1902 2040 0 0
2025-11-17 1895 2040 0 0
2025-11-18 1883 2040 0 0
2025-11-19 1882 2040 0 0
2025-11-20 1880 2040 0 0
2025-11-21 1878 2040 0 0
2025-11-22 1878 2040 0 0
2025-11-23 1878 2040 0 0
2025-11-24 1877 2040 0 0
2025-11-25 1885 2040 0 0
2025-11-26 1893 2040 0 0
2025-11-27 1895 2040 0 0
2025-11-28 1905 2040 0 0
2025-11-29 1906 2040 0 0
2025-11-30 1906 2040 0 0
