2021-04-09 1855 1732.035 0 0
2021-04-10 1854 1729.42 -2.615 -0.151
2021-04-11 1854 1729.42 0 0
2021-04-12 1878 1694.098 -35.322 -2.042
2021-04-13 1889 1683.06 -11.038 -0.652
2021-04-14 1850 1729.561 46.501 2.763
2021-04-15 1841 1745.008 15.447 0.893
2021-04-16 1824 1756.578 11.57 0.663
2021-04-17 1826 1759.19 2.612 0.149
2021-04-18 1826 1759.19 0 0
2021-04-19 1737 1866.85 107.66 6.12
2021-04-20 1673 1936.212 69.362 3.715
2021-04-21 1680 1934.14 -2.072 -0.107
2021-04-22 1681 1933.516 -0.624 -0.032
2021-04-23 1627 2012.161 78.645 4.067
2021-04-24 1627 2012.161 0 0
2021-04-25 1628 2010.612 -1.549 -0.077
2021-04-26 1432 2293.542 282.93 14.072
2021-04-27 1406 2340.548 47.006 2.049
2021-04-28 1328 2456.626 116.078 4.959
2021-04-29 1296 2518.932 62.306 2.536
2021-04-30 1267 2579.384 60.452 2.4
2021-05-01 1263 2577.271 -2.113 -0.082
