2025-04-02 2339 1448.324 0 0
2025-04-03 2306 1454.457 6.133 0.423
2025-04-04 2258 1489.549 35.092 2.413
2025-04-05 2274 1472.198 -17.351 -1.165
2025-04-06 2273 1472.198 0 0
2025-04-07 2233 1472.198 0 0
2025-04-08 2235 1463.353 -8.845 -0.601
2025-04-09 2242 1461.757 -1.596 -0.109
2025-04-10 2244 1478.861 17.104 1.17
2025-04-11 2249 1478.861 0 0
2025-04-12 2209 1518.934 40.073 2.71
2025-04-13 2209 1518.934 0 0
2025-04-14 2223 1518.934 0 0
2025-04-15 2232 1522.906 3.972 0.261
2025-04-16 2237 1517.558 -5.348 -0.351
2025-04-17 2233 1524.986 7.428 0.489
2025-04-18 2239 1520.658 -4.328 -0.284
2025-04-19 2239 1520.658 0 0
2025-04-20 2239 1520.658 0 0
2025-04-21 2237 1520.658 0 0
2025-04-22 2227 1540.416 19.758 1.299
2025-04-23 2240 1537.764 -2.652 -0.172
2025-04-24 2262 1520.486 -17.278 -1.124
2025-04-25 2260 1523.772 3.286 0.216
2025-04-26 2262 1523.079 -0.693 -0.045
2025-04-27 2262 1523.079 0 0
2025-04-28 2262 1523.079 0 0
2025-04-29 2260 1524.465 1.386 0.091
2025-04-30 2262 1524.986 0.521 0.034
2025-05-01 2268 1522.906 -2.08 -0.136
2025-05-02 2284 1511.394 -11.512 -0.756
2025-05-03 2280 1523.079 11.685 0.773
2025-05-04 2280 1523.079 0 0
2025-05-05 2274 1523.079 0 0
2025-05-06 2277 1523.079 0 0
2025-05-07 2279 1519.623 -3.456 -0.227
2025-05-08 2275 1522.906 3.283 0.216
2025-05-09 2288 1510.883 -12.023 -0.789
2025-05-10 2291 1509.691 -1.192 -0.079
2025-05-11 2291 1509.691 0 0
2025-05-12 2311 1509.691 0 0
2025-05-13 2331 1488.721 -20.97 -1.389
2025-05-14 2328 1495.368 6.647 0.446
2025-05-15 2321 1502.243 6.875 0.46
2025-05-16 2332 1498.714 -3.529 -0.235
2025-05-17 2339 1494.534 -4.18 -0.279
2025-05-18 2339 1494.534 0 0
2025-05-19 2339 1494.534 0 0
2025-05-20 2318 1507.652 13.118 0.878
2025-05-21 2319 1509.691 2.039 0.135
2025-05-22 2306 1519.279 9.588 0.635
2025-05-23 2308 1511.053 -8.226 -0.541
2025-05-24 2308 1511.053 0 0
2025-05-25 2304 1519.796 8.743 0.579
2025-05-26 2307 1519.796 0 0
2025-05-27 2313 1519.796 0 0
2025-05-28 2315 1519.451 -0.345 -0.023
2025-05-29 2320 1514.127 -5.324 -0.35
2025-05-30 2312 1520.658 6.531 0.431
2025-05-31 2310 1520.831 0.173 0.011
2025-06-01 2310 1520.831 0 0
2025-06-02 2311 1520.831 0 0
2025-06-03 2302 1531.961 11.13 0.732
2025-06-04 2314 1526.202 -5.759 -0.376
2025-06-05 2320 1531.786 5.584 0.366
2025-06-06 2314 1534.945 3.159 0.206
2025-06-07 2328 1525.854 -9.091 -0.592
2025-06-08 2328 1525.854 0 0
2025-06-09 2324 1525.854 0 0
2025-06-10 2322 1528.465 2.611 0.171
2025-06-11 2324 1530.736 2.271 0.149
2025-06-12 2312 1538.294 7.558 0.494
2025-06-13 2281 1551.656 13.362 0.869
2025-06-14 2289 1546.462 -5.194 -0.335
2025-06-15 2287 1546.462 0 0
2025-06-16 2291 1546.462 0 0
2025-06-17 2280 1552.915 6.453 0.417
2025-06-18 2279 1552.915 0 0
2025-06-19 2288 1541.835 -11.08 -0.713
2025-06-20 2292 1541.835 0 0
2025-06-21 2289 1542.722 0.887 0.058
2025-06-22 2289 1542.722 0 0
2025-06-23 2289 1542.722 0 0
2025-06-24 2295 1544.679 1.957 0.127
2025-06-25 2291 1556.343 11.664 0.755
2025-06-26 2298 1556.343 0 0
2025-06-27 2281 1568.552 12.209 0.784
2025-06-28 2279 1569.838 1.286 0.082
2025-06-29 2279 1569.838 0 0
2025-06-30 2285 1569.838 0 0
2025-07-01 2283 1572.602 2.764 0.176
2025-07-02 2268 1577.974 5.372 0.342
2025-07-03 2277 1576.489 -1.485 -0.094
2025-07-04 2292 1574.451 -2.038 -0.129
2025-07-05 2292 1574.451 0 0
2025-07-06 2292 1574.451 0 0
