2021-12-08 785 4056.024 0 0
2021-12-09 794 4032.279 -23.745 -0.585
2022-02-23 950 3311.096 -721.183 -17.885
2022-02-24 965 3248.277 -62.819 -1.897
2022-02-25 918 3381.049 132.772 4.087
2022-02-26 1023 3109.276 -271.773 -8.038
2022-02-27 1023 3109.276 0 0
2022-02-28 1007 3134.554 25.278 0.813
2022-03-01 998 3151.634 17.08 0.545
2022-03-02 1034 3027.019 -124.615 -3.954
2022-03-03 1029 3023.025 -3.994 -0.132
2022-03-04 1061 2901.958 -121.067 -4.005
2022-03-05 1052 2901.682 -0.276 -0.01
2022-03-06 1053 2901.682 0 0
2022-03-07 1133 2697.305 -204.377 -7.043
2022-03-08 1118 2700.791 3.486 0.129
2022-03-09 1076 2802.431 101.64 3.763
2022-03-10 1046 2897.584 95.153 3.395
2022-03-11 1037 2910.187 12.603 0.435
2022-03-12 1035 2909.773 -0.414 -0.014
2022-03-13 1037 2909.773 0 0
2022-03-14 1106 2740.662 -169.111 -5.812
2022-03-15 1102 2726.033 -14.629 -0.534
2022-03-16 1026 2935.891 209.858 7.698
2022-03-17 994 3069.494 133.603 4.551
2022-03-18 1032 2991.535 -77.959 -2.54
2022-03-19 1032 2984.061 -7.474 -0.25
2022-03-20 1032 2984.061 0 0
2022-03-21 1010 3036.306 52.245 1.751
2022-03-22 1025 2999.884 -36.422 -1.2
2022-03-23 1019 3012.297 12.413 0.414
2022-03-24 1026 2998.55 -13.747 -0.456
2022-03-26 1045 2936.777 -61.773 -2.06
2022-03-27 1045 2936.777 0 0
2022-03-28 1077 2853.925 -82.852 -2.821
2022-03-29 1084 2851.584 -2.341 -0.082
2022-03-30 1033 3026.859 175.275 6.147
2022-04-01 1037 2999.049 -27.81 -0.919
2022-04-02 1024 3032.639 33.59 1.12
2022-04-03 1024 3032.639 0 0
2022-04-05 1060 3032.639 0 0
2022-04-06 1071 2973.583 -59.056 -1.947
2022-04-07 1092 2899.983 -73.6 -2.475
2022-04-08 1092 2899.092 -0.891 -0.031
2022-04-09 1094 2899.137 0.045 0.002
2022-04-10 1094 2899.137 0 0
2022-04-11 1176 2701.133 -198.004 -6.83
2022-04-12 1145 2769.849 68.716 2.544
2022-04-13 1163 2736.28 -33.569 -1.212
2022-04-14 1171 2704.556 -31.724 -1.159
2022-04-15 1192 2653.443 -51.113 -1.89
2022-04-16 1192 2653.443 0 0
2022-04-17 1192 2653.443 0 0
2022-04-18 1190 2654.212 0.769 0.029
2022-04-19 1222 2595.45 -58.762 -2.214
2022-04-20 1308 2409.598 -185.852 -7.161
2022-04-21 1301 2407.138 -2.46 -0.102
2022-04-22 1290 2427.843 20.705 0.86
2022-04-23 1288 2413.996 -13.847 -0.57
2022-04-24 1288 2413.996 0 0
2022-04-25 1343 2277.825 -136.171 -5.641
2022-04-26 1383 2184.921 -92.904 -4.079
2022-04-27 1294 2347.452 162.531 7.439
2022-04-28 1349 2240.076 -107.376 -4.574
2022-04-29 1300 2336.728 96.652 4.315
2022-04-30 1299 2345.667 8.939 0.383
