2020-04-08 978 2329.089 0 0
2020-04-10 982 2341.063 11.974 0.511
2020-04-11 982 2341.063 0 0
2020-04-12 982 2341.063 0 0
2020-04-13 983 2341.063 0 0
2020-04-14 995 2332.897 -8.166 -0.35
2020-04-15 983 2347.483 14.586 0.621
2020-04-17 1002 2322.014 -25.469 -1.097
2020-04-18 1001 2330.357 8.343 0.358
2020-04-19 1001 2330.357 0 0
2020-04-20 996 2330.357 0 0
2020-04-21 992 2328.836 -1.521 -0.065
2020-04-23 999 2317.237 -11.599 -0.501
2020-04-24 998 2317.488 0.251 0.011
2020-04-25 995 2313.98 -3.508 -0.152
2020-04-26 995 2313.98 0 0
2020-04-27 1003 2313.98 0 0
2020-04-28 1004 2320 6.02 0.259
2020-04-29 1016 2318.241 -1.759 -0.076
2020-04-30 1017 2322.77 4.529 0.195
2020-05-01 1007 2344.14 21.37 0.912
2020-05-02 998 2356.011 11.871 0.504
2020-05-03 998 2356.011 0 0
2020-05-04 994 2356.011 0 0
2020-05-05 1000 2336.463 -19.548 -0.837
2020-05-06 1011 2320 -16.463 -0.71
2020-05-07 1011 2310.982 -9.018 -0.39
2020-05-08 1017 2306.499 -4.483 -0.194
2020-05-09 1014 2326.81 20.311 0.873
2020-05-10 1014 2326.81 0 0
2020-05-11 1018 2326.81 0 0
2020-05-12 1020 2316.735 -10.075 -0.435
2020-05-13 1016 2327.316 10.581 0.455
2020-05-14 1010 2319.749 -7.567 -0.326
2020-05-15 1008 2314.23 -5.519 -0.238
2020-05-16 1009 2315.482 1.252 0.054
2020-05-17 1009 2315.482 0 0
2020-05-18 1014 2315.482 0 0
2020-05-19 1014 2323.779 8.297 0.357
2020-05-20 1014 2342.857 19.078 0.814
2020-05-21 1011 2352.644 9.787 0.416
2020-05-22 1012 2341.575 -11.069 -0.473
2020-05-23 1016 2330.865 -10.71 -0.459
2020-05-24 1016 2330.865 0 0
2020-05-25 1019 2330.865 0 0
2020-05-26 1031 2330.865 0 0
2020-05-27 1023 2350.835 19.97 0.849
2020-05-28 1029 2348.513 -2.322 -0.099
2020-05-29 1031 2366.169 17.656 0.746
2020-05-30 1028 2380.645 14.476 0.608
2020-05-31 1028 2380.645 0 0
