2021-04-09 2517 1147.841 0 0
2021-04-10 2513 1147.841 0 0
2021-04-11 2514 1147.841 0 0
2021-04-12 2590 1096.391 -51.45 -4.693
2021-04-13 2591 1096.391 0 0
2021-04-14 2641 1059.853 -36.538 -3.447
2021-04-15 2698 1009.894 -49.959 -4.947
2021-04-16 2719 978.576 -31.318 -3.2
2021-04-22 2697 1027.044 48.468 4.719
2021-04-23 2681 1044.195 17.151 1.643
2021-04-24 2681 1044.195 0 0
2021-04-25 2684 1044.195 0 0
2021-04-26 2659 1070.293 26.098 2.438
2021-04-27 2700 1030.773 -39.52 -3.834
2021-04-28 2696 1030.773 0 0
2021-04-29 2703 1023.316 -7.457 -0.729
2021-04-30 2735 977.831 -45.485 -4.652
2021-05-28 2725 988.27 10.439 1.056
2021-06-03 2516 1185.87 197.6 16.663
2021-06-04 2513 1186.616 0.746 0.063
2021-06-05 2512 1186.616 0 0
2021-06-06 2512 1186.616 0 0
2021-06-07 2378 1296.973 110.357 8.509
2021-06-08 2370 1301.447 4.474 0.344
2021-06-09 2278 1391.672 90.225 6.483
2021-06-10 2359 1311.886 -79.786 -6.082
2021-06-11 2278 1389.435 77.549 5.581
2021-06-12 2271 1389.435 0 0
2021-06-13 2271 1389.435 0 0
2021-06-14 2300 1367.811 -21.624 -1.581
2021-06-16 2344 1322.326 -45.485 -3.44
2021-06-17 2288 1366.32 43.994 3.22
2021-06-18 2343 1315.615 -50.705 -3.854
2021-06-19 2343 1315.615 0 0
2021-06-20 2339 1315.615 0 0
2021-06-21 2347 1305.176 -10.439 -0.8
2021-06-22 2347 1315.615 10.439 0.793
2021-06-23 2191 1438.276 122.661 8.528
2021-06-24 2217 1419.261 -19.015 -1.34
2021-06-25 2200 1438.649 19.388 1.348
2021-06-26 2207 1438.649 0 0
2021-06-27 2207 1438.649 0 0
2021-06-28 2144 1496.064 57.415 3.838
2021-06-29 2214 1431.192 -64.872 -4.533
2021-06-30 2198 1437.157 5.965 0.415
2021-07-01 2277 1373.031 -64.126 -4.67
2021-07-02 2315 1336.493 -36.538 -2.734
2021-07-03 2315 1336.493 0 0
2021-07-04 2315 1336.493 0 0
2021-07-05 2312 1336.493 0 0
2021-07-06 2300 1339.476 2.983 0.223
2021-07-07 2399 1258.945 -80.531 -6.397
2021-07-08 2389 1267.893 8.948 0.706
2021-07-09 2392 1259.69 -8.203 -0.651
2021-07-10 2394 1259.69 0 0
2021-07-11 2394 1259.69 0 0
2021-07-12 2392 1271.621 11.931 0.938
2021-07-13 2453 1220.17 -51.451 -4.217
2021-07-14 2534 1146.35 -73.82 -6.44
2021-07-15 2499 1172.821 26.471 2.257
2021-07-16 2536 1141.876 -30.945 -2.71
2021-07-17 2534 1141.876 0 0
2021-07-18 2534 1141.876 0 0
2021-07-19 2541 1129.945 -11.931 -1.056
2021-07-20 2474 1188.107 58.162 4.895
2021-07-21 2440 1221.662 33.555 2.747
2021-07-22 2473 1200.037 -21.625 -1.802
2021-07-23 2477 1186.616 -13.421 -1.131
2021-07-24 2475 1186.616 0 0
2021-07-25 2475 1186.616 0 0
2021-07-26 2428 1214.951 28.335 2.332
2021-07-27 2453 1184.379 -30.572 -2.581
2021-07-28 2379 1239.557 55.178 4.451
2021-07-29 2398 1230.61 -8.947 -0.727
2021-07-30 2440 1201.529 -29.081 -2.42
2021-07-31 2441 1201.529 0 0
