2026-03-10 3322 1029.552 0 0
2026-03-11 3360 1005.358 -24.194 -2.35
2026-03-12  963.845 -41.513 -4.129
2026-04-01 3333 1001.745 37.9 3.932
2026-04-02 3327 1011.873 10.128 1.011
2026-04-03 3322 1009.779 -2.094 -0.207
2026-04-04 3322 1009.779 0 0
2026-04-05 3322 1009.779 0 0
2026-04-06 3335 1005.78 -3.999 -0.396
2026-04-07 3334 1004.807 -0.973 -0.097
2026-04-08 3309 1032.059 27.252 2.712
2026-04-09 3310 1040.177 8.118 0.787
2026-04-10 3312 1037.361 -2.816 -0.271
2026-04-11 3315 1036.833 -0.528 -0.051
2026-04-12 3315 1036.833 0 0
2026-04-13 3281 1070.209 33.376 3.219
2026-04-14 3218 1111.632 41.423 3.871
2026-04-15 3185 1138.584 26.952 2.425
2026-04-16 3213 1124.164 -14.42 -1.266
2026-04-17 3187 1141.815 17.651 1.57
2026-04-18 3187 1145.023 3.208 0.281
2026-04-19 3187 1145.023 0 0
2026-04-20 3196 1141.904 -3.119 -0.272
2026-04-21 3200 1135.104 -6.8 -0.595
2026-04-22 3206 1133.192 -1.912 -0.168
2026-04-23 3219 1114.347 -18.845 -1.663
2026-04-24 3215 1112.685 -1.662 -0.149
2026-04-25 3213 1112.174 -0.511 -0.046
2026-04-26 3213 1112.174 0 0
2026-04-27 3249 1094.793 -17.381 -1.563
2026-04-28 3258 1086.939 -7.854 -0.717
2026-04-29 3293 1061.161 -25.778 -2.372
2026-04-30 3218 1102.983 41.822 3.941
2026-05-01 3210 1108.92 5.937 0.538
2026-05-02 3209 1111.286 2.366 0.213
2026-05-04 3222 1106.072 -5.214 -0.469
2026-05-05 3223 1106.072 0 0
2026-05-06 3190 1125.245 0 0
2026-05-07 3181 1139.62 0 0
2026-05-08 3196 1140.216 0 0
2026-05-09 3179 1156.78 0 0
2026-05-10 3180 1153.068 0 0
2026-05-11 3181 1153.068 0 0
2026-05-12 3208 1134.219 0 0
2026-05-13 3206 1130.079 0 0
2026-05-14 3233 1108.494 0 0
2026-05-15 3144 1163.349 0 0
