2020-01-19 1829 1354.222 0 0
2020-02-07 1722 1427.951 73.729 5.163
2020-02-15 1851 1297.767 -130.184 -10.031
2020-02-16 1851 1297.767 0 0
2020-02-17 1849 1302.026 4.259 0.327
2020-02-18 1849 1301.161 -0.865 -0.066
2020-02-19 1844 1300.065 -1.096 -0.084
2020-02-20 1860 1272.777 -27.288 -2.144
2020-02-21 1867 1263.759 -9.018 -0.714
2020-02-22 1861 1269.382 5.623 0.443
2020-02-23 1858 1269.382 0 0
2020-02-24 1930 1199.928 -69.454 -5.788
2020-02-25 1893 1218.959 19.031 1.561
2020-02-26 1879 1220.65 1.691 0.139
2020-02-27 1869 1220.213 -0.437 -0.036
2020-02-28 1869 1211.988 -8.225 -0.679
2020-02-29 1858 1211.721 -0.267 -0.022
2020-03-01 1860 1211.721 0 0
2020-03-02 1881 1205.095 -6.626 -0.55
2020-03-03 1870 1216.15 11.055 0.909
2020-03-04 1879 1216.95 0.8 0.066
2020-03-05 1909 1196.196 -20.754 -1.735
2020-03-06 1915 1178.848 -17.348 -1.472
2020-03-07 1906 1191.648 12.8 1.074
2020-03-08 1902 1191.648 0 0
2020-03-09 1915 1151.485 -40.163 -3.488
2020-03-10 1914 1141.037 -10.448 -0.916
2020-03-11 1900 1133.488 -7.549 -0.666
2020-03-12 1938 1073.765 -59.723 -5.562
2020-03-13 1898 1084.562 10.797 0.996
2020-03-14 1902 1083.361 -1.201 -0.111
2020-03-15 1902 1083.361 0 0
2020-03-16 1902 1060.484 -22.877 -2.157
2020-03-17 1853 1094.288 33.804 3.089
2020-03-18 1791 1126.302 32.014 2.842
2020-03-19 1774 1127.731 1.429 0.127
2020-03-20 1754 1149.718 21.987 1.912
2020-03-21 1758 1148.367 -1.351 -0.118
2020-03-22 1758 1148.367 0 0
2020-03-23 1771 1118.033 -30.334 -2.713
2020-03-24 1753 1125.368 7.335 0.652
2020-03-25 1754 1160.307 34.939 3.011
2020-03-26 1790 1150.35 -9.957 -0.866
2020-03-27 1791 1168.355 18.005 1.541
2020-03-28 1804 1157.531 -10.824 -0.935
2020-03-29 1804 1157.531 0 0
2020-03-30 1804 1157.531 0 0
2020-03-31 1796 1156.815 -0.716 -0.062
2020-04-01 1772 1178.006 21.191 1.799
2020-04-02 1767 1162.679 -15.327 -1.318
2020-04-03 1782 1160.455 -2.224 -0.192
2020-04-04 1786 1143.112 -17.343 -1.517
2020-04-05 1786 1143.112 0 0
2020-04-06 1786 1143.112 0 0
2020-04-07 1834 1126.217 -16.895 -1.5
2020-04-08 1949 1145.871 19.654 1.715
2020-04-10 1953 1156.625 10.754 0.93
2020-04-11 1953 1156.625 0 0
2020-04-12 1953 1156.625 0 0
2020-04-13 1946 1156.625 0 0
2020-04-14 1962 1151.113 -5.512 -0.479
2020-04-15 1966 1141.993 -9.12 -0.799
2020-04-17 1980 1132.254 -9.739 -0.86
2020-04-18 1980 1136.323 4.069 0.358
2020-04-19 1980 1136.323 0 0
2020-04-20 1971 1145.667 9.344 0.816
2020-04-21 1970 1132.698 -12.969 -1.145
2020-04-23 1985 1134.155 1.457 0.128
2020-04-24 1980 1131.288 -2.867 -0.253
2020-04-25 1980 1129.576 -1.712 -0.152
2020-04-26 1980 1129.576 0 0
2020-04-27 1978 1133.268 3.692 0.326
2020-04-28 1992 1131.656 -1.612 -0.142
2020-04-29 1994 1134.274 2.618 0.231
2020-04-30 2005 1133.146 -1.128 -0.1
2020-05-01 1991 1143.571 10.425 0.912
2020-05-02 1987 1149.362 5.791 0.504
2020-05-03 1987 1149.362 0 0
2020-05-04 1987 1138.912 -10.45 -0.918
2020-05-05 2003 1126.11 -12.802 -1.137
2020-05-06 2051 1094.09 -32.02 -2.927
2020-05-07 2049 1089.789 -4.301 -0.395
2020-05-08 2050 1096.871 7.082 0.646
2020-05-09 2037 1106.53 9.659 0.873
2020-05-10 2037 1106.53 0 0
2020-05-11 2047 1102.502 -4.028 -0.365
2020-05-12 2058 1092.635 -9.867 -0.903
2020-05-13 2058 1091.57 -1.065 -0.098
2020-05-14 2056 1084.721 -6.849 -0.631
2020-05-15 2074 1064.551 -20.17 -1.895
2020-05-16 2075 1065.126 0.575 0.054
2020-05-17 2075 1065.126 0 0
2020-05-18 2076 1068.351 3.225 0.302
2020-05-19 2090 1059.738 -8.613 -0.813
2020-05-20 2079 1073.074 13.336 1.243
2020-05-21 2081 1071.574 -1.5 -0.14
2020-05-22 2084 1065.762 -5.812 -0.545
2020-05-23 2083 1060.887 -4.875 -0.46
2020-05-24 2083 1060.887 0 0
2020-05-25 2088 1057.693 -3.194 -0.302
2020-05-26 2081 1070.018 12.325 1.152
2020-05-27 2074 1083.711 13.693 1.264
2020-05-28 2068 1088.23 4.519 0.415
2020-05-29 2073 1088.638 0.408 0.037
2020-05-30 2068 1095.298 6.66 0.608
2020-05-31 2068 1095.298 0 0
2020-06-01 2067 1102.282 6.984 0.634
2020-06-02 2066 1112.86 10.578 0.951
2020-06-03 2070 1120.398 7.538 0.673
2020-06-04 2053 1144.663 24.265 2.12
2020-06-05 2014 1175.006 30.343 2.582
2020-06-06 2020 1171.815 -3.191 -0.272
2020-06-07 2020 1171.815 0 0
2020-06-08 2005 1191.415 19.6 1.645
2020-06-09 2024 1177.445 -13.97 -1.186
2020-06-10 2024 1175.121 -2.324 -0.198
2020-06-11 2044 1148.371 -26.75 -2.329
2020-06-12 2043 1146.446 -1.925 -0.168
2020-06-13 2051 1132.909 -13.537 -1.195
2020-06-14 2051 1132.909 0 0
2020-06-15 2049 1134.747 1.838 0.162
2020-06-16 2038 1151.02 16.273 1.414
2020-06-17 2052 1142.233 -8.787 -0.769
2020-06-18 2051 1144.141 1.908 0.167
2020-06-19 2065 1130.167 -13.974 -1.236
2020-06-20 2066 1126.502 -3.665 -0.325
2020-06-21 2066 1126.502 0 0
2020-06-22 2074 1118.363 -8.139 -0.728
2020-06-23 2035 1158.627 40.264 3.475
2020-06-24 2035 1158.627 0 0
2020-06-25 2018 1168.511 9.884 0.846
2020-06-26 2047 1143.767 -24.744 -2.163
2020-06-27 2042 1142.614 -1.153 -0.101
2020-06-28 2042 1142.614 0 0
2020-06-29 2032 1151.311 8.697 0.755
2020-06-30 2037 1150.836 -0.475 -0.041
2020-07-01 2037 1148.632 -2.204 -0.192
2020-07-07 2075 1135.546 -13.086 -1.152
2020-07-08 2091 1131.044 -4.502 -0.398
2020-07-09 2091 1128.512 -2.532 -0.224
2020-07-10 2092 1126.666 -1.846 -0.164
2020-07-11 2090 1129.216 2.55 0.226
2020-07-12 2090 1129.216 0 0
2020-07-13 2090 1131.317 2.101 0.186
2020-07-14 2077 1138.654 7.337 0.644
2020-07-15 2070 1145.457 6.803 0.594
2020-07-16 2066 1145.457 0 0
2020-07-17 2063 1149.893 4.436 0.386
2020-07-18 2063 1149.893 0 0
2020-07-20 2066 1147.353 -2.54 -0.221
2020-07-21 2068 1147.353 0 0
2020-07-22 2071 1153.452 6.099 0.529
2020-07-23 2058 1163.326 9.874 0.849
2020-07-24 2060 1156.06 -7.266 -0.629
2020-07-25 2058 1158.882 2.822 0.244
2020-07-26 2054 1158.882 0 0
2020-07-27 2055 1157.323 -1.559 -0.135
2020-07-28 2046 1169.753 12.43 1.063
2020-07-29 2045 1171.745 1.992 0.17
2020-07-30 2048 1171.886 0.141 0.012
2020-07-31 2049 1171.203 -0.683 -0.058
2020-08-04 2055 1167.235 -3.968 -0.34
2020-08-05 2061 1166.127 -1.108 -0.095
2020-08-06 2048 1180.451 14.324 1.213
2020-08-07 2058 1170.363 -10.088 -0.862
2020-08-08 2063 1164.982 -5.381 -0.462
2020-08-09 2063 1164.982 0 0
2020-08-10 2061 1172.296 7.314 0.624
2020-08-12 2034 1195.533 23.237 1.944
2020-08-13 2034 1198.415 2.882 0.24
2020-08-14 2035 1198.45 0.035 0.003
2020-08-15 2037 1197.6 -0.85 -0.071
2020-08-16 2037 1197.6 0 0
2020-08-17 2040 1195.977 -1.623 -0.136
2020-08-18 2039 1196.751 0.774 0.065
2020-08-19 2038 1196.292 -0.459 -0.038
2020-08-20 2046 1188.145 -8.147 -0.686
2020-08-21 2052 1180.766 -7.379 -0.625
2020-08-22 2056 1174.646 -6.12 -0.521
2020-08-23 2056 1174.646 0 0
2020-08-24 2054 1180.628 5.982 0.507
2020-08-25 2057 1177.414 -3.214 -0.273
2020-08-26 2040 1191.691 14.277 1.198
2020-08-27 2051 1184.293 -7.398 -0.625
2020-08-28 2063 1174.13 -10.163 -0.866
2020-08-29 2061 1184.886 10.756 0.908
2020-08-30 2061 1184.886 0 0
2020-08-31 2054 1184.515 -0.371 -0.031
2020-09-01 2051 1187.618 3.103 0.261
2020-09-02 2056 1187.489 -0.129 -0.011
2020-09-03 2062 1178.797 -8.692 -0.737
2020-09-04 2060 1173.254 -5.543 -0.472
2020-09-05 2065 1169.378 -3.876 -0.331
2020-09-06 2065 1169.378 0 0
2020-09-07 2053 1175.622 6.244 0.531
2020-09-08 2057 1172.877 -2.745 -0.234
2020-09-09 2064 1158.587 -14.29 -1.233
2020-09-10 2067 1155.613 -2.974 -0.257
2020-09-11 2067 1161.599 5.986 0.515
2020-09-12 2073 1157.751 -3.848 -0.332
2020-09-13 2073 1157.751 0 0
2020-09-14 2076 1159.571 1.82 0.157
2020-09-15 2062 1173.836 14.265 1.215
2020-09-16 2056 1180.081 6.245 0.529
2020-09-17 2042 1193.829 13.748 1.152
2020-09-18 2048 1189.175 -4.654 -0.391
2020-09-19 2043 1194.393 5.218 0.437
2020-09-21 2058 1170.085 -24.308 -2.077
2020-09-22 2068 1154.925 -15.16 -1.313
2020-09-23 2050 1167.138 12.213 1.046
2020-09-24 2042 1165.614 -1.524 -0.131
2020-09-25 2048 1158.82 -6.794 -0.586
2020-09-26 2049 1156.665 -2.155 -0.186
2020-09-27 2049 1156.665 0 0
2020-09-28 2048 1166.845 10.18 0.872
2020-09-29 2041 1168.537 1.692 0.145
2020-09-30 2040 1174.755 6.218 0.529
2020-10-01 2042 1175.507 0.752 0.064
2020-10-03 2057 1158.623 -16.884 -1.457
2020-10-04 2057 1158.623 0 0
2020-10-05 2057 1163.306 4.683 0.403
2020-10-06 2049 1180.795 17.489 1.481
2020-10-07 2049 1180.795 0 0
2020-10-08 2055 1174.324 -6.471 -0.551
2020-10-09 2068 1164.71 -9.614 -0.825
2020-10-10 2066 1171.315 6.605 0.564
2020-10-11 2068 1171.315 0 0
2020-10-12 2086 1160.258 -11.057 -0.953
2020-10-13 2093 1152.506 -7.752 -0.673
2020-10-14 2095 1144.022 -8.484 -0.742
2020-10-16 2116 1124.612 -19.41 -1.726
2020-10-17 2116 1124.612 0 0
2020-10-18 2116 1124.612 0 0
2020-10-19 2111 1128.825 4.213 0.373
2020-10-20 2114 1130.622 1.797 0.159
2020-10-21 2108 1135.517 4.895 0.431
2020-10-22 2114 1134.447 -1.07 -0.094
2020-10-23 2120 1127.932 -6.515 -0.578
2020-10-24 2118 1128.733 0.801 0.071
2020-10-25 2117 1128.733 0 0
2020-10-26 2133 1116.844 -11.889 -1.065
2020-10-27 2136 1109.642 -7.202 -0.649
2020-10-28 2164 1085.969 -23.673 -2.18
2020-10-29 2180 1065.753 -20.216 -1.897
2020-10-30 2185 1051.644 -14.109 -1.342
2020-10-31 2187 1050.786 -0.858 -0.082
2020-11-01 2187 1050.786 0 0
2020-11-02 2180 1058.626 7.84 0.741
2020-11-03 2186 1062.935 4.309 0.405
2020-11-04 2184 1068.365 5.43 0.508
2020-11-05 2181 1075.883 7.518 0.699
2020-11-06 2181 1085.266 9.383 0.865
2020-11-07 2180 1089.776 4.51 0.414
2020-11-08 2180 1089.776 0 0
2020-11-09 2167 1112.331 22.555 2.028
2020-11-10 2167 1120.849 8.518 0.76
2020-11-11 2161 1123.449 2.6 0.231
2020-11-12 2116 1150.883 27.434 2.384
2020-11-13 2100 1161.918 11.035 0.95
2020-11-14 2092 1162.879 0.961 0.083
2020-11-15 2092 1162.879 0 0
2020-11-17 2092 1181.286 18.407 1.558
2020-11-18 2081 1197.26 15.974 1.334
2020-11-19 2079 1195.72 -1.54 -0.129
2020-11-20 2063 1201.298 5.578 0.464
2020-11-21 2066 1202.722 1.424 0.118
2020-11-22 2065 1202.722 0 0
2020-11-23 2069 1202.622 -0.1 -0.008
2020-11-24 2039 1220.901 18.279 1.497
2020-11-25 2035 1227.469 6.568 0.535
2020-11-26 2041 1224.326 -3.143 -0.257
2020-11-27 2046 1224.127 -0.199 -0.016
2020-11-28 2039 1229.1 4.973 0.405
2020-11-29 2039 1229.1 0 0
2020-11-30 2049 1225.046 -4.054 -0.331
