2024-09-01 883 3854 0 0
2024-09-02 884 3854 0 0
2024-09-03 875 3854 0 0
2024-09-04 874 3854 0 0
2024-09-05 875 3854 0 0
2024-09-06 876 3854 0 0
2024-09-07 875 3854 0 0
2024-09-08 875 3854 0 0
2024-09-09 881 3854 0 0
2024-09-10 880 3854 0 0
2024-09-11 877 3854 0 0
2024-09-12 882 3854 0 0
2024-09-13 882 3854 0 0
2024-09-14 883 3854 0 0
2024-09-15 883 3854 0 0
2024-09-16 886 3854 0 0
2024-09-17 887 3854 0 0
2024-09-18 886 3854 0 0
2024-09-19 888 3854 0 0
2024-09-20 886 3854 0 0
2024-09-21 886 3854 0 0
2024-09-22 886 3854 0 0
2024-09-23 887 3854 0 0
2024-09-24 892 3854 0 0
2024-09-25 894 3854 0 0
2024-09-26 900 3854 0 0
2024-09-27 908 3854 0 0
2024-09-28 909 3854 0 0
2024-09-29 909 3854 0 0
2024-09-30 914 3854 0 0
2024-10-01 917 3854 0 0
2024-10-02 917 3854 0 0
2024-10-03 912 3854 0 0
2024-10-04 908 3854 0 0
2024-10-05 908 3854 0 0
2024-10-06 908 3854 0 0
2024-10-07 908 3854 0 0
