2020-01-19 899 2915.9 0 0
2020-02-07 873 2931.192 15.292 0.522
2020-02-15 887 2939.194 8.002 0.272
2020-02-16 887 2939.194 0 0
2020-02-17 882 2939.689 0.495 0.017
2020-02-18 881 2939.689 0 0
2020-02-19 883 2932.921 -6.768 -0.231
2020-02-20 882 2929.464 -3.457 -0.118
2020-02-21 877 2939.059 9.595 0.326
2020-02-22 879 2928.861 -10.198 -0.348
2020-02-23 879 2928.861 0 0
2020-02-24 868 2928.861 0 0
2020-02-25 865 2898.786 -30.075 -1.038
2020-02-26 873 2863.156 -35.63 -1.244
2020-02-27 870 2843.208 -19.948 -0.702
2020-02-28 868 2818.522 -24.686 -0.876
2020-02-29 874 2813.26 -5.262 -0.187
2020-03-01 875 2813.26 0 0
2020-03-02 879 2813.26 0 0
2020-03-03 878 2834.859 21.599 0.762
2020-03-04 882 2828.382 -6.477 -0.229
2020-03-05 875 2852.354 23.972 0.84
2020-03-06 873 2821.83 -30.524 -1.082
2020-03-07 888 2791.89 -29.94 -1.072
2020-03-08 887 2791.89 0 0
2020-03-09 860 2791.89 0 0
2020-03-10 875 2707.376 -84.514 -3.122
2020-03-11 860 2746.58 39.204 1.427
2020-03-12 849 2687.822 -58.758 -2.186
2020-03-13 877 2584.869 -102.953 -3.983
2020-03-14 863 2636.153 51.284 1.945
2020-03-15 862 2636.153 0 0
2020-03-16 840 2636.153 0 0
2020-03-17 862 2503.126 -133.027 -5.314
2020-03-18 860 2488.39 -14.736 -0.592
2020-03-19 875 2415.41 -72.98 -3.021
2020-03-20 861 2457.849 42.439 1.727
2020-03-21 873 2426.943 -30.906 -1.273
2020-03-22 873 2426.943 0 0
2020-03-23 861 2426.943 0 0
2020-03-24 868 2389.622 -37.321 -1.562
2020-03-25 876 2439.476 49.854 2.044
2020-03-26 875 2481.755 42.279 1.704
2020-03-27 885 2531.549 49.794 1.967
2020-03-28 881 2509.845 -21.704 -0.865
2020-03-29 881 2509.845 0 0
2020-03-30 881 2509.845 0 0
2020-03-31 875 2519.044 9.199 0.365
2020-04-01 882 2493.94 -25.104 -1.007
2020-04-02 884 2451.195 -42.745 -1.744
2020-04-03 886 2450.118 -1.077 -0.044
2020-04-04 891 2429.425 -20.693 -0.852
2020-04-05 891 2429.425 0 0
2020-04-06 891 2429.425 0 0
2020-04-07 892 2475.93 46.505 1.878
2020-04-08 907 2500.951 25.021 1
2020-04-10 900 2568.341 67.39 2.624
2020-04-11 900 2568.341 0 0
2020-04-12 900 2568.341 0 0
2020-04-13 901 2568.341 0 0
2020-04-14 913 2543.092 -25.249 -0.993
2020-04-15 911 2552.672 9.58 0.375
2020-04-17 919 2517.389 -35.283 -1.402
2020-04-18 914 2536.469 19.08 0.752
2020-04-19 914 2536.469 0 0
2020-04-20 922 2536.469 0 0
2020-04-21 918 2509.433 -27.036 -1.077
2020-04-23 930 2489.815 -19.618 -0.788
2020-04-24 928 2495.732 5.917 0.237
2020-04-25 927 2499.338 3.606 0.144
2020-04-26 927 2499.338 0 0
2020-04-27 932 2499.338 0 0
2020-04-28 925 2526.242 26.904 1.065
2020-04-29 934 2538.621 12.379 0.488
2020-04-30 922 2576.755 38.134 1.48
