2020-01-19 332 6276.168 0 0
2020-02-07 328 6143.845 -132.323 -2.154
2020-02-15 329 6103.998 -39.847 -0.653
2020-02-16 329 6103.998 0 0
2020-02-17 330 6105.452 1.454 0.024
2020-02-18 332 6096.727 -8.725 -0.143
2020-02-19 335 6077.221 -19.506 -0.321
2020-02-20 395 5384.13 -693.091 -12.873
2020-02-21 395 5351.557 -32.573 -0.609
2020-02-22 395 5356.945 5.388 0.101
2020-02-23 395 5356.945 0 0
2020-02-24 389 5356.945 0 0
2020-02-25 385 5347.378 -9.567 -0.179
2020-02-26 382 5338.667 -8.711 -0.163
2020-02-27 378 5301.563 -37.104 -0.7
2020-02-28 372 5324.402 22.839 0.429
2020-02-29 376 5231.27 -93.132 -1.78
2020-03-01 378 5231.27 0 0
2020-03-02 383 5231.27 0 0
2020-03-03 383 5288.415 57.145 1.081
2020-03-04 379 5367.181 78.766 1.468
2020-03-05 379 5365.844 -1.337 -0.025
2020-03-06 373 5355.783 -10.061 -0.188
2020-03-07 368 5379.883 24.1 0.448
2020-03-08 369 5379.883 0 0
2020-03-09 366 5379.883 0 0
2020-03-10 358 5404.958 25.075 0.464
2020-03-11 365 5271.955 -133.003 -2.523
2020-03-12 348 5291.263 19.308 0.365
2020-03-13 349 5115.172 -176.091 -3.443
2020-03-14 360 5023.635 -91.537 -1.822
2020-03-15 360 5023.635 0 0
2020-03-16 346 5023.635 0 0
2020-03-17 346 5012.029 -11.606 -0.232
2020-03-18 350 4890.102 -121.927 -2.493
2020-03-19 355 4771.335 -118.767 -2.489
2020-03-20 363 4795.46 24.125 0.503
2020-03-21 365 4780.701 -14.759 -0.309
2020-03-22 365 4780.701 0 0
2020-03-23 352 4780.701 0 0
2020-03-24 363 4720.083 -60.618 -1.284
2020-03-25 363 4845.847 125.764 2.595
2020-03-26 368 4869.157 23.31 0.479
2020-03-27 372 4943.412 74.255 1.502
2020-03-28 356 5004.012 60.6 1.211
2020-03-29 356 5004.012 0 0
2020-03-30 356 5004.012 0 0
2020-03-31 354 5022.604 18.592 0.37
