2020-01-19 1840 1346.956 0 0
2020-02-07 1956 1183.607 -163.349 -13.801
2020-02-15 1864 1278.92 95.313 7.453
2020-02-16 1864 1278.92 0 0
2020-02-17 1866 1276.968 -1.952 -0.153
2020-02-18 1878 1257.444 -19.524 -1.553
2020-02-19 1864 1266.978 9.534 0.752
2020-02-20 1883 1252.749 -14.229 -1.136
2020-02-21 1885 1244.958 -7.791 -0.626
2020-02-22 1889 1244.19 -0.768 -0.062
2020-02-23 1888 1244.19 0 0
2020-02-24 1892 1228.616 -15.574 -1.268
2020-02-25 1884 1221.599 -7.017 -0.574
2020-02-26 1869 1229.978 8.379 0.681
2020-02-27 1851 1241.335 11.357 0.915
2020-02-28 1860 1219.842 -21.493 -1.762
2020-02-29 1851 1220.076 0.234 0.019
