2023-04-06 302 7570.164 0 0
2023-04-07 302 7565.717 -4.447 -0.059
2023-04-08 300 7565.717 0 0
2023-04-09 300 7565.717 0 0
2023-04-10 301 7569.096 3.379 0.045
2023-04-11 302 7559.915 -9.181 -0.121
2023-04-12 303 7556.849 -3.066 -0.041
2023-04-13 304 7567.805 10.956 0.145
2023-04-14 303 7576.509 8.704 0.115
2023-04-15 303 7566.302 -10.207 -0.135
2023-04-16 303 7566.302 0 0
2023-04-17 304 7568.296 1.994 0.026
2023-04-18 303 7567.585 -0.711 -0.009
2023-04-19 303 7569.744 2.159 0.029
2023-04-20 300 7569.291 -0.453 -0.006
2023-04-21 302 7568.703 -0.588 -0.008
2023-04-22 302 7561.49 -7.213 -0.095
2023-04-23 302 7561.49 0 0
2023-04-24 302 7554.609 -6.881 -0.091
2023-04-25 298 7555.801 1.192 0.016
2023-04-26 296 7550.438 -5.363 -0.071
2023-04-27 297 7586.614 36.176 0.477
2023-04-28 300 7589.215 2.601 0.034
2023-04-29 300 7591.428 2.213 0.029
2023-04-30 300 7591.428 0 0
2023-05-01 300 7591.428 0 0
2023-05-02 294 7593.119 1.691 0.022
2023-05-03 294 7593.148 0.029 0
2023-05-04 290 7600.422 7.274 0.096
2023-05-05 292 7605.872 5.45 0.072
2023-05-06 292 7612.861 6.989 0.092
2023-05-07 292 7612.861 0 0
2023-05-08 293 7613.412 0.551 0.007
2023-05-09 290 7610.639 -2.773 -0.036
2023-05-10 290 7600.675 -9.964 -0.131
2023-05-11 289 7616.957 16.282 0.214
2023-05-12 288 7596.234 -20.723 -0.273
2023-05-13 289 7581.494 -14.74 -0.194
2023-05-14 289 7581.494 0 0
2023-05-15 291 7583.993 2.499 0.033
2023-05-16 291 7593.079 9.086 0.12
2023-05-17 291 7588.167 -4.912 -0.065
2023-05-18 288 7585.308 -2.859 -0.038
2023-05-19 288 7585.717 0.409 0.005
2023-05-20 287 7593.181 7.464 0.098
2023-05-21 287 7593.181 0 0
2023-05-22 288 7595.969 2.788 0.037
2023-05-23 287 7609.24 13.271 0.174
2023-05-24 287 7584.641 -24.599 -0.324
2023-05-25 283 7577.911 -6.73 -0.089
2023-05-26 283 7578.412 0.501 0.007
2023-05-27 284 7579.502 1.09 0.014
2023-05-28 284 7579.502 0 0
2023-05-29 284 7571.701 -7.801 -0.103
2023-05-30 286 7568.996 -2.705 -0.036
2023-05-31 285 7561.061 -7.935 -0.105
