2020-01-19 2159 1039.548 0 0
2020-02-15 2018 1130.24 90.692 8.024
2020-02-16 2020 1130.24 0 0
2020-02-17 1997 1152.625 22.385 1.942
2020-02-18 1981 1169.638 17.013 1.455
2020-02-19 1977 1175.328 5.69 0.484
2020-02-20 1967 1188.811 13.483 1.134
2020-02-21 1962 1185.15 -3.661 -0.309
2020-02-22 1964 1181.21 -3.94 -0.334
2020-02-23 1962 1181.21 0 0
2020-02-24 1951 1178.546 -2.664 -0.226
2020-02-25 1957 1164.385 -14.161 -1.216
2020-02-26 1922 1189.261 24.876 2.092
2020-02-27 1926 1181.155 -8.106 -0.686
2020-02-28 1942 1151.045 -30.11 -2.616
2020-02-29 1930 1155.327 4.282 0.371
2020-03-01 1931 1155.327 0 0
2020-03-02 1873 1208.897 53.57 4.431
2020-03-03 1869 1216.286 7.389 0.608
2020-03-04 1887 1206.003 -10.283 -0.853
2020-03-05 1856 1239.469 33.466 2.7
2020-03-06 1842 1250.52 11.051 0.884
2020-03-07 1845 1250.88 0.36 0.029
2020-03-08 1840 1250.88 0 0
2020-03-09 1843 1219.406 -31.474 -2.581
2020-03-10 1832 1219.289 -0.117 -0.01
2020-03-11 1845 1195.683 -23.606 -1.974
2020-03-12 1832 1165.585 -30.098 -2.582
2020-03-13 1819 1162.391 -3.194 -0.275
2020-03-14 1823 1161.145 -1.246 -0.107
2020-03-15 1824 1161.145 0 0
2020-03-16 1823 1127.229 -33.916 -3.009
2020-03-17 1817 1122.824 -4.405 -0.392
2020-03-18 1815 1105.514 -17.31 -1.566
2020-03-19 1800 1104.993 -0.521 -0.047
2020-03-20 1806 1108.066 3.073 0.277
2020-03-21 1806 1111.987 3.921 0.353
2020-03-22 1806 1111.987 0 0
2020-03-23 1812 1084.606 -27.381 -2.525
2020-03-24 1816 1076.592 -8.014 -0.744
2020-03-25 1824 1100.558 23.966 2.178
2020-03-26 1838 1109.268 8.71 0.785
2020-03-27 1865 1096.886 -12.382 -1.129
2020-03-28 1852 1105.535 8.649 0.782
2020-03-29 1852 1105.535 0 0
2020-03-30 1852 1105.535 0 0
2020-03-31 1861 1091.424 -14.111 -1.293
