2020-02-15 2128 1037.383 0 0
2020-02-16 2129 1037.383 0 0
2020-02-17 2130 1037.383 0 0
2020-02-18 2128 1037.383 0 0
2020-02-19 2134 1034.43 -2.953 -0.285
2020-02-20 2133 1031.5 -2.93 -0.284
2020-02-21 2129 1032.002 0.502 0.049
2020-02-22 2124 1037.491 5.489 0.529
2020-02-23 2124 1037.491 0 0
2020-02-24 2114 1037.491 0 0
2020-02-25 2100 1037.776 0.285 0.027
2020-02-26 2098 1038.353 0.577 0.056
2020-02-27 2085 1038.185 -0.168 -0.016
2020-02-28 2077 1032.545 -5.64 -0.546
2020-03-09 2041 1044.149 11.604 1.111
2020-03-10 2017 1050.322 6.173 0.588
2020-03-11 2008 1043.293 -7.029 -0.674
2020-03-12 1982 1038.538 -4.755 -0.458
2020-03-13 1982 1016.77 -21.768 -2.141
2020-03-14 1985 1016.354 -0.416 -0.041
2020-03-15 1985 1016.354 0 0
2020-03-16 1956 1016.354 0 0
2020-03-17 1939 1020.356 4.002 0.392
2020-03-18 1930 1006.564 -13.792 -1.37
2020-03-27 1951 1010.217 3.653 0.362
2020-03-28 1951 1012.575 2.358 0.233
2020-03-29 1951 1012.575 0 0
2020-03-30 1951 1012.575 0 0
2020-03-31 1950 1008.47 -4.105 -0.407
2020-04-01 1962 1007.271 -1.199 -0.119
2020-04-02 1955 1001.357 -5.914 -0.591
2020-04-10 2144 1004.153 2.796 0.278
2020-04-11 2144 1004.153 0 0
2020-04-12 2144 1004.153 0 0
2020-04-13 2137 1004.153 0 0
2020-04-14 2141 1000.421 -3.732 -0.373
2020-04-15 2142 1005.97 5.549 0.552
2020-05-01 2169 1008.914 2.944 0.292
2020-05-02 2158 1012.317 3.403 0.336
2020-05-03 2157 1012.317 0 0
2020-05-04 2155 1012.317 0 0
2020-05-05 2157 1003.842 -8.475 -0.844
2020-05-09 2167 1003.632 -0.21 -0.021
2020-05-10 2167 1003.632 0 0
2020-05-11 2164 1003.632 0 0
2020-05-13 2161 1004.337 0.705 0.07
2020-05-14 2159 1000.152 -4.185 -0.418
2020-05-19 2160 1001.903 1.751 0.175
2020-05-20 2159 1011.083 9.18 0.908
2020-05-21 2151 1016.135 5.052 0.497
2020-05-22 2151 1010.997 -5.138 -0.508
2020-05-23 2153 1006.111 -4.886 -0.486
2020-05-24 2153 1006.111 0 0
2020-05-25 2154 1006.111 0 0
2020-05-26 2153 1006.111 0 0
2020-05-27 2166 1014.28 8.169 0.805
2020-05-28 2171 1012.919 -1.361 -0.134
2020-05-29 2160 1021.723 8.804 0.862
2020-05-30 2156 1029.223 7.5 0.729
2020-05-31 2156 1029.223 0 0
