2021-12-28 2658 1002.257 0 0
2021-12-29 2638 1012.898 10.641 1.062
2021-12-30 2654 1002.47 -10.428 -1.03
2021-12-31 2655 1005.445 2.975 0.297
2022-01-02 2644 1017.227 11.782 1.172
2022-01-03 2643 1017.219 -0.008 -0.001
2022-01-04 2643 1017.138 -0.081 -0.008
2022-01-05 2634 1014.738 -2.4 -0.236
2022-01-06 2615 1024.464 9.726 0.958
2022-01-07 2619 1022.456 -2.008 -0.196
2022-01-08 2615 1028.471 6.015 0.588
2022-01-09 2615 1028.471 0 0
2022-01-10 2617 1026.889 -1.582 -0.154
2022-01-11 2619 1029.533 2.644 0.257
2022-01-12 2607 1039.412 9.879 0.96
2022-01-13 2589 1051.715 12.303 1.184
2022-01-14 2581 1050.855 -0.86 -0.082
2022-01-15 2575 1046.341 -4.514 -0.43
2022-01-16 2593 1046.341 0 0
2022-01-17 2593 1046.341 0 0
2022-01-18 2581 1058.15 11.809 1.129
2022-01-19 2605 1022.271 -35.879 -3.391
2022-01-20 2601 1018.111 -4.16 -0.407
2022-02-02 2561 1017.242 -0.869 -0.085
2022-02-03 2564 1017.169 -0.073 -0.007
2022-02-04 2555 1025.464 8.295 0.815
2022-02-05 2563 1018.416 -7.048 -0.687
2022-02-06 2563 1018.416 0 0
2022-02-07 2567 1013.201 -5.215 -0.512
2022-02-08 2542 1040.006 26.805 2.646
2022-02-09 2542 1050.108 10.102 0.971
2022-02-10 2530 1056.863 6.755 0.643
2022-02-11 2520 1068.847 11.984 1.134
2022-02-12 2513 1066.454 -2.393 -0.224
2022-02-13 2515 1066.454 0 0
2022-02-14 2525 1051.305 -15.149 -1.421
2022-02-15 2526 1050.658 -0.647 -0.062
2022-02-16 2528 1054.711 4.053 0.386
2022-02-17 2526 1049.992 -4.719 -0.447
2022-02-18 2528 1046.05 -3.942 -0.375
2022-02-19 2528 1042.945 -3.105 -0.297
2022-02-20 2528 1042.945 0 0
2022-02-21 2535 1042.945 0 0
2022-02-22 2527 1036.174 -6.771 -0.649
2022-02-23 2537 1024.558 -11.616 -1.121
2022-02-24  999.03 -25.528 -2.492
2022-02-26 2565 1007.931 8.901 0.891
2022-02-27 2566 1007.931 0 0
2022-02-28  997.042 -10.889 -1.08
