2020-01-19 1677 1505.62 0 0
2020-02-07 1661 1505.099 -0.521 -0.035
2020-02-15 1669 1505.881 0.782 0.052
2020-02-16 1669 1505.881 0 0
2020-02-17 1674 1505.881 0 0
2020-02-18 1675 1507.183 1.302 0.086
2020-02-19 1675 1507.053 -0.13 -0.009
2020-02-20 1677 1506.011 -1.042 -0.069
2020-02-21 1676 1506.271 0.26 0.017
2020-02-22 1676 1506.271 0 0
2020-02-23 1676 1506.271 0 0
2020-02-24 1660 1504.709 -1.562 -0.104
2020-02-25 1647 1504.578 -0.131 -0.009
2020-02-26 1636 1504.839 0.261 0.017
2020-02-27 1633 1500.411 -4.428 -0.295
2020-02-28 1618 1495.463 -4.948 -0.331
2020-02-29 1615 1495.463 0 0
