2019-11-07 930 2685.73 0 0
2020-01-19 559 4182.564 1496.834 55.733
2020-02-07 586 4031.147 -151.417 -3.62
2020-02-15 938 2778.192 -1252.955 -31.082
2020-02-16 938 2778.192 0 0
2020-02-17 939 2755.29 -22.902 -0.824
2020-02-18 937 2755.29 0 0
2020-02-19 947 2721.927 -33.363 -1.211
2020-02-20 941 2744.419 22.492 0.826
2020-02-21 945 2716.482 -27.937 -1.018
2020-02-22 954 2699.863 -16.619 -0.612
2020-02-23 955 2699.863 0 0
2020-02-24 948 2699.863 0 0
2020-02-25 979 2594.498 -105.365 -3.903
2020-02-26 1002 2513.958 -80.54 -3.104
2020-02-27 1025 2432.702 -81.256 -3.232
2020-02-28 1065 2298.64 -134.062 -5.511
2020-02-29 1081 2273.387 -25.253 -1.099
