2019-11-07 826 2978.37 0 0
2020-01-19 883 2961.175 -17.195 -0.577
2020-02-07 896 2897.855 -63.32 -2.138
2020-02-15 908 2882.072 -15.783 -0.545
2020-02-16 908 2882.072 0 0
2020-02-17 898 2894.758 12.686 0.44
2020-02-18 898 2896.168 1.41 0.049
2020-02-19 896 2895.441 -0.727 -0.025
2020-02-20 892 2897.22 1.779 0.061
2020-02-21 896 2880.561 -16.659 -0.575
2020-02-22 913 2833.038 -47.523 -1.65
2020-02-23 914 2833.038 0 0
2020-02-24 908 2826.022 -7.016 -0.248
2020-02-25 895 2826.089 0.067 0.002
2020-02-26 888 2821.696 -4.393 -0.155
2020-02-27 883 2809.985 -11.711 -0.415
2020-02-28 870 2814.249 4.264 0.152
2020-02-29 872 2820.118 5.869 0.209
2020-03-01 873 2820.118 0 0
2020-03-02 876 2822.93 2.812 0.1
2020-03-03 879 2830.786 7.856 0.278
2020-03-04 885 2824.381 -6.405 -0.226
2020-03-05 879 2840.107 15.726 0.557
2020-03-06 871 2822.385 -17.722 -0.624
2020-03-07 867 2830.458 8.073 0.286
2020-03-08 866 2830.458 0 0
2020-03-09 846 2823.339 -7.119 -0.252
2020-03-10 852 2815.017 -8.322 -0.295
2020-03-11 837 2815.9 0.883 0.031
2020-03-12 815 2802.121 -13.779 -0.489
2020-03-13 803 2780.017 -22.104 -0.789
2020-03-14 817 2767.571 -12.446 -0.448
2020-03-15 817 2767.571 0 0
2020-03-16 798 2756.495 -11.076 -0.4
2020-03-17 790 2728.754 -27.741 -1.006
2020-03-18 785 2709.721 -19.033 -0.697
2020-03-19 781 2688.932 -20.789 -0.767
2020-03-20 788 2689.973 1.041 0.039
2020-03-21 788 2692.161 2.188 0.081
2020-03-22 788 2692.161 0 0
2020-03-23 780 2682.702 -9.459 -0.351
2020-03-24 785 2659.404 -23.298 -0.868
2020-03-25 805 2675.846 16.442 0.618
2020-03-26 808 2686.335 10.489 0.392
2020-03-27 817 2701.464 15.129 0.563
2020-03-28 805 2711.132 9.668 0.358
2020-03-29 805 2711.132 0 0
2020-03-30 805 2711.132 0 0
2020-03-31 809 2699.848 -11.284 -0.416
