2019-11-07 712 3389.862 0 0
2020-01-19 674 3695.819 305.957 9.026
2020-02-07 775 3242.188 -453.631 -12.274
2020-02-15 746 3339.708 97.52 3.008
2020-02-16 746 3339.708 0 0
2020-02-17 732 3399.867 60.159 1.801
2020-02-18 728 3426.549 26.682 0.785
2020-02-19 718 3460.599 34.05 0.994
2020-02-20 712 3476.966 16.367 0.473
2020-02-21 712 3456.188 -20.778 -0.598
2020-02-22 714 3444.715 -11.473 -0.332
2020-02-23 714 3444.715 0 0
2020-02-24 701 3462.155 17.44 0.506
2020-02-25 706 3415.96 -46.195 -1.334
2020-02-26 689 3438.973 23.013 0.674
2020-02-27 683 3420.931 -18.042 -0.525
2020-02-28 728 3242.932 -177.999 -5.203
2020-02-29 726 3254.973 12.041 0.371
