2021-03-03 749 3880.68 0 0
2021-03-04 749 3880.68 0 0
2021-03-05 828 3548.43 -332.25 -8.562
2021-03-06 829 3548.43 0 0
2021-03-07 833 3548.43 0 0
2021-03-08 966 3047.397 -501.033 -14.12
2021-03-09 962 3047.397 0 0
2021-03-11 931 3242.76 195.363 6.411
2021-03-12 915 3322.5 79.74 2.459
2021-03-13 914 3322.5 0 0
2021-03-14 915 3322.5 0 0
2021-03-15 921 3297.249 -25.251 -0.76
2021-03-16 947 3230.799 -66.45 -2.015
2021-03-18 949 3201.561 -29.238 -0.905
2021-03-19 948 3201.561 0 0
2021-03-20 962 3145.743 -55.818 -1.743
2021-03-21 962 3145.743 0 0
2021-03-22 982 3046.068 -99.675 -3.169
2021-03-23 1063 2882.601 -163.467 -5.366
2021-03-24 1085 2817.48 -65.121 -2.259
2021-03-25 1111 2757.675 -59.805 -2.123
2021-03-26 1068 2861.337 103.662 3.759
2021-03-27 1063 2861.337 0 0
2021-03-28 1063 2861.337 0 0
2021-03-29 1006 2987.592 126.255 4.412
2021-03-30 1014 2987.592 0 0
2021-03-31 950 3192.258 204.666 6.851
