2019-11-07 1899 1216.1 0 0
2020-01-19 1945 1216.1 0 0
2020-02-07 1916 1216.1 0 0
2020-02-15 1929 1216.1 0 0
2020-02-16 1930 1216.1 0 0
2020-02-17 1930 1216.1 0 0
2020-02-18 1929 1216.1 0 0
2020-02-19 1927 1216.1 0 0
2020-02-20 1931 1216.1 0 0
2020-02-21 1922 1216.1 0 0
2020-02-22 1922 1216.1 0 0
2020-02-23 1921 1216.1 0 0
2020-02-24 1909 1216.1 0 0
2020-02-25 1898 1216.1 0 0
2020-02-26 1886 1216.1 0 0
2020-02-27 1875 1216.1 0 0
2020-02-28 1864 1216.1 0 0
2020-02-29 1854 1216.1 0 0
2020-03-01 1856 1216.1 0 0
2020-03-02 1867 1216.1 0 0
2020-03-03 1871 1216.1 0 0
2020-03-04 1880 1216.1 0 0
2020-03-05 1879 1216.1 0 0
2020-03-06 1871 1216.1 0 0
2020-03-07 1872 1216.1 0 0
2020-03-08 1868 1216.1 0 0
2020-03-09 1846 1216.1 0 0
2020-03-10 1833 1216.1 0 0
2020-03-11 1818 1216.1 0 0
2020-03-12 1779 1216.1 0 0
2020-03-13 1754 1216.1 0 0
2020-03-14 1755 1216.1 0 0
2020-03-15 1755 1216.1 0 0
2020-03-16 1730 1216.1 0 0
2020-03-17 1713 1216.1 0 0
2020-03-18 1687 1216.1 0 0
2020-03-19 1672 1216.1 0 0
2020-03-20 1671 1216.1 0 0
2020-03-21 1675 1216.1 0 0
2020-03-22 1675 1216.1 0 0
2020-03-23 1662 1216.1 0 0
2020-03-24 1656 1216.1 0 0
2020-03-25 1693 1216.1 0 0
2020-03-26 1709 1216.1 0 0
2020-03-27 1735 1216.1 0 0
2020-03-28 1727 1216.1 0 0
2020-03-29 1727 1216.1 0 0
2020-03-30 1727 1216.1 0 0
2020-03-31 1721 1216.1 0 0
