2025-04-02 2945 1024.775 0 0
2025-04-03  985.416 -39.359 -3.841
2025-05-10 2940 1034.884 49.468 5.02
2025-05-11 2940 1034.884 0 0
2025-05-12 2938 1046.898 12.014 1.161
2025-05-13 2911 1064.796 17.898 1.71
2025-05-14 2897 1076.396 11.6 1.089
2025-05-15 2866 1092.803 16.407 1.524
2025-05-16 2885 1083.191 -9.612 -0.88
2025-05-17 2885 1083.191 0 0
2025-05-18 2885 1083.191 0 0
2025-05-19 2876 1089.323 6.132 0.566
2025-05-20 2878 1085.594 -3.729 -0.342
2025-05-21 2921 1059.99 -25.604 -2.359
2025-05-22 2938 1045.821 -14.169 -1.337
2025-05-23 2928 1049.467 3.646 0.349
2025-05-24 2928 1049.467 0 0
2025-05-25 2928 1049.467 0 0
2025-05-26 2934 1049.467 0 0
2025-05-27 2906 1071.176 21.709 2.069
2025-05-28 2910 1066.868 -4.308 -0.402
2025-05-29 2903 1070.928 4.06 0.381
2025-05-30 2914 1063.967 -6.961 -0.65
2025-05-31 2910 1063.967 0 0
2025-06-01 2910 1063.967 0 0
2025-06-02 2901 1065.625 1.658 0.156
2025-06-03 2911 1063.553 -2.072 -0.194
2025-06-04 2946 1044.744 -18.809 -1.769
2025-06-05 2949 1044.993 0.249 0.024
2025-06-06 2942 1050.793 5.8 0.555
2025-06-07 2940 1050.793 0 0
2025-06-08 2940 1050.793 0 0
2025-06-09 2949 1052.201 1.408 0.134
2025-06-10 2938 1054.77 2.569 0.244
2025-06-11 2938 1061.399 6.629 0.628
2025-06-12 2943 1055.101 -6.298 -0.593
2025-06-13 2968 1033.061 -22.04 -2.089
2025-06-14 2966 1033.061 0 0
2025-06-15 2965 1033.061 0 0
2025-06-16 2955 1039.855 6.794 0.658
2025-06-17 2954 1038.529 -1.326 -0.128
2025-06-18 2945 1040.601 2.072 0.2
2025-06-19 2941 1040.601 0 0
2025-06-20 2936 1041.264 0.663 0.064
2025-06-21 2936 1041.264 0 0
2025-06-22 2935 1041.264 0 0
2025-06-23 2902 1065.128 23.864 2.292
2025-06-24 2888 1082.28 17.152 1.61
2025-06-25 2899 1088.825 6.545 0.605
2025-06-26 2871 1106.392 17.567 1.613
2025-06-27 2889 1098.934 -7.458 -0.674
2025-06-28 2890 1098.934 0 0
2025-06-29 2889 1098.934 0 0
2025-06-30 2882 1104.9 5.966 0.543
2025-07-01 2887 1104.9 0 0
2025-07-02 2874 1113.435 8.535 0.772
2025-07-03 2873 1115.424 1.989 0.179
2025-07-04 2871 1115.424 0 0
2025-07-05 2871 1115.424 0 0
2025-07-06 2871 1115.424 0 0
2025-07-07 2864 1118.407 2.983 0.267
2025-07-08 2852 1128.018 9.611 0.859
2025-07-09 2842 1136.553 8.535 0.757
2025-07-10 2835 1145.999 9.446 0.831
2025-07-11 2876 1110.121 -35.878 -3.131
2025-07-12 2876 1110.121 0 0
2025-07-13 2876 1110.121 0 0
2025-07-14 2871 1115.672 5.551 0.5
2025-07-15 2908 1092.471 -23.201 -2.08
2025-07-16 2907 1092.554 0.083 0.008
2025-07-17 2910 1096.117 3.563 0.326
2025-07-18 2919 1092.554 -3.563 -0.325
2025-07-19 2921 1092.554 0 0
2025-07-20 2921 1092.554 0 0
2025-07-21 2920 1094.294 1.74 0.159
2025-07-22 2912 1099.266 4.972 0.454
2025-07-23 2896 1114.346 15.08 1.372
2025-07-24 2897 1115.341 0.995 0.089
2025-07-25 2881 1135.393 20.052 1.798
2025-07-26 2875 1135.393 0 0
2025-07-27 2875 1135.393 0 0
2025-07-28 2872 1138.127 2.734 0.241
2025-07-29 2860 1144.425 6.298 0.553
2025-07-30 2874 1134.647 -9.778 -0.854
2025-07-31 2863 1135.144 0.497 0.044
2025-08-01 2870 1121.224 -13.92 -1.226
2025-08-02 2869 1121.224 0 0
2025-08-03 2869 1121.224 0 0
2025-08-04 2864 1135.641 14.417 1.286
2025-08-05 2870 1135.227 -0.414 -0.036
2025-08-06 2867 1143.762 8.535 0.752
2025-08-07 2862 1141.359 -2.403 -0.21
2025-08-08 2890 1118.987 -22.372 -1.96
2025-08-09 2889 1118.987 0 0
2025-08-10 2889 1118.987 0 0
2025-08-11 2895 1123.461 4.474 0.4
2025-08-12 2860 1153.125 29.664 2.64
2025-08-13 2852 1167.542 14.417 1.25
2025-08-14 2852 1167.128 -0.414 -0.035
2025-08-15 2874 1152.628 -14.5 -1.242
2025-08-16 2874 1152.628 0 0
2025-08-17 2874 1152.628 0 0
2025-08-18 2884 1154.533 1.905 0.165
2025-08-19 2886 1150.639 -3.894 -0.337
2025-08-20 2900 1145.419 -5.22 -0.454
2025-08-21 2906 1135.973 -9.446 -0.825
2025-08-22 2856 1180.717 44.744 3.939
2025-08-23 2858 1180.717 0 0
2025-08-24 2858 1180.717 0 0
2025-08-25 2876 1171.023 -9.694 -0.821
2025-08-26 2871 1172.846 1.823 0.156
2025-08-27 2867 1169.697 -3.149 -0.268
2025-08-28 2864 1169.945 0.248 0.021
2025-08-29 2882 1166.962 -2.983 -0.255
2025-08-30 2884 1166.962 0 0
2025-08-31 2884 1166.962 0 0
2025-09-01 2884 1166.962 0 0
2025-09-02 2887 1156.522 -10.44 -0.895
2025-09-03 2883 1155.528 -0.994 -0.086
2025-09-04 2861 1166.051 10.523 0.911
2025-09-05 2868 1168.62 2.569 0.22
2025-09-06 2874 1168.62 0 0
2025-09-07 2874 1168.62 0 0
2025-09-08 2902 1150.639 -17.981 -1.539
2025-09-09 2918 1136.221 -14.418 -1.253
2025-09-10 2945 1117.578 -18.643 -1.641
2025-09-11 2933 1135.144 17.566 1.572
2025-09-12 2945 1122.798 -12.346 -1.088
2025-09-13 2946 1122.798 0 0
2025-09-14 2946 1122.798 0 0
2025-09-15 2933 1132.99 10.192 0.908
2025-09-16 2945 1131.333 -1.657 -0.146
2025-09-17 2939 1138.624 7.291 0.644
2025-09-18 2911 1164.974 26.35 2.314
2025-09-19 2917 1154.368 -10.606 -0.91
2025-09-20 2916 1154.368 0 0
2025-09-21 2916 1154.368 0 0
2025-09-22 2915 1158.428 4.06 0.352
2025-09-23 2923 1148.402 -10.026 -0.865
2025-09-24 2922 1154.202 5.8 0.505
2025-09-25 2926 1145.999 -8.203 -0.711
2025-09-26 2921 1146.496 0.497 0.043
2025-09-27 2919 1146.496 0 0
2025-09-28 2919 1146.496 0 0
2025-09-29 2927 1145.087 -1.409 -0.123
2025-09-30 2932 1140.199 -4.888 -0.427
2025-10-01 2922 1149.313 9.114 0.799
