2025-07-01 2947 1065.289 0 0
2025-07-02 3018 1023.113 -42.176 -3.959
2025-07-03 3030 1018.117 -4.996 -0.488
2025-07-04 2983 1039.246 21.129 2.075
2025-07-05 2983 1039.246 0 0
2025-07-06 2983 1039.246 0 0
2025-07-07 3035 1011.481 -27.765 -2.672
2025-07-08 2941 1069.282 57.801 5.714
2025-07-09 2937 1072.111 2.829 0.265
2025-07-10 2959 1060.091 -12.02 -1.121
2025-07-11 2952 1062.427 2.336 0.22
2025-07-12 2948 1063.39 0.963 0.091
2025-07-13 2948 1063.39 0 0
2025-07-14 3033 1020.201 -43.189 -4.061
2025-07-15 3043 1006.576 -13.625 -1.336
2025-07-16 3039 1017.209 10.633 1.056
2025-07-17 3046 1012.352 -4.857 -0.477
2025-07-18  973.697 -38.655 -3.818
2025-07-31  976.566 2.869 0.295
2025-08-06 2988 1050.237 73.671 7.544
2025-08-07 2991 1051.569 1.332 0.127
2025-08-08 3012 1040.513 -11.056 -1.051
2025-08-09 3014 1039.876 -0.637 -0.061
2025-08-10 3014 1039.876 0 0
2025-08-11 3020 1035.085 -4.791 -0.461
2025-08-12 3047 1021.357 -13.728 -1.326
2025-08-13 3024 1044.037 22.68 2.221
2025-08-14 2986 1070.199 26.162 2.506
2025-08-15 3019 1050.271 -19.928 -1.862
2025-08-16 3022 1048.984 -1.287 -0.123
2025-08-17 3022 1048.984 0 0
2025-08-18 3001 1064.424 15.44 1.472
2025-08-19 2994 1070.727 6.303 0.592
2025-08-20 2985 1075.634 4.907 0.458
2025-08-21 2944 1111.738 36.104 3.357
2025-08-22 2920 1136.428 24.69 2.221
2025-08-23 2923 1136.016 -0.412 -0.036
2025-08-24 2923 1136.016 0 0
2025-08-25 2907 1142.406 6.39 0.562
2025-08-26 2809 1200.421 58.015 5.078
2025-08-27 2835 1187.534 -12.887 -1.074
2025-08-28 2820 1197.194 9.66 0.813
2025-08-29 2750 1245.612 48.418 4.044
2025-08-30 2749 1246.556 0.944 0.076
2025-08-31 2749 1246.556 0 0
