2019-11-07 2059 1082.009 0 0
2020-01-19 1976 1194.272 112.263 10.375
2020-02-07 2117 1044.756 -149.516 -12.519
2020-02-15 2105 1055.819 11.063 1.059
2020-02-16 2107 1055.819 0 0
2020-02-17 2087 1072.24 16.421 1.555
2020-02-18 2098 1063.378 -8.862 -0.826
2020-02-19 2106 1054.751 -8.627 -0.811
2020-02-20 2110 1050.055 -4.696 -0.445
2020-02-21 2078 1076.842 26.787 2.551
2020-02-22 2074 1079.693 2.851 0.265
2020-02-23 2073 1079.693 0 0
2020-02-24 2064 1079.693 0 0
2020-02-25 2052 1077.848 -1.845 -0.171
2020-02-26 2128 1005.68 -72.168 -6.696
2020-02-27  993.652 -12.028 -1.196
2020-03-03 2092 1015.877 22.225 2.237
2020-03-04 1993 1114.354 98.477 9.694
2020-03-05 2041 1071.45 -42.904 -3.85
2020-03-06  984.344 -87.106 -8.13
2020-03-08 2105 1005.847 21.503 2.185
2020-03-09  955.244 -50.603 -5.031
2020-08-07  999.058 43.814 4.587
2020-08-14 2163 1085.791 86.733 8.681
2020-08-15 2165 1081.679 -4.112 -0.379
2020-08-16 2165 1081.679 0 0
2020-08-17 2160 1091.89 10.211 0.944
2020-08-18 2149 1098.411 6.521 0.597
2020-08-19 2183 1067.145 -31.266 -2.846
2020-08-20 2149 1097.468 30.323 2.842
2020-08-21 2178 1065.127 -32.341 -2.947
2020-08-22 2168 1072.725 7.598 0.713
2020-08-23 2168 1072.725 0 0
2020-08-24 2169 1072.725 0 0
2020-08-25 2191 1052.449 -20.276 -1.89
2020-08-26 2176 1066.681 14.232 1.352
2020-08-27 2173 1068.154 1.473 0.138
2020-08-28 2196 1051.632 -16.522 -1.547
2020-08-29 2169 1079.478 27.846 2.648
2020-08-30 2169 1079.478 0 0
2020-08-31 2185 1063.209 -16.269 -1.507
2020-09-01 2175 1075.911 12.702 1.195
2020-09-02 2200 1055.703 -20.208 -1.878
2020-09-03 2223 1035.337 -20.366 -1.929
2020-09-04 2218 1035.715 0.378 0.037
2020-09-05 2217 1038.414 2.699 0.261
2020-09-06 2217 1038.414 0 0
2020-09-07 2216 1038.414 0 0
2020-09-09 2229 1015.787 -22.627 -2.179
2020-09-10 2232 1011.999 -3.788 -0.373
2020-09-11  987.028 -24.971 -2.467
2020-09-15 2190 1065.766 78.738 7.977
2020-09-16 2219 1041.182 -24.584 -2.307
2020-09-17 2180 1078.958 37.776 3.628
2020-09-18 2162 1099.162 20.204 1.873
2020-09-19 2174 1091.666 -7.496 -0.682
2020-09-21 2194 1059.418 -32.248 -2.954
2020-09-22 2243 1003.621 -55.797 -5.267
2020-09-23  993.976 -9.645 -0.961
2020-10-07  0 -993.976 -100
2020-10-09 2245 1008.501 0 0
2020-10-10 2236 1023.796 15.295 1.517
2020-10-11 2238 1023.796 0 0
2020-10-12 2240 1023.796 0 0
2020-10-13 2239 1022.957 -0.839 -0.082
2020-10-14  997.722 -25.235 -2.467
2020-10-17  0 -997.722 -100
2020-10-18  0 0 0
2020-10-19 2230 1027.6 0 0
2020-10-20 2212 1045.634 18.034 1.755
2020-10-21 2228 1036.501 -9.133 -0.873
2020-10-22 2204 1064.128 27.627 2.665
2020-10-23 2205 1060.263 -3.865 -0.363
2020-10-24 2216 1052.487 -7.776 -0.733
2020-10-25 2215 1052.487 0 0
2020-10-26 2215 1048.29 -4.197 -0.399
2020-10-27 2228 1030.826 -17.464 -1.666
2020-10-28  993.619 -37.207 -3.609
2020-10-30 2241 1000.966 7.347 0.739
2020-10-31 2238 1003.531 2.565 0.256
2020-11-01 2238 1003.531 0 0
2020-11-02 2238 1003.531 0 0
2020-11-03 2193 1058.49 54.959 5.477
2020-11-04 2206 1045.37 -13.12 -1.24
2020-11-05 2216 1045.048 -0.322 -0.031
2020-11-06 2234 1038.858 -6.19 -0.592
2020-11-07 2220 1051.424 12.566 1.21
2020-11-08 2220 1051.424 0 0
2020-11-09 2253 1026.434 -24.99 -2.377
2020-11-10 2252 1038.068 11.634 1.133
2020-11-12 2247 1040.945 2.877 0.277
2020-11-13 2182 1107.597 66.652 6.403
2020-11-14 2196 1086.333 -21.264 -1.92
2020-11-15 2196 1086.333 0 0
2020-11-17 2206 1090.873 4.54 0.418
2020-11-18 2208 1093.029 2.156 0.198
2020-11-19 2208 1095.265 2.236 0.205
2020-11-20 2178 1112.948 17.683 1.614
2020-11-21 2197 1100.644 -12.304 -1.106
2020-11-22 2197 1100.644 0 0
2020-11-23 2219 1087.891 -12.753 -1.159
2020-11-24 2234 1067.207 -20.684 -1.901
2020-11-25 2219 1083.265 16.058 1.505
2020-11-26 2128 1152.534 69.269 6.394
2020-11-27 2088 1197.322 44.788 3.886
2020-11-28 2083 1200.363 3.041 0.254
2020-11-30 2050 1220.812 20.449 1.704
