2020-04-08 1810 1260 0 0
2020-04-10 1821 1260 0 0
2020-04-11 1821 1260 0 0
2020-04-12 1821 1260 0 0
2020-04-13 1817 1260 0 0
2020-04-14 1821 1260 0 0
2020-04-15 1827 1260 0 0
2020-04-17 1830 1260 0 0
2020-04-18 1834 1260 0 0
2020-04-19 1834 1260 0 0
2020-04-20 1839 1260 0 0
2020-04-21 1824 1260 0 0
2020-04-23 1824 1260 0 0
2020-04-24 1827 1260 0 0
2020-04-25 1820 1260 0 0
2020-04-26 1820 1260 0 0
2020-04-27 1833 1260 0 0
2020-04-28 1841 1260 0 0
2020-04-29 1856 1260 0 0
2020-04-30 1871 1260 0 0
