2020-04-08  990.149 0 0
2020-04-10  966.164 -23.985 -2.422
2020-04-11  966.164 0 0
2020-04-12  966.164 0 0
2020-04-13  930.592 -35.572 -3.682
2020-04-17 2097 1042.452 111.86 12.02
2020-04-18 2105 1042.039 -0.413 -0.04
2020-04-19 2105 1042.039 0 0
2020-04-20 2071 1063.189 21.15 2.03
2020-04-21 2061 1060.587 -2.602 -0.245
2020-04-23 2140 1004.764 -55.823 -5.263
2020-04-24  991.245 -13.519 -1.345
2020-04-29 2144 1019.141 27.896 2.814
2020-04-30 2025 1119.2 100.059 9.818
2020-05-01 2020 1122.802 3.602 0.322
2020-05-02 2018 1122.802 0 0
2020-05-03 2018 1122.802 0 0
2020-05-04 2012 1122.802 0 0
2020-05-05 2011 1122.802 0 0
2020-05-06 1984 1145.428 22.626 2.015
2020-05-07 2004 1126.79 -18.638 -1.627
2020-05-08 1989 1150.575 23.785 2.111
2020-05-09 1994 1152.526 1.951 0.17
2020-05-10 1994 1152.526 0 0
2020-05-11 1984 1159.514 6.988 0.606
2020-05-12 1985 1154.196 -5.318 -0.459
2020-05-13 1996 1140.386 -13.81 -1.197
2020-05-14 1994 1132.941 -7.445 -0.653
2020-05-15 1985 1142.276 9.335 0.824
2020-05-16 1986 1141.359 -0.917 -0.08
2020-05-17 1986 1141.359 0 0
2020-05-18 2125 1033.349 -108.01 -9.463
2020-05-19 2039 1100.325 66.976 6.481
2020-05-20 2092 1061.077 -39.248 -3.567
2020-05-21 2120 1044.384 -16.693 -1.573
2020-05-23 2127 1028.253 -16.131 -1.545
2020-05-24 2127 1028.253 0 0
2020-05-25 2147 1013.011 -15.242 -1.482
2020-05-26 2108 1046.44 33.429 3.3
2020-05-27 2170 1013.127 -33.313 -3.183
2020-05-28 2163 1019.815 6.688 0.66
2020-05-29 2141 1035.516 15.701 1.54
2020-05-30 2139 1037.487 1.971 0.19
2020-05-31 2139 1037.487 0 0
2020-06-01 2100 1074.183 36.696 3.537
2020-06-02 2114 1070.247 -3.936 -0.366
2020-06-03 2130 1067.483 -2.764 -0.258
2020-06-04 2143 1062.876 -4.607 -0.432
2020-06-05 2120 1084.818 21.942 2.064
2020-06-06 2120 1090.283 5.465 0.504
2020-06-07 2120 1090.283 0 0
2020-06-08 2124 1084.348 -5.935 -0.544
2020-06-09 2121 1088.893 4.545 0.419
2020-06-10 2116 1092.777 3.884 0.357
2020-06-11 2060 1137.762 44.985 4.117
2020-06-12 2026 1163.904 26.142 2.298
2020-06-13 2018 1163.18 -0.724 -0.062
2020-06-14 2018 1163.18 0 0
2020-06-15 1996 1178.042 14.862 1.278
2020-06-16 1955 1216.688 38.646 3.281
2020-06-17 1972 1204.898 -11.79 -0.969
2020-06-18 1982 1199.309 -5.589 -0.464
2020-06-19 1984 1199.873 0.564 0.047
2020-06-20 1977 1200.025 0.152 0.013
2020-06-21 1977 1200.025 0 0
2020-06-22 1971 1204.219 4.194 0.349
2020-06-23 1961 1215.327 11.108 0.922
2020-06-24 1961 1215.327 0 0
2020-06-25 1928 1243.748 28.421 2.339
2020-06-26 1922 1243.748 0 0
2020-06-27 1921 1243.748 0 0
2020-06-28 1920 1243.748 0 0
2020-06-29 1810 1364.562 120.814 9.714
2020-06-30 1791 1393.11 28.548 2.092
2020-07-01 1807 1381.58 -11.53 -0.828
2020-07-07 1657 1538.068 156.488 11.327
2020-07-08 1634 1586.722 48.654 3.163
2020-07-09 1618 1614.608 27.886 1.757
2020-07-10 1493 1780.396 165.788 10.268
2020-07-11 1495 1775.568 -4.828 -0.271
2020-07-12 1495 1775.568 0 0
2020-07-13 1376 1949.652 174.084 9.804
2020-07-14 1364 1959.95 10.298 0.528
2020-07-15 1472 1802.891 -157.059 -8.013
2020-07-16 1489 1771.876 -31.015 -1.72
2020-07-17 1518 1734.748 -37.128 -2.095
2020-07-18 1518 1734.748 0 0
2020-07-20 1512 1754.851 20.103 1.159
2020-07-21 1444 1839.663 84.812 4.833
2020-07-22 1452 1839.781 0.118 0.006
2020-07-23 1470 1810.694 -29.087 -1.581
2020-07-24 1547 1698.067 -112.627 -6.22
2020-07-25 1551 1692.937 -5.13 -0.302
2020-07-26 1549 1692.937 0 0
2020-07-27 1554 1689.235 -3.702 -0.219
2020-07-28 1530 1714.472 25.237 1.494
2020-07-29 1486 1782.927 68.455 3.993
2020-07-30 1543 1717.996 -64.931 -3.642
2020-07-31 1514 1749.625 31.629 1.841
