2022-05-20 1641 1783.993 0 0
2022-05-21 2020 1410.993 -373 -26.435
2022-05-22 2020 1410.993 0 0
2022-05-23 2019 1413.161 2.168 0.153
2022-05-24 2026 1401.112 -12.049 -0.86
2022-05-25 2027 1403.167 2.055 0.146
2022-05-26 2025 1409.454 6.287 0.446
2022-05-27 2021 1412.275 2.821 0.2
2022-05-28 2026 1412.275 0 0
2022-05-29 2028 1412.275 0 0
2022-05-30 2034 1412.275 0 0
2022-05-31 2039 1411.074 -1.201 -0.085
2022-06-01 2046 1407.044 -4.03 -0.286
2022-06-03 2044 1409.01 1.966 0.14
2022-06-04 2044 1408.769 -0.241 -0.017
2022-06-05 2044 1408.769 0 0
2022-06-06 2054 1411.566 2.797 0.198
2022-06-07 2062 1412.694 1.128 0.08
2022-06-08 2053 1413.492 0.798 0.056
2022-06-09 2220 1255 -158.492 -12.629
2022-06-10 2045 1396.509 141.509 10.133
2022-06-11 2039 1396.509 0 0
2022-06-12 2039 1396.509 0 0
2022-06-13 2036 1387.394 -9.115 -0.657
2022-06-14 2026 1386.966 -0.428 -0.031
2022-06-15 2023 1391.496 4.53 0.326
2022-06-16 2022 1384.661 -6.835 -0.494
2022-06-17 2024 1386.974 2.313 0.167
2022-06-18 2023 1386.974 0 0
2022-06-19 2023 1386.974 0 0
2022-06-20 2026 1386.974 0 0
2022-06-21 2041 1381.582 -5.392 -0.39
2022-06-22 2033 1380.615 -0.967 -0.07
2022-06-23 2038 1382.953 2.338 0.169
2022-06-24 2043 1392.149 9.196 0.661
2022-06-25 2045 1392.149 0 0
2022-06-26 2045 1392.149 0 0
2022-06-27 2045 1391.609 -0.54 -0.039
2022-06-28 2054 1384.508 -7.101 -0.513
2022-06-29 2039 1387.136 2.628 0.189
2022-06-30 2034 1384.968 -2.168 -0.157
