2019-11-07 1592 1542 0 0
2020-01-19 1662 1525.5 -16.5 -1.07
2020-02-07 1662 1504.5 -21 -1.377
2020-02-15 1670 1504.5 0 0
2020-02-16 1670 1504.5 0 0
2020-02-17 1676 1504.5 0 0
2020-02-18 1677 1504.5 0 0
2020-02-19 1678 1504.5 0 0
2020-02-20 1679 1504.5 0 0
2020-02-21 1677 1504.5 0 0
2020-02-22 1677 1504.5 0 0
2020-02-23 1677 1504.5 0 0
2020-02-24 1661 1504.5 0 0
2020-02-25 1648 1504.5 0 0
2020-02-26 1637 1504.5 0 0
2020-02-27 1630 1504.5 0 0
2020-02-28 1606 1504.5 0 0
2020-02-29 1602 1504.5 0 0
2020-03-01 1609 1504.5 0 0
2020-03-02 1612 1504.5 0 0
2020-03-03 1618 1504.5 0 0
2020-03-04 1625 1504.5 0 0
2020-03-05 1623 1504.5 0 0
2020-03-06 1612 1504.5 0 0
2020-03-07 1607 1504.5 0 0
2020-03-08 1604 1504.5 0 0
2020-03-09 1577 1504.5 0 0
2020-03-10 1570 1504.5 0 0
2020-03-11 1554 1504.5 0 0
2020-03-12 1507 1504.5 0 0
2020-03-13 1494 1504.5 0 0
2020-03-14 1496 1504.5 0 0
2020-03-15 1496 1504.5 0 0
2020-03-16 1457 1504.5 0 0
2020-03-17 1450 1504.5 0 0
2020-03-18 1425 1504.5 0 0
2020-03-19 1411 1504.5 0 0
2020-03-20 1413 1504.5 0 0
2020-03-21 1420 1504.5 0 0
2020-03-22 1420 1504.5 0 0
2020-03-23 1395 1504.5 0 0
2020-03-24 1384 1504.5 0 0
2020-03-25 1430 1504.5 0 0
2020-03-26 1456 1504.5 0 0
2020-03-27 1472 1504.5 0 0
2020-03-28 1462 1504.5 0 0
2020-03-29 1462 1504.5 0 0
2020-03-30 1462 1504.5 0 0
2020-03-31 1465 1504.5 0 0
