2022-06-21 2417 1075.783 0 0
2022-06-22 2393 1087.934 12.151 1.117
2022-06-23 2423 1071.373 -16.561 -1.546
2022-06-24 2431 1077.447 6.074 0.564
2022-06-25 2433 1077.172 -0.275 -0.026
2022-06-26 2434 1077.172 0 0
2022-06-27 2445 1076.688 -0.484 -0.045
2022-06-28 2421 1095.17 18.482 1.688
2022-06-29 2402 1092.713 -2.457 -0.225
2022-06-30 2394 1090.111 -2.602 -0.239
2022-07-01 2405 1085.578 -4.533 -0.418
2022-07-02 2404 1084.771 -0.807 -0.074
2022-07-03 2404 1084.771 0 0
2022-07-04 2409 1084.018 -0.753 -0.069
2022-07-05 2398 1096.073 12.055 1.1
2022-07-06 2361 1108.157 12.084 1.09
2022-07-07 2301 1157.063 48.906 4.227
2022-07-08 2309 1153.339 -3.724 -0.323
2022-07-09 2309 1152.156 -1.183 -0.103
2022-07-10 2308 1152.156 0 0
2022-07-11 2306 1147.785 -4.371 -0.381
2022-07-12 2311 1136.106 -11.679 -1.028
2022-07-13 2297 1143.63 7.524 0.658
2022-07-14 2296 1145.367 1.737 0.152
2022-07-15 2242 1177.492 32.125 2.728
2022-07-16 2246 1177.485 -0.007 -0.001
2022-07-17 2246 1177.485 0 0
2022-07-18 2205 1212.994 35.509 2.927
2022-07-19 2093 1321.884 108.89 8.237
2022-07-20 2171 1265.852 -56.032 -4.426
2022-07-21 2138 1291.266 25.414 1.968
2022-07-22 2174 1259.687 -31.579 -2.507
2022-07-23 2177 1260.889 1.202 0.095
2022-07-24 2176 1260.889 0 0
2022-07-25 2198 1237.844 -23.045 -1.862
2022-07-26 2193 1245.638 7.794 0.626
2022-07-27 2237 1205.976 -39.662 -3.289
2022-07-28 2304 1158.551 -47.425 -4.093
2022-07-29 2292 1171.506 12.955 1.106
2022-07-30 2285 1178.803 7.297 0.619
2022-07-31 2285 1178.803 0 0
