2023-04-06 1756 1747.928 0 0
2023-04-07 1751 1749.837 1.909 0.109
2023-04-08 1750 1749.837 0 0
2023-04-09 1749 1749.837 0 0
2023-04-10 1751 1749.837 0 0
2023-04-11 1764 1736.371 -13.466 -0.77
2023-04-12 1765 1736.371 0 0
2023-04-13 1751 1758.481 22.11 1.273
2023-04-14 1746 1769.748 11.267 0.641
2023-04-15 1753 1763.319 -6.429 -0.363
2023-04-16 1753 1763.319 0 0
2023-04-17 1752 1763.319 0 0
2023-04-18 1761 1748.691 -14.628 -0.83
2023-04-19 1752 1756.167 7.476 0.428
2023-04-20 1746 1755.59 -0.577 -0.033
2023-04-21 1737 1758.674 3.084 0.176
2023-04-22 1737 1757.902 -0.772 -0.044
2023-04-23 1737 1757.902 0 0
2023-04-24 1734 1757.902 0 0
2023-04-25 1717 1766.82 8.918 0.507
2023-04-26 1725 1758.481 -8.339 -0.472
2023-04-27 1722 1769.162 10.681 0.607
2023-04-28 1729 1763.902 -5.26 -0.297
2023-04-29 1725 1768.576 4.674 0.265
