2025-10-30 2093 1848.6 0 0
2025-10-31 2087 1848.6 0 0
2025-11-01 2085 1848.6 0 0
2025-11-02 2085 1848.6 0 0
2025-11-03 2082 1848.6 0 0
2025-11-04 2069 1848.6 0 0
2025-11-05 2069 1848.6 0 0
2025-11-06 2071 1848.6 0 0
2025-11-07 2067 1848.6 0 0
2025-11-08 2068 1848.6 0 0
2025-11-09 2068 1848.6 0 0
2025-11-10 2070 1848.6 0 0
2025-11-11 2072 1848.6 0 0
2025-11-12 2083 1848.6 0 0
2025-11-13 2076 1848.6 0 0
2025-11-14 2071 1848.6 0 0
2025-11-15 2069 1848.6 0 0
2025-11-16 2069 1848.6 0 0
2025-11-17 2063 1848.6 0 0
2025-11-18 2054 1848.6 0 0
2025-11-19 2052 1848.6 0 0
2025-11-20 2047 1848.6 0 0
2025-11-21 2044 1848.6 0 0
2025-11-22 2041 1848.6 0 0
2025-11-23 2041 1848.6 0 0
2025-11-24 2046 1848.6 0 0
2025-11-25 2055 1848.6 0 0
2025-11-26 2065 1848.6 0 0
2025-11-27 2072 1848.6 0 0
2025-11-28 2077 1848.6 0 0
2025-11-29 2078 1848.6 0 0
2025-11-30 2078 1848.6 0 0
2025-12-01 2081 1848.6 0 0
2025-12-02 2073 1848.6 0 0
2025-12-03 2078 1848.6 0 0
2025-12-04 2088 1848.6 0 0
2025-12-05 2089 1848.6 0 0
2025-12-06 2088 1848.6 0 0
2025-12-07 2088 1848.6 0 0
2025-12-08 2084 1848.6 0 0
2025-12-09 2081 1848.6 0 0
2025-12-10 2084 1848.6 0 0
2025-12-11 2080 1848.6 0 0
2025-12-12 2089 1848.6 0 0
2025-12-13 2090 1848.6 0 0
2025-12-14 2089 1848.6 0 0
2025-12-15 2086 1848.6 0 0
2025-12-16 2077 1848.6 0 0
2025-12-17 2075 1848.6 0 0
2025-12-18 2086 1848.6 0 0
2025-12-19 2092 1848.6 0 0
2025-12-20 2090 1848.6 0 0
2025-12-21 2090 1848.6 0 0
2025-12-22 2093 1848.6 0 0
2025-12-23 2096 1848.6 0 0
2025-12-24 2098 1848.6 0 0
2025-12-25 2103 1848.6 0 0
2025-12-26 2102 1848.6 0 0
2025-12-27 2104 1848.6 0 0
2025-12-28 2105 1848.6 0 0
2025-12-29 2096 1848.6 0 0
2025-12-30 2102 1848.6 0 0
2025-12-31 2103 1848.6 0 0
2026-01-01 2101 1848.6 0 0
2026-01-02 2106 1848.6 0 0
2026-01-03 2108 1848.6 0 0
2026-01-05 2112 1848.6 0 0
2026-01-06 2122 1848.6 0 0
2026-01-07 2125 1848.6 0 0
2026-01-08 2124 1848.6 0 0
2026-01-09 2129 1848.6 0 0
2026-01-10 2127 1848.6 0 0
2026-01-11 2127 1848.6 0 0
2026-01-12 2127 1848.6 0 0
2026-01-13 2123 1848.6 0 0
2026-01-14 2131 1848.6 0 0
2026-01-15 2128 1848.6 0 0
2026-01-16 2125 1848.6 0 0
2026-01-17 2124 1848.6 0 0
2026-01-18 2123 1848.6 0 0
2026-01-19 2125 1848.6 0 0
2026-01-20 2117 1848.6 0 0
2026-01-21 2126 1848.6 0 0
2026-01-22 2132 1848.6 0 0
2026-01-23 2138 1848.6 0 0
2026-01-24 2138 1848.6 0 0
2026-01-25 2138 1848.6 0 0
2026-01-26 2136 1848.6 0 0
2026-01-27 2140 1848.6 0 0
2026-01-28 2144 1848.6 0 0
2026-01-29 2145 1848.6 0 0
2026-01-30 2136 1848.6 0 0
2026-01-31 2134 1848.6 0 0
