2019-11-07 1542 1612.951 0 0
2020-01-19 1551 1665.758 52.807 3.274
2020-02-07 1552 1633.925 -31.833 -1.911
2020-02-15 1575 1619.746 -14.179 -0.868
2020-02-16 1576 1619.746 0 0
2020-02-17 1576 1619.746 0 0
2020-02-18 1573 1619.746 0 0
2020-02-19 1583 1611.072 -8.674 -0.536
2020-02-20 1577 1618.195 7.123 0.442
2020-02-21 1578 1608.511 -9.684 -0.598
2020-02-22 1579 1605.802 -2.709 -0.168
2020-02-23 1578 1605.802 0 0
2020-02-24 1567 1605.802 0 0
2020-02-25 1652 1503.233 -102.569 -6.387
2020-02-26 1639 1503.457 0.224 0.015
2020-02-27 1626 1506.179 2.722 0.181
2020-02-28 1619 1495.377 -10.802 -0.717
2020-02-29 1619 1486.384 -8.993 -0.601
2020-03-01 1625 1486.384 0 0
2020-03-02 1630 1486.384 0 0
2020-03-03 1636 1490.192 3.808 0.256
2020-03-04 1627 1503.519 13.327 0.894
2020-03-05 1635 1496.896 -6.623 -0.44
2020-03-06 1629 1488.359 -8.537 -0.57
2020-03-07 1632 1476.729 -11.63 -0.781
2020-03-08 1723 1378.181 -98.548 -6.673
2020-03-09 1699 1378.181 0 0
2020-03-10 1727 1334.181 -44 -3.193
2020-03-11 1695 1348.588 14.407 1.08
2020-03-12 1658 1346.652 -1.936 -0.144
2020-03-13 1651 1329.327 -17.325 -1.287
2020-03-14 1645 1337.429 8.102 0.609
2020-03-15 1645 1337.429 0 0
2020-03-16 1612 1337.429 0 0
2020-03-17 1609 1334.87 -2.559 -0.191
2020-03-18 1595 1326.111 -8.759 -0.656
2020-03-19 1608 1294.146 -31.965 -2.41
2020-03-20 1602 1296.221 2.075 0.16
2020-03-21 1605 1297.504 1.283 0.099
2020-03-22 1605 1297.504 0 0
2020-03-23 1585 1297.504 0 0
2020-03-24 1578 1293.774 -3.73 -0.287
2020-03-25 1604 1301.819 8.045 0.622
2020-03-26 1632 1301.865 0.046 0.004
2020-03-27 1644 1313.661 11.796 0.906
2020-03-28 1645 1300.472 -13.189 -1.004
2020-03-29 1645 1300.472 0 0
2020-03-30 1645 1300.472 0 0
2020-03-31 1641 1297.043 -3.429 -0.264
