2021-04-09 638 4603.212 0 0
2021-04-10 636 4599.929 -3.283 -0.071
2021-04-11 636 4599.929 0 0
2021-04-12 635 4599.929 0 0
2021-04-13 633 4599.929 0 0
2021-04-14 636 4614.192 14.263 0.31
2021-04-15 632 4630.206 16.014 0.347
2021-04-16 632 4631.314 1.108 0.024
2021-04-17 633 4634.643 3.329 0.072
2021-04-18 634 4634.643 0 0
2021-04-19 631 4634.643 0 0
2021-04-20 627 4650.24 15.597 0.337
2021-04-21 626 4661.446 11.206 0.241
2021-04-22 627 4653.596 -7.85 -0.168
2021-04-23 631 4651.359 -2.237 -0.048
2021-04-24 631 4651.359 0 0
2021-04-25 631 4662.007 10.648 0.229
2021-04-26 631 4662.007 0 0
2021-04-27 632 4674.964 12.957 0.278
2021-04-28 633 4674.399 -0.565 -0.012
2021-04-29 635 4677.224 2.825 0.06
2021-04-30 632 4686.289 9.065 0.194
2021-05-01 633 4657.518 -28.771 -0.614
2021-05-02 632 4657.518 0 0
2021-05-03 630 4657.518 0 0
2021-05-04 631 4671.577 14.059 0.302
2021-05-05 634 4655.276 -16.301 -0.349
2021-05-06 640 4644.658 -10.618 -0.228
2021-05-07 630 4665.38 20.722 0.446
2021-05-08 629 4697.669 32.289 0.692
2021-05-09 629 4697.669 0 0
2021-05-10 629 4697.669 0 0
2021-05-11 630 4704.523 6.854 0.146
2021-05-12 628 4705.095 0.572 0.012
2021-05-13 626 4672.141 -32.954 -0.7
2021-05-14 634 4671.577 -0.564 -0.012
2021-05-15 632 4694.249 22.672 0.485
2021-05-16 632 4694.249 0 0
2021-05-17 636 4694.249 0 0
2021-05-18 639 4698.81 4.561 0.097
2021-05-19 631 4727.517 28.707 0.611
2021-05-20 632 4726.362 -1.155 -0.024
2021-05-21 629 4726.362 0 0
2021-05-22 630 4715.992 -10.37 -0.219
2021-05-23 630 4715.992 0 0
2021-05-24 632 4715.992 0 0
2021-05-25 635 4715.992 0 0
2021-05-26 633 4737.358 21.366 0.453
2021-05-27 636 4726.94 -10.418 -0.22
2021-05-28 639 4720.595 -6.345 -0.134
2021-05-29 641 4713.12 -7.475 -0.158
2021-05-30 641 4713.12 0 0
2021-05-31 645 4713.12 0 0
