2019-11-07 222 7867.07 0 0
2020-01-19 227 8178.139 311.069 3.954
2020-02-07 222 8071.401 -106.738 -1.305
2020-02-15 220 8056.245 -15.156 -0.188
2020-02-16 219 8056.245 0 0
2020-02-17 220 8109.339 53.094 0.659
2020-02-18 221 8014.868 -94.471 -1.165
2020-02-19 219 8111.127 96.259 1.201
2020-02-20 217 8102.785 -8.342 -0.103
2020-02-21 221 8002.83 -99.955 -1.234
2020-02-22 218 8073.175 70.345 0.879
2020-02-23 218 8073.175 0 0
2020-02-24 230 7766.602 -306.573 -3.797
2020-02-25 227 7732.938 -33.664 -0.433
2020-02-26 224 7754.875 21.937 0.284
2020-02-27 240 7413.949 -340.926 -4.396
2020-02-28 239 7295.852 -118.097 -1.593
2020-02-29 234 7262.966 -32.886 -0.451
