2020-01-19 428 5000 0 0
2020-02-07 423 5000 0 0
2020-02-15 426 5000 0 0
2020-02-16 425 5000 0 0
2020-02-17 427 5000 0 0
2020-02-18 423 5000 0 0
2020-02-19 427 5000 0 0
2020-02-20 426 5000 0 0
2020-02-21 425 5000 0 0
2020-02-22 426 5000 0 0
2020-02-23 426 5000 0 0
2020-02-24 417 5000 0 0
2020-02-25 410 5000 0 0
2020-02-26 408 5000 0 0
2020-02-27 407 5000 0 0
2020-02-28 401 5000 0 0
2020-02-29 399 5000 0 0
2020-03-01 399 5000 0 0
2020-03-02 403 5000 0 0
2020-03-03 407 5000 0 0
2020-03-04 404 5000 0 0
2020-03-05 410 5000 0 0
2020-03-06 401 5000 0 0
2020-03-07 398 5000 0 0
2020-03-08 402 5000 0 0
2020-03-09 392 5000 0 0
2020-03-10 389 5000 0 0
2020-03-11 384 5000 0 0
2020-03-12 366 5000 0 0
2020-03-13 363 5000 0 0
2020-03-14 362 5000 0 0
2020-03-15 362 5000 0 0
2020-03-16 350 5000 0 0
2020-03-17 347 5000 0 0
2020-03-18 339 5000 0 0
2020-03-19 334 5000 0 0
2020-03-20 341 5000 0 0
2020-03-21 342 5000 0 0
2020-03-22 342 5000 0 0
2020-03-23 329 5000 0 0
2020-03-24 327 5000 0 0
2020-03-25 343 5000 0 0
2020-03-26 352 5000 0 0
2020-03-27 363 5000 0 0
2020-03-28 357 5000 0 0
2020-03-29 357 5000 0 0
2020-03-30 357 5000 0 0
2020-03-31 358 5000 0 0
2020-04-01 359 5000 0 0
2020-04-02 353 5000 0 0
2020-04-03 352 5000 0 0
2020-04-04 346 5000 0 0
2020-04-05 346 5000 0 0
2020-04-06 346 5000 0 0
2020-04-07 365 5000 0 0
2020-04-08 371 5000 0 0
2020-04-10 377 5000 0 0
2020-04-11 377 5000 0 0
2020-04-12 377 5000 0 0
2020-04-13 378 5000 0 0
2020-04-14 376 5000 0 0
2020-04-15 379 5000 0 0
2020-04-17 378 5000 0 0
2020-04-18 383 5000 0 0
2020-04-19 383 5000 0 0
2020-04-20 385 5000 0 0
2020-04-21 382 5000 0 0
2020-04-23 378 5000 0 0
2020-04-24 377 5000 0 0
2020-04-25 377 5000 0 0
2020-04-26 377 5000 0 0
2020-04-27 381 5000 0 0
2020-04-28 386 5000 0 0
2020-04-29 385 5000 0 0
2020-04-30 390 5000 0 0
2020-05-01 392 5000 0 0
2020-05-02 387 5000 0 0
2020-05-03 387 5000 0 0
2020-05-04 381 5000 0 0
2020-05-05 385 5000 0 0
2020-05-06 386 5000 0 0
2020-05-07 383 5000 0 0
2020-05-08 390 5000 0 0
2020-05-09 390 5000 0 0
2020-05-10 391 5000 0 0
2020-05-11 390 5000 0 0
2020-05-12 391 5000 0 0
2020-05-13 388 5000 0 0
2020-05-14 387 5000 0 0
2020-05-15 388 5000 0 0
2020-05-16 388 5000 0 0
2020-05-17 388 5000 0 0
2020-05-18 387 5000 0 0
2020-05-19 394 5000 0 0
2020-05-20 394 5000 0 0
2020-05-21 393 5000 0 0
2020-05-22 395 5000 0 0
2020-05-23 393 5000 0 0
2020-05-24 393 5000 0 0
2020-05-25 394 5000 0 0
2020-05-26 396 5000 0 0
2020-05-27 396 5000 0 0
2020-05-28 404 5000 0 0
2020-05-29 411 5000 0 0
2020-05-30 414 5000 0 0
2020-05-31 414 5000 0 0
2020-06-01 414 5000 0 0
2020-06-02 420 5000 0 0
2020-06-03 420 5000 0 0
2020-06-04 423 5000 0 0
2020-06-05 428 5000 0 0
2020-06-06 431 5000 0 0
2020-06-07 431 5000 0 0
2020-06-08 433 5000 0 0
2020-06-09 433 5000 0 0
2020-06-10 430 5000 0 0
2020-06-11 420 5000 0 0
2020-06-12 415 5000 0 0
2020-06-13 416 5000 0 0
2020-06-14 416 5000 0 0
2020-06-15 422 5000 0 0
2020-06-16 427 5000 0 0
2020-06-17 424 5000 0 0
2020-06-18 426 5000 0 0
2020-06-19 423 5000 0 0
2020-06-20 422 5000 0 0
2020-06-21 422 5000 0 0
2020-06-22 430 5000 0 0
2020-06-23 431 5000 0 0
2020-06-24 431 5000 0 0
2020-06-25 423 5000 0 0
2020-06-26 421 5000 0 0
2020-06-27 420 5000 0 0
2020-06-28 420 5000 0 0
2020-06-29 419 5000 0 0
2020-06-30 422 5000 0 0
