2021-04-09 2241 1354 0 0
2021-04-10 2241 1354 0 0
2021-04-11 2243 1354 0 0
2021-04-12 2233 1354 0 0
2021-04-13 2232 1354 0 0
2021-04-14 2235 1354 0 0
2021-04-15 2240 1354 0 0
2021-04-16 2248 1354 0 0
2021-04-17 2249 1354 0 0
2021-04-18 2249 1354 0 0
2021-04-19 2256 1354 0 0
2021-04-20 2256 1354 0 0
2021-04-21 2265 1354 0 0
2021-04-22 2269 1354 0 0
2021-04-23 2273 1354 0 0
2021-04-24 2273 1354 0 0
2021-04-25 2273 1354 0 0
2021-04-26 2288 1354 0 0
2021-04-27 2294 1354 0 0
2021-04-28 2296 1354 0 0
2021-04-29 2287 1354 0 0
2021-04-30 2287 1354 0 0
2021-05-01 2284 1354 0 0
2021-05-02 2283 1354 0 0
2021-05-03 2280 1354 0 0
2021-05-04 2283 1354 0 0
2021-05-05 2280 1354 0 0
2021-05-06 2271 1354 0 0
2021-05-07 2270 1354 0 0
2021-05-08 2273 1354 0 0
2021-05-09 2273 1354 0 0
2021-05-10 2274 1354 0 0
2021-05-11 2278 1354 0 0
2021-05-12 2275 1354 0 0
2021-05-13 2272 1354 0 0
2021-05-14 2277 1354 0 0
2021-05-15 2283 1354 0 0
2021-05-16 2283 1354 0 0
2021-05-17 2282 1354 0 0
2021-05-18 2293 1354 0 0
2021-05-19 2292 1354 0 0
2021-05-20 2291 1354 0 0
2021-05-21 2292 1354 0 0
2021-05-22 2294 1354 0 0
2021-05-24 2295 1354 0 0
2021-05-25 2295 1354 0 0
2021-05-26 2299 1354 0 0
2021-05-27 2303 1354 0 0
2021-05-28 2302 1354 0 0
2021-05-29 2300 1354 0 0
2021-05-30 2300 1354 0 0
2021-05-31 2311 1354 0 0
