2025-04-02 386 7930.907 0 0
2025-04-03 377 7944.354 13.447 0.17
2025-04-04 392 7603.227 -341.127 -4.294
2025-04-05 388 7602.486 -0.741 -0.01
2025-04-06 388 7602.486 0 0
2025-04-07 387 7487.319 -115.167 -1.515
2025-04-08 390 7445.273 -42.046 -0.562
2025-04-09 382 7742.189 296.916 3.988
2025-04-10 391 7645.865 -96.324 -1.244
2025-04-11 376 7832.521 186.656 2.441
2025-04-12 377 7833.839 1.318 0.017
2025-04-13 377 7833.839 0 0
2025-04-14 371 7960.896 127.057 1.622
2025-04-15 366 8144.986 184.09 2.312
2025-04-16 367 8094.93 -50.056 -0.615
2025-04-17 365 8153.824 58.894 0.728
2025-04-18 365 8153.872 0.048 0.001
2025-04-19 365 8153.872 0 0
2025-04-20 365 8153.872 0 0
2025-04-21 365 8092.012 -61.86 -0.759
2025-04-22 365 8164.977 72.965 0.902
2025-04-23 370 8156.31 -8.667 -0.106
2025-04-24 374 8156.761 0.451 0.006
2025-04-25 374 8143.685 -13.076 -0.16
2025-04-26 374 8143.759 0.074 0.001
2025-04-27 374 8143.759 0 0
2025-04-28 375 8169.659 25.9 0.318
2025-04-29 372 8235.022 65.363 0.8
2025-04-30 368 8292.951 57.929 0.703
2025-05-01 371 8284.52 -8.431 -0.102
2025-05-02 372 8241.963 -42.557 -0.514
2025-05-03 375 8242.277 0.314 0.004
2025-05-04 374 8242.277 0 0
2025-05-05 373 8284.665 42.388 0.514
2025-05-06 372 8294.043 9.378 0.113
2025-05-07 367 8381.725 87.682 1.057
2025-05-08 371 8329.664 -52.061 -0.621
2025-05-09 368 8341.801 12.137 0.146
2025-05-10 368 8341.68 -0.121 -0.001
2025-05-11 368 8341.68 0 0
2025-05-12 380 8250.634 -91.046 -1.091
2025-05-13 380 8233.07 -17.564 -0.213
2025-05-14 382 8261.757 28.687 0.348
2025-05-15 376 8418.921 157.164 1.902
2025-05-16 371 8473.204 54.283 0.645
2025-05-17 371 8473.263 0.059 0.001
2025-05-18 371 8473.263 0 0
2025-05-19 364 8568.087 94.824 1.119
2025-05-20 364 8640.391 72.304 0.844
2025-05-21 360 8609.156 -31.235 -0.361
2025-05-22 361 8575.089 -34.067 -0.396
2025-05-23 359 8607.629 32.54 0.379
2025-05-24 359 8607.629 0 0
2025-05-25 360 8608.143 0.514 0.006
2025-05-26 362 8608.091 -0.052 -0.001
2025-05-27 364 8597.854 -10.237 -0.119
2025-05-28 358 8655.618 57.764 0.672
2025-05-29 358 8651.756 -3.862 -0.045
2025-05-30 357 8729.605 77.849 0.9
2025-05-31 357 8729.868 0.263 0.003
2025-06-01 357 8729.868 0 0
2025-06-02 359 8687.876 -41.992 -0.481
2025-06-03 366 8597.243 -90.633 -1.043
2025-06-04 362 8630.647 33.404 0.389
2025-06-05 365 8614.884 -15.763 -0.183
2025-06-06 369 8604.568 -10.316 -0.12
2025-06-07 369 8604.417 -0.151 -0.002
2025-06-08 369 8604.417 0 0
2025-06-09 373 8523.904 -80.513 -0.936
2025-06-10 373 8503.118 -20.786 -0.244
2025-06-11 369 8597.579 94.461 1.111
2025-06-12 365 8677.501 79.922 0.93
2025-06-13 364 8612.138 -65.363 -0.753
2025-06-14 364 8612.215 0.077 0.001
2025-06-15 364 8612.215 0 0
2025-06-16 363 8647.488 35.273 0.41
2025-06-17 361 8640.937 -6.551 -0.076
2025-06-18 360 8638.125 -2.812 -0.033
2025-06-19 357 8637.563 -0.562 -0.007
2025-06-20 363 8564.768 -72.795 -0.843
2025-06-21 362 8564.591 -0.177 -0.002
2025-06-22 362 8564.591 0 0
2025-06-23 357 8635.024 70.433 0.822
2025-06-24 361 8679.85 44.826 0.519
2025-06-25 366 8629.652 -50.198 -0.578
2025-06-26 364 8680.231 50.579 0.586
2025-06-27 364 8705.702 25.471 0.293
2025-06-28 364 8705.608 -0.094 -0.001
2025-06-29 364 8705.608 0 0
2025-06-30 360 8816.073 110.465 1.269
2025-07-01 361 8834.755 18.682 0.212
2025-07-02 365 8731.946 -102.809 -1.164
2025-07-03 363 8814.689 82.743 0.948
2025-07-04 362 8814.945 0.256 0.003
2025-07-05 362 8814.945 0 0
2025-07-06 362 8814.945 0 0
2025-07-07 362 8817.411 2.466 0.028
2025-07-08 361 8789.563 -27.848 -0.316
2025-07-09 363 8778.303 -11.26 -0.128
2025-07-10 363 8832.492 54.189 0.617
2025-07-11 365 8749.299 -83.193 -0.942
2025-07-12 366 8749.272 -0.027 0
2025-07-13 366 8749.272 0 0
2025-07-14 343 9267.925 518.653 5.928
2025-07-15 348 9136.395 -131.53 -1.419
2025-07-16 348 9165.357 28.962 0.317
2025-07-17 350 9097.559 -67.798 -0.74
2025-07-18 350 9097.928 0.369 0.004
2025-07-19 350 9098.094 0.166 0.002
2025-07-20 350 9098.094 0 0
2025-07-21 358 8896.167 -201.927 -2.219
2025-07-22 363 8868.461 -27.706 -0.311
2025-07-23 364 8899.181 30.72 0.346
2025-07-24 361 8969.592 70.411 0.791
2025-07-25 367 8897.449 -72.143 -0.804
2025-07-26 365 8897.061 -0.388 -0.004
2025-07-27 365 8897.061 0 0
2025-07-28 369 8804.832 -92.229 -1.037
2025-07-29 372 8784.713 -20.119 -0.228
2025-07-30 373 8769.57 -15.143 -0.172
2025-07-31 371 8808.659 39.089 0.446
2025-08-01 365 8814.543 5.884 0.067
2025-08-02 366 8814.703 0.16 0.002
2025-08-03 366 8814.703 0 0
2025-08-04 362 8909.181 94.478 1.072
2025-08-05 371 8771.224 -137.957 -1.548
2025-08-06 405 8086.611 -684.613 -7.805
2025-08-07 398 8141.843 55.232 0.683
2025-08-08 407 8086.972 -54.871 -0.674
2025-08-09 408 8086.999 0.027 0
2025-08-10 408 8086.999 0 0
2025-08-11 421 7908.07 -178.929 -2.213
2025-08-12 438 7754.198 -153.872 -1.946
2025-08-13 439 7734.588 -19.61 -0.253
2025-08-14 447 7668.638 -65.95 -0.853
2025-08-15 434 7789.667 121.029 1.578
2025-08-16 434 7789.603 -0.064 -0.001
2025-08-17 434 7789.603 0 0
2025-08-18 431 7845.427 55.824 0.717
2025-08-19 426 7915.052 69.625 0.887
2025-08-20 426 7942.938 27.886 0.352
2025-08-21 425 7953.969 11.031 0.139
2025-08-22 421 8038.437 84.468 1.062
2025-08-23 424 8038.715 0.278 0.003
2025-08-24 424 8038.715 0 0
2025-08-25 429 7974.132 -64.583 -0.803
2025-08-26 431 7919.494 -54.638 -0.685
2025-08-27 429 7911.887 -7.607 -0.096
2025-08-28 426 8028.292 116.405 1.471
2025-08-29 427 8006.227 -22.065 -0.275
2025-08-30 428 8006.395 0.168 0.002
2025-08-31 430 8006.395 0 0
2025-09-01 431 8006.395 0 0
2025-09-02 428 8007.538 1.143 0.014
2025-09-03 427 8002.132 -5.406 -0.068
2025-09-04 423 8045.933 43.801 0.547
2025-09-05 437 7903.461 -142.472 -1.771
2025-09-06 437 7903.515 0.054 0.001
2025-09-07 437 7903.515 0 0
2025-09-08 443 7866.052 -37.463 -0.474
2025-09-09 434 7938.101 72.049 0.916
2025-09-10 455 7760.16 -177.941 -2.242
2025-09-11 445 7864.247 104.087 1.341
2025-09-12 446 7846.265 -17.982 -0.229
2025-09-13 445 7846.23 -0.035 0
2025-09-14 445 7846.23 0 0
2025-09-15 452 7784.876 -61.354 -0.782
2025-09-16 463 7732.82 -52.056 -0.669
2025-09-17 468 7715.907 -16.913 -0.219
2025-09-18 509 7419.113 -296.794 -3.847
2025-09-19 494 7484.49 65.377 0.881
2025-09-20 493 7484.615 0.125 0.002
2025-09-21 493 7484.615 0 0
2025-09-22 489 7504.578 19.963 0.267
2025-09-23 497 7425.24 -79.338 -1.057
2025-09-24 514 7318.93 -106.31 -1.432
2025-09-25 510 7326.925 7.995 0.109
2025-09-26 515 7294.754 -32.171 -0.439
2025-09-27 516 7294.658 -0.096 -0.001
2025-09-28 516 7294.658 0 0
2025-09-29 525 7265.765 -28.893 -0.396
2025-09-30 529 7236.594 -29.171 -0.401
2025-10-01 539 7141.541 -95.053 -1.314
2025-10-02 542 7105.098 -36.443 -0.51
2025-10-03 537 7155.373 50.275 0.708
2025-10-04 537 7155.464 0.091 0.001
2025-10-05 537 7155.464 0 0
2025-10-06 538 7122.601 -32.863 -0.459
2025-10-07 543 7105.764 -16.837 -0.236
2025-10-08 543 7111.291 5.527 0.078
2025-10-09 548 7056.282 -55.009 -0.774
2025-10-10 536 7101.808 45.526 0.645
2025-10-11 534 7101.825 0.017 0
2025-10-12 534 7101.825 0 0
2025-10-13 534 7140.789 38.964 0.549
2025-10-14 514 7213.808 73.019 1.023
2025-10-15 503 7373.239 159.431 2.21
2025-10-16 523 7272.25 -100.989 -1.37
2025-10-17 512 7347.007 74.757 1.028
2025-10-18 511 7346.947 -0.06 -0.001
2025-10-19 512 7346.947 0 0
2025-10-20 510 7426.743 79.796 1.086
2025-10-21 511 7433.071 6.328 0.085
2025-10-22 502 7505.562 72.491 0.975
2025-10-23 502 7516.615 11.053 0.147
2025-10-24 507 7487.299 -29.316 -0.39
2025-10-25 505 7487.143 -0.156 -0.002
2025-10-26 505 7487.143 0 0
2025-10-27 511 7479.377 -7.766 -0.104
2025-10-28 515 7462.25 -17.127 -0.229
2025-10-29 545 7150.777 -311.473 -4.174
2025-10-30 532 7207.681 56.904 0.796
2025-10-31 536 7157.884 -49.797 -0.691
2025-11-01 537 7157.759 -0.125 -0.002
2025-11-02 537 7157.759 0 0
2025-11-03 522 7249.409 91.65 1.28
2025-11-04 551 6934.524 -314.885 -4.344
2025-11-05 560 6853.496 -81.028 -1.168
2025-11-06 569 6671.683 -181.813 -2.653
2025-11-07 571 6623.321 -48.362 -0.725
2025-11-08 571 6623.556 0.235 0.004
2025-11-09 571 6623.556 0 0
2025-11-10 581 6555.131 -68.425 -1.033
2025-11-11 575 6612.83 57.699 0.88
2025-11-12 574 6648.065 35.235 0.533
2025-11-13 567 6726.249 78.184 1.176
2025-11-14 560 6746.384 20.135 0.299
2025-11-15 560 6746.306 -0.078 -0.001
2025-11-16 561 6746.306 0 0
2025-11-17 569 6608.872 -137.434 -2.037
2025-11-18 571 6558.118 -50.754 -0.768
2025-11-19 573 6511.224 -46.894 -0.715
2025-11-20 580 6421.247 -89.977 -1.382
2025-11-21 568 6535.018 113.771 1.772
2025-11-22 568 6534.753 -0.265 -0.004
2025-11-23 568 6534.753 0 0
2025-11-24 576 6448.527 -86.226 -1.319
2025-11-25 573 6490.614 42.087 0.653
2025-11-26 576 6498.284 7.67 0.118
2025-11-27 579 6498.556 0.272 0.004
2025-11-28 573 6549.996 51.44 0.792
2025-11-29 575 6550.498 0.502 0.008
2025-11-30 577 6550.498 0 0
