2023-02-23 684 4066.391 0 0
2023-02-24 683 4063.37 -3.021 -0.074
2023-02-25 685 4042.381 -20.989 -0.517
2023-02-27 685 4049.579 7.198 0.178
2023-03-02 1414 2118.012 -1931.567 -47.698
2023-03-03 1422 2105.381 -12.631 -0.596
2023-03-04 1428 2102.927 -2.454 -0.117
2023-03-06 1427 2106.395 3.468 0.165
2023-03-07 1420 2108.613 2.218 0.105
2023-03-08 1426 2105.426 -3.187 -0.151
2023-03-09 1421 2088.624 -16.802 -0.798
2023-03-10 1416 2078.87 -9.754 -0.467
2023-03-11 1397 2102.198 23.328 1.122
2023-03-12 1397 2102.198 0 0
2023-03-13 1426 2067.229 -34.969 -1.663
2023-03-16 1429 2042.537 -24.692 -1.194
2023-03-18 1440 2040.675 -1.862 -0.091
2023-03-19 1441 2040.675 0 0
2023-03-20 1437 2044.159 3.484 0.171
2023-03-21 1424 2084.402 40.243 1.969
2023-03-22 1430 2072.374 -12.028 -0.577
2023-03-23 1432 2072.687 0.313 0.015
2023-03-25 1458 2020.316 -52.371 -2.527
2023-03-27 1454 2027.359 7.043 0.349
2023-03-30 1440 2072.209 44.85 2.212
