2022-01-28 2426 1129.481 0 0
2022-01-29 2424 1129.286 -0.195 -0.017
2022-01-30 2427 1129.286 0 0
2022-01-31 2433 1129.286 0 0
2022-02-01 2434 1129.286 0 0
2022-02-02 2441 1129.286 0 0
2022-02-03 2435 1129.286 0 0
2022-02-04 2436 1129.286 0 0
2022-02-05 2435 1129.286 0 0
2022-02-06 2435 1129.286 0 0
2022-02-07 2459 1115.078 -14.208 -1.258
2022-02-08 2448 1127.883 12.805 1.148
2022-02-09 2443 1142.174 14.291 1.267
2022-02-10 2429 1143.152 0.978 0.086
2022-02-11 2408 1163.832 20.68 1.809
2022-02-12 2394 1163.795 -0.037 -0.003
2022-02-13 2454 1116.153 -47.642 -4.094
2022-02-14 2475 1097.356 -18.797 -1.684
2022-02-15 2516 1064.62 -32.736 -2.983
2022-02-16 2529 1054.243 -10.377 -0.975
2022-02-17 2502 1081.532 27.289 2.588
2022-02-18 2490 1083.903 2.371 0.219
2022-02-19 2483 1085.702 1.799 0.166
2022-02-20 2483 1085.702 0 0
2022-02-21 2532 1044.913 -40.789 -3.757
2022-02-22  998.125 -46.788 -4.478
2022-02-24  967.241 -30.884 -3.094
2022-03-01  978.012 10.771 1.114
2026-05-14 3316 1049.457 0 0
2026-05-15 3371 1014.014 0 0
2026-05-16 3397 990.022 0 0
2026-05-21 3268 1088.723 0 0
2026-05-22 3090 1186.207 0 0
2026-05-23 3001 1240.849 0 0
2026-05-24 2998 1242.931 0 0
2026-05-25 2885 1319.166 0 0
2026-05-26 2969 1269.459 0 0
2026-05-27 2956 1276.999 0 0
2026-05-28 2802 1372.601 0 0
2026-05-29 2872 1321.994 0 0
2026-05-30 2886 1312.212 0 0
2026-05-31 2884 1314.441 0 0
2026-06-01 2818 1366.582 0 0
2026-06-02 2663 1483.759 0 0
2026-06-03 2534 1580.985 0 0
2026-06-04 2421 1678.21 0 0
2026-06-05 2378 1721.223 0 0
2026-06-06 2371 1716.134 0 0
2026-06-07 2369 1717.528 0 0
2026-06-09 2548 1555.835 0 0
2026-06-10 2447 1627.06 0 0
2026-06-11 2467 1608.941 0 0
2026-06-12 2648 1480.087 0 0
2026-06-13 2659 1468.092 0 0
2026-06-14 2661 1471.588 0 0
2026-06-16 2309 1794.026 0 0
2026-06-17 2252 1853.548 0 0
2026-06-18 1736 2401.282 0 0
2026-06-19 1734 2404.865 0 0
2026-06-20 1731 2403.051 0 0
2026-06-21 1731 2403.051 0 0
2026-06-22 1590 2628.373 0 0
2026-06-23 1679 2474.884 0 0
2026-06-24 1700 2440.857 0 0
2026-06-25 1611 2568.762 0 0
2026-06-26 1538 2706.804 0 0
2026-06-27 1515 2760.461 0 0
2026-06-28 1515 2759.974 0 0
2026-06-29 1450 2879.391 0 0
2026-06-30 1513 2767.786 0 0
2026-07-01 1551 2695.386 0 0
2026-07-02 1600 2606.446 0 0
2026-07-03 1660 2533.439 0 0
2026-07-04 1723 2427.854 0 0
2026-07-05 1723 2427.854 0 0
2026-07-06 1739 2404.649 0 0
2026-07-07 1775 2339.787 0 0
2026-07-08 1892 2185.205 0 0
2026-07-09 2076 1974.275 0 0
2026-07-10 2003 2068.608 0 0
2026-07-11 2112 1960.892 0 0
2026-07-12 2108 1965.26 0 0
2026-07-13 2314 1773.519 0 0
2026-07-14 2304 1775.199 0 0
2026-07-15 2191 1890.246 0 0
2026-07-16 2356 1748.533 0 0
2026-07-17 2549 1556.909 0 0
2026-07-18 2644 1478.305 0 0
2026-07-19 2644 1476.298 0 0
2026-07-20 2743 1398.745 0 0
2026-07-21 2755 1386.706 0 0
2026-07-22 2453 1640.714 0 0
2026-07-23 2467 1624.122 0 0
2026-07-24 2592 1505.242 0 0
