2019-11-07 78 16529.768 0 0
2020-01-19 74 17132.126 602.358 3.644
2020-02-07 74 16778.641 -353.485 -2.063
2020-02-15 72 17098.092 319.451 1.904
2020-02-16 72 17098.092 0 0
2020-02-17 73 17069.396 -28.696 -0.168
2020-02-18 72 17069.396 0 0
2020-02-19 75 16994.677 -74.719 -0.438
2020-02-20 74 17087.547 92.87 0.546
2020-02-21 74 17092.211 4.664 0.027
2020-02-22 74 16956.573 -135.638 -0.794
2020-02-23 74 16956.573 0 0
2020-02-24 73 16956.573 0 0
2020-02-25 76 16482.1 -474.473 -2.798
2020-02-26 42 24336.862 7854.762 47.656
2020-02-27 41 24527.805 190.943 0.785
2020-02-28 40 23547.509 -980.296 -3.997
2020-02-29 41 23148.149 -399.36 -1.696
