2021-04-09 2196 1395.832 0 0
2021-04-10 2195 1393.725 -2.107 -0.151
2021-04-11 2196 1393.725 0 0
2021-04-12 2238 1351.639 -42.086 -3.02
2021-04-13 2255 1335.513 -16.126 -1.193
2021-04-14 2221 1365.584 30.071 2.252
2021-04-15 2256 1344.654 -20.93 -1.533
2021-04-16 2265 1341.943 -2.711 -0.202
2021-04-17 2262 1343.938 1.995 0.149
2021-04-18 2262 1343.938 0 0
2021-04-19 2244 1363.845 19.907 1.481
2021-04-20 2234 1373.628 9.783 0.717
2021-04-21 2246 1368.783 -4.845 -0.353
2021-04-22 2239 1376.811 8.028 0.587
2021-04-23 2214 1403.349 26.538 1.927
2021-04-24 2214 1403.349 0 0
2021-04-25 2214 1402.268 -1.081 -0.077
2021-04-26 2273 1366.514 -35.754 -2.55
2021-04-27 2251 1382.225 15.711 1.15
2021-04-28 2136 1479.769 97.544 7.057
2021-04-29 2090 1511.649 31.88 2.154
2021-04-30 2138 1476.078 -35.571 -2.353
2021-05-01 2138 1474.869 -1.209 -0.082
2021-05-02 2137 1474.869 0 0
2021-05-03 2133 1474.869 0 0
2021-05-04 2129 1474.869 0 0
2021-05-05 2131 1474.869 0 0
2021-05-06 2214 1396.47 -78.399 -5.316
2021-05-07 2253 1365.625 -30.845 -2.209
2021-05-08 2257 1368.86 3.235 0.237
2021-05-09 2257 1368.86 0 0
2021-05-10 2314 1320.929 -47.931 -3.502
2021-05-11 2316 1320.215 -0.714 -0.054
2021-05-12 2289 1345.971 25.756 1.951
2021-05-13 2261 1361.483 15.512 1.152
2021-05-14 2208 1415.203 53.72 3.946
2021-05-15 2205 1419.602 4.399 0.311
2021-05-16 2205 1419.602 0 0
2021-05-17 2198 1431.362 11.76 0.828
2021-05-18 2219 1413.364 -17.998 -1.257
2021-05-19 2178 1459.312 45.948 3.251
2021-05-20 2103 1517.939 58.627 4.017
2021-05-21 2138 1487.035 -30.904 -2.036
2021-05-22 2139 1487.474 0.439 0.03
2021-05-23 2139 1487.474 0 0
2021-05-24 2187 1456.066 -31.408 -2.111
2021-05-25 2186 1458.739 2.673 0.184
2021-05-26 2139 1498.796 40.057 2.746
2021-05-27 2145 1492.839 -5.957 -0.397
2021-05-28 2122 1510.494 17.655 1.183
2021-05-29 2118 1512.89 2.396 0.159
2021-05-30 2118 1512.89 0 0
2021-05-31 2054 1580.299 67.409 4.456
