2020-01-19 711 3527.5 0 0
2020-02-07 691 3527.5 0 0
2020-02-15 695 3527.5 0 0
2020-02-16 695 3527.5 0 0
2020-02-17 697 3527.5 0 0
2020-02-18 700 3527.5 0 0
2020-02-19 699 3527.5 0 0
2020-02-20 697 3527.5 0 0
2020-02-21 692 3527.5 0 0
2020-02-22 691 3527.5 0 0
2020-02-23 691 3527.5 0 0
2020-02-24 685 3527.5 0 0
2020-02-25 675 3527.5 0 0
2020-02-26 668 3527.5 0 0
2020-02-27 660 3527.5 0 0
2020-02-28 651 3527.5 0 0
2020-02-29 645 3527.5 0 0
2020-03-01 648 3527.5 0 0
2020-03-02 656 3527.5 0 0
2020-03-03 660 3527.5 0 0
2020-03-04 662 3527.5 0 0
2020-03-05 666 3527.5 0 0
2020-03-06 660 3527.5 0 0
2020-03-07 659 3527.5 0 0
2020-03-08 659 3527.5 0 0
2020-03-09 642 3527.5 0 0
2020-03-10 637 3527.5 0 0
2020-03-11 631 3527.5 0 0
2020-03-12 596 3527.5 0 0
2020-03-13 586 3527.5 0 0
2020-03-14 590 3527.5 0 0
2020-03-15 590 3527.5 0 0
2020-03-16 557 3527.5 0 0
2020-03-17 562 3527.5 0 0
2020-03-18 547 3527.5 0 0
2020-03-19 536 3527.5 0 0
2020-03-20 547 3527.5 0 0
2020-03-21 548 3527.5 0 0
2020-03-22 548 3527.5 0 0
2020-03-23 538 3527.5 0 0
2020-03-24 532 3527.5 0 0
2020-03-25 553 3527.5 0 0
2020-03-26 563 3527.5 0 0
2020-03-27 578 3527.5 0 0
2020-03-28 578 3527.5 0 0
2020-03-29 578 3527.5 0 0
2020-03-30 578 3527.5 0 0
2020-03-31 572 3527.5 0 0
