2019-11-07 329 6070 0 0
2020-01-19 343 6070 0 0
2020-02-07 335 6070 0 0
2020-02-15 334 6070 0 0
2020-02-16 334 6070 0 0
2020-02-17 334 6070 0 0
2020-02-18 335 6070 0 0
2020-02-19 336 6070 0 0
2020-02-20 337 6070 0 0
2020-02-21 336 6070 0 0
2020-02-22 334 6070 0 0
2020-02-23 334 6070 0 0
2020-02-24 333 6070 0 0
2020-02-25 329 6070 0 0
2020-02-26 326 6070 0 0
2020-02-27 329 6070 0 0
2020-02-28 319 6070 0 0
2020-02-29 312 6070 0 0
2020-03-01 312 6070 0 0
2020-03-02 313 6070 0 0
2020-03-03 324 6070 0 0
2020-03-04 326 6070 0 0
2020-03-05 331 6070 0 0
2020-03-06 320 6070 0 0
2020-03-07 321 6070 0 0
2020-03-08 319 6070 0 0
2020-03-09 302 6070 0 0
2020-03-10 306 6070 0 0
2020-03-11 302 6070 0 0
2020-03-12 280 6070 0 0
2020-03-13 276 6070 0 0
2020-03-14 279 6070 0 0
2020-03-15 279 6070 0 0
2020-03-16 272 6070 0 0
2020-03-17 264 6070 0 0
2020-03-18 263 6070 0 0
2020-03-19 256 6070 0 0
2020-03-20 257 6070 0 0
2020-03-21 251 6070 0 0
2020-03-22 251 6070 0 0
2020-03-23 253 6070 0 0
2020-03-24 251 6070 0 0
2020-03-25 264 6070 0 0
2020-03-26 268 6070 0 0
2020-03-27 283 6070 0 0
2020-03-28 278 6070 0 0
2020-03-29 278 6070 0 0
2020-03-30 278 6070 0 0
2020-03-31 282 6070 0 0
2020-04-01 282 6070 0 0
2020-04-02 273 6070 0 0
2020-04-03 272 6070 0 0
2020-04-04 269 6070 0 0
2020-04-05 269 6070 0 0
2020-04-06 269 6070 0 0
2020-04-07 283 6070 0 0
2020-04-08 290 6070 0 0
2020-04-09 292 6070 0 0
2020-04-10 292 6070 0 0
2020-04-11 292 6070 0 0
2020-04-12 292 6070 0 0
2020-04-13 294 6070 0 0
2020-04-14 296 6070 0 0
2020-04-15 295 6070 0 0
2020-04-16 294 6070 0 0
2020-04-17 294 6070 0 0
2020-04-18 297 6070 0 0
2020-04-19 297 6070 0 0
2020-04-20 296 6070 0 0
2020-04-21 293 6070 0 0
2020-04-23 292 6070 0 0
2020-04-24 294 6070 0 0
2020-04-25 294 6070 0 0
2020-04-26 294 6070 0 0
2020-04-27 298 6070 0 0
2020-04-28 299 6070 0 0
2020-04-29 301 6070 0 0
2020-04-30 304 6070 0 0
2020-05-01 302 6070 0 0
2020-05-02 301 6070 0 0
2020-05-03 301 6070 0 0
2020-05-04 300 6070 0 0
2020-05-05 299 6070 0 0
2020-05-06 302 6070 0 0
2020-05-07 301 6070 0 0
2020-05-08 302 6070 0 0
2020-05-09 305 6070 0 0
2020-05-10 305 6070 0 0
2020-05-11 306 6070 0 0
2020-05-12 308 6070 0 0
2020-05-13 304 6070 0 0
2020-05-14 304 6070 0 0
2020-05-15 304 6070 0 0
2020-05-16 303 6070 0 0
2020-05-17 303 6070 0 0
2020-05-18 305 6070 0 0
2020-05-19 307 6070 0 0
2020-05-20 310 6070 0 0
2020-05-21 309 6070 0 0
2020-05-23 304 6070 0 0
2020-05-24 304 6070 0 0
2020-05-25 305 6070 0 0
2020-05-26 310 6070 0 0
2020-05-27 310 6070 0 0
2020-05-28 312 6070 0 0
2020-05-29 319 6070 0 0
2020-05-30 321 6070 0 0
2020-05-31 321 6070 0 0
