2019-11-07 1965 1145.636 0 0
2020-01-19 2040 1130.65 -14.986 -1.308
2020-02-15 2062 1086.475 -44.175 -3.907
2020-02-16 2064 1086.475 0 0
2020-02-17 2045 1103.858 17.383 1.6
2020-02-18 2066 1084.544 -19.314 -1.75
2020-02-19 2061 1088.21 3.666 0.338
2020-02-20 2085 1072.279 -15.931 -1.464
2020-02-21 2083 1070.612 -1.667 -0.155
2020-02-22 2087 1069.952 -0.66 -0.062
2020-02-23 2087 1069.952 0 0
2020-02-24 2085 1060.322 -9.63 -0.9
2020-02-25 2073 1065.074 4.752 0.448
2020-02-26 1987 1131.046 65.972 6.194
2020-02-27 1985 1124.982 -6.064 -0.536
2020-02-28 2027 1076.785 -48.197 -4.284
2020-02-29 2017 1076.992 0.207 0.019
2020-03-01 2014 1076.992 0 0
2020-03-02 2041 1063.519 -13.473 -1.251
2020-03-03 2035 1068.753 5.234 0.492
2020-03-04 2020 1087.972 19.219 1.798
2020-03-05 1982 1122.463 34.491 3.17
2020-03-06 1996 1102.963 -19.5 -1.737
2020-03-07 1999 1103.261 0.298 0.027
2020-03-08 1996 1103.261 0 0
2020-03-09 2039 1045.35 -57.911 -5.249
2020-03-10 2008 1058.454 13.104 1.254
2020-03-11 1979 1066.529 8.075 0.763
2020-03-12 1990 1033.848 -32.681 -3.064
2020-03-13 1993 1008.579 -25.269 -2.444
2020-03-14 1997 1010.266 1.687 0.167
2020-03-15 1997 1010.266 0 0
2020-03-16  967.812 -42.454 -4.202
2020-03-31 1947 1010.833 43.021 4.445
2020-04-01 1903 1055.748 44.915 4.443
2020-04-02 1936 1018.637 -37.111 -3.515
2020-04-03 1940 1017.004 -1.633 -0.16
2020-04-04 1924 1024.56 7.556 0.743
2020-04-05 1924 1024.56 0 0
2020-04-06 1924 1024.56 0 0
2020-04-07 1923 1045.883 21.323 2.081
2020-04-08 2080 1044.056 -1.827 -0.175
2020-04-09 2083 1043.962 -0.094 -0.009
2020-04-10 2090 1043.881 -0.081 -0.008
2020-04-11 2090 1043.881 0 0
2020-04-12 2090 1043.881 0 0
2020-04-13 2087 1043.881 0 0
2020-04-14 2104 1038.077 -5.804 -0.556
2020-04-15 2091 1044.016 5.939 0.572
2020-04-16 2117 1026.772 -17.244 -1.652
2020-04-17 2124 1026.719 -0.053 -0.005
2020-04-18 2127 1026.786 0.067 0.007
2020-04-19 2127 1026.786 0 0
2020-04-20 2133 1026.786 0 0
2020-04-21 2136 1009.367 -17.419 -1.696
2020-04-23 1955 1152.63 143.263 14.193
2020-04-24 1953 1160.342 7.712 0.669
2020-04-25 1945 1160.267 -0.075 -0.006
2020-04-26 1945 1160.267 0 0
2020-04-27 1830 1260.902 100.635 8.673
2020-04-28 1802 1299.725 38.823 3.079
2020-04-29 1836 1274.548 -25.177 -1.937
2020-04-30 1847 1274.498 -0.05 -0.004
