2021-04-09 2080 1500 0 0
2021-04-10 2076 1500 0 0
2021-04-11 2077 1500 0 0
2021-04-12 2063 1500 0 0
2021-04-13 2062 1500 0 0
2021-04-14 2072 1500 0 0
2021-04-15 2076 1500 0 0
2021-04-16 2082 1500 0 0
2021-04-17 2088 1500 0 0
2021-04-18 2088 1500 0 0
2021-04-19 2091 1500 0 0
2021-04-20 2089 1500 0 0
2021-04-21 2088 1500 0 0
2021-04-22 2083 1500 0 0
2021-04-23 2095 1500 0 0
2021-04-24 2095 1500 0 0
2021-04-25 2095 1500 0 0
2021-04-26 2095 1500 0 0
2021-04-27 2101 1500 0 0
2021-04-28 2107 1500 0 0
2021-04-29 2104 1500 0 0
2021-04-30 2103 1500 0 0
2021-05-01 2097 1500 0 0
