2022-04-22 2612 989.716 0 0
2022-04-27 2561 993.967 4.251 0.428
2022-04-29 2495 1051.438 57.471 5.466
2022-04-30 2499 1051.438 0 0
2022-05-01 2499 1051.438 0 0
2022-05-02 2498 1051.438 0 0
2022-05-03 2495 1051.438 0 0
2022-05-04 2500 1051.438 0 0
2022-05-05 2492 1051.438 0 0
2022-05-06 2466 1051.438 0 0
2022-05-07 2462 1051.438 0 0
2022-05-08 2462 1051.438 0 0
2022-05-09 2430 1064.002 12.564 1.181
2022-05-10 2416 1060.128 -3.874 -0.365
2022-05-11 2410 1064.166 4.038 0.379
2022-05-12 2491 1005.742 -58.424 -5.809
2022-05-13 2499 990.79 -14.952 -1.509
2022-05-18 2528 1000.126 9.336 0.933
2022-05-20 2532 999.007 -1.119 -0.112
2022-05-21 2537 1003.991 4.984 0.496
2022-05-22 2537 1003.991 0 0
2022-05-23 2554 987.416 -16.575 -1.679
2022-05-26 2536 1000.995 13.579 1.357
2022-05-27 2554 996.846 -4.149 -0.416
2022-05-28 2564 1000.354 3.508 0.351
2022-05-29 2563 1000.354 0 0
2022-05-30 2544 1017.015 16.661 1.638
2022-05-31 2451 1087.823 70.808 6.509
2022-06-01 2455 1087.55 -0.273 -0.025
2022-06-02 2517 1045.909 -41.641 -3.981
2022-06-03 2496 1052.399 6.49 0.617
2022-06-04 2491 1055.393 2.994 0.284
2022-06-05 2491 1055.393 0 0
2022-06-06 2453 1093.241 37.848 3.462
2022-06-07 2468 1083.869 -9.372 -0.865
2022-06-08 2466 1083.423 -0.446 -0.041
2022-06-09 2367 1135.525 52.102 4.588
2022-06-10 2341 1151.354 15.829 1.375
2022-06-11 2332 1152.083 0.729 0.063
2022-06-12 2332 1152.083 0 0
2022-06-13 2352 1122.877 -29.206 -2.601
2022-06-14 2363 1109.751 -13.126 -1.183
2022-06-15 2343 1129.229 19.478 1.725
2022-06-16 2350 1113.707 -15.522 -1.394
2022-06-17 2420 1062.673 -51.034 -4.802
2022-06-18 2426 1059.005 -3.668 -0.346
2022-06-19 2426 1059.005 0 0
2022-06-20 2485 1013.948 -45.057 -4.444
2022-06-21 2467 1034.429 20.481 1.98
2022-06-22 2478 1026.93 -7.499 -0.73
2022-06-23 2479 1023.44 -3.49 -0.341
2022-06-24 2491 1021.231 -2.209 -0.216
2022-06-25 2497 1020.605 -0.626 -0.061
2022-06-26 2497 1020.605 0 0
2022-06-27 2490 1028.784 8.179 0.795
2022-06-28 2504 1019.547 -9.237 -0.906
2022-06-29 2524 1000.802 -18.745 -1.873
2022-06-30 2527 995.948 -4.854 -0.487
