2019-11-07 644 3623.3 0 0
2020-01-19 691 3623.3 0 0
2020-02-07 672 3623.3 0 0
2020-02-15 672 3623.3 0 0
2020-02-16 672 3623.3 0 0
2020-02-17 672 3623.3 0 0
2020-02-18 668 3623.3 0 0
2020-02-19 672 3623.3 0 0
2020-02-20 673 3623.3 0 0
2020-02-21 668 3623.3 0 0
2020-02-22 665 3623.3 0 0
2020-02-23 665 3623.3 0 0
2020-02-24 661 3623.3 0 0
2020-02-25 649 3623.3 0 0
2020-02-26 645 3623.3 0 0
2020-02-27 637 3623.3 0 0
2020-02-28 622 3623.3 0 0
2020-02-29 624 3623.3 0 0
2020-03-01 626 3623.3 0 0
2020-03-02 634 3623.3 0 0
2020-03-03 637 3623.3 0 0
2020-03-04 642 3623.3 0 0
2020-03-05 646 3623.3 0 0
2020-03-06 636 3623.3 0 0
2020-03-07 638 3623.3 0 0
2020-03-08 637 3623.3 0 0
2020-03-09 623 3623.3 0 0
2020-03-10 620 3623.3 0 0
2020-03-11 608 3623.3 0 0
2020-03-12 574 3623.3 0 0
2020-03-13 562 3623.3 0 0
2020-03-14 566 3623.3 0 0
2020-03-15 566 3623.3 0 0
2020-03-16 544 3623.3 0 0
2020-03-17 536 3623.3 0 0
2020-03-18 520 3623.3 0 0
2020-03-19 518 3623.3 0 0
2020-03-20 526 3623.3 0 0
2020-03-21 528 3623.3 0 0
2020-03-22 528 3623.3 0 0
2020-03-23 521 3623.3 0 0
2020-03-24 515 3623.3 0 0
2020-03-25 533 3623.3 0 0
2020-03-26 539 3623.3 0 0
2020-03-27 552 3623.3 0 0
2020-03-28 546 3623.3 0 0
2020-03-29 546 3623.3 0 0
2020-03-30 546 3623.3 0 0
2020-03-31 549 3623.3 0 0
2020-04-01 551 3623.3 0 0
2020-04-02 541 3623.3 0 0
2020-04-03 541 3623.3 0 0
2020-04-04 542 3623.3 0 0
2020-04-05 542 3623.3 0 0
2020-04-06 542 3623.3 0 0
2020-04-07 555 3623.3 0 0
2020-04-08 579 3623.3 0 0
2020-04-09 588 3623.3 0 0
2020-04-10 593 3623.3 0 0
2020-04-11 593 3623.3 0 0
2020-04-12 593 3623.3 0 0
2020-04-13 590 3623.3 0 0
2020-04-14 589 3623.3 0 0
2020-04-15 588 3623.3 0 0
2020-04-16 587 3623.3 0 0
2020-04-17 593 3623.3 0 0
2020-04-18 597 3623.3 0 0
2020-04-19 597 3623.3 0 0
2020-04-20 594 3623.3 0 0
2020-04-21 590 3623.3 0 0
2020-04-23 593 3623.3 0 0
2020-04-24 590 3623.3 0 0
2020-04-25 592 3623.3 0 0
2020-04-26 593 3623.3 0 0
2020-04-27 600 3623.3 0 0
2020-04-28 603 3623.3 0 0
2020-04-29 609 3623.3 0 0
2020-04-30 613 3623.3 0 0
