2019-11-07 340 5910.063 0 0
2020-01-19 326 6336.803 426.74 7.221
2020-02-07 349 5825.385 -511.418 -8.071
2020-02-15 351 5910.901 85.516 1.468
2020-02-16 351 5910.901 0 0
2020-02-17 349 5910.901 0 0
2020-02-18 351 5860.598 -50.303 -0.851
2020-02-19 351 5880.719 20.121 0.343
2020-02-20 348 5902.517 21.798 0.371
2020-02-21 352 5857.244 -45.273 -0.767
2020-02-22 350 5857.244 0 0
2020-02-23 350 5857.244 0 0
2020-02-24 358 5694.596 -162.648 -2.777
2020-02-25 372 5528.595 -166.001 -2.915
2020-02-26 370 5505.12 -23.475 -0.425
2020-02-27 373 5344.149 -160.971 -2.924
2020-02-28 359 5419.605 75.456 1.412
2020-02-29 363 5419.676 0.071 0.001
