2020-01-19 2189 1000.239 0 0
2020-11-04 2266 994.75 -5.489 -0.552
2020-11-07 2263 1005.363 10.613 1.056
2020-11-08 2263 1005.363 0 0
2020-11-09 2260 1017.782 12.419 1.22
2020-11-10 2263 1030.522 12.74 1.236
2020-11-11 2260 1031.26 0.738 0.072
2020-11-12 2262 1023.922 -7.338 -0.717
2020-11-13 2255 1034.669 10.747 1.039
2020-11-14 2246 1034.554 -0.115 -0.011
2020-11-15 2246 1034.554 0 0
2020-11-17 2216 1082.692 48.138 4.446
2020-11-18 2214 1086.301 3.609 0.332
2020-11-19 2214 1087.998 1.697 0.156
2020-11-20 2218 1082.43 -5.568 -0.514
2020-11-21 2221 1082.48 0.05 0.005
2020-11-22 2221 1082.48 0 0
2020-11-23 2212 1090.842 8.362 0.767
2020-11-24 2206 1096.205 5.363 0.489
2020-11-25 2209 1089.659 -6.546 -0.601
2020-11-26 2213 1089.713 0.054 0.005
2020-11-27 2211 1095.392 5.679 0.518
2020-11-28 2211 1095.489 0.097 0.009
2020-11-29 2211 1095.489 0 0
2020-11-30 2221 1082.762 -12.727 -1.175
2020-12-01 2223 1080.665 -2.097 -0.194
2020-12-02 2226 1079.085 -1.58 -0.146
2020-12-03 2228 1079.562 0.477 0.044
2020-12-04 2224 1087.365 7.803 0.718
2020-12-05 2227 1087.543 0.178 0.016
2020-12-06 2227 1087.543 0 0
2020-12-07 2228 1084.904 -2.639 -0.243
2020-12-08 2227 1087.27 2.366 0.218
2020-12-09 2231 1091.083 3.813 0.349
2020-12-10 2232 1088.422 -2.661 -0.244
2020-12-11 2233 1089.442 1.02 0.094
2020-12-12 2233 1089.296 -0.146 -0.013
2020-12-13 2233 1089.296 0 0
2020-12-14 2239 1081.389 -7.907 -0.731
2020-12-15 2235 1088.219 6.83 0.628
2020-12-16 2238 1088.219 0 0
2020-12-17 2239 1089.122 0.903 0.083
2020-12-18 2239 1090.991 1.869 0.171
2020-12-19 2235 1090.842 -0.149 -0.014
2020-12-20 2235 1090.842 0 0
2020-12-21 2236 1092.652 1.81 0.166
2020-12-22 2230 1091.296 -1.356 -0.124
2020-12-23 2277 1092.293 0.997 0.091
2020-12-24 2276 1092.724 0.431 0.039
2020-12-25 2280 1092.766 0.042 0.004
2020-12-26 2280 1092.766 0 0
2020-12-27 2280 1092.766 0 0
2020-12-28 2280 1092.075 -0.691 -0.063
2020-12-29 2279 1088.414 -3.661 -0.336
2020-12-31 2286 1087.838 -0.576 -0.053
