2025-04-02 1571 2325.915 0 0
2025-04-03 1696 2109.018 -216.897 -9.325
2025-04-04 1966 1783.71 -325.308 -15.425
2025-04-05 1952 1783.71 0 0
2025-04-06 1951 1783.71 0 0
2025-04-07 1831 1881.814 98.104 5.5
2025-04-08 1808 1905.175 23.361 1.241
2025-04-09 1599 2208.114 302.939 15.901
2025-04-10 1656 2123.141 -84.973 -3.848
2025-04-11 1733 2017.174 -105.967 -4.991
2025-04-12 1743 2017.174 0 0
2025-04-13 1743 2017.174 0 0
2025-04-14 1842 1911.207 -105.967 -5.253
2025-04-15 1796 1982.971 71.764 3.755
2025-04-16 1901 1863.414 -119.557 -6.029
2025-04-17 1837 1927.621 64.207 3.446
2025-04-18 1842 1927.621 0 0
2025-04-19 1842 1927.621 0 0
2025-04-20 1842 1927.621 0 0
2025-04-21 1920 1850.588 -77.033 -3.996
2025-04-22 1859 1923.727 73.139 3.952
2025-04-23 1774 2035.497 111.77 5.81
2025-04-24 1684 2154.061 118.564 5.825
2025-04-25 1649 2222.39 68.329 3.172
2025-04-26 1648 2222.39 0 0
2025-04-27 1648 2222.39 0 0
2025-04-28 1600 2284.612 62.222 2.8
2025-04-29 1586 2314.387 29.775 1.303
2025-04-30 1683 2164.979 -149.408 -6.456
2025-05-01 1635 2242.698 77.719 3.59
2025-05-02 1510 2457.152 214.454 9.562
2025-05-03 1518 2457.152 0 0
2025-05-04 1518 2457.152 0 0
2025-05-05 1533 2413.33 -43.822 -1.783
2025-05-06 1529 2434.554 21.224 0.879
2025-05-07 1529 2425.698 -8.856 -0.364
2025-05-08 1392 2700.923 275.225 11.346
2025-05-09 1423 2617.172 -83.751 -3.101
2025-05-10 1423 2617.172 0 0
2025-05-11 1423 2617.172 0 0
2025-05-12 1362 2764.977 147.805 5.648
2025-05-13 1289 2934.464 169.487 6.13
2025-05-14 1278 2983.63 49.166 1.675
2025-05-15 1309 2907.819 -75.811 -2.541
2025-05-16 1320 2875.22 -32.599 -1.121
2025-05-17 1320 2875.22 0 0
2025-05-18 1320 2875.22 0 0
2025-05-19 1295 2938.51 63.29 2.201
2025-05-20 1320 2880.678 -57.832 -1.968
2025-05-21 1324 2844.758 -35.92 -1.247
2025-05-22 1349 2792.232 -52.526 -1.846
2025-05-23 1339 2813.762 21.53 0.771
2025-05-24 1339 2813.762 0 0
2025-05-25 1343 2813.762 0 0
2025-05-26 1342 2813.762 0 0
2025-05-27 1264 3016.993 203.231 7.223
2025-05-28 1232 3088.376 71.383 2.366
2025-05-29 1247 3042.34 -46.036 -1.491
2025-05-30 1226 3109.295 66.955 2.201
2025-05-31 1224 3109.295 0 0
2025-06-01 1224 3109.295 0 0
