2022-04-05 2025 1511.986 0 0
2022-04-06 2023 1504.047 -7.939 -0.525
2022-04-07 2016 1501.42 -2.627 -0.175
2022-04-08 2010 1500.273 -1.147 -0.076
2022-04-09 2037 1495.053 -5.22 -0.348
2022-04-10 2037 1495.053 0 0
2022-04-11 2019 1495.053 0 0
2022-04-12 2018 1498.311 3.258 0.218
2022-04-13 2022 1495.053 -3.258 -0.217
2022-04-14 2020 1491.485 -3.568 -0.239
2022-04-15 2027 1481.841 -9.644 -0.647
2022-04-16 2027 1481.841 0 0
2022-04-17 2027 1481.841 0 0
2022-04-18 2028 1481.841 0 0
2022-04-19 2022 1484.08 2.239 0.151
2022-04-20 2013 1483.119 -0.961 -0.065
2022-04-21 2002 1494.078 10.959 0.739
2022-04-22 1990 1491.161 -2.917 -0.195
2022-04-23 1996 1481.681 -9.48 -0.636
2022-04-24 1996 1481.681 0 0
2022-04-25 1977 1481.681 0 0
2022-04-26 1955 1472.32 -9.361 -0.632
2022-04-27 1975 1464.48 -7.84 -0.532
2022-04-28 1995 1446.151 -18.329 -1.252
2022-04-29 2002 1445.999 -0.152 -0.011
2022-04-30 2003 1450.575 4.576 0.316
2022-05-01 2003 1450.575 0 0
2022-05-02 2004 1450.575 0 0
2022-05-03 2001 1446.912 -3.663 -0.253
2022-05-04 2010 1446.912 0 0
2022-05-05 1993 1450.422 3.51 0.243
2022-05-06 1974 1447.978 -2.444 -0.169
2022-05-07 1963 1455.18 7.202 0.497
2022-05-08 1963 1455.18 0 0
2022-05-09 1949 1455.18 0 0
2022-05-10 1953 1447.826 -7.354 -0.505
2022-05-11 1951 1449.657 1.831 0.126
2022-05-12 1952 1450.116 0.459 0.032
2022-05-13 1977 1431.695 -18.421 -1.27
2022-05-14 1978 1429.314 -2.381 -0.166
2022-05-15 1979 1429.314 0 0
2022-05-16 1978 1429.314 0 0
2022-05-17 1983 1430.504 1.19 0.083
2022-05-18 1968 1448.588 18.084 1.264
2022-05-19 1967 1445.542 -3.046 -0.21
2022-05-20 1967 1456.105 10.563 0.731
2022-05-21 1978 1451.8 -4.305 -0.296
2022-05-22 1978 1451.8 0 0
2022-05-23 1982 1451.8 0 0
2022-05-24 1959 1466.98 15.18 1.046
2022-05-25 1962 1474.847 7.867 0.536
2022-05-26 1972 1468.39 -6.457 -0.438
2022-05-27 1967 1473.583 5.193 0.354
2022-05-28 1971 1472.636 -0.947 -0.064
2022-05-29 1970 1472.636 0 0
2022-05-30 1979 1472.636 0 0
2022-05-31 1979 1472.636 0 0
2022-06-01 1988 1472.951 0.315 0.021
2022-06-02 1990 1466.823 -6.128 -0.416
2022-06-03 1984 1473.583 6.76 0.461
2022-06-04 1984 1474.215 0.632 0.043
2022-06-05 1984 1474.215 0 0
2022-06-06 1989 1474.215 0 0
2022-06-07 1991 1474.057 -0.158 -0.011
2022-06-08 1989 1472.005 -2.052 -0.139
2022-06-09 1970 1475.639 3.634 0.247
2022-06-10 1975 1464.48 -11.159 -0.756
2022-06-11 1985 1447.978 -16.502 -1.127
2022-06-12 1985 1447.978 0 0
2022-06-13 1962 1447.978 0 0
2022-06-14 1971 1433.038 -14.94 -1.032
2022-06-15 1976 1431.397 -1.641 -0.115
2022-06-16 1963 1431.397 0 0
2022-06-17 1957 1443.267 11.87 0.829
2022-06-18 1961 1437.833 -5.434 -0.377
2022-06-19 1961 1437.833 0 0
2022-06-20 1961 1437.833 0 0
2022-06-21 1968 1437.833 0 0
2022-06-22 1952 1452.567 14.734 1.025
2022-06-24 1979 1447.673 -4.894 -0.337
2022-06-25 1981 1449.81 2.137 0.148
2022-06-26 1981 1449.81 0 0
2022-06-27 1983 1449.81 0 0
2022-06-28 1979 1457.185 7.375 0.509
2022-06-29 1976 1445.694 -11.491 -0.789
2022-06-30 1976 1440.847 -4.847 -0.335
