2019-11-07 139 11291.744 0 0
2020-01-19 144 11649.063 357.319 3.164
2020-02-07 148 11141.635 -507.428 -4.356
2020-02-15 153 11121.772 -19.863 -0.178
2020-02-16 152 11121.772 0 0
2020-02-17 152 11133.911 12.139 0.109
2020-02-18 151 11133.077 -0.834 -0.007
2020-02-19 153 10863.813 -269.264 -2.419
2020-02-20 154 11020.362 156.549 1.441
2020-02-21 152 10969.434 -50.928 -0.462
2020-02-22 151 10974.903 5.469 0.05
2020-02-23 151 10974.903 0 0
2020-02-24 152 10781.991 -192.912 -1.758
2020-02-25 153 10749.828 -32.163 -0.298
2020-02-26 150 10729.204 -20.624 -0.192
2020-02-27 152 10557.176 -172.028 -1.603
2020-02-28 150 10591.616 34.44 0.326
2020-02-29 149 10567.878 -23.738 -0.224
