2022-04-05 1285 2526.988 0 0
2022-04-06 1301 2494.444 -32.544 -1.288
2022-04-07 1299 2470.522 -23.922 -0.959
2022-04-08 1292 2487.956 17.434 0.706
2022-04-09 1293 2479.299 -8.657 -0.348
2022-04-10 1293 2479.299 0 0
2022-04-11 1286 2480.036 0.737 0.03
2022-04-12 1286 2479.026 -1.01 -0.041
2022-04-13 1285 2476.479 -2.547 -0.103
2022-04-14 1299 2464.723 -11.756 -0.475
2022-04-15 1302 2448.786 -15.937 -0.647
2022-04-16 1303 2448.786 0 0
2022-04-17 1303 2448.786 0 0
2022-04-18 1298 2448.786 0 0
2022-04-19 1290 2463.64 14.854 0.607
2022-04-20 1283 2468.517 4.877 0.198
2022-04-21 1246 2512.185 43.668 1.769
2022-04-22 1265 2471.871 -40.314 -1.605
2022-04-23 1267 2456.156 -15.715 -0.636
2022-04-24 1267 2456.156 0 0
2022-04-25 1265 2434.394 -21.762 -0.886
2022-04-26 1260 2400.559 -33.835 -1.39
2022-04-27 1263 2394.715 -5.844 -0.243
2022-04-28 1270 2389.007 -5.708 -0.238
2022-04-29 1275 2387.046 -1.961 -0.082
2022-04-30 1275 2394.601 7.555 0.316
