2021-09-03 2504 1144.407 0 0
2021-09-04 2527 1127.712 -16.695 -1.459
2021-09-05 2530 1127.712 0 0
2021-09-06 2518 1141.316 13.604 1.206
2021-09-07 2507 1150.498 9.182 0.805
2021-09-08 2532 1129.26 -21.238 -1.846
2021-09-09 2531 1124.764 -4.496 -0.398
2021-09-10 2532 1126.42 1.656 0.147
2021-09-11 2534 1126.42 0 0
2021-09-12 2534 1126.42 0 0
2021-09-13 2557 1109.358 -17.062 -1.515
2021-09-14 2542 1115.597 6.239 0.562
2021-09-15 2516 1134.684 19.087 1.711
2021-09-16 2537 1116.04 -18.644 -1.643
2021-09-17 2531 1118.016 1.976 0.177
2021-09-18 2529 1118.492 0.476 0.043
2021-09-19 2527 1118.492 0 0
2021-09-20 2556 1088.587 -29.905 -2.674
2021-09-21 2577 1068.537 -20.05 -1.842
2021-09-22 2581 1063.907 -4.63 -0.433
2021-09-23 2598 1063.499 -0.408 -0.038
2021-09-24 2606 1046.371 -17.128 -1.611
2021-09-25 2608 1045.546 -0.825 -0.079
2021-09-26 2609 1045.546 0 0
2021-09-27 2627 1028.615 -16.931 -1.619
2021-09-28 2634 1014.246 -14.369 -1.397
2021-09-29 2616 1023.424 9.178 0.905
2021-09-30 2581 1051.333 27.909 2.727
2021-10-01 2580 1052.458 1.125 0.107
2021-10-02 2580 1053.93 1.472 0.14
2021-10-03 2581 1053.93 0 0
2021-10-04 2568 1058.871 4.941 0.469
2021-10-05 2582 1057.233 -1.638 -0.155
2021-10-06 2598 1059.783 2.55 0.241
2021-10-07 2567 1095.427 35.644 3.363
2021-10-08 2575 1095.083 -0.344 -0.031
2021-10-09 2576 1092.162 -2.921 -0.267
2021-10-10 2576 1092.162 0 0
2021-10-11 2588 1076.763 -15.399 -1.41
2021-10-12 2610 1059.413 -17.35 -1.611
2021-10-13 2620 1061.22 1.807 0.171
2021-10-14 2587 1090.052 28.832 2.717
2021-10-15 2590 1091.744 1.692 0.155
2021-10-16 2591 1091.744 0 0
2021-10-17 2591 1091.744 0 0
2021-10-18 2597 1082.505 -9.239 -0.846
2021-10-19 2656 1033.526 -48.979 -4.525
2021-10-20 2690 1006.007 -27.519 -2.663
2021-10-21  966.382 -39.625 -3.939
2022-03-24 2493 1000.486 34.104 3.529
2022-04-05 2674 1017.847 17.361 1.735
2022-04-06 2664 1014.62 -3.227 -0.317
2022-04-07 2665 1000.391 -14.229 -1.402
2022-04-09 2652 1007.065 6.674 0.667
2022-04-10 2653 1007.065 0 0
2022-04-11 2639 1001.913 -5.152 -0.512
2022-04-12  988.554 -13.359 -1.333
2022-04-14 2635 1000.334 11.78 1.192
2022-04-15 2648 1000.334 0 0
2022-04-16 2648 1000.334 0 0
2022-04-17 2648 1000.334 0 0
2022-04-18  992.104 -8.23 -0.823
2022-04-21 2600 1013.19 21.086 2.125
2022-04-22 2594 1008.92 -4.27 -0.421
2022-04-23 2597 1004.576 -4.344 -0.431
2022-04-24 2597 1004.576 0 0
2022-04-25  981.769 -22.807 -2.27
2025-06-27 2981 1032.205 50.436 5.137
2025-06-28 2976 1034.816 2.611 0.253
2025-06-29 2976 1034.816 0 0
2025-06-30 2941 1068.511 33.695 3.256
2025-07-01 2901 1095.664 27.153 2.541
2025-07-02 2868 1115.482 19.818 1.809
2025-07-03 2875 1113.814 -1.668 -0.15
2025-07-04 2830 1145.004 31.19 2.8
2025-07-05 2830 1145.004 0 0
2025-07-06 2829 1145.004 0 0
2025-07-07 2827 1146.023 1.019 0.089
2025-07-08 2835 1140.646 -5.377 -0.469
2025-07-09 2806 1165.592 24.946 2.187
2025-07-10 2805 1165.302 -0.29 -0.025
2025-07-11 2803 1162.368 -2.934 -0.252
2025-07-12 2806 1160.301 -2.067 -0.178
2025-07-13 2806 1160.301 0 0
2025-07-14 2724 1208.27 47.969 4.134
2025-07-15 2723 1209.868 1.598 0.132
2025-07-16 2734 1205.03 -4.838 -0.4
2025-07-17 2740 1202.43 -2.6 -0.216
2025-07-18 2733 1207.99 5.56 0.462
2025-07-19 2735 1206.904 -1.086 -0.09
2025-07-20 2735 1206.904 0 0
2025-07-21 2735 1210.795 3.891 0.322
2025-07-22 2760 1200.595 -10.2 -0.842
2025-07-23 2780 1197.626 -2.969 -0.247
2025-07-24 2742 1216.411 18.785 1.569
2025-07-25 2734 1219.686 3.275 0.269
2025-07-26 2733 1218.118 -1.568 -0.129
2025-07-27 2733 1218.118 0 0
2025-07-28 2629 1290.802 72.684 5.967
2025-07-29 2598 1318.426 27.624 2.14
2025-07-30 2650 1276.349 -42.077 -3.191
2025-07-31 2679 1256.883 -19.466 -1.525
2025-08-01 2723 1217.308 -39.575 -3.149
2025-08-02 2725 1218.09 0.782 0.064
2025-08-03 2725 1218.09 0 0
2025-08-04 2711 1237.308 19.218 1.578
2025-08-05 2721 1231.28 -6.028 -0.487
2025-08-06 2778 1196.77 -34.51 -2.803
2025-08-07 2771 1201.444 4.674 0.391
2025-08-08 2808 1177.648 -23.796 -1.981
2025-08-09 2809 1178.27 0.622 0.053
2025-08-10 2809 1178.27 0 0
2025-08-11 2796 1192.716 14.446 1.226
2025-08-12 2800 1192.045 -0.671 -0.056
2025-08-13 2743 1237.545 45.5 3.817
2025-08-14 2736 1235.334 -2.211 -0.179
2025-08-15 2747 1233.818 -1.516 -0.123
2025-08-16 2749 1233.818 0 0
2025-08-17 2749 1233.818 0 0
2025-08-18 2742 1242.325 8.507 0.689
2025-08-19 2688 1272.78 30.455 2.451
2025-08-20 2700 1265.799 -6.981 -0.548
2025-08-21 2678 1283.785 17.986 1.421
2025-08-22 2712 1265.475 -18.31 -1.426
2025-08-23 2718 1261.616 -3.859 -0.305
2025-08-24 2718 1261.616 0 0
2025-08-25 2726 1253.743 -7.873 -0.624
2025-08-26 2746 1246.169 -7.574 -0.604
2025-08-27 2737 1244.819 -1.35 -0.108
2025-08-28 2761 1235.191 -9.628 -0.773
2025-08-29 2770 1228.652 -6.539 -0.529
2025-08-30 2781 1220.372 -8.28 -0.674
2025-08-31 2781 1220.372 0 0
2025-09-01 2778 1225.791 5.419 0.444
2025-09-02 2768 1225.509 -0.282 -0.023
2025-09-03 2741 1247.759 22.25 1.816
2025-09-04 2735 1246.551 -1.208 -0.097
2025-09-05 2734 1256.105 9.554 0.766
2025-09-06 2740 1254.646 -1.459 -0.116
2025-09-07 2740 1254.646 0 0
2025-09-08 2711 1275.467 20.821 1.66
2025-09-09 2697 1284.47 9.003 0.706
2025-09-10 2699 1278.746 -5.724 -0.446
2025-09-11 2708 1276.39 -2.356 -0.184
2025-09-12 2713 1272.799 -3.591 -0.281
2025-09-13 2710 1275.195 2.396 0.188
2025-09-14 2710 1275.195 0 0
2025-09-15 2716 1272.593 -2.602 -0.204
2025-09-16 2714 1275.132 2.539 0.2
2025-09-17 2726 1275.031 -0.101 -0.008
2025-09-18 2667 1320.318 45.287 3.552
2025-09-19 2655 1327.831 7.513 0.569
2025-09-20 2653 1328.397 0.566 0.043
2025-09-21 2653 1328.397 0 0
2025-09-22 2702 1289.639 -38.758 -2.918
2025-09-23 2688 1294.504 4.865 0.377
2025-09-24 2706 1286.835 -7.669 -0.592
2025-09-25 2726 1269.209 -17.626 -1.37
2025-09-26 2860 1181.09 -88.119 -6.943
2025-09-27 2861 1180.475 -0.615 -0.052
2025-09-28 2861 1180.475 0 0
2025-09-29 2849 1192.231 11.756 0.996
2025-09-30 2857 1192.782 0.551 0.046
2025-10-01 2784 1234.554 41.772 3.502
2025-10-02 2789 1235.84 1.286 0.104
2025-10-03 2796 1228.001 -7.839 -0.634
2025-10-04 2800 1226.765 -1.236 -0.101
2025-10-05 2801 1226.765 0 0
2025-10-06 2804 1222.5 -4.265 -0.348
2025-10-07 2813 1221.969 -0.531 -0.043
2025-10-08 2820 1215.359 -6.61 -0.541
2025-10-09 2800 1227.984 12.625 1.039
2025-10-10 2765 1241.23 13.246 1.079
2025-10-11 2759 1242.551 1.321 0.106
2025-10-12 2759 1242.551 0 0
2025-10-13 2766 1241.151 -1.4 -0.113
2025-10-14 2754 1242.438 1.287 0.104
2025-10-15 2773 1239.309 -3.129 -0.252
2025-10-16 2756 1246.251 6.942 0.56
2025-10-17 2684 1287.225 40.974 3.288
2025-10-18 2684 1285.049 -2.176 -0.169
2025-10-19 2685 1285.049 0 0
2025-10-20 2648 1314.615 29.566 2.301
2025-10-21 2653 1319.736 5.121 0.39
2025-10-22 2651 1319.734 -0.002 0
2025-10-23 2631 1337.949 18.215 1.38
2025-10-24 2654 1322.877 -15.072 -1.127
2025-10-25 2654 1322.906 0.029 0.002
2025-10-26 2654 1322.906 0 0
2025-10-27 2630 1344.6 21.694 1.64
2025-10-28 2608 1365.393 20.793 1.546
2025-10-29 2609 1367.725 2.332 0.171
2025-10-30 2593 1380.562 12.837 0.939
2025-10-31 2626 1351.144 -29.418 -2.131
