2025-09-17 3042 1057.903 0 0
2025-09-18 3027 1069.034 11.131 1.052
2025-09-19 3036 1060.328 -8.706 -0.814
2025-09-20 3042 1055.405 -4.923 -0.464
2025-09-21 3044 1055.405 0 0
2025-09-22 3040 1057.621 2.216 0.21
2025-09-23 3044 1052.35 -5.271 -0.498
2025-09-24 3056 1046.647 -5.703 -0.542
2025-09-25 3077 1030.053 -16.594 -1.585
2025-09-26 3055 1037.694 7.641 0.742
2025-09-27 3045 1046.065 8.371 0.807
2025-09-28 3045 1046.065 0 0
2025-09-29 3039 1051.941 5.876 0.562
2025-09-30 3027 1062.058 10.117 0.962
2025-10-01 3011 1075.356 13.298 1.252
2025-10-02 3001 1089.132 13.776 1.281
2025-10-03 3002 1088.009 -1.123 -0.103
2025-10-04 2991 1095.902 7.893 0.725
2025-10-05 2991 1095.902 0 0
2025-10-06 3004 1083.549 -12.353 -1.127
2025-10-07 3010 1080.859 -2.69 -0.248
2025-10-08 3011 1080.201 -0.658 -0.061
2025-10-09 3022 1067.901 -12.3 -1.139
2025-10-10 3048 1047.353 -20.548 -1.924
2025-10-11 3050 1043.863 -3.49 -0.333
2025-10-12 3049 1043.863 0 0
2025-10-13 3049 1046.045 2.182 0.209
2025-10-14 3036 1043.88 -2.165 -0.207
2025-10-15 3043 1043.022 -0.858 -0.082
2025-10-16 3015 1062.75 19.728 1.891
2025-10-17 2908 1137.756 75.006 7.058
2025-10-18 2907 1137.151 -0.605 -0.053
2025-10-19 2908 1137.151 0 0
2025-10-20 2910 1139.717 2.566 0.226
2025-10-21 2904 1147.369 7.652 0.671
2025-10-22 2925 1133.182 -14.187 -1.236
2025-10-23 2923 1134.04 0.858 0.076
2025-10-24 2920 1138.771 4.731 0.417
2025-10-25 2909 1146.232 7.461 0.655
2025-10-26 2909 1146.232 0 0
2025-10-27 2907 1151.893 5.661 0.494
2025-10-28 2900 1158.655 6.762 0.587
2025-10-29 2896 1160.473 1.818 0.157
2025-10-30 2900 1159.663 -0.81 -0.07
2025-10-31 2936 1133.113 -26.55 -2.289
2025-11-01 2941 1129.917 -3.196 -0.282
2025-11-02 2941 1129.917 0 0
2025-11-03 2938 1129.374 -0.543 -0.048
2025-11-04 2940 1121.86 -7.514 -0.665
2025-11-05 2955 1113.976 -7.884 -0.703
2025-11-06 2954 1109.926 -4.05 -0.364
2025-11-07 2960 1107.782 -2.144 -0.193
2025-11-08 2954 1110.774 2.992 0.27
2025-11-09 2954 1110.774 0 0
2025-11-10 2952 1116.953 6.179 0.556
2025-11-11 2937 1127.641 10.688 0.957
2025-11-12 2899 1154.322 26.681 2.366
2025-11-13 2901 1152.807 -1.515 -0.131
2025-11-14 2903 1151.079 -1.728 -0.15
2025-11-15 2910 1145.023 -6.056 -0.526
2025-11-16 2910 1145.023 0 0
2025-11-17 2917 1139.004 -6.019 -0.526
2025-11-18 2937 1115.338 -23.666 -2.078
2025-11-19 2957 1102.882 -12.456 -1.117
2025-11-20 2940 1109.145 6.263 0.568
2025-11-21 2960 1096.469 -12.676 -1.143
2025-11-22 2965 1086.267 -10.202 -0.93
2025-11-23 2965 1086.267 0 0
2025-11-24 2976 1082.112 -4.155 -0.383
2025-11-25 2971 1096.402 14.29 1.321
2025-11-26 2958 1114.258 17.856 1.629
2025-11-27 2950 1122.9 8.642 0.776
2025-11-28 2955 1114.891 -8.009 -0.713
2025-11-29 2951 1118.19 3.299 0.296
2025-11-30 2951 1118.19 0 0
