2021-12-13 968 3411.278 0 0
2021-12-14 944 3488.625 77.347 2.267
2021-12-15 961 3408.383 -80.242 -2.3
2021-12-16 962 3414.792 6.409 0.188
2021-12-17 969 3409.204 -5.588 -0.164
2021-12-18 967 3405.941 -3.263 -0.096
2021-12-19 968 3405.941 0 0
2021-12-20 977 3321.319 -84.622 -2.485
2021-12-21 986 3292.089 -29.23 -0.88
2021-12-22 1008 3246.307 -45.782 -1.391
2021-12-23 1034 3164.251 -82.056 -2.528
2021-12-24 1021 3202.812 38.561 1.219
2021-12-25 1022 3204.069 1.257 0.039
2021-12-26 1022 3204.069 0 0
2021-12-27 1012 3244.527 40.458 1.263
2021-12-28 1040 3150.242 -94.285 -2.906
2021-12-29 1058 3090.483 -59.759 -1.897
2021-12-30 1063 3094.197 3.714 0.12
2021-12-31 1060 3111.363 17.166 0.555
2022-01-02 1060 3112.925 1.562 0.05
2022-01-03 1059 3112.925 0 0
2022-01-04 1061 3102.582 -10.343 -0.332
2022-01-05 1046 3124.709 22.127 0.713
2022-01-06 1050 3092.036 -32.673 -1.046
2022-01-07 1059 3065.357 -26.679 -0.863
2022-01-08 1058 3066.752 1.395 0.046
2022-01-09 1058 3066.752 0 0
2022-01-10 1071 3025.378 -41.374 -1.349
2022-01-11 1066 3036.483 11.105 0.367
2022-01-12 1037 3136.232 99.749 3.285
2022-01-13 1032 3123.772 -12.46 -0.397
2022-01-14 1045 3081.791 -41.981 -1.344
2022-01-15 1037 3090.05 8.259 0.268
2022-01-16 1045 3090.05 0 0
2022-01-17 1065 3039.028 -51.022 -1.651
2022-01-18 1067 3034.304 -4.724 -0.155
2022-01-19 1055 3031.139 -3.165 -0.104
2022-01-20 1065 2989.339 -41.8 -1.379
2022-01-22 1056 3020.9 31.561 1.056
2022-01-23 1055 3020.9 0 0
2022-01-24 1037 3053.989 33.089 1.095
2022-01-25 1038 3005.738 -48.251 -1.58
2022-01-26 1057 2969.03 -36.708 -1.221
2022-01-27 1082 2877.353 -91.677 -3.088
2022-01-28 1075 2894.194 16.841 0.585
2022-01-29 1075 2893.694 -0.5 -0.017
2022-01-30 1075 2893.694 0 0
2022-01-31 1085 2893.694 0 0
2022-02-01 1092 2893.694 0 0
2022-02-02 1097 2893.694 0 0
2022-02-03 1095 2893.694 0 0
2022-02-04 1099 2893.694 0 0
2022-02-05 1094 2893.694 0 0
2022-02-06 1094 2893.694 0 0
2022-02-07 961 3328.523 434.829 15.027
2022-02-08 962 3323.827 -4.696 -0.141
2022-02-09 976 3318.346 -5.481 -0.165
2022-02-10 979 3300.938 -17.408 -0.525
2022-02-11 973 3305.383 4.445 0.135
2022-02-12 966 3305.279 -0.104 -0.003
2022-02-13 968 3305.279 0 0
2022-02-14 957 3339.511 34.232 1.036
2022-02-15 958 3331.873 -7.638 -0.229
2022-02-16 965 3349.183 17.31 0.52
2022-02-17 970 3314.538 -34.645 -1.034
2022-02-18 965 3319.71 5.172 0.156
2022-02-19 962 3325.22 5.51 0.166
2022-02-20 962 3325.22 0 0
2022-02-21 963 3311.985 -13.235 -0.398
2022-02-22 952 3325.22 13.235 0.4
2022-02-23 943 3324.324 -0.896 -0.027
2022-02-24 951 3295.807 -28.517 -0.858
2022-02-25 947 3300.785 4.978 0.151
2022-02-26 951 3305.281 4.496 0.136
2022-02-27 950 3305.281 0 0
2022-02-28 975 3215.106 -90.175 -2.728
