2019-11-07 1600 1530.836 0 0
2020-01-19 1643 1549.388 18.552 1.212
2020-02-07 1630 1543.554 -5.834 -0.377
2020-02-15 1640 1547.371 3.817 0.247
2020-02-16 1641 1547.371 0 0
2020-02-17 1641 1547.371 0 0
2020-02-18 1642 1547.371 0 0
2020-02-19 1638 1550.196 2.825 0.183
2020-02-20 1648 1539.956 -10.24 -0.661
2020-02-21 1648 1531.427 -8.529 -0.554
2020-02-22 1641 1540.754 9.327 0.609
2020-02-23 1641 1540.754 0 0
2020-02-24 1626 1540.754 0 0
2020-02-25 1615 1536.771 -3.983 -0.259
2020-02-26 1607 1547.573 10.802 0.703
2020-02-27 1848 1242.185 -305.388 -19.733
2020-02-28 1842 1238.028 -4.157 -0.335
2020-02-29 1842 1228.382 -9.646 -0.779
