2023-04-06 2039 1457.078 0 0
2023-04-07 2046 1454.668 -2.41 -0.166
2023-04-08 2045 1454.668 0 0
2023-04-09 2044 1454.668 0 0
2023-04-10 2042 1454.668 0 0
2023-04-11 2045 1450.633 -4.035 -0.278
2023-04-12 2047 1450.633 0 0
2023-04-13 2048 1456.311 5.678 0.39
2023-04-14 2044 1463.249 6.938 0.474
2023-04-15 2057 1454.778 -8.471 -0.582
2023-04-16 2057 1454.778 0 0
2023-04-17 2058 1454.778 0 0
2023-04-18 2053 1449.33 -5.448 -0.376
2023-04-19 2045 1452.267 2.937 0.202
2023-04-20 2039 1450.525 -1.742 -0.12
2023-04-21 2030 1453.467 2.942 0.202
2023-04-22 2030 1448.896 -4.571 -0.315
2023-04-23 2030 1448.896 0 0
2023-04-24 2028 1448.896 0 0
2023-04-25 2017 1450.199 1.303 0.09
2023-04-26 2030 1445.54 -4.659 -0.322
2023-04-27 2032 1450.96 5.42 0.374
2023-04-28 2041 1447.162 -3.798 -0.262
2023-04-29 2035 1450.416 3.254 0.224
2023-04-30 2035 1450.416 0 0
