2020-04-08 1802 1263.85 0 0
2020-04-09 1822 1252.178 -11.672 -0.924
2020-04-10 1831 1252.875 0.697 0.056
2020-04-11 1831 1252.875 0 0
2020-04-12 1831 1252.875 0 0
2020-04-13 1825 1252.875 0 0
2020-04-14 1829 1253.163 0.288 0.023
2020-04-15 1834 1253.163 0 0
2020-04-16 1832 1250.499 -2.664 -0.213
2020-04-17 1843 1243.625 -6.874 -0.55
2020-04-18 1840 1251.583 7.958 0.64
2020-04-19 1840 1251.583 0 0
2020-04-20 1847 1251.583 0 0
2020-04-21 1838 1248.906 -2.677 -0.214
2020-04-23 1840 1246.503 -2.403 -0.192
2020-04-24 1831 1256.664 10.161 0.815
2020-04-25 1835 1250.213 -6.451 -0.513
2020-04-26 1836 1250.213 0 0
2020-04-27 1849 1250.213 0 0
2020-04-28 1855 1253.615 3.402 0.272
2020-04-29 1865 1254.602 0.987 0.079
2020-04-30 1863 1263.037 8.435 0.672
