2023-01-06 2013 1383.192 0 0
2023-01-07 1990 1403.724 20.532 1.463
2023-01-08 1990 1403.724 0 0
2023-01-09 1955 1439.536 35.812 2.488
2023-01-10 1963 1443.391 3.855 0.267
2023-01-11 1932 1479.428 36.037 2.436
2023-01-13 1930 1499.466 20.038 1.336
2023-01-14 1914 1504.997 5.531 0.368
2023-01-15 1914 1504.997 0 0
2023-01-16 1916 1503.757 -1.24 -0.082
2023-01-17 1946 1488.097 -15.66 -1.052
2023-01-18 1931 1499.376 11.279 0.752
2023-01-19 1909 1509.043 9.667 0.641
2023-01-20 1903 1507.56 -1.483 -0.098
2023-01-21 1894 1520.655 13.095 0.861
2023-01-22 1894 1520.655 0 0
2023-01-23 1868 1548.522 27.867 1.8
2023-01-24 1774 1643.167 94.645 5.76
2023-01-25 1803 1615.742 -27.425 -1.697
2023-01-26 1800 1620.947 5.205 0.321
2023-01-27 1833 1590.123 -30.824 -1.938
2023-01-29 1834 1591.702 1.579 0.099
2023-01-30 1816 1597.864 6.162 0.386
2023-01-31 1882 1538.422 -59.442 -3.864
2023-02-01 1869 1551.398 12.976 0.836
2023-02-02 1902 1527.815 -23.583 -1.544
2023-02-03 1897 1540.966 13.151 0.853
2023-02-04 1897 1540.966 0 0
2023-02-05 1922 1513.019 -27.947 -1.847
2023-02-06 1912 1510.066 -2.953 -0.196
2023-02-07 1934 1492.794 -17.272 -1.157
2023-02-08 1869 1537.02 44.226 2.877
2023-02-09 1867 1538.691 1.671 0.109
2023-02-10 1876 1525.425 -13.266 -0.87
2023-02-11 1882 1514.76 -10.665 -0.704
2023-02-12 1883 1514.76 0 0
2023-02-13 1872 1532.341 17.581 1.147
2023-02-14 1941 1482.669 -49.672 -3.35
2023-02-15 1942 1478.526 -4.143 -0.28
2023-02-16 1950 1459.71 -18.816 -1.289
2023-02-17 1972 1434.596 -25.114 -1.751
2023-02-18 1972 1434.596 0 0
2023-02-19 1972 1434.596 0 0
2023-02-20 2034 1380.614 -53.982 -3.91
2023-02-21 1981 1428.251 47.637 3.335
2023-02-22 1990 1419.852 -8.399 -0.592
2023-02-23 1978 1422.247 2.395 0.168
2023-02-24 1976 1417.716 -4.531 -0.32
2023-02-25 1990 1399.896 -17.82 -1.273
2023-02-26 1990 1399.896 0 0
2023-02-27 2075 1318.882 -81.014 -6.143
2023-02-28 2022 1366.266 47.384 3.468
