2024-11-06 1711 2007.884 0 0
2024-11-07 1808 1852.754 -155.13 -7.726
2024-11-08 1926 1728.597 -124.157 -6.701
2024-11-09 1922 1728.572 -0.025 -0.001
2024-11-10 1922 1728.572 0 0
2024-11-11 2114 1558.576 -169.996 -9.834
2024-11-12 2074 1584.049 25.473 1.634
2024-11-13 2060 1588.48 4.431 0.28
2024-11-14 2022 1609.887 21.407 1.348
2024-11-15 2016 1609.553 -0.334 -0.021
2024-11-16 2015 1609.553 0 0
2024-11-17 2015 1609.553 0 0
2024-11-18 1891 1717.988 108.435 6.737
2024-11-19 2023 1600.193 -117.795 -6.857
2024-11-20 2030 1599.791 -0.402 -0.025
2024-11-21 2142 1502.4 -97.391 -6.088
2024-11-22 2145 1493.363 -9.037 -0.602
2024-11-23 2141 1494.005 0.642 0.043
2024-11-24 2141 1494.005 0 0
2024-11-25 2214 1433.521 -60.484 -4.048
2024-11-26 2263 1397.894 -35.627 -2.485
2024-11-27 2212 1441.902 44.008 3.148
2024-11-28 2192 1454.628 12.726 0.883
2024-11-29 2182 1472.035 17.407 1.197
2024-11-30 2184 1471.251 -0.784 -0.053
2024-12-01 2184 1471.251 0 0
