2020-04-08 1666 1389.618 0 0
2020-04-10 1681 1388.357 -1.261 -0.091
2020-04-11 1681 1388.357 0 0
2020-04-12 1681 1388.357 0 0
2020-04-13 1728 1338.395 -49.962 -3.733
2020-04-14 1725 1348.091 9.696 0.719
2020-04-15 1741 1333.895 -14.196 -1.064
2020-04-17 1689 1373.844 39.949 2.908
2020-04-18 1691 1373.301 -0.543 -0.04
2020-04-19 1691 1373.301 0 0
2020-04-20 1662 1412.95 39.649 2.806
2020-04-21 1588 1474.622 61.672 4.182
2020-04-23 1622 1444.969 -29.653 -2.052
2020-04-24 1684 1382.272 -62.697 -4.536
2020-04-25 1679 1381.471 -0.801 -0.058
2020-04-26 1679 1381.471 0 0
2020-04-27 1697 1374.044 -7.427 -0.541
2020-04-28 1715 1364.203 -9.841 -0.721
2020-04-29 1755 1345.802 -18.401 -1.367
2020-04-30 1724 1377.192 31.39 2.279
2020-05-01 1722 1381.625 4.433 0.321
2020-05-02 1713 1381.625 0 0
2020-05-03 1713 1381.625 0 0
2020-05-04 1702 1381.625 0 0
2020-05-05 1699 1381.625 0 0
2020-05-06 1649 1439.646 58.021 4.03
2020-05-07 1656 1435.02 -4.626 -0.322
2020-05-08 1668 1426.701 -8.319 -0.583
2020-05-09 1675 1429.12 2.419 0.169
2020-05-10 1675 1429.12 0 0
2020-05-11 1658 1450.862 21.742 1.499
2020-05-12 1673 1429.103 -21.759 -1.523
2020-05-13 1654 1443.207 14.104 0.977
2020-05-14 1667 1424.865 -18.342 -1.287
2020-05-15 1658 1432.73 7.865 0.549
2020-05-16 1659 1431.58 -1.15 -0.08
2020-05-17 1659 1431.58 0 0
2020-05-18 1676 1419.505 -12.075 -0.851
2020-05-19 1673 1442.71 23.205 1.608
2020-05-20 1659 1461.19 18.48 1.265
2020-05-21 1663 1461.485 0.295 0.02
2020-05-22 1639 1470.993 9.508 0.646
2020-05-23 1646 1462.61 -8.383 -0.573
2020-05-24 1646 1462.61 0 0
2020-05-25 1722 1395.49 -67.12 -4.81
2020-05-26 1737 1384.849 -10.641 -0.768
2020-05-27 1767 1367.114 -17.735 -1.297
2020-05-28 1779 1357.822 -9.292 -0.684
2020-05-29 1793 1357.962 0.14 0.01
2020-05-30 1788 1360.547 2.585 0.19
2020-05-31 1788 1360.547 0 0
