2020-01-19 1438 1815.524 0 0
2020-02-07 1376 1865.17 49.646 2.662
2020-02-15 1398 1839.183 -25.987 -1.413
2020-02-16 1399 1839.183 0 0
2020-02-17 1395 1855.002 15.819 0.853
2020-02-18 1436 1793.193 -61.809 -3.447
2020-02-19 1411 1830.348 37.155 2.03
2020-02-20 1430 1803.18 -27.168 -1.507
2020-02-21 1453 1768.79 -34.39 -1.944
2020-02-22 1449 1777.068 8.278 0.466
2020-02-23 1448 1777.068 0 0
2020-02-24 1494 1702.398 -74.67 -4.386
2020-02-25 1499 1681.019 -21.379 -1.272
2020-02-26 1489 1689.37 8.351 0.494
2020-02-27 1518 1626.063 -63.307 -3.893
2020-02-28 1534 1587.915 -38.148 -2.402
2020-02-29 1542 1578.734 -9.181 -0.582
