2021-10-20 458 6480 0 0
2021-10-21 459 6480 0 0
2021-10-22 458 6480 0 0
2021-10-23 459 6480 0 0
2021-10-25 462 6480 0 0
2021-10-26 463 6480 0 0
2021-10-27 453 6480 0 0
2021-10-28 454 6480 0 0
2021-10-29 457 6480 0 0
2021-10-30 457 6480 0 0
2021-10-31 457 6480 0 0
2021-11-01 458 6480 0 0
2021-11-02 457 6480 0 0
2021-11-03 460 6480 0 0
2021-11-04 460 6480 0 0
2021-11-05 462 6480 0 0
2021-11-06 463 6480 0 0
2021-11-07 463 6480 0 0
2021-11-08 463 6480 0 0
2021-11-09 462 6480 0 0
2021-11-10 462 6480 0 0
2021-11-11 465 6480 0 0
2021-11-12 461 6480 0 0
2021-11-13 462 6480 0 0
2021-11-14 462 6480 0 0
2021-11-15 461 6480 0 0
2021-11-16 462 6480 0 0
2021-11-17 463 6480 0 0
2021-11-18 460 6480 0 0
2021-11-19 461 6480 0 0
2021-11-20 460 6480 0 0
2021-11-21 460 6480 0 0
2021-11-22 464 6480 0 0
2021-11-23 462 6480 0 0
2021-11-24 463 6480 0 0
2021-11-25 460 6480 0 0
2021-11-26 454 6480 0 0
2021-11-27 452 6480 0 0
2021-11-28 452 6480 0 0
2021-11-29 455 6480 0 0
2021-11-30 449 6480 0 0
