2019-11-07 2080 1061.483 0 0
2020-01-19 2114 1083.118 21.635 2.038
2020-02-07 2096 1061.331 -21.787 -2.012
2020-02-15 2092 1064.327 2.996 0.282
2020-02-16 2094 1064.327 0 0
2020-02-17 2094 1064.327 0 0
2020-02-18 2095 1064.327 0 0
2020-02-19 2098 1060.574 -3.753 -0.353
2020-02-20 2098 1062.257 1.683 0.159
2020-02-21 2098 1058.986 -3.271 -0.308
2020-02-22 2100 1055.466 -3.52 -0.332
2020-02-23 2100 1055.466 0 0
2020-02-24 2092 1055.466 0 0
2020-02-25 2081 1056.441 0.975 0.092
2020-02-26 2071 1058.835 2.394 0.227
2020-02-27 2059 1058.745 -0.09 -0.008
2020-02-28 2049 1058.865 0.12 0.011
2020-02-29 2039 1062.804 3.939 0.372
2020-03-01 2037 1062.804 0 0
2020-03-02 2044 1062.804 0 0
2020-03-03 2039 1067.723 4.919 0.463
2020-03-04 2054 1064.189 -3.534 -0.331
2020-03-05 2040 1071.48 7.291 0.685
2020-03-06 2037 1070.153 -1.327 -0.124
2020-03-07 2039 1070.461 0.308 0.029
2020-03-08 2039 1070.461 0 0
2020-03-09 2006 1070.461 0 0
2020-03-10 1995 1068.782 -1.679 -0.157
2020-03-11 1975 1069.352 0.57 0.053
2020-03-12 1943 1068.936 -0.416 -0.039
2020-03-13 1925 1063.55 -5.386 -0.504
2020-03-14 1926 1062.409 -1.141 -0.107
2020-03-15 1926 1062.409 0 0
2020-03-16 1894 1062.409 0 0
2020-03-17 1893 1061.619 -0.79 -0.074
2020-03-18 1867 1059.56 -2.059 -0.194
2020-03-19 1848 1057.358 -2.202 -0.208
2020-03-20 1865 1047.666 -9.692 -0.917
2020-03-21 1869 1051.373 3.707 0.354
2020-03-22 1869 1051.373 0 0
2020-03-23 1847 1051.373 0 0
2020-03-24 1849 1043.604 -7.769 -0.739
2020-03-25 1877 1049.739 6.135 0.588
2020-03-26 1902 1046.309 -3.43 -0.327
2020-03-27 1916 1047.075 0.766 0.073
2020-03-28 1909 1047.769 0.694 0.066
2020-03-29 1909 1047.769 0 0
2020-03-30 1909 1047.769 0 0
2020-03-31 1906 1046.898 -0.871 -0.083
