2026-03-10 1986 2104 0 0
2026-03-11 1986 2104 0 0
2026-03-12 1976 2104 0 0
2026-03-13 1962 2104 0 0
2026-03-14 1954 2104 0 0
2026-03-15 1954 2104 0 0
2026-03-16 1958 2104 0 0
2026-03-17 1957 2104 0 0
2026-03-18 1958 2104 0 0
2026-03-19 1948 2104 0 0
2026-03-20 1937 2104 0 0
2026-03-21 1935 2104 0 0
2026-03-22 1935 2104 0 0
2026-03-23 1927 2104 0 0
2026-03-24 1933 2104 0 0
2026-03-25 1947 2104 0 0
2026-03-27 1929 2104 0 0
2026-03-28 1925 2104 0 0
2026-03-29 1925 2104 0 0
2026-03-30 1923 2104 0 0
2026-03-31 1922 2104 0 0
2026-04-01 1938 2104.0 0 0
