2024-07-17 2156 1442.996 0 0
2024-07-18 2144 1449.152 6.156 0.427
2024-07-19 2142 1447.187 -1.965 -0.136
2024-07-20 2142 1444.251 -2.936 -0.203
2024-07-21 2142 1444.251 0 0
2024-07-22 2146 1444.251 0 0
2024-07-23 2149 1443.693 -0.558 -0.039
2024-07-24 2143 1439.11 -4.583 -0.317
2024-07-25 2134 1444.777 5.667 0.394
2024-07-26 2141 1444.915 0.138 0.01
2024-07-27 2142 1445.054 0.139 0.01
2024-07-28 2139 1445.054 0 0
2024-07-29 2134 1445.054 0 0
2024-07-30 2136 1440.219 -4.835 -0.335
2024-07-31 2152 1438.982 -1.237 -0.086
2024-08-01 2140 1441.324 2.342 0.163
2024-08-02 2137 1437.889 -3.435 -0.238
2024-08-03 2127 1453.282 15.393 1.071
2024-08-04 2127 1453.282 0 0
2024-08-05 2110 1453.282 0 0
2024-08-06 2127 1441.276 -12.006 -0.826
2024-08-07 2138 1435.91 -5.366 -0.372
2024-08-08 2139 1435.769 -0.141 -0.01
2024-08-09 2129 1441.715 5.946 0.414
2024-08-10 2140 1443.537 1.822 0.126
2024-08-11 2140 1443.537 0 0
2024-08-12 2137 1443.537 0 0
2024-08-13 2131 1444.52 0.983 0.068
2024-08-14 2130 1447.479 2.959 0.205
2024-08-15 2135 1456.724 9.245 0.639
2024-08-16 2145 1450.735 -5.989 -0.411
2024-08-17 2144 1451.587 0.852 0.059
2024-08-18 2144 1451.587 0 0
2024-08-19 2150 1451.587 0 0
2024-08-20 2144 1460.171 8.584 0.591
2024-08-21 2139 1465.667 5.496 0.376
2024-08-22 2135 1467.412 1.745 0.119
2024-08-23 2140 1466.248 -1.164 -0.079
2024-08-24 2139 1473.557 7.309 0.498
2024-08-25 2139 1473.557 0 0
2024-08-26 2138 1473.557 0 0
2024-08-27 2145 1473.263 -0.294 -0.02
2024-08-28 2143 1472.236 -1.027 -0.07
2024-08-29 2151 1467.849 -4.387 -0.298
2024-08-30 2158 1460.892 -6.957 -0.474
2024-08-31 2157 1460.748 -0.144 -0.01
