2020-01-19 1890 1274.066 0 0
2020-02-07 1917 1215.378 -58.688 -4.829
2020-02-15 1916 1227.341 11.963 0.975
2020-02-16 1916 1227.341 0 0
2020-02-17 1905 1237.854 10.513 0.849
2020-02-18 1913 1228.57 -9.284 -0.756
2020-02-19 1909 1230.276 1.706 0.139
2020-02-20 1930 1216.638 -13.638 -1.121
2020-02-21 1933 1209.184 -7.454 -0.616
2020-02-22 1920 1217.607 8.423 0.692
2020-02-23 1919 1217.607 0 0
2020-02-24 1931 1197.94 -19.667 -1.642
2020-02-25 1959 1162.411 -35.529 -3.056
2020-02-26 1928 1182.57 20.159 1.705
2020-02-27 1953 1157.272 -25.298 -2.186
2020-02-28 1906 1189.615 32.343 2.719
2020-02-29 1886 1194.199 4.584 0.384
