2020-01-19 1141 2302.091 0 0
2020-02-07 1125 2303.277 1.186 0.051
2020-02-15 1129 2302.595 -0.682 -0.03
2020-02-16 1129 2302.595 0 0
2020-02-17 1132 2302.595 0 0
2020-02-18 1133 2302.595 0 0
2020-02-19 1131 2302.18 -0.415 -0.018
2020-02-20 1130 2301.143 -1.037 -0.045
2020-02-21 1135 2297.566 -3.577 -0.156
2020-02-22 1135 2296.15 -1.416 -0.062
2020-02-23 1135 2296.15 0 0
2020-02-24 1121 2296.15 0 0
2020-02-25 1111 2293.941 -2.209 -0.096
2020-02-26 1100 2295.059 1.118 0.049
2020-02-27 1091 2294.47 -0.589 -0.026
2020-02-28 1068 2294.294 -0.176 -0.008
2020-02-29 995 2455.351 161.057 6.559
2020-03-01 998 2455.351 0 0
2020-03-02 1005 2455.351 0 0
2020-03-03 1009 2458.537 3.186 0.13
2020-03-04 1009 2462.777 4.24 0.172
2020-03-05 1003 2462.207 -0.57 -0.023
2020-03-06 990 2461.763 -0.444 -0.018
2020-03-07 989 2462.429 0.666 0.027
2020-03-08 991 2462.429 0 0
2020-03-09 971 2462.429 0 0
2020-03-10 959 2461.478 -0.951 -0.039
2020-03-11 945 2462.302 0.824 0.033
2020-03-12 907 2462.619 0.317 0.013
2020-03-13 906 2457.495 -5.124 -0.209
2020-03-14 903 2461.605 4.11 0.167
2020-03-15 903 2461.605 0 0
2020-03-16 883 2461.605 0 0
2020-03-17 876 2462.777 1.172 0.048
2020-03-18 865 2464.744 1.967 0.08
2020-03-19 854 2463.063 -1.681 -0.068
2020-03-20 859 2465.602 2.539 0.103
2020-03-21 856 2467.223 1.621 0.066
2020-03-22 856 2467.223 0 0
2020-03-23 850 2467.223 0 0
2020-03-24 846 2467.128 -0.095 -0.004
2020-03-25 871 2467.032 -0.096 -0.004
2020-03-26 884 2467.923 0.891 0.036
2020-03-27 902 2468.273 0.35 0.014
2020-03-28 896 2468.624 0.351 0.014
2020-03-29 896 2468.624 0 0
2020-03-30 896 2468.624 0 0
2020-03-31 890 2467.7 -0.924 -0.037
2020-04-01 892 2468.687 0.987 0.04
2020-04-02 879 2467.86 -0.827 -0.034
2020-04-03 880 2468.592 0.732 0.03
2020-04-04 872 2468.146 -0.446 -0.018
2020-04-05 872 2468.146 0 0
2020-04-06 872 2468.146 0 0
2020-04-07 898 2468.242 0.096 0.004
2020-04-08 916 2468.496 0.254 0.01
2020-04-10 934 2468.082 -0.414 -0.017
2020-04-11 934 2468.082 0 0
2020-04-12 934 2468.082 0 0
2020-04-13 931 2468.082 0 0
2020-04-14 934 2468.082 0 0
2020-04-15 937 2468.401 0.319 0.013
2020-04-17 939 2468.687 0.286 0.012
2020-04-18 950 2468.847 0.16 0.006
2020-04-19 950 2468.847 0 0
2020-04-20 948 2468.847 0 0
2020-04-21 935 2468.847 0 0
2020-04-23 938 2468.942 0.095 0.004
2020-04-24 938 2468.879 -0.063 -0.003
2020-04-25 937 2468.719 -0.16 -0.006
2020-04-26 937 2468.719 0 0
2020-04-27 942 2468.719 0 0
2020-04-28 953 2468.942 0.223 0.009
2020-04-29 961 2468.91 -0.032 -0.001
2020-04-30 963 2468.815 -0.095 -0.004
2020-05-01 960 2468.242 -0.573 -0.023
2020-05-02 959 2468.21 -0.032 -0.001
2020-05-03 959 2468.21 0 0
2020-05-04 950 2468.21 0 0
2020-05-05 949 2467.764 -0.446 -0.018
2020-05-06 950 2467.891 0.127 0.005
2020-05-07 952 2468.369 0.478 0.019
2020-05-08 959 2468.592 0.223 0.009
2020-05-09 964 2468.369 -0.223 -0.009
2020-05-10 964 2468.369 0 0
2020-05-11 959 2468.369 0 0
2020-05-12 958 2468.815 0.446 0.018
2020-05-13 959 2468.687 -0.128 -0.005
2020-05-14 950 2468.783 0.096 0.004
2020-05-15 951 2468.592 -0.191 -0.008
2020-05-16 951 2468.464 -0.128 -0.005
2020-05-17 951 2468.464 0 0
2020-05-18 958 2468.464 0 0
2020-05-19 960 2468.464 0 0
2020-05-20 966 2468.687 0.223 0.009
2020-05-21 969 2468.91 0.223 0.009
2020-05-22 955 2467.414 -1.496 -0.061
2020-05-23 951 2467.128 -0.286 -0.012
2020-05-24 951 2467.128 0 0
2020-05-25 957 2467.128 0 0
2020-05-26 965 2467.128 0 0
2020-05-27 982 2468.019 0.891 0.036
2020-05-28 977 2468.242 0.223 0.009
2020-05-29 986 2468.019 -0.223 -0.009
2020-05-30 985 2468.656 0.637 0.026
2020-05-31 985 2468.656 0 0
2020-06-01 997 2468.656 0 0
2020-06-02 999 2468.528 -0.128 -0.005
2020-06-03 1007 2468.815 0.287 0.012
2020-06-04 1017 2468.879 0.064 0.003
2020-06-05 1022 2468.91 0.031 0.001
2020-06-06 1029 2468.942 0.032 0.001
2020-06-07 1029 2468.942 0 0
2020-06-08 1031 2468.942 0 0
2020-06-09 1029 2468.974 0.032 0.001
2020-06-10 1038 2468.942 -0.032 -0.001
2020-06-11 1020 2468.942 0 0
2020-06-12 1017 2468.91 -0.032 -0.001
2020-06-13 1017 2468.942 0.032 0.001
2020-06-14 1017 2468.942 0 0
2020-06-15 1019 2468.942 0 0
2020-06-16 1027 2468.847 -0.095 -0.004
2020-06-17 1025 2468.942 0.095 0.004
2020-06-18 1023 2468.942 0 0
2020-06-19 1028 2468.942 0 0
2020-06-20 1028 2468.91 -0.032 -0.001
2020-06-21 1028 2468.91 0 0
2020-06-22 1029 2468.91 0 0
2020-06-23 1031 2468.91 0 0
2020-06-24 1031 2468.91 0 0
2020-06-25 1022 2468.91 0 0
2020-06-26 1022 2468.815 -0.095 -0.004
2020-06-27 1020 2468.847 0.032 0.001
2020-06-28 1020 2468.847 0 0
2020-06-29 1015 2468.847 0 0
2020-06-30 1021 2468.815 -0.032 -0.001
2020-07-01 1028 2468.815 0 0
2020-07-07 1046 2468.815 0 0
2020-07-08 1053 2468.942 0.127 0.005
2020-07-09 1049 2468.942 0 0
2020-07-10 1044 2468.942 0 0
2020-07-11 1045 2468.751 -0.191 -0.008
2020-07-12 1045 2468.751 0 0
2020-07-13 1054 2468.751 0 0
2020-07-14 1055 2468.687 -0.064 -0.003
2020-07-15 1065 2468.815 0.128 0.005
2020-07-16 1060 2468.815 0 0
2020-07-17 1064 2467.891 -0.924 -0.037
2020-07-18 1064 2467.891 0 0
2020-07-20 1065 2467.796 -0.095 -0.004
2020-07-21 1067 2467.796 0 0
2020-07-22 1077 2468.687 0.891 0.036
2020-07-23 1070 2468.401 -0.286 -0.012
2020-07-24 1054 2468.592 0.191 0.008
2020-07-25 1064 2468.337 -0.255 -0.01
2020-07-26 1060 2468.337 0 0
2020-07-27 1057 2468.337 0 0
2020-07-28 1060 2468.656 0.319 0.013
2020-07-29 1069 2468.847 0.191 0.008
2020-07-30 1072 2468.942 0.095 0.004
2020-07-31 1076 2468.942 0 0
2020-08-04 1080 2468.942 0 0
2020-08-05 1089 2468.942 0 0
2020-08-06 1093 2468.879 -0.063 -0.003
2020-08-07 1087 2468.91 0.031 0.001
2020-08-08 1081 2468.847 -0.063 -0.003
2020-08-09 1081 2468.847 0 0
2020-08-10 1079 2468.847 0 0
2020-08-12 1081 2468.847 0 0
2020-08-13 1082 2468.719 -0.128 -0.005
2020-08-14 1089 2468.879 0.16 0.006
2020-08-15 1088 2468.815 -0.064 -0.003
2020-08-16 1088 2468.815 0 0
2020-08-17 1095 2468.815 0 0
2020-08-18 1094 2468.91 0.095 0.004
2020-08-19 1087 2468.91 0 0
2020-08-20 1086 2468.942 0.032 0.001
2020-08-21 1090 2468.91 -0.032 -0.001
2020-08-22 1091 2468.879 -0.031 -0.001
2020-08-23 1091 2468.879 0 0
2020-08-24 1092 2468.879 0 0
2020-08-25 1094 2468.942 0.063 0.003
2020-08-26 1092 2468.879 -0.063 -0.003
2020-08-27 1102 2468.847 -0.032 -0.001
2020-08-28 1104 2468.942 0.095 0.004
2020-08-29 1105 2468.879 -0.063 -0.003
2020-08-30 1105 2468.879 0 0
2020-08-31 1106 2468.879 0 0
2020-09-01 1112 2468.91 0.031 0.001
2020-09-02 1125 2468.942 0.032 0.001
2020-09-03 1112 2468.91 -0.032 -0.001
2020-09-04 1108 2468.815 -0.095 -0.004
2020-09-05 1108 2468.815 0 0
2020-09-06 1108 2468.815 0 0
2020-09-07 1108 2468.815 0 0
2020-09-08 1106 2468.815 0 0
2020-09-09 1100 2468.815 0 0
2020-09-10 1098 2468.815 0 0
2020-09-11 1107 2468.847 0.032 0.001
2020-09-12 1107 2468.879 0.032 0.001
2020-09-13 1107 2468.879 0 0
2020-09-14 1111 2468.879 0 0
2020-09-15 1116 2468.942 0.063 0.003
2020-09-16 1121 2468.974 0.032 0.001
2020-09-17 1122 2468.942 -0.032 -0.001
2020-09-18 1120 2468.974 0.032 0.001
2020-09-19 1120 2468.942 -0.032 -0.001
2020-09-21 1115 2468.942 0 0
2020-09-22 1107 2468.942 0 0
2020-09-23 1100 2468.879 -0.063 -0.003
2020-09-24 1092 2468.942 0.063 0.003
2020-09-25 1089 2468.91 -0.032 -0.001
2020-09-26 1081 2468.942 0.032 0.001
2020-09-27 1081 2468.942 0 0
2020-09-28 1087 2468.942 0 0
2020-09-29 1095 2468.942 0 0
2020-09-30 1101 2468.942 0 0
2020-10-01 1105 2468.974 0.032 0.001
2020-10-03 1109 2468.879 -0.095 -0.004
2020-10-04 1109 2468.879 0 0
2020-10-05 1112 2468.879 0 0
2020-10-06 1114 2468.942 0.063 0.003
2020-10-07 1114 2468.942 0 0
2020-10-08 1124 2468.942 0 0
2020-10-09 1127 2468.91 -0.032 -0.001
2020-10-10 1133 2468.942 0.032 0.001
2020-10-11 1134 2468.942 0 0
2020-10-12 1135 2468.942 0 0
2020-10-13 1136 2468.974 0.032 0.001
2020-10-14 1129 2468.974 0 0
2020-10-16 1126 2468.942 -0.032 -0.001
2020-10-17 1126 2468.942 0 0
2020-10-18 1126 2468.942 0 0
2020-10-19 1122 2468.942 0 0
2020-10-20 1132 2468.942 0 0
2020-10-21 1127 2468.974 0.032 0.001
2020-10-22 1127 2468.942 -0.032 -0.001
2020-10-23 1126 2468.974 0.032 0.001
2020-10-24 1126 2468.942 -0.032 -0.001
2020-10-25 1125 2468.942 0 0
2020-10-26 1124 2468.942 0 0
2020-10-27 1120 2468.974 0.032 0.001
2020-10-28 1114 2468.974 0 0
2020-10-29 1113 2468.942 -0.032 -0.001
2020-10-30 1111 2467.891 -1.051 -0.043
2020-10-31 1110 2467.414 -0.477 -0.019
2020-11-01 1110 2467.414 0 0
2020-11-02 1116 2467.414 0 0
2020-11-03 1120 2468.656 1.242 0.05
2020-11-04 1128 2468.592 -0.064 -0.003
2020-11-05 1132 2467.16 -1.432 -0.058
2020-11-06 1139 2467.191 0.031 0.001
2020-11-07 1138 2468.242 1.051 0.043
2020-11-08 1138 2468.242 0 0
2020-11-09 1149 2468.242 0 0
2020-11-10 1151 2468.146 -0.096 -0.004
2020-11-11 1150 2467.637 -0.509 -0.021
2020-11-12 1146 2468.019 0.382 0.015
2020-11-13 1149 2467.509 -0.51 -0.021
2020-11-14 1146 2467.86 0.351 0.014
2020-11-15 1146 2467.86 0 0
2020-11-17 1156 2467.86 0 0
2020-11-18 1156 2468.273 0.413 0.017
2020-11-19 1159 2468.146 -0.127 -0.005
2020-11-20 1157 2467.732 -0.414 -0.017
2020-11-21 1161 2468.114 0.382 0.015
2020-11-22 1159 2468.114 0 0
2020-11-23 1166 2468.114 0 0
2020-11-24 1163 2468.496 0.382 0.015
2020-11-25 1158 2468.496 0 0
2020-11-26 1160 2468.624 0.128 0.005
2020-11-27 1160 2468.624 0 0
2020-11-28 1161 2468.719 0.095 0.004
2020-11-29 1161 2468.719 0 0
2020-11-30 1158 2468.719 0 0
2020-12-01 1161 2468.178 -0.541 -0.022
2020-12-02 1164 2468.369 0.191 0.008
2020-12-03 1168 2468.337 -0.032 -0.001
2020-12-04 1178 2468.624 0.287 0.012
2020-12-05 1177 2468.815 0.191 0.008
2020-12-06 1178 2468.815 0 0
2020-12-07 1183 2468.815 0 0
2020-12-08 1184 2468.815 0 0
2020-12-09 1193 2468.687 -0.128 -0.005
2020-12-10 1191 2468.242 -0.445 -0.018
2020-12-11 1191 2468.624 0.382 0.015
2020-12-12 1191 2468.687 0.063 0.003
2020-12-13 1191 2468.687 0 0
2020-12-14 1191 2468.687 0 0
2020-12-15 1197 2468.242 -0.445 -0.018
2020-12-16 1198 2468.242 0 0
2020-12-17 1205 2468.401 0.159 0.006
2020-12-18 1203 2468.273 -0.128 -0.005
2020-12-19 1203 2468.305 0.032 0.001
2020-12-20 1203 2468.305 0 0
2020-12-21 1196 2468.305 0 0
2020-12-22 1193 2468.114 -0.191 -0.008
2020-12-23 1213 2468.178 0.064 0.003
2020-12-24 1207 2468.082 -0.096 -0.004
2020-12-25 1211 2468.178 0.096 0.004
2020-12-26 1211 2468.178 0 0
2020-12-27 1211 2468.178 0 0
2020-12-28 1212 2468.178 0 0
2020-12-29 1208 2467.891 -0.287 -0.012
2020-12-31 1218 2468.242 0.351 0.014
2021-01-01 1217 2467.764 -0.478 -0.019
2021-01-02 1217 2467.764 0 0
2021-01-03 1217 2467.764 0 0
2021-01-04 1222 2467.764 0 0
2021-01-05 1229 2467.796 0.032 0.001
2021-01-06 1229 2467.923 0.127 0.005
2021-01-07 1230 2467.891 -0.032 -0.001
2021-01-08 1229 2467.86 -0.031 -0.001
2021-01-09 1227 2467.064 -0.796 -0.032
2021-01-10 1227 2467.064 0 0
2021-01-11 1223 2467.064 0 0
2021-01-12 1234 2467.287 0.223 0.009
2021-01-13 1166 2590.651 123.364 4.762
2021-01-14 1178 2591.253 0.602 0.023
2021-01-15 1170 2591.253 0 0
2021-01-16 1166 2591.152 -0.101 -0.004
2021-01-17 1165 2591.152 0 0
2021-01-18 1169 2591.152 0 0
2021-01-19 1176 2591.152 0 0
2021-01-20 1178 2591.888 0.736 0.028
2021-01-21 1176 2591.854 -0.034 -0.001
2021-01-22 1176 2591.888 0.034 0.001
2021-01-23 1173 2591.587 -0.301 -0.012
2021-01-24 1173 2591.587 0 0
2021-01-25 1174 2591.587 0 0
2021-01-26 1170 2591.787 0.2 0.008
2021-01-27 1161 2591.453 -0.334 -0.013
2021-01-28 1154 2591.754 0.301 0.012
2021-01-29 1148 2591.386 -0.368 -0.014
2021-01-30 1146 2591.152 -0.234 -0.009
2021-01-31 1146 2591.152 0 0
2021-02-01 1152 2591.152 0 0
2021-02-02 1158 2591.553 0.401 0.015
2021-02-03 1166 2591.955 0.402 0.016
2021-02-04 1164 2591.888 -0.067 -0.003
2021-02-05 1167 2591.587 -0.301 -0.012
2021-02-06 1168 2591.687 0.1 0.004
2021-02-07 1168 2591.687 0 0
2021-02-08 1172 2591.687 0 0
2021-02-09 1184 2591.62 -0.067 -0.003
2021-02-10 1189 2591.787 0.167 0.006
2021-02-11 1196 2591.654 -0.133 -0.005
2021-02-12 1195 2591.453 -0.201 -0.008
2021-02-13 1195 2591.42 -0.033 -0.001
2021-02-14 1195 2591.42 0 0
2021-02-15 1196 2591.42 0 0
2021-02-16 1194 2591.42 0 0
2021-02-17 1198 2591.62 0.2 0.008
2021-02-19 1186 2591.453 -0.167 -0.006
2021-02-20 1191 2591.386 -0.067 -0.003
2021-02-21 1191 2591.386 0 0
2021-02-22 1181 2591.386 0 0
2021-02-23 1181 2591.152 -0.234 -0.009
2021-02-24 1173 2591.186 0.034 0.001
2021-02-25 1172 2590.885 -0.301 -0.012
2021-02-26 1171 2591.052 0.167 0.006
2021-02-27 1161 2589.983 -1.069 -0.041
2021-02-28 1163 2589.983 0 0
2021-03-01 1173 2589.983 0 0
2021-03-02 1175 2590.117 0.134 0.005
2021-03-03 1179 2589.616 -0.501 -0.019
2021-03-04 1180 2590.25 0.634 0.024
2021-03-05 1168 2589.482 -0.768 -0.03
2021-03-06 1173 2587.715 -1.767 -0.068
2021-03-07 1177 2587.715 0 0
2021-03-08 1168 2587.715 0 0
2021-03-09 1169 2586.282 -1.433 -0.055
2021-03-11 1189 2588.482 2.2 0.085
2021-03-12 1192 2588.815 0.333 0.013
2021-03-13 1194 2587.048 -1.767 -0.068
2021-03-14 1195 2587.048 0 0
2021-03-15 1191 2587.048 0 0
2021-03-16 1194 2587.115 0.067 0.003
2021-03-18 1198 2586.715 -0.4 -0.015
2021-03-19 1198 2586.715 0 0
2021-03-20 1187 2587.515 0.8 0.031
2021-03-21 1186 2587.515 0 0
2021-03-22 1190 2587.515 0 0
2021-03-23 1184 2586.982 -0.533 -0.021
2021-03-24 1178 2586.749 -0.233 -0.009
2021-03-26 1186 2586.482 -0.267 -0.01
2021-03-27 1186 2586.183 -0.299 -0.012
2021-03-28 1186 2586.183 0 0
2021-03-29 1181 2586.183 0 0
2021-03-30 1183 2586.183 0 0
2021-03-31 1178 2584.353 -1.83 -0.071
