2020-01-19 1016 2562.268 0 0
2020-02-07 1009 2561.753 -0.515 -0.02
2020-02-15 1014 2562.09 0.337 0.013
2020-02-16 1014 2562.09 0 0
2020-02-17 1015 2562.09 0 0
2020-02-18 965 2681.648 119.558 4.458
2020-02-19 965 2681.897 0.249 0.009
2020-02-20 993 2614.356 -67.541 -2.583
2020-02-21 993 2613.972 -0.384 -0.015
2020-02-22 995 2614.392 0.42 0.016
2020-02-23 995 2614.392 0 0
2020-02-24 979 2614.392 0 0
2020-02-25 968 2614.213 -0.179 -0.007
2020-02-26 958 2614.699 0.486 0.019
2020-02-27 941 2614.168 -0.531 -0.02
2020-02-28 943 2613.937 -0.231 -0.009
2020-02-29 942 2613.4 -0.537 -0.021
2020-03-01 945 2613.4 0 0
2020-03-02 954 2613.4 0 0
2020-03-03 953 2613.251 -0.149 -0.006
2020-03-04 960 2613.636 0.385 0.015
2020-03-05 949 2613.636 0 0
2020-03-06 944 2614.195 0.559 0.021
2020-03-07 942 2614.79 0.595 0.023
2020-03-08 942 2614.79 0 0
2020-03-09 913 2614.79 0 0
2020-03-10 909 2615.165 0.375 0.014
2020-03-11 892 2614.285 -0.88 -0.034
2020-03-12 868 2613.999 -0.286 -0.011
2020-03-13 862 2612.156 -1.843 -0.071
2020-03-14 870 2611.406 -0.75 -0.029
2020-03-15 869 2611.406 0 0
2020-03-16 849 2611.406 0 0
2020-03-17 834 2610.746 -0.66 -0.025
2020-03-18 815 2609.317 -1.429 -0.055
2020-03-19 808 2607.993 -1.324 -0.051
2020-03-20 808 2607.442 -0.551 -0.021
2020-03-21 813 2607.889 0.447 0.017
2020-03-22 813 2607.889 0 0
2020-03-23 804 2607.889 0 0
2020-03-24 802 2606.531 -1.358 -0.052
2020-03-25 819 2608.089 1.558 0.06
2020-03-26 831 2607.978 -0.111 -0.004
2020-03-27 848 2609.988 2.01 0.077
2020-03-28 838 2611.152 1.164 0.045
2020-03-29 838 2611.152 0 0
2020-03-30 838 2611.152 0 0
2020-03-31 839 2611.472 0.32 0.012
2020-04-01 841 2611.398 -0.074 -0.003
2020-04-02 825 2611.53 0.132 0.005
2020-04-03 829 2611.291 -0.239 -0.009
2020-04-04 826 2610.649 -0.642 -0.025
2020-04-05 826 2610.649 0 0
2020-04-06 826 2610.649 0 0
2020-04-07 851 2610.625 -0.024 -0.001
2020-04-08 869 2610.9 0.275 0.011
2020-04-10 884 2611.771 0.871 0.033
2020-04-11 884 2611.771 0 0
2020-04-12 884 2611.771 0 0
2020-04-13 882 2611.771 0 0
2020-04-14 882 2611.954 0.183 0.007
2020-04-15 885 2612.46 0.506 0.019
2020-04-17 880 2611.646 -0.814 -0.031
2020-04-18 881 2611.963 0.317 0.012
2020-04-19 881 2611.963 0 0
2020-04-20 890 2611.963 0 0
2020-04-21 875 2611.796 -0.167 -0.006
2020-04-23 883 2611.013 -0.783 -0.03
2020-04-24 882 2611.332 0.319 0.012
2020-04-25 879 2611.07 -0.262 -0.01
2020-04-26 879 2611.07 0 0
2020-04-27 885 2611.07 0 0
2020-04-28 894 2611.456 0.386 0.015
2020-04-29 897 2611.596 0.14 0.005
2020-04-30 907 2611.596 0 0
