2024-03-30 822 3900 0 0
2024-03-31 822 3900 0 0
2024-04-02 824 3900 0 0
2024-04-03 822 3900 0 0
2024-04-04 825 3900 0 0
2024-04-05 826 3900 0 0
2024-04-06 822 3900 0 0
2024-04-07 822 3900 0 0
2024-04-08 822 3900 0 0
2024-04-09 822 3900 0 0
2024-04-10 820 3900 0 0
2024-04-11 813 3900 0 0
2024-04-12 811 3900 0 0
2024-04-13 805 3900 0 0
2024-04-14 805 3900 0 0
2024-04-15 806 3900 0 0
2024-04-16 799 3900 0 0
2024-04-17 797 3900 0 0
2024-04-18 799 3900 0 0
2024-04-19 797 3900 0 0
2024-04-20 798 3900 0 0
2024-04-21 798 3900 0 0
2024-04-22 801 3900 0 0
2024-04-23 807 3900 0 0
2024-04-24 811 3900 0 0
2024-04-25 806 3900 0 0
2024-04-26 809 3900 0 0
2024-04-27 807 3900 0 0
2024-04-28 807 3900 0 0
2024-04-29 810 3900 0 0
2024-04-30 806 3900 0 0
