2021-07-29 2517 1140 0 0
2021-07-30 2520 1140 0 0
2021-07-31 2522 1140 0 0
2021-08-01 2522 1140 0 0
2021-08-02 2525 1140 0 0
2021-08-03 2524 1140 0 0
2021-08-04 2523 1140 0 0
2021-08-05 2528 1140 0 0
2021-08-06 2524 1140 0 0
2021-08-07 2521 1140 0 0
2021-08-08 2521 1140 0 0
2021-08-09 2529 1140 0 0
2021-08-10 2528 1140 0 0
2021-08-11 2523 1140 0 0
2021-08-13 2523 1140 0 0
2021-08-14 2525 1140 0 0
2021-08-15 2525 1140 0 0
2021-08-16 2518 1140 0 0
2021-08-17 2506 1140 0 0
2021-08-18 2507 1140 0 0
2021-08-19 2495 1140 0 0
2021-08-20 2487 1140 0 0
2021-08-21 2486 1140 0 0
2021-08-22 2486 1140 0 0
2021-08-23 2494 1140 0 0
2021-08-24 2508 1140 0 0
2021-08-25 2513 1140 0 0
2021-08-26 2504 1140 0 0
2021-08-27 2502 1140 0 0
2021-08-28 2503 1140 0 0
2021-08-29 2503 1140 0 0
2021-08-30 2498 1140 0 0
2021-08-31 2495 1140 0 0
2021-09-01 2500 1140 0 0
2021-09-02 2505 1140 0 0
2021-09-03 2512 1140 0 0
2021-09-04 2511 1140 0 0
2021-09-05 2514 1140 0 0
2021-09-06 2522 1140 0 0
2021-09-07 2520 1140 0 0
2021-09-08 2514 1140 0 0
2021-09-09 2507 1140 0 0
2021-09-10 2513 1140 0 0
2021-09-11 2516 1140 0 0
2021-09-12 2516 1140 0 0
2021-09-13 2512 1140 0 0
2021-09-14 2506 1140 0 0
2021-09-15 2506 1140 0 0
2021-09-16 2504 1140 0 0
2021-09-17 2497 1140 0 0
2021-09-18 2496 1140 0 0
2021-09-19 2494 1140 0 0
2021-09-20 2487 1140 0 0
2021-09-21 2481 1140 0 0
2021-09-22 2480 1140 0 0
2021-09-23 2490 1140 0 0
2021-09-24 2489 1140 0 0
2021-09-25 2486 1140 0 0
2021-09-26 2486 1140 0 0
2021-09-27 2489 1140 0 0
2021-09-28 2479 1140 0 0
2021-09-29 2473 1140 0 0
2021-09-30 2475 1140 0 0
2021-10-01 2469 1140 0 0
2021-10-02 2473 1140 0 0
2021-10-03 2473 1140 0 0
2021-10-04 2463 1140 0 0
2021-10-05 2472 1140 0 0
2021-10-06 2492 1140 0 0
2021-10-07 2498 1140 0 0
2021-10-08 2507 1140 0 0
2021-10-09 2511 1140 0 0
2021-10-10 2511 1140 0 0
2021-10-11 2503 1140 0 0
2021-10-12 2501 1140 0 0
2021-10-13 2506 1140 0 0
2021-10-14 2513 1140 0 0
2021-10-15 2511 1140 0 0
2021-10-16 2514 1140 0 0
2021-10-17 2513 1140 0 0
2021-10-18 2512 1140 0 0
2021-10-19 2506 1140 0 0
2021-10-20 2515 1140 0 0
2021-10-21 2519 1140 0 0
2021-10-22 2521 1140 0 0
2021-10-23 2523 1140 0 0
2021-10-25 2517 1140 0 0
2021-10-26 2516 1140 0 0
2021-10-27 2505 1140 0 0
2021-10-28 2496 1140 0 0
2021-10-29 2504 1140 0 0
2021-10-30 2502 1140 0 0
2021-10-31 2502 1140 0 0
2021-11-01 2506 1140 0 0
2021-11-02 2501 1140 0 0
2021-11-03 2498 1140 0 0
2021-11-04 2508 1140 0 0
2021-11-05 2511 1140 0 0
2021-11-06 2512 1140 0 0
2021-11-07 2513 1140 0 0
2021-11-08 2514 1140 0 0
2021-11-09 2523 1140 0 0
2021-11-10 2522 1140 0 0
2021-11-11 2521 1140 0 0
2021-11-12 2524 1140 0 0
2021-11-13 2525 1140 0 0
2021-11-14 2525 1140 0 0
2021-11-15 2521 1140 0 0
2021-11-16 2522 1140 0 0
2021-11-17 2511 1140 0 0
2021-11-18 2511 1140 0 0
2021-11-19 2517 1140 0 0
2021-11-20 2514 1140 0 0
2021-11-21 2514 1140 0 0
2021-11-22 2505 1140 0 0
2021-11-23 2501 1140 0 0
2021-11-24 2501 1140 0 0
2021-11-25 2498 1140 0 0
2021-11-26 2491 1140 0 0
2021-11-27 2487 1140 0 0
2021-11-28 2487 1140 0 0
2021-11-29 2482 1140 0 0
2021-11-30 2483 1140 0 0
2021-12-01 2478 1140 0 0
2021-12-02 2478 1140 0 0
2021-12-03 2481 1140 0 0
2021-12-04 2481 1140 0 0
2021-12-05 2482 1140 0 0
2021-12-06 2476 1140 0 0
2021-12-07 2463 1140 0 0
2021-12-08 2490 1140 0 0
2021-12-09 2492 1140 0 0
2021-12-10 2484 1140 0 0
2021-12-11 2487 1140 0 0
2021-12-12 2480 1140 0 0
2021-12-13 2485 1140 0 0
2021-12-14 2481 1140 0 0
2021-12-15 2476 1140 0 0
2021-12-16 2474 1140 0 0
2021-12-17 2472 1140 0 0
2021-12-18 2467 1140 0 0
2021-12-19 2468 1140 0 0
2021-12-20 2450 1140 0 0
2021-12-21 2458 1140 0 0
2021-12-22 2475 1140 0 0
2021-12-23 2478 1140 0 0
2021-12-24 2475 1140 0 0
2021-12-25 2478 1140 0 0
2021-12-26 2480 1140 0 0
2021-12-27 2488 1140 0 0
2021-12-28 2490 1140 0 0
2021-12-29 2490 1140 0 0
2021-12-30 2490 1140 0 0
2021-12-31 2493 1140 0 0
2022-01-02 2495 1140 0 0
2022-01-03 2496 1140 0 0
2022-01-04 2494 1140 0 0
2022-01-05 2482 1140 0 0
2022-01-06 2478 1140 0 0
2022-01-07 2470 1140 0 0
2022-01-08 2471 1140 0 0
2022-01-09 2471 1140 0 0
2022-01-10 2466 1140 0 0
2022-01-11 2469 1140 0 0
2022-01-12 2476 1140 0 0
2022-01-13 2472 1140 0 0
2022-01-14 2467 1140 0 0
2022-01-15 2450 1140 0 0
2022-01-16 2466 1140 0 0
2022-01-17 2470 1140 0 0
2022-01-18 2470 1140 0 0
2022-01-19 2451 1140 0 0
2022-01-20 2453 1140 0 0
2022-01-22 2439 1140 0 0
2022-01-23 2440 1140 0 0
2022-01-24 2437 1140 0 0
2022-01-25 2417 1140 0 0
2022-01-26 2423 1140 0 0
2022-01-27 2408 1140 0 0
2022-01-28 2415 1140 0 0
2022-01-29 2412 1140 0 0
2022-01-30 2415 1140 0 0
2022-01-31 2422 1140 0 0
2022-02-01 2425 1140 0 0
2022-02-02 2429 1140 0 0
2022-02-03 2424 1140 0 0
2022-02-04 2425 1140 0 0
2022-02-05 2424 1140 0 0
2022-02-06 2424 1140 0 0
2022-02-07 2433 1140 0 0
2022-02-08 2437 1140 0 0
2022-02-09 2445 1140 0 0
2022-02-10 2438 1140 0 0
2022-02-11 2442 1140 0 0
2022-02-12 2431 1140 0 0
2022-02-13 2432 1140 0 0
2022-02-14 2419 1140 0 0
2022-02-15 2419 1140 0 0
2022-02-16 2433 1140 0 0
2022-02-17 2420 1140 0 0
2022-02-18 2420 1140 0 0
2022-02-19 2415 1140 0 0
2022-02-20 2413 1140 0 0
2022-02-21 2415 1140 0 0
2022-02-22 2396 1140 0 0
2022-02-23 2391 1140 0 0
2022-02-24 2391 1140 0 0
2022-02-25 2388 1140 0 0
2022-02-26 2406 1140 0 0
2022-02-27 2412 1140 0 0
2022-02-28 2406 1140 0 0
2022-03-01 2406 1140 0 0
2022-03-02 2406 1140 0 0
2022-03-03 2383 1140 0 0
2022-03-04 2370 1140 0 0
2022-03-05 2364 1140 0 0
2022-03-06 2366 1140 0 0
2022-03-07 2336 1140 0 0
2022-03-08 2310 1140 0 0
2022-03-09 2328 1140 0 0
2022-03-10 2332 1140 0 0
2022-03-11 2322 1140 0 0
2022-03-12 2316 1140 0 0
2022-03-13 2311 1140 0 0
2022-03-14 2288 1140 0 0
2022-03-15 2269 1140 0 0
2022-03-16 2293 1140 0 0
2022-03-17 2330 1140 0 0
2022-03-18 2343 1140 0 0
2022-03-19 2341 1140 0 0
2022-03-20 2341 1140 0 0
2022-03-21 2334 1140 0 0
2022-03-22 2335 1140 0 0
2022-03-23 2339 1140 0 0
2022-03-24 2343 1140 0 0
2022-03-26 2321 1140 0 0
2022-03-27 2321 1140 0 0
2022-03-28 2313 1140 0 0
2022-03-29 2326 1140 0 0
2022-03-30 2343 1140 0 0
2022-04-01 2337 1140 0 0
2022-04-02 2337 1140 0 0
2022-04-03 2337 1140 0 0
2022-04-05 2508 1140 0 0
2022-04-06 2489 1140 0 0
2022-04-07 2475 1140 0 0
2022-04-08 2468 1140 0 0
2022-04-09 2465 1140 0 0
2022-04-10 2466 1140 0 0
2022-04-11 2455 1140 0 0
2022-04-12 2451 1140 0 0
2022-04-13 2448 1140 0 0
2022-04-14 2450 1140 0 0
2022-04-15 2455 1140 0 0
2022-04-16 2455 1140 0 0
2022-04-17 2455 1140 0 0
2022-04-18 2450 1140 0 0
2022-04-19 2448 1140 0 0
2022-04-20 2441 1140 0 0
2022-04-21 2430 1140 0 0
2022-04-22 2413 1140 0 0
2022-04-23 2408 1140 0 0
2022-04-24 2408 1140 0 0
2022-04-25 2386 1140 0 0
2022-04-26 2361 1140 0 0
2022-04-27 2368 1140 0 0
2022-04-28 2378 1140 0 0
2022-04-29 2385 1140 0 0
2022-04-30 2387 1140 0 0
2022-05-01 2387 1140 0 0
2022-05-02 2384 1140 0 0
2022-05-03 2381 1140 0 0
2022-05-04 2384 1140 0 0
2022-05-05 2377 1140 0 0
2022-05-06 2352 1140 0 0
2022-05-07 2346 1140 0 0
2022-05-08 2346 1140 0 0
2022-05-09 2332 1140 0 0
2022-05-10 2318 1140 0 0
2022-05-11 2316 1140 0 0
2022-05-12 2314 1140 0 0
2022-05-13 2329 1140 0 0
2022-05-14 2330 1140 0 0
2022-05-15 2331 1140 0 0
2022-05-16 2328 1140 0 0
2022-05-17 2338 1140 0 0
2022-05-18 2337 1140 0 0
2022-05-19 2333 1140 0 0
2022-05-20 2345 1140 0 0
2022-05-21 2349 1140 0 0
2022-05-22 2350 1140 0 0
2022-05-23 2354 1140 0 0
2022-05-24 2329 1140 0 0
2022-05-25 2337 1140 0 0
2022-05-26 2340 1140 0 0
2022-05-27 2341 1140 0 0
2022-05-28 2341 1140 0 0
2022-05-29 2340 1140 0 0
2022-05-30 2357 1140 0 0
2022-05-31 2364 1140 0 0
2022-06-01 2369 1140 0 0
2022-06-02 2365 1140 0 0
2022-06-03 2362 1140 0 0
2022-06-04 2365 1140 0 0
2022-06-05 2365 1140 0 0
2022-06-06 2370 1140 0 0
2022-06-07 2377 1140 0 0
2022-06-08 2375 1140 0 0
2022-06-11 2351 1140 0 0
2022-06-12 2351 1140 0 0
2022-06-13 2333 1140 0 0
2022-06-14 2323 1140 0 0
2022-06-15 2325 1140 0 0
2022-06-16 2322 1140 0 0
2022-06-17 2328 1140 0 0
2022-06-18 2328 1140 0 0
2022-06-19 2328 1140 0 0
2022-06-20 2329 1140 0 0
2022-06-21 2327 1140 0 0
2022-06-22 2327 1140 0 0
2022-06-24 2345 1140 0 0
2022-06-25 2347 1140 0 0
2022-06-26 2347 1140 0 0
2022-06-27 2345 1140 0 0
2022-06-28 2349 1140 0 0
2022-06-29 2338 1140 0 0
2022-06-30 2332 1140 0 0
2022-07-01 2331 1140 0 0
2022-07-02 2329 1140 0 0
2022-07-03 2329 1140 0 0
2022-07-04 2329 1140 0 0
2022-07-05 2332 1140 0 0
2022-07-06 2314 1140 0 0
2022-07-07 2328 1140 0 0
2022-07-08 2324 1140 0 0
2022-07-09 2328 1140 0 0
2022-07-10 2327 1140 0 0
2022-07-11 2315 1140 0 0
2022-07-12 2306 1140 0 0
2022-07-13 2305 1140 0 0
2022-07-14 2305 1140 0 0
2022-07-15 2292 1140 0 0
2022-07-16 2298 1140 0 0
2022-07-17 2298 1140 0 0
2022-07-18 2302 1140 0 0
2022-07-19 2319 1140 0 0
2022-07-20 2335 1140 0 0
2022-07-21 2334 1140 0 0
2022-07-22 2325 1140 0 0
2022-07-23 2326 1140 0 0
2022-07-24 2326 1140 0 0
2022-07-25 2323 1140 0 0
2022-07-26 2324 1140 0 0
2022-07-27 2322 1140 0 0
2022-07-28 2326 1140 0 0
2022-07-29 2344 1140 0 0
2022-07-30 2346 1140 0 0
2022-07-31 2347 1140 0 0
2022-08-01 2351 1140 0 0
2022-08-02 2347 1140 0 0
2022-08-03 2346 1140 0 0
2022-08-04 2348 1140 0 0
2022-08-05 2359 1140 0 0
2022-08-06 2361 1140 0 0
2022-08-07 2361 1140 0 0
2022-08-08 2362 1140 0 0
2022-08-09 2358 1140 0 0
2022-08-10 2371 1140 0 0
2022-08-11 2388 1140 0 0
2022-08-12 2391 1140 0 0
2022-08-13 2391 1140 0 0
2022-08-14 2390 1140 0 0
2022-08-15 2389 1140 0 0
2022-08-16 2383 1140 0 0
2022-08-17 2376 1140 0 0
2022-08-18 2369 1140 0 0
2022-08-19 2358 1140 0 0
2022-08-20 2350 1140 0 0
2022-08-21 2350 1140 0 0
2022-08-22 2347 1140 0 0
2022-08-23 2343 1140 0 0
2022-08-24 2331 1140 0 0
2022-08-25 2331 1140 0 0
2022-08-26 2329 1140 0 0
2022-08-27 2330 1140 0 0
2022-08-28 2329 1140 0 0
2022-08-29 2319 1140 0 0
2022-08-30 2315 1140 0 0
2022-08-31 2307 1140 0 0
2022-09-01 2298 1140 0 0
2022-09-03 2297 1140 0 0
2022-09-04 2299 1140 0 0
2022-09-05 2288 1140 0 0
2022-09-06 2298 1140 0 0
2022-09-07 2295 1140 0 0
2022-09-08 2291 1140 0 0
2022-09-09 2307 1140 0 0
2022-09-11 2314 1140 0 0
2022-09-12 2319 1140 0 0
2022-09-13 2321 1140 0 0
2022-09-14 2305 1140 0 0
2022-09-15 2298 1140 0 0
2022-09-16 2284 1140 0 0
2022-09-17 2280 1140 0 0
2022-09-18 2281 1140 0 0
2022-09-19 2276 1140 0 0
2022-09-20 2273 1140 0 0
2022-09-21 2258 1140 0 0
2022-09-22 2250 1140 0 0
2022-09-23 2243 1140 0 0
2022-09-24 2228 1140 0 0
2022-09-25 2229 1140 0 0
2022-09-26 2212 1140 0 0
2022-09-27 2237 1140 0 0
2022-09-28 2236 1140 0 0
2022-09-29 2237 1140 0 0
2022-09-30 2234 1140 0 0
2022-10-01 2242 1140 0 0
2022-10-02 2239 1140 0 0
2022-10-03 2241 1140 0 0
2022-10-04 2257 1140 0 0
2022-10-05 2264 1140 0 0
2022-10-06 2257 1140 0 0
2022-10-07 2253 1140 0 0
2022-10-08 2248 1140 0 0
2022-10-09 2248 1140 0 0
2022-10-10 2239 1140 0 0
2022-10-11 2212 1140 0 0
2022-10-12 2216 1140 0 0
2022-10-13 2215 1140 0 0
2022-10-14 2215 1140 0 0
2022-10-15 2218 1140 0 0
2022-10-16 2217 1140 0 0
2022-10-17 2230 1140 0 0
2022-10-18 2250 1140 0 0
2022-10-19 2237 1140 0 0
2022-10-20 2233 1140 0 0
2022-10-21 2231 1140 0 0
2022-10-22 2231 1140 0 0
2022-10-23 2230 1140 0 0
2022-10-24 2220 1140 0 0
2022-10-25 2221 1140 0 0
2022-10-26 2234 1140 0 0
2022-10-27 2250 1140 0 0
2022-10-28 2241 1140 0 0
2022-10-29 2232 1140 0 0
2022-10-30 2232 1140 0 0
2022-10-31 2237 1140 0 0
2022-11-01 2243 1140 0 0
2022-11-02 2251 1140 0 0
2022-11-03 2247 1140 0 0
2022-11-04 2251 1140 0 0
2022-11-05 2254 1140 0 0
2022-11-06 2254 1140 0 0
2022-11-07 2255 1140 0 0
2022-11-08 2269 1140 0 0
2022-11-09 2262 1140 0 0
2022-11-10 2272 1140 0 0
2022-11-11 2297 1140 0 0
2022-11-12 2310 1140 0 0
2022-11-13 2310 1140 0 0
2022-11-14 2314 1140 0 0
2022-11-15 2326 1140 0 0
2022-11-16 2324 1140 0 0
2022-11-17 2313 1140 0 0
2022-11-18 2299 1140 0 0
2022-11-19 2302 1140 0 0
2022-11-20 2302 1140 0 0
2022-11-21 2298 1140 0 0
2022-11-22 2291 1140 0 0
2022-11-23 2286 1140 0 0
2022-11-24 2300 1140 0 0
2022-11-25 2297 1140 0 0
2022-11-26 2297 1140 0 0
2022-11-27 2301 1140 0 0
2022-11-28 2300 1140 0 0
2022-11-29 2309 1140 0 0
2022-11-30 2307 1140 0 0
2022-12-02 2328 1140 0 0
2022-12-04 2328 1140 0 0
2022-12-05 2328 1140 0 0
2022-12-06 2328 1140 0 0
2022-12-07 2318 1140 0 0
2022-12-08 2324 1140 0 0
2022-12-09 2321 1140 0 0
2022-12-10 2333 1140 0 0
2022-12-11 2333 1140 0 0
2022-12-12 2332 1140 0 0
2022-12-13 2331 1140 0 0
2022-12-14 2336 1140 0 0
2022-12-15 2328 1140 0 0
2022-12-16 2317 1140 0 0
2022-12-17 2313 1140 0 0
2022-12-18 2313 1140 0 0
2022-12-19 2301 1140 0 0
2022-12-20 2300 1140 0 0
2022-12-21 2301 1140 0 0
2022-12-22 2300 1140 0 0
2022-12-23 2295 1140 0 0
2022-12-24 2294 1140 0 0
2022-12-25 2294 1140 0 0
2022-12-26 2302 1140 0 0
2022-12-27 2305 1140 0 0
2022-12-28 2297 1140 0 0
2022-12-29 2302 1140 0 0
2022-12-30 2305 1140 0 0
2022-12-31 2305 1140 0 0
2023-01-02 2305 1140 0 0
2023-01-03 2315 1140 0 0
2023-01-04 2320 1140 0 0
2023-01-05 2318 1140 0 0
2023-01-07 2334 1140 0 0
2023-01-08 2334 1140 0 0
2023-01-09 2340 1140 0 0
2023-01-10 2350 1140 0 0
2023-01-11 2351 1140 0 0
2023-01-14 2372 1140 0 0
2023-01-16 2381 1140 0 0
2023-01-17 2383 1140 0 0
2023-01-20 2364 1140 0 0
2023-01-21 2372 1140 0 0
2023-01-22 2372 1140 0 0
2023-01-23 2374 1140 0 0
2023-01-24 2372 1140 0 0
2023-01-25 2371 1140 0 0
2024-09-12 2422 1245 105 9.211
2024-09-13 2418 1245 0 0
2024-09-14 2430 1245 0 0
2024-09-15 2430 1245 0 0
2024-09-16 2427 1245 0 0
2024-09-17 2426 1245 0 0
2024-09-18 2421 1245 0 0
2024-09-19 2435 1245 0 0
2024-09-20 2438 1245 0 0
2024-09-21 2437 1245 0 0
2024-09-22 2437 1245 0 0
2024-09-23 2436 1245 0 0
2024-09-24 2445 1245 0 0
2024-09-25 2449 1245 0 0
2024-09-26 2460 1245 0 0
2024-09-27 2469 1245 0 0
2024-09-28 2470 1245 0 0
2024-09-29 2470 1245 0 0
2024-09-30 2490 1245 0 0
2024-10-01 2493 1245 0 0
2024-10-02 2496 1245 0 0
2024-10-03 2488 1245 0 0
2024-10-04 2481 1245 0 0
2024-10-05 2480 1245 0 0
2024-10-06 2480 1245 0 0
2024-10-07 2483 1245 0 0
2024-10-08 2494 1245 0 0
2024-10-09 2469 1245 0 0
2024-10-10 2470 1245 0 0
2024-10-11 2467 1245 0 0
2024-10-12 2466 1245 0 0
2024-10-13 2466 1245 0 0
2024-10-14 2470 1245 0 0
2024-10-15 2461 1245 0 0
2024-10-16 2461 1245 0 0
2024-10-17 2458 1245 0 0
2024-10-18 2467 1245 0 0
2024-10-19 2469 1245 0 0
2024-10-20 2470 1245 0 0
2024-10-21 2470 1245 0 0
2024-10-22 2465 1245 0 0
2024-10-23 2462 1245 0 0
2024-10-24 2454 1245 0 0
2024-10-25 2453 1245 0 0
2024-10-26 2455 1245 0 0
2024-10-27 2453 1245 0 0
2024-10-28 2463 1245 0 0
2024-10-29 2454 1245 0 0
2024-10-30 2452 1245 0 0
2024-10-31 2454 1245 0 0
2024-11-01 2450 1245 0 0
2024-11-02 2451 1245 0 0
2024-11-03 2451 1245 0 0
2024-11-04 2453 1245 0 0
2024-11-05 2457 1245 0 0
2024-11-06 2465 1245 0 0
2024-11-07 2467 1245 0 0
2024-11-08 2473 1245 0 0
2024-11-09 2470 1245 0 0
2024-11-10 2470 1245 0 0
2024-11-11 2476 1245 0 0
2024-11-12 2464 1245 0 0
2024-11-13 2451 1245 0 0
2024-11-14 2440 1245 0 0
2024-11-15 2433 1245 0 0
2024-11-16 2431 1245 0 0
2024-11-17 2431 1245 0 0
2024-11-18 2428 1245 0 0
2024-11-19 2432 1245 0 0
2024-11-20 2441 1245 0 0
2024-11-21 2438 1245 0 0
2024-11-22 2435 1245 0 0
2024-11-23 2434 1245 0 0
2024-11-24 2434 1245 0 0
2024-11-25 2432 1245 0 0
2024-11-26 2432 1245 0 0
2024-11-27 2438 1245 0 0
2024-11-28 2444 1245 0 0
2024-11-29 2444 1245 0 0
2024-11-30 2438 1245 0 0
2024-12-01 2438 1245 0 0
2024-12-02 2448 1245 0 0
2024-12-03 2448 1245 0 0
2024-12-04 2453 1245 0 0
2024-12-05 2456 1245 0 0
2024-12-06 2460 1245 0 0
2024-12-07 2459 1245 0 0
2024-12-08 2459 1245 0 0
2024-12-09 2463 1245 0 0
2024-12-10 2458 1245 0 0
2024-12-11 2467 1245 0 0
2024-12-12 2463 1245 0 0
2024-12-13 2458 1245 0 0
2024-12-14 2455 1245 0 0
2024-12-15 2454 1245 0 0
2024-12-16 2460 1245 0 0
2024-12-17 2451 1245 0 0
2024-12-18 2448 1245 0 0
2024-12-19 2442 1245 0 0
2024-12-20 2428 1245 0 0
2024-12-21 2437 1245 0 0
2024-12-22 2437 1245 0 0
2024-12-23 2432 1245 0 0
2024-12-24 2432 1245 0 0
2024-12-25 2433 1245 0 0
2024-12-26 2438 1245 0 0
2024-12-27 2436 1245 0 0
2024-12-28 2436 1245 0 0
2024-12-29 2436 1245 0 0
2024-12-30 2434 1245 0 0
2024-12-31 2425 1245 0 0
2025-01-01 2425 1245 0 0
2025-01-02 2423 1245 0 0
2025-01-03 2414 1245 0 0
2025-01-04 2415 1245 0 0
2025-01-05 2415 1245 0 0
2025-01-06 2411 1245 0 0
2025-01-07 2422 1245 0 0
2025-01-08 2418 1245 0 0
2025-01-09 2414 1245 0 0
2025-01-10 2403 1245 0 0
2025-01-11 2400 1245 0 0
2025-01-12 2401 1245 0 0
2025-01-13 2399 1245 0 0
2025-01-14 2405 1245 0 0
2025-01-15 2414 1245 0 0
2025-01-16 2416 1245 0 0
2025-01-17 2418 1245 0 0
2025-01-18 2418 1245 0 0
2025-01-19 2417 1245 0 0
2025-01-20 2424 1245 0 0
2025-01-21 2425 1245 0 0
2025-01-22 2431 1245 0 0
2025-01-23 2429 1245 0 0
2025-01-24 2433 1245 0 0
2025-01-25 2443 1245 0 0
2025-01-26 2443 1245 0 0
2025-01-27 2429 1245 0 0
2025-01-28 2433 1245 0 0
2025-01-29 2436 1245 0 0
2025-01-30 2444 1245 0 0
2025-01-31 2448 1245 0 0
2025-02-01 2447 1245 0 0
2025-02-02 2447 1245 0 0
2025-02-03 2447 1245 0 0
2025-02-04 2445 1245 0 0
2025-02-05 2449 1245 0 0
2025-02-06 2455 1245 0 0
2025-02-07 2456 1245 0 0
2025-02-08 2455 1245 0 0
2025-02-09 2455 1245 0 0
2025-02-10 2457 1245 0 0
2025-02-11 2453 1245 0 0
2025-02-12 2453 1245 0 0
2025-02-13 2453 1245 0 0
2025-02-14 2454 1245 0 0
2025-02-15 2458 1245 0 0
2025-02-16 2458 1245 0 0
2025-02-17 2459 1245 0 0
2025-02-18 2453 1245 0 0
2025-02-19 2463 1245 0 0
2025-02-20 2463 1245 0 0
2025-02-21 2475 1245 0 0
2025-02-22 2476 1245 0 0
2025-02-23 2476 1245 0 0
2025-02-24 2465 1245 0 0
2025-02-25 2468 1245 0 0
2025-02-26 2470 1245 0 0
2025-02-27 2467 1245 0 0
2025-02-28 2445 1245 0 0
2025-03-01 2444 1245 0 0
2025-03-02 2442 1245 0 0
2025-03-03 2445 1245 0 0
2025-03-04 2450 1245 0 0
2025-03-05 2459 1245 0 0
2025-03-06 2463 1245 0 0
2025-03-07 2470 1245 0 0
2025-03-08 2470 1245 0 0
2025-03-09 2471 1245 0 0
2025-03-10 2466 1245 0 0
2025-03-11 2461 1245 0 0
2025-03-12 2464 1245 0 0
2025-03-13 2455 1245 0 0
2025-03-14 2467 1245 0 0
2025-03-15 2471 1245 0 0
2025-03-16 2471 1245 0 0
2025-03-17 2469 1245 0 0
2025-03-18 2482 1245 0 0
2025-03-19 2487 1245 0 0
2025-03-20 2478 1245 0 0
2025-03-21 2473 1245 0 0
2025-03-22 2471 1245 0 0
2025-03-23 2471 1245 0 0
2025-03-24 2478 1245 0 0
2025-03-25 2473 1245 0 0
2025-03-26 2473 1245 0 0
2025-03-27 2475 1245 0 0
2025-03-28 2467 1245 0 0
2025-03-29 2467 1245 0 0
2025-03-30 2467 1245 0 0
2025-03-31 2460 1245 0 0
2025-04-01 2456 1245 0 0
2025-04-02 2615 1245 0 0
2025-04-03 2593 1245 0 0
2025-04-04 2578 1245 0 0
2025-04-05 2569 1245 0 0
2025-04-06 2569 1245 0 0
2025-04-07 2530 1245 0 0
2025-04-08 2522 1245 0 0
2025-04-09 2535 1245 0 0
2025-04-10 2544 1245 0 0
2025-04-11 2557 1245 0 0
2025-04-12 2570 1245 0 0
2025-04-13 2570 1245 0 0
2025-04-14 2571 1245 0 0
2025-04-15 2585 1245 0 0
2025-04-16 2571 1245 0 0
2025-04-17 2579 1245 0 0
2025-04-18 2580 1245 0 0
2025-04-19 2580 1245 0 0
2025-04-20 2580 1245 0 0
2025-04-21 2583 1245 0 0
2025-04-22 2594 1245 0 0
2025-04-23 2610 1245 0 0
2025-04-24 2608 1245 0 0
2025-04-25 2604 1245 0 0
2025-04-26 2605 1245 0 0
2025-04-27 2605 1245 0 0
2025-04-28 2605 1245 0 0
2025-04-29 2609 1245 0 0
2025-04-30 2609 1245 0 0
2025-05-01 2612 1245 0 0
2025-05-02 2615 1245 0 0
2025-05-03 2619 1245 0 0
2025-05-04 2619 1245 0 0
2025-05-05 2623 1245 0 0
2025-05-06 2625 1245 0 0
2025-05-07 2631 1245 0 0
2025-05-08 2631 1245 0 0
2025-05-09 2627 1245 0 0
2025-05-10 2624 1245 0 0
2025-05-11 2624 1245 0 0
2025-05-12 2640 1245 0 0
2025-05-13 2647 1245 0 0
2025-05-14 2644 1245 0 0
2025-05-15 2644 1245 0 0
2025-05-16 2650 1245 0 0
2025-05-17 2649 1245 0 0
2025-05-18 2649 1245 0 0
2025-05-19 2643 1245 0 0
2025-05-20 2644 1245 0 0
2025-05-21 2643 1245 0 0
2025-05-22 2640 1245 0 0
2025-05-23 2636 1245 0 0
2025-05-24 2636 1245 0 0
2025-05-25 2638 1245 0 0
2025-05-26 2642 1245 0 0
2025-05-27 2649 1245 0 0
2025-05-28 2641 1245 0 0
2025-05-29 2650 1245 0 0
2025-05-30 2640 1245 0 0
2025-05-31 2641 1245 0 0
2025-06-01 2641 1245 0 0
2025-06-02 2639 1245 0 0
2025-06-03 2649 1245 0 0
2025-06-04 2652 1245 0 0
2025-06-05 2657 1245 0 0
2025-06-06 2658 1245 0 0
2025-06-07 2658 1245 0 0
2025-06-08 2658 1245 0 0
2025-06-09 2666 1245 0 0
2025-06-10 2668 1245 0 0
2025-06-11 2664 1245 0 0
2025-06-12 2655 1245 0 0
2025-06-13 2646 1245 0 0
2025-06-14 2646 1245 0 0
2025-06-15 2645 1245 0 0
2025-06-16 2654 1245 0 0
2025-06-17 2643 1245 0 0
2025-06-18 2640 1245 0 0
2025-06-19 2636 1245 0 0
2025-06-20 2632 1245 0 0
2025-06-21 2632 1245 0 0
2025-06-22 2632 1245 0 0
2025-06-23 2638 1245 0 0
2025-06-24 2641 1245 0 0
2025-06-25 2647 1245 0 0
2025-06-26 2653 1245 0 0
2025-06-27 2651 1245 0 0
2025-06-28 2652 1245 0 0
2025-06-29 2652 1245 0 0
2025-06-30 2658 1245 0 0
2025-07-01 2656 1245 0 0
2025-07-02 2666 1245 0 0
2025-07-03 2669 1245 0 0
2025-07-04 2664 1245 0 0
2025-07-05 2664 1245 0 0
2025-07-06 2664 1245 0 0
2025-07-07 2662 1245 0 0
2025-07-08 2664 1245 0 0
2025-07-09 2664 1245 0 0
2025-07-10 2667 1245 0 0
2025-07-11 2668 1245 0 0
2025-07-12 2667 1245 0 0
2025-07-13 2667 1245 0 0
2025-07-14 2670 1245 0 0
2025-07-15 2671 1245 0 0
2025-07-16 2673 1245 0 0
2025-07-17 2686 1245 0 0
2025-07-18 2685 1245 0 0
2025-07-19 2685 1245 0 0
2025-07-20 2685 1245 0 0
2025-07-21 2692 1245 0 0
2025-07-22 2692 1245 0 0
2025-07-23 2693 1245 0 0
2025-07-24 2699 1245 0 0
2025-07-25 2699 1245 0 0
2025-07-26 2698 1245 0 0
2025-07-27 2698 1245 0 0
2025-07-28 2699 1245 0 0
2025-07-29 2696 1245 0 0
2025-07-30 2696 1245 0 0
2025-07-31 2695 1245 0 0
2025-08-01 2687 1245 0 0
2025-08-02 2688 1245 0 0
2025-08-03 2688 1245 0 0
2025-08-04 2700 1245 0 0
2025-08-05 2700 1245 0 0
2025-08-06 2711 1245 0 0
2025-08-07 2716 1245 0 0
2025-08-08 2713 1245 0 0
2025-08-09 2712 1245 0 0
2025-08-10 2712 1245 0 0
2025-08-11 2712 1245 0 0
2025-08-12 2714 1245 0 0
2025-08-13 2727 1245 0 0
2025-08-14 2722 1245 0 0
2025-08-15 2731 1245 0 0
2025-08-16 2731 1245 0 0
2025-08-17 2731 1245 0 0
2025-08-18 2736 1245 0 0
2025-08-19 2738 1245 0 0
2025-08-20 2734 1245 0 0
2025-08-21 2732 1245 0 0
2025-08-22 2741 1245 0 0
2025-08-23 2747 1245 0 0
2025-08-24 2747 1245 0 0
2025-08-25 2742 1245 0 0
2025-08-26 2747 1245 0 0
2025-08-27 2735 1245 0 0
2025-08-28 2746 1245 0 0
2025-08-29 2752 1245 0 0
2025-08-30 2751 1245 0 0
2025-08-31 2751 1245 0 0
2025-09-01 2755 1245 0 0
2025-09-02 2741 1245 0 0
2025-09-03 2744 1245 0 0
2025-09-04 2738 1245 0 0
2025-09-05 2751 1245 0 0
2025-09-06 2755 1245 0 0
2025-09-07 2755 1245 0 0
2025-09-08 2758 1245 0 0
2025-09-09 2747 1245 0 0
2025-09-10 2751 1245 0 0
2025-09-11 2761 1245 0 0
2025-09-12 2756 1245 0 0
2025-09-13 2759 1245 0 0
2025-09-14 2759 1245 0 0
2025-09-15 2759 1245 0 0
2025-09-16 2769 1245 0 0
2025-09-17 2777 1245 0 0
2025-09-18 2777 1245 0 0
2025-09-19 2770 1245 0 0
2025-09-20 2769 1245 0 0
2025-09-21 2769 1245 0 0
2025-09-22 2767 1245 0 0
2025-09-23 2765 1245 0 0
2025-09-24 2775 1245 0 0
2025-09-25 2760 1245 0 0
2025-09-26 2750 1245 0 0
2025-09-27 2750 1245 0 0
2025-09-28 2750 1245 0 0
2025-09-29 2756 1245 0 0
2025-09-30 2763 1245 0 0
2025-10-01 2764 1245 0 0
2025-10-02 2767 1245 0 0
2025-10-03 2772 1245 0 0
2025-10-04 2771 1245 0 0
2025-10-05 2771 1245 0 0
2025-10-06 2767 1245 0 0
2025-10-07 2772 1245 0 0
2025-10-08 2775 1245 0 0
2025-10-09 2771 1245 0 0
2025-10-10 2754 1245 0 0
2025-10-11 2754 1245 0 0
2025-10-12 2754 1245 0 0
2025-10-13 2759 1245 0 0
2025-10-14 2749 1245 0 0
2025-10-15 2758 1245 0 0
2025-10-16 2758 1245 0 0
2025-10-17 2741 1245 0 0
2025-10-18 2740 1245 0 0
2025-10-19 2742 1245 0 0
2025-10-20 2747 1245 0 0
2025-10-21 2764 1245 0 0
2025-10-22 2753 1245 0 0
2025-10-23 2757 1245 0 0
2025-10-24 2763 1245 0 0
2025-10-25 2762 1245 0 0
2025-10-26 2762 1245 0 0
2025-10-27 2766 1245 0 0
2025-10-28 2765 1245 0 0
2025-10-29 2770 1245 0 0
2025-10-30 2765 1245 0 0
2025-10-31 2759 1245 0 0
2025-11-01 2760 1245 0 0
2025-11-02 2760 1245 0 0
2025-11-03 2759 1245 0 0
2025-11-04 2749 1245 0 0
2025-11-05 2746 1245 0 0
2025-11-06 2749 1245 0 0
2025-11-07 2746 1245 0 0
2025-11-08 2747 1245 0 0
2025-11-09 2747 1245 0 0
2025-11-10 2749 1245 0 0
2025-11-11 2746 1245 0 0
2025-11-12 2755 1245 0 0
2025-11-13 2748 1245 0 0
2025-11-14 2747 1245 0 0
2025-11-15 2746 1245 0 0
2025-11-16 2746 1245 0 0
2025-11-17 2744 1245 0 0
2025-11-18 2738 1245 0 0
2025-11-19 2738 1245 0 0
2025-11-20 2732 1245 0 0
2025-11-21 2732 1245 0 0
2025-11-22 2729 1245 0 0
2025-11-23 2729 1245 0 0
2025-11-24 2731 1245 0 0
2025-11-25 1757 2200 955 76.707
2025-11-26 1766 2200 0 0
2025-11-27 1770 2200 0 0
2025-11-28 1771 2200 0 0
2025-11-29 1773 2200 0 0
2025-11-30 1773 2200 0 0
2025-12-01 1776 2200 0 0
2025-12-02 1776 2200 0 0
2025-12-03 1774 2200 0 0
2025-12-04 1781 2200 0 0
2025-12-05 1782 2200 0 0
2025-12-06 1780 2200 0 0
2025-12-07 1780 2200 0 0
2025-12-08 1778 2200 0 0
2025-12-09 1771 2200 0 0
2025-12-10 1774 2200 0 0
2025-12-11 1778 2200 0 0
2025-12-12 1785 2200 0 0
2025-12-13 1783 2200 0 0
2025-12-14 1783 2200 0 0
2025-12-15 1789 2200 0 0
2025-12-16 1780 2200 0 0
2025-12-17 1783 2200 0 0
2025-12-18 1790 2200 0 0
2025-12-19 1792 2200 0 0
2025-12-20 1791 2200 0 0
2025-12-21 1791 2200 0 0
2025-12-22 1801 2200 0 0
2025-12-23 1805 2200 0 0
2025-12-24 1808 2200 0 0
2025-12-25 1811 2200 0 0
2025-12-26 1810 2200 0 0
2025-12-27 1809 2200 0 0
2025-12-28 1809 2200 0 0
2025-12-29 1807 2200 0 0
2025-12-30 1808 2200 0 0
2025-12-31 1809 2200 0 0
