2019-11-07 1645 1488.346 0 0
2020-01-19 1608 1602.987 114.641 7.703
2020-02-07 1580 1608.773 5.786 0.361
2020-02-15 1544 1654.949 46.176 2.87
2020-02-16 1545 1654.949 0 0
2020-02-17 1552 1651.313 -3.636 -0.22
2020-02-18 1564 1631.311 -20.002 -1.211
2020-02-19 1570 1629.373 -1.938 -0.119
2020-02-20 1575 1619.078 -10.295 -0.632
2020-02-21 1564 1626.225 7.147 0.441
2020-02-22 1564 1625.817 -0.408 -0.025
2020-02-23 1562 1625.817 0 0
2020-02-24 1557 1624.003 -1.814 -0.112
2020-02-25 1554 1613.405 -10.598 -0.653
2020-02-26 1546 1604.66 -8.745 -0.542
2020-02-27 1528 1609.931 5.271 0.328
2020-02-28 1516 1606.258 -3.673 -0.228
2020-02-29 1353 1836.048 229.79 14.306
