2026-03-10 1276 3321.848 0 0
2026-03-11 1269 3340.758 18.91 0.569
2026-03-12 1308 3216.822 -123.936 -3.71
2026-03-13 1292 3248.376 31.554 0.981
2026-03-14 1293 3236.436 -11.94 -0.368
2026-03-15 1293 3236.436 0 0
2026-03-16 1343 3107.596 -128.84 -3.981
2026-03-17 1327 3141.377 33.781 1.087
2026-03-18 1311 3188.39 47.013 1.497
2026-03-19 1326 3143.686 -44.704 -1.402
2026-03-20 1347 3076.808 -66.878 -2.127
2026-03-21 1336 3093.447 16.639 0.541
2026-03-22 1336 3093.447 0 0
2026-03-23 1282 3218.048 124.601 4.028
2026-03-24 1336 3103.519 -114.529 -3.559
2026-03-25 1248 3346.395 242.876 7.826
2026-03-27 1378 2998.273 -348.122 -10.403
2026-03-28 1378 2987.082 -11.191 -0.373
2026-03-29 1377 2987.082 0 0
2026-03-30 1422 2870.453 -116.629 -3.904
2026-03-31 1395 2924.811 54.358 1.894
2026-04-01 1401 2932.006 7.195 0.246
2026-04-02 1393 2951.556 19.55 0.667
2026-04-03 1403 2925.196 -26.36 -0.893
2026-04-04 1403 2925.196 0 0
2026-04-05 1403 2925.196 0 0
2026-04-06 1384 2981.551 56.355 1.927
2026-04-07 1382 2962.271 -19.28 -0.647
2026-04-08 1400 2962.271 0 0
2026-04-09 1305 3199.16 236.889 7.997
2026-04-10 1239 3403.253 204.093 6.38
2026-04-11 1232 3439.726 36.473 1.072
2026-04-12 1232 3439.726 0 0
2026-04-13 1295 3241.033 -198.693 -5.776
2026-04-14 1263 3355.645 114.612 3.536
2026-04-15 1288 3289.56 -66.085 -1.969
2026-04-16 1284 3329.877 40.317 1.226
2026-04-17 1288 3331.933 2.056 0.062
2026-04-18 1275 3372.41 40.477 1.215
2026-04-19 1275 3372.41 0 0
2026-04-20 1300 3299.679 -72.731 -2.157
2026-04-21 1307 3268.616 -31.063 -0.941
2026-04-22 1317 3252.477 -16.139 -0.494
2026-04-23 1289 3303.917 51.44 1.582
2026-04-24 1305 3238.041 -65.876 -1.994
2026-04-25 1305 3238.25 0.209 0.006
2026-04-26 1305 3238.25 0 0
2026-04-27 1309 3227.764 -10.486 -0.324
2026-04-28 1313 3227.759 -0.005 0
2026-04-29 1276 3339.064 111.305 3.448
2026-04-30 1287 3287.197 -51.867 -1.553
2026-05-01 1264 3374.154 86.957 2.645
2026-05-02 1265 3382.774 8.62 0.255
2026-05-04 1225 3510.388 127.614 3.772
2026-05-05 1217 3544.285 0 0
2026-05-06 1180 3634.354 0 0
2026-05-07 1163 3713.486 0 0
2026-05-08 1144 3780.319 0 0
2026-05-09 1118 3887.378 0 0
2026-05-10 1115 3888.677 0 0
2026-05-11 1117 3888.677 0 0
2026-05-12 1104 3921.736 0 0
2026-05-13 1102 3924.734 0 0
2026-05-14 1133 3795.042 0 0
2026-05-15 1104 3904.488 0 0
2026-05-16 1130 3795.276 0 0
2026-05-17 1134 3773.746 0 0
2026-05-18 1136 3773.746 0 0
2026-05-19 1158 3707.375 0 0
2026-05-20 1172 3641.253 0 0
2026-05-21 1177 3638.045 0 0
2026-05-22 1170 3671.378 0 0
2026-05-23 1171 3671.378 0 0
2026-05-24 1167 3686.122 0 0
2026-05-25 1165 3686.122 0 0
2026-05-26 1096 3945.439 0 0
2026-05-27 1133 3806.64 0 0
2026-05-28 1103 3893.526 0 0
2026-05-29 1132 3793.918 0 0
2026-05-30 1147 3747.336 0 0
2026-05-31 1142 3771.531 0 0
2026-06-01 1144 3771.531 0 0
2026-06-02 1203 3567.001 0 0
2026-06-03 1201 3567.777 0 0
2026-06-04 1239 3446.969 0 0
2026-06-05 1231 3471.391 0 0
2026-06-06 1228 3469.966 0 0
2026-06-07 1242 3427.427 0 0
2026-06-09 1212 3495.566 0 0
2026-06-10 1251 3393.804 0 0
2026-06-11 1288 3273.516 0 0
2026-06-12 1279 3330.585 0 0
2026-06-13 1244 3426.899 0 0
2026-06-14 1228 3474.666 0 0
2026-06-16 1314 3254.281 0 0
2026-06-17 1356 3169.511 0 0
2026-06-18 1350 3166.549 0 0
2026-06-19 1353 3146.557 0 0
2026-06-20 1404 3018.52 0 0
2026-06-21 1404 3018.52 0 0
2026-06-22 1402 3018.52 0 0
2026-06-23 1413 3001.211 0 0
2026-06-24 1417 2972.174 0 0
2026-06-25 1372 3080.003 0 0
2026-06-26 1334 3135.454 0 0
2026-06-27 1367 3081.194 0 0
2026-06-28 1376 3061.857 0 0
2026-06-29 1376 3061.857 0 0
2026-06-30 1370 3089.241 0 0
2026-07-01 1394 3046.82 0 0
2026-07-02 1330 3178.264 0 0
2026-07-03 1334 3178.366 0 0
2026-07-04 1339 3178.282 0 0
2026-07-05 1339 3178.282 0 0
2026-07-06 1338 3178.282 0 0
2026-07-07 1312 3235.801 0 0
2026-07-08 1349 3123.236 0 0
2026-07-09 1382 3023.699 0 0
2026-07-10 1406 2988.56 0 0
2026-07-11 1385 3047.647 0 0
