2021-04-09 1819 1773.661 0 0
2021-04-10 1818 1773.592 -0.069 -0.004
2021-04-11 1818 1773.592 0 0
2021-04-12 1843 1729.27 -44.322 -2.499
2021-04-13 1868 1705.484 -23.786 -1.375
2021-04-14 1838 1740.914 35.43 2.077
2021-04-15 1835 1747.901 6.987 0.401
2021-04-16 1806 1776.771 28.87 1.652
2021-04-17 1809 1776.039 -0.732 -0.041
2021-04-18 1809 1776.039 0 0
2021-04-19 1777 1820.554 44.515 2.506
2021-04-20 1793 1796.815 -23.739 -1.304
2021-04-21 1799 1796.667 -0.148 -0.008
2021-04-22 1807 1787.06 -9.607 -0.535
2021-04-23 1773 1840.915 53.855 3.014
2021-04-24 1773 1840.915 0 0
2021-04-25 1775 1840.749 -0.166 -0.009
2021-04-26 1776 1833.258 -7.491 -0.407
2021-04-27 1792 1812.822 -20.436 -1.115
2021-04-28 1771 1848.767 35.945 1.983
2021-04-29 1795 1816.899 -31.868 -1.724
2021-04-30 1787 1832.471 15.572 0.857
2021-05-01 1785 1831.646 -0.825 -0.045
