2020-01-19 1421 1834.308 0 0
2020-02-07 1355 1895.886 61.578 3.248
2020-02-15 1397 1841.984 -53.902 -2.926
2020-02-16 1398 1841.984 0 0
2020-02-17 1325 1980.82 138.836 7.009
2020-02-18 1341 1946.547 -34.273 -1.761
2020-02-19 1356 1925.791 -20.756 -1.078
2020-02-20 1345 1947.98 22.189 1.139
2020-02-21 1349 1929.844 -18.136 -0.94
2020-02-22 1353 1923.428 -6.416 -0.334
2020-02-23 1352 1923.428 0 0
2020-02-24 1360 1906.722 -16.706 -0.876
2020-02-25 1338 1936.161 29.439 1.52
2020-02-26 1377 1863.688 -72.473 -3.889
2020-02-27 1392 1797.653 -66.035 -3.673
2020-02-28 1425 1744.111 -53.542 -3.07
2020-02-29 1415 1750.598 6.487 0.371
2020-03-01 1416 1750.598 0 0
2020-03-02 1424 1748.858 -1.74 -0.099
2020-03-03 1418 1762.779 13.921 0.79
2020-03-04 1418 1776.113 13.334 0.751
2020-03-05 1396 1805.241 29.128 1.614
2020-03-06 1390 1804.173 -1.068 -0.059
2020-03-07 1389 1804.693 0.52 0.029
2020-03-08 1385 1804.693 0 0
2020-03-09 1401 1731.077 -73.616 -4.253
2020-03-10 1377 1766.862 35.785 2.025
2020-03-11 1313 1838.425 71.563 3.893
2020-03-12 1306 1788.12 -50.305 -2.813
2020-03-13 1311 1758.792 -29.328 -1.668
2020-03-14 1315 1756.906 -1.886 -0.107
2020-03-15 1315 1756.906 0 0
2020-03-16 1308 1710.517 -46.389 -2.712
2020-03-17 1328 1679.116 -31.401 -1.87
2020-03-18 1336 1624.39 -54.726 -3.369
2020-03-19 1339 1596.777 -27.613 -1.729
2020-03-20 1341 1599.866 3.089 0.193
2020-03-21 1338 1605.526 5.66 0.353
2020-03-22 1338 1605.526 0 0
2020-03-23 1309 1623.889 18.363 1.131
2020-03-24 1316 1611.89 -11.999 -0.744
2020-03-25 1319 1645.428 33.538 2.038
2020-03-26 1339 1645.192 -0.236 -0.014
2020-03-27 1390 1597.249 -47.943 -3.002
2020-03-28 1358 1629.189 31.94 1.96
2020-03-29 1358 1629.189 0 0
2020-03-30 1358 1629.189 0 0
2020-03-31 1349 1634.691 5.502 0.337
