2019-11-07 1092 2281.768 0 0
2020-01-19 1352 1922.801 -358.967 -15.732
2020-02-07 1468 1737.009 -185.792 -9.663
2020-02-15 1515 1691.368 -45.641 -2.628
2020-02-16 1516 1691.368 0 0
2020-02-17 1486 1727.206 35.838 2.119
2020-02-18 1489 1722.398 -4.808 -0.278
2020-02-19 1519 1689.666 -32.732 -1.9
2020-02-20 1504 1710.047 20.381 1.206
2020-02-21 1473 1739.445 29.398 1.719
2020-02-22 1476 1735.67 -3.775 -0.217
2020-02-23 1477 1735.67 0 0
2020-02-24 1481 1718.84 -16.83 -0.97
2020-02-25 1489 1695.652 -23.188 -1.349
2020-02-26 1501 1667.566 -28.086 -1.656
2020-02-27 1487 1665.913 -1.653 -0.099
2020-02-28 1538 1585.078 -80.835 -4.852
2020-02-29 1536 1588.363 3.285 0.207
2020-03-01 1543 1588.363 0 0
2020-03-02 1504 1636.416 48.053 3.025
2020-03-03 1496 1651.048 14.632 0.894
2020-03-04 1491 1660.332 9.284 0.562
2020-03-05 1439 1739.873 79.541 4.791
2020-03-06 1422 1758.36 18.487 1.063
2020-03-07 1420 1758.853 0.493 0.028
2020-03-08 1416 1758.853 0 0
2020-03-09 1458 1669.453 -89.4 -5.083
2020-03-10 1428 1677.255 7.802 0.467
2020-03-11 1426 1663.507 -13.748 -0.82
2020-03-12 1418 1617.206 -46.301 -2.783
2020-03-13 1457 1548.493 -68.713 -4.249
2020-03-14 1463 1548.867 0.374 0.024
2020-03-15 1463 1548.867 0 0
2020-03-16 1451 1515.738 -33.129 -2.139
2020-03-17 1496 1454.648 -61.09 -4.03
2020-03-18 1556 1367.014 -87.634 -6.024
2020-03-19 1591 1307.103 -59.911 -4.383
2020-03-20 1570 1337.099 29.996 2.295
2020-03-21 1571 1339.688 2.589 0.194
2020-03-22 1571 1339.688 0 0
2020-03-23 1592 1292.782 -46.906 -3.501
2020-03-24 1585 1288.698 -4.084 -0.316
2020-03-25 1592 1315.726 27.028 2.097
2020-03-26 1543 1392.914 77.188 5.867
2020-03-27 1562 1393.614 0.7 0.05
2020-03-28 1552 1399.884 6.27 0.45
2020-03-29 1552 1399.884 0 0
2020-03-30 1552 1399.884 0 0
2020-03-31 1554 1394.443 -5.441 -0.389
2020-04-01 1556 1400.257 5.814 0.417
2020-04-02 1548 1398.086 -2.171 -0.155
2020-04-03 1522 1424.553 26.467 1.893
2020-04-04 1482 1455.814 31.261 2.194
2020-04-05 1482 1455.814 0 0
2020-04-06 1482 1455.814 0 0
2020-04-07 1503 1476.664 20.85 1.432
2020-04-08 1543 1501.951 25.287 1.712
2020-04-09 1437 1624.621 122.67 8.167
2020-04-10 1515 1551.015 -73.606 -4.531
2020-04-11 1515 1551.015 0 0
2020-04-12 1516 1551.015 0 0
2020-04-13 1507 1558.649 7.634 0.492
2020-04-14 1525 1544.788 -13.861 -0.889
2020-04-15 1542 1525.224 -19.564 -1.266
2020-04-16 1545 1517.843 -7.381 -0.484
2020-04-17 1575 1494 -23.843 -1.571
2020-04-18 1584 1493.751 -0.249 -0.017
2020-04-19 1584 1493.751 0 0
2020-04-20 1588 1496.5 2.749 0.184
2020-04-21 1578 1483.147 -13.353 -0.892
2020-04-23 1579 1491.345 8.198 0.553
2020-04-24 1630 1435.248 -56.097 -3.762
2020-04-25 1628 1434.8 -0.448 -0.031
2020-04-26 1628 1434.8 0 0
2020-04-27 1615 1454.005 19.205 1.339
2020-04-28 1596 1495.872 41.867 2.879
2020-04-29 1619 1478.762 -17.11 -1.144
2020-04-30 1509 1601.569 122.807 8.305
