2020-01-19 319 6415.294 0 0
2020-02-07 298 6624.733 209.439 3.161
2020-02-15 302 6612.116 -12.617 -0.191
2020-02-16 302 6612.116 0 0
2020-02-17 300 6612.116 0 0
2020-02-18 302 6614.64 2.524 0.038
2020-02-19 302 6644.92 30.28 0.456
2020-02-20 306 6625.574 -19.346 -0.292
2020-02-21 310 6575.948 -49.626 -0.755
2020-02-22 309 6575.948 0 0
2020-02-23 309 6575.948 0 0
2020-02-24 311 6451.463 -124.485 -1.93
2020-02-25 312 6330.341 -121.122 -1.913
2020-02-26 309 6327.818 -2.523 -0.04
2020-02-27 310 6217.631 -110.187 -1.772
2020-02-28 310 6196.603 -21.028 -0.339
2020-02-29 306 6196.603 0 0
2020-03-01 306 6196.603 0 0
2020-03-02 300 6313.519 116.916 1.852
2020-03-03 309 6226.884 -86.635 -1.391
2020-03-04 307 6266.416 39.532 0.631
2020-03-05 320 6162.117 -104.299 -1.693
2020-03-06 322 6057.818 -104.299 -1.722
2020-03-07 323 6057.818 0 0
2020-03-08 321 6057.818 0 0
2020-03-09 330 5797.071 -260.747 -4.498
2020-03-10 343 5641.576 -155.495 -2.756
2020-03-11 344 5546.936 -94.64 -1.706
2020-03-12 343 5394.056 -152.88 -2.834
2020-03-13 318 5636.48 242.424 4.301
2020-03-14 318 5636.48 0 0
2020-03-15 318 5636.48 0 0
2020-03-16 325 5383.864 -252.616 -4.692
2020-03-17 320 5371.488 -12.376 -0.23
2020-03-18 320 5213.512 -157.976 -3.03
2020-03-19 312 5290.68 77.168 1.459
2020-03-20 321 5179.296 -111.384 -2.151
2020-03-21 321 5179.296 0 0
2020-03-22 321 5179.296 0 0
2020-03-23 320 5137.8 -41.496 -0.808
2020-03-24 316 5137.8 0 0
2020-03-25 314 5380.952 243.152 4.519
2020-03-26 314 5538.2 157.248 2.839
2020-03-27 309 5654.68 116.48 2.06
2020-03-28 314 5578.968 -75.712 -1.357
2020-03-29 314 5578.968 0 0
2020-03-30 314 5578.968 0 0
2020-03-31 312 5576.056 -2.912 -0.052
2020-04-01 320 5499.616 -76.44 -1.39
2020-04-02 323 5386.776 -112.84 -2.095
2020-04-03 325 5389.688 2.912 0.054
2020-04-04 323 5408.616 18.928 0.35
2020-04-05 323 5408.616 0 0
2020-04-06 323 5408.616 0 0
2020-04-07 325 5546.936 138.32 2.494
2020-04-08 328 5588.432 41.496 0.743
2020-04-10 330 5632.84 44.408 0.788
2020-04-11 330 5632.84 0 0
2020-04-12 330 5632.84 0 0
2020-04-13 331 5534.56 -98.28 -1.776
2020-04-14 332 5553.488 18.928 0.341
2020-04-15 343 5483.6 -69.888 -1.274
2020-04-17 342 5532.376 48.776 0.882
2020-04-18 345 5532.376 0 0
2020-04-19 345 5532.376 0 0
2020-04-20 350 5461.76 -70.616 -1.293
2020-04-21 352 5380.952 -80.808 -1.502
2020-04-23 348 5472.68 91.728 1.676
2020-04-24 341 5509.808 37.128 0.674
2020-04-25 341 5509.808 0 0
2020-04-26 341 5509.808 0 0
2020-04-27 341 5608.088 98.28 1.752
2020-04-28 335 5641.576 33.488 0.594
2020-04-29 332 5719.472 77.896 1.362
2020-04-30 340 5626.288 -93.184 -1.656
