2022-04-05 1264 2573.565 0 0
2022-04-06 1273 2560.053 -13.512 -0.525
2022-04-07 1260 2555.58 -4.473 -0.175
2022-04-08 1261 2553.628 -1.952 -0.076
2022-04-09 1268 2544.743 -8.885 -0.348
2022-04-10 1268 2544.743 0 0
2022-04-11 1255 2544.743 0 0
2022-04-12 1252 2550.289 5.546 0.218
2022-04-13 1252 2544.743 -5.546 -0.217
2022-04-14 1262 2538.67 -6.073 -0.239
2022-04-15 1265 2522.255 -16.415 -0.647
2022-04-16 1265 2522.255 0 0
2022-04-17 1265 2522.255 0 0
2022-04-18 1256 2522.255 0 0
2022-04-19 1255 2526.066 3.811 0.151
2022-04-20 1253 2524.431 -1.635 -0.065
2022-04-21 1238 2543.084 18.653 0.739
2022-04-22 1235 2538.12 -4.964 -0.195
2022-04-23 1230 2521.983 -16.137 -0.636
2022-04-24 1230 2521.983 0 0
2022-04-25 1218 2521.983 0 0
2022-04-26 1215 2506.05 -15.933 -0.632
2022-04-27 1219 2492.704 -13.346 -0.533
2022-04-28 1236 2461.506 -31.198 -1.252
2022-04-29 1238 2461.247 -0.259 -0.011
2022-04-30 1234 2469.037 7.79 0.317
2022-05-01 1234 2469.037 0 0
2022-05-02 1234 2469.037 0 0
2022-05-03 1240 2462.801 -6.236 -0.253
2022-05-04 1235 2462.801 0 0
2022-05-05 1233 2468.776 5.975 0.243
2022-05-06 1214 2464.617 -4.159 -0.168
2022-05-07 1202 2476.876 12.259 0.497
2022-05-08 1202 2476.876 0 0
2022-05-09 1189 2476.876 0 0
2022-05-10 1189 2464.357 -12.519 -0.505
2022-05-11 1195 2467.475 3.118 0.127
2022-05-12 1195 2468.256 0.781 0.032
2022-05-13 1212 2436.901 -31.355 -1.27
2022-05-14 1212 2432.848 -4.053 -0.166
2022-05-15 1212 2432.848 0 0
2022-05-16 1209 2432.848 0 0
2022-05-17 1216 2434.873 2.025 0.083
2022-05-18 1207 2465.655 30.782 1.264
2022-05-19 1204 2460.471 -5.184 -0.21
2022-05-20 1199 2478.45 17.979 0.731
2022-05-21 1210 2471.122 -7.328 -0.296
2022-05-22 1210 2471.122 0 0
2022-05-23 1209 2471.122 0 0
2022-05-24 1184 2496.959 25.837 1.046
2022-05-25 1184 2510.351 13.392 0.536
2022-05-26 1189 2499.359 -10.992 -0.438
2022-05-27 1188 2508.198 8.839 0.354
2022-05-28 1190 2506.587 -1.611 -0.064
2022-05-29 1190 2506.587 0 0
2022-05-30 1204 2506.587 0 0
2022-05-31 1201 2506.587 0 0
