2023-04-06 2327 1221.872 0 0
2023-04-07 2341 1213.888 -7.984 -0.658
2023-04-08 2340 1213.888 0 0
2023-04-09 2336 1213.888 0 0
2023-04-10 2339 1213.888 0 0
2023-04-11 2351 1206.867 -7.021 -0.582
2023-04-12 2350 1207.766 0.899 0.074
2023-04-13 2333 1225.855 18.089 1.476
2023-04-14 2330 1230.941 5.086 0.413
2023-04-15 2346 1221.681 -9.26 -0.758
2023-04-16 2346 1221.681 0 0
2023-04-17 2344 1224.415 2.734 0.223
2023-04-18 2374 1201.023 -23.392 -1.948
2023-04-19 2350 1208.706 7.683 0.636
2023-04-20 2340 1208.236 -0.47 -0.039
2023-04-21 2319 1220.858 12.622 1.034
2023-04-22 2335 1206.248 -14.61 -1.211
2023-04-23 2335 1206.248 0 0
2023-04-24 2318 1212.961 6.713 0.553
2023-04-25 2311 1214.585 1.624 0.134
2023-04-26 2355 1183.745 -30.84 -2.605
2023-04-27 2380 1172.471 -11.274 -0.962
2023-04-28 2391 1169.224 -3.247 -0.278
2023-04-29 2393 1167.988 -1.236 -0.106
2023-04-30 2393 1167.988 0 0
