2020-01-19 1101 2362.968 0 0
2020-02-07 1089 2367.898 4.93 0.208
2020-02-15 1101 2368.461 0.563 0.024
2020-02-16 1102 2368.461 0 0
2020-02-17 1100 2368.365 -0.096 -0.004
2020-02-18 1097 2368.461 0.096 0.004
2020-02-19 1095 2368.519 0.058 0.002
2020-02-20 1098 2363.581 -4.938 -0.209
2020-02-21 1101 2359.263 -4.318 -0.183
2020-02-22 1097 2360.948 1.685 0.071
2020-02-23 1096 2360.948 0 0
2020-02-24 1084 2360.948 0 0
2020-02-25 1063 2374.097 13.149 0.554
2020-02-26 1056 2376.528 2.431 0.102
2020-02-27 1051 2374.256 -2.272 -0.096
2020-02-28 1026 2376.748 2.492 0.105
2020-02-29 1023 2387.026 10.278 0.431
