2026-01-06 3112 1037.6 0 0
2026-01-07 3118 1037.6 0 0
2026-01-08 3117 1037.6 0 0
2026-01-09 3126 1037.6 0 0
2026-01-10 3127 1037.6 0 0
2026-01-11 3127 1037.6 0 0
2026-01-12 3126 1037.6 0 0
2026-01-13 3120 1037.6 0 0
2026-01-14 3123 1037.6 0 0
2026-01-15 3129 1037.6 0 0
2026-01-16 3129 1037.6 0 0
2026-01-17 3128 1037.6 0 0
2026-01-18 3127 1037.6 0 0
2026-01-19 3128 1037.6 0 0
2026-01-20 3123 1037.6 0 0
2026-01-21 3122 1037.6 0 0
2026-01-22 3130 1037.6 0 0
2026-01-23 3141 1037.6 0 0
2026-01-24 3141 1037.6 0 0
2026-01-25 3141 1037.6 0 0
2026-01-26 3140 1037.6 0 0
2026-01-27 3142 1037.6 0 0
2026-01-28 3144 1037.6 0 0
2026-01-29 3141 1037.6 0 0
2026-01-30 3132 1037.6 0 0
2026-01-31 3133 1037.6 0 0
2026-02-01 3133 1037.6 0 0
2026-02-02 3127 1037.6 0 0
2026-02-03 3125 1037.6 0 0
2026-02-04 3130 1037.6 0 0
2026-02-05 3122 1037.6 0 0
2026-02-06 3121 1037.6 0 0
2026-02-07 3125 1037.6 0 0
2026-02-08 3126 1037.6 0 0
2026-02-09 3132 1037.6 0 0
2026-02-10 3147 1037.6 0 0
2026-02-11 3144 1037.6 0 0
2026-02-12 3139 1037.6 0 0
2026-02-13 3138 1037.6 0 0
2026-02-14 3137 1037.6 0 0
2026-02-15 3137 1037.6 0 0
2026-02-16 3135 1037.6 0 0
2026-02-17 3133 1037.6 0 0
2026-02-18 3140 1037.6 0 0
2026-02-19 3136 1037.6 0 0
2026-02-20 3133 1037.6 0 0
2026-02-21 3133 1037.6 0 0
2026-02-22 3132 1037.6 0 0
2026-02-23 3130 1037.6 0 0
2026-02-24 3136 1037.6 0 0
2026-02-25 3141 1037.6 0 0
2026-02-26 3136 1037.6 0 0
2026-02-27 3132 1037.6 0 0
2026-02-28 3131 1037.6 0 0
2026-03-01 3124 1037.6 0 0
2026-03-02 3114 1037.6 0 0
