2021-03-13 2354 1012.977 0 0
2021-03-14 2355 1012.977 0 0
2021-03-15 2321 1045.492 32.515 3.21
2021-03-16 2335 1037.905 -7.587 -0.726
2021-03-18  986.965 -50.94 -4.908
2021-03-20 2356 1005.751 18.786 1.903
2021-03-21 2356 1005.751 0 0
2021-03-22 2343 1022.37 16.619 1.652
2021-03-23 2341 1023.454 1.084 0.106
2021-03-24  994.19 -29.264 -2.859
2021-04-02 2337 1024.899 30.709 3.089
2021-04-03 2337 1024.899 0 0
2021-04-04 2338 1024.899 0 0
2021-04-05 2321 1042.24 17.341 1.692
2021-04-06 2323 1040.073 -2.167 -0.208
2021-04-07 2331 1033.208 -6.865 -0.66
2021-04-08 2332 1033.208 0 0
2021-04-09 2718 1010.448 -22.76 -2.203
2021-04-10 2715 1010.448 0 0
2021-04-11 2716 1010.448 0 0
2021-04-12  976.488 -33.96 -3.361
2021-04-13  976.488 0 0
2021-05-21 2713 1000.693 24.205 2.479
2021-05-22 2715 1000.693 0 0
2021-05-23 2715 1000.693 0 0
2021-05-24 2699 1016.228 15.535 1.552
2021-05-25 2703 1001.055 -15.173 -1.493
2021-05-26 2684 1025.622 24.567 2.454
2021-05-27 2678 1038.628 13.006 1.268
2021-05-28 2696 1023.454 -15.174 -1.461
2021-05-29 2698 1023.454 0 0
2021-05-30 2699 1023.454 0 0
2021-05-31 2698 1023.454 0 0
