2023-02-19 2003 1407.754 0 0
2023-02-20 1986 1428.172 20.418 1.45
2023-02-21 1982 1428.172 0 0
2023-02-22 1979 1428.197 0.025 0.002
2023-02-23 1997 1402.522 -25.675 -1.798
2023-02-24 2016 1385.105 -17.417 -1.242
2023-02-25 2021 1374.554 -10.551 -0.762
2023-02-27 2024 1369.724 -4.83 -0.351
2023-03-02 1581 1823.881 454.157 33.157
2023-03-03 1584 1818.87 -5.011 -0.275
2023-03-04 1585 1821.164 2.294 0.126
2023-03-06 1588 1817.348 -3.816 -0.21
2023-03-07 1608 1793.191 -24.157 -1.329
2023-03-08 1600 1800.948 7.757 0.433
2023-03-09 1593 1803.465 2.517 0.14
2023-03-10 1599 1795.196 -8.269 -0.459
2023-03-11 1602 1796.098 0.902 0.05
2023-03-12 1604 1796.098 0 0
2023-03-13 1612 1783.666 -12.432 -0.692
2023-03-16 1607 1778.283 -5.383 -0.302
2023-03-18 1681 1691.664 -86.619 -4.871
2023-03-19 1682 1691.664 0 0
2023-03-20 1712 1647.931 -43.733 -2.585
2023-03-21 1688 1705.21 57.279 3.476
2023-03-22 1681 1706.516 1.306 0.077
2023-03-23 1692 1698.387 -8.129 -0.476
2023-03-25 1684 1699.203 0.816 0.048
2023-03-27 1685 1702.381 3.178 0.187
2023-03-30 1704 1679.744 -22.637 -1.33
2023-04-01 1721 1677.203 -2.541 -0.151
2023-04-02 1721 1677.203 0 0
2023-04-03 1716 1673.624 -3.579 -0.213
2023-04-06 1809 1681.777 8.153 0.487
2023-04-07 1786 1707.555 25.778 1.533
2023-04-08 1785 1707.555 0 0
2023-04-09 1784 1707.555 0 0
2023-04-10 1791 1704.181 -3.374 -0.198
2023-04-11 1800 1693.396 -10.785 -0.633
2023-04-12 1803 1688.105 -5.291 -0.312
2023-04-13 1809 1696.318 8.213 0.487
2023-04-14 1812 1694.723 -1.595 -0.094
2023-04-15 1809 1700.413 5.69 0.336
2023-04-16 1809 1700.413 0 0
2023-04-17 1799 1710.528 10.115 0.595
2023-04-18 1801 1703.542 -6.986 -0.408
2023-04-19 1823 1674.428 -29.114 -1.709
2023-04-20 1837 1654.606 -19.822 -1.184
2023-04-21 1807 1676.46 21.854 1.321
2023-04-22 1811 1673.929 -2.531 -0.151
2023-04-23 1811 1673.929 0 0
2023-04-24 1812 1666.941 -6.988 -0.417
2023-04-25 1811 1657.707 -9.234 -0.554
2023-04-26 1816 1649.887 -7.82 -0.472
2023-04-27 1804 1665.28 15.393 0.933
2023-04-28 1810 1662.776 -2.504 -0.15
2023-04-29 1808 1661.624 -1.152 -0.069
2023-05-01 1810 1661.624 0 0
2023-05-02 1810 1661.624 0 0
2023-05-03 1807 1661.624 0 0
2023-05-04 1791 1677.923 16.299 0.981
2023-05-06 1801 1675.011 -2.912 -0.174
2023-05-07 1801 1675.011 0 0
2023-05-08 1815 1660.376 -14.635 -0.874
2023-05-09 1817 1650.137 -10.239 -0.617
2023-05-10 1811 1654.639 4.502 0.273
2023-05-11 1815 1652.129 -2.51 -0.152
2023-05-12 1799 1659.745 7.616 0.461
2023-05-13 1800 1657.237 -2.508 -0.151
2023-05-14 1799 1657.237 0 0
2023-05-15 1783 1683.503 26.266 1.585
2023-05-16 1762 1710.173 26.67 1.584
2023-05-17 1760 1702.725 -7.448 -0.436
2023-05-19 1778 1675.693 -27.032 -1.588
2023-05-20 1778 1677.077 1.384 0.083
2023-05-21 1778 1677.077 0 0
2023-05-22 1775 1678.951 1.874 0.112
2023-05-23 1776 1671.687 -7.264 -0.433
2023-05-24 1784 1655.296 -16.391 -0.981
2023-05-25 1782 1654.657 -0.639 -0.039
2023-05-26 1787 1643.337 -11.32 -0.684
2023-05-27 1786 1646.342 3.005 0.183
2023-05-28 1786 1646.342 0 0
2023-05-29 1805 1622.381 -23.961 -1.455
2023-05-30 1809 1619.337 -3.044 -0.188
2023-05-31 1817 1606.827 -12.51 -0.773
2023-06-01 1812 1604.274 -2.553 -0.159
2023-06-02 1825 1607.139 2.865 0.179
2023-06-03 1820 1616.839 9.7 0.604
2023-06-04 1820 1616.839 0 0
2023-06-05 1829 1607.732 -9.107 -0.563
2023-06-06 1837 1590.839 -16.893 -1.051
2023-06-07 1919 1514.487 -76.352 -4.799
2023-06-08 1920 1509.621 -4.866 -0.321
2023-06-09 1964 1488.847 -20.774 -1.376
2023-06-10 1967 1490.08 1.233 0.083
2023-06-11 1968 1490.08 0 0
2023-06-12 1975 1488.184 -1.896 -0.127
2023-06-13 1992 1476.403 -11.781 -0.792
2023-06-14 1991 1479.071 2.668 0.181
2023-06-16 1953 1514.111 35.04 2.369
2023-06-17 1942 1522.024 7.913 0.523
2023-06-18 1942 1522.024 0 0
2023-06-19 1961 1507.278 -14.746 -0.969
2023-06-20 1954 1507.084 -0.194 -0.013
2023-06-21 1984 1484.951 -22.133 -1.469
2023-06-22 1986 1481.132 -3.819 -0.257
2023-06-23 1979 1481.132 0 0
2023-06-24 1972 1481.132 0 0
2023-06-25 1972 1481.132 0 0
2023-06-26 1980 1474.198 -6.934 -0.468
2023-06-27 1983 1471.627 -2.571 -0.174
2023-06-28 1995 1466.35 -5.277 -0.359
2023-06-29 2002 1459.335 -7.015 -0.478
2023-06-30 1998 1462.121 2.786 0.191
2023-07-01 2001 1457.895 -4.226 -0.289
2023-07-02 2001 1457.895 0 0
2023-07-03 1974 1487.031 29.136 1.998
2023-07-04 1962 1499.773 12.742 0.857
2023-07-06 1963 1488.793 -10.98 -0.732
2023-07-07 1964 1487.153 -1.64 -0.11
2023-07-08 1964 1489.455 2.302 0.155
2023-07-09 1964 1489.455 0 0
2023-07-10 1933 1505.54 16.085 1.08
2023-07-11 1940 1504.396 -1.144 -0.076
2023-07-12 1947 1502.879 -1.517 -0.101
2023-07-13 1945 1519.743 16.864 1.122
2023-07-14 1951 1520.023 0.28 0.018
2023-07-15 1948 1525.647 5.624 0.37
2023-07-16 1948 1525.647 0 0
2023-07-17 1960 1515.84 -9.807 -0.643
2023-07-18 1959 1508.901 -6.939 -0.458
2023-07-19 1963 1513.329 4.428 0.293
2023-07-20 1977 1497.172 -16.157 -1.068
2023-07-21 1953 1510.748 13.576 0.907
2023-07-22 1953 1510.937 0.189 0.013
2023-07-23 1953 1510.937 0 0
2023-07-24 1949 1508.814 -2.123 -0.141
2023-07-25 1952 1517.048 8.234 0.546
2023-07-26 1931 1541.733 24.685 1.627
2023-07-27 1931 1543.522 1.789 0.116
2023-07-28 1905 1571.264 27.742 1.797
2023-07-29 1912 1566.219 -5.045 -0.321
2023-07-30 1912 1566.219 0 0
2023-07-31 1936 1545.524 -20.695 -1.321
2023-08-01 1970 1525.806 -19.718 -1.276
2023-08-02 1964 1512.503 -13.303 -0.872
2023-08-04 1957 1512.08 -0.423 -0.028
2023-08-05 1962 1513.975 1.895 0.125
2023-08-06 1962 1513.975 0 0
2023-08-07 2006 1484.455 -29.52 -1.95
2023-08-08 2005 1478.889 -5.566 -0.375
2023-08-09 1989 1484.503 5.614 0.38
2023-08-10 1987 1487.534 3.031 0.204
2023-08-11 2007 1473.031 -14.503 -0.975
2023-08-12 2005 1467.533 -5.498 -0.373
2023-08-13 2005 1467.533 0 0
2023-08-14 1994 1472.609 5.076 0.346
2023-08-15 1991 1464.384 -8.225 -0.559
2023-08-16 1995 1455.279 -9.105 -0.622
2023-08-17 1978 1474.098 18.819 1.293
2023-08-18 1989 1456.043 -18.055 -1.225
2023-08-19 1983 1459.958 3.915 0.269
2023-08-20 1984 1459.958 0 0
2023-08-21 1988 1452.07 -7.888 -0.54
2023-08-22 2019 1424.092 -27.978 -1.927
2023-08-23 2021 1420.959 -3.133 -0.22
2023-08-24 1975 1467.817 46.858 3.298
2023-08-26 1986 1456.201 -11.616 -0.791
2023-08-27 1986 1456.201 0 0
2023-08-28 1986 1457.199 0.998 0.069
2023-08-29 1996 1461.848 4.649 0.319
2023-08-30 1991 1464.49 2.642 0.181
2023-08-31 1999 1458.077 -6.413 -0.438
2023-09-01 1994 1459.945 1.868 0.128
2023-09-02 1990 1465.473 5.528 0.379
2023-09-03 1990 1465.473 0 0
2023-09-04 1980 1475.918 10.445 0.713
2023-09-05 1982 1473.486 -2.432 -0.165
2023-09-06 1990 1458.058 -15.428 -1.047
2023-09-07 1989 1446.944 -11.114 -0.762
2023-09-08 1994 1443.732 -3.212 -0.222
2023-09-09 2003 1440.606 -3.126 -0.217
2023-09-10 2002 1440.606 0 0
2023-09-12 1990 1445.135 4.529 0.314
2023-09-14 1994 1447.03 -8.571 -0.589
2023-09-15 1993 1450.437 3.407 0.235
2023-09-17 1992 1450.597 0.16 0.011
2023-09-18 1984 1455.553 4.956 0.342
2023-09-19 1987 1448.334 -7.219 -0.496
2023-09-20 1983 1446.104 -2.23 -0.154
2023-09-21 1989 1437.71 -8.394 -0.58
2023-09-22 1972 1448.433 10.723 0.746
2023-09-23 1971 1449.068 0.635 0.044
2023-09-24 1971 1449.068 0 0
2023-09-25 1964 1454.05 4.982 0.344
2023-09-26 1957 1450.469 -3.581 -0.246
2023-09-27 1951 1456.101 5.632 0.388
2023-09-28 1945 1461.835 5.734 0.394
2023-09-29 1943 1462.715 0.88 0.06
2023-10-01 1947 1462.715 0 0
2023-10-02 1944 1462.715 0 0
2023-10-03 1942 1462.715 0 0
2023-10-04 1937 1462.715 0 0
2023-10-05 1934 1462.715 0 0
2023-10-06 1942 1462.715 0 0
2023-10-07 1943 1462.715 0 0
2023-10-08 1941 1462.715 0 0
2023-10-09 1929 1465.656 2.941 0.201
2023-10-10 1939 1461.642 -4.014 -0.274
2023-10-11 1936 1475.934 14.292 0.978
2023-10-12 1945 1476.07 0.136 0.009
2023-10-13 1930 1476.028 -0.042 -0.003
2023-10-14 1921 1474.613 -1.415 -0.096
2023-10-15 1920 1474.613 0 0
2023-10-16 1908 1479.213 4.6 0.312
2023-10-17 1941 1461.791 -17.422 -1.178
2023-10-18 1957 1442.533 -19.258 -1.317
2023-10-19 1952 1431.657 -10.876 -0.754
2023-10-21 1965 1416.294 -15.363 -1.073
2023-10-26 1884 1478.883 62.589 4.419
2023-10-27 1842 1514.828 35.945 2.431
2023-10-28 1842 1515.243 0.415 0.027
2023-10-29 1842 1515.243 0 0
2023-10-30 1829 1534.037 18.794 1.24
2023-10-31 1822 1538.608 4.571 0.298
