2023-03-10 2240 1170.305 0 0
2023-03-11 2237 1170.893 0.588 0.05
2023-03-12 2238 1170.893 0 0
2023-03-13 2228 1172.883 1.99 0.17
2023-03-14 2214 1180.181 7.298 0.618
2023-03-15 2205 1189.855 9.674 0.813
2023-03-16 2190 1183.121 -6.734 -0.569
2023-03-17 2213 1172.836 -10.285 -0.877
2023-03-18 2210 1177.322 4.486 0.381
2023-03-19 2210 1177.322 0 0
2023-03-20 2210 1182.272 4.95 0.419
2023-03-21 2229 1177.842 -4.43 -0.376
2023-03-22 2218 1188.997 11.155 0.938
2023-03-23 2214 1191.01 2.013 0.169
2023-03-24 2217 1194.057 3.047 0.255
2023-03-25 2219 1187.362 -6.695 -0.564
2023-03-26 2219 1187.362 0 0
2023-03-27 2225 1181.12 -6.242 -0.528
2023-03-28 2218 1182.815 1.695 0.143
2023-03-29 2226 1180.738 -2.077 -0.176
2023-03-30 2222 1185.216 4.478 0.378
2023-03-31 2238 1177.925 -7.291 -0.619
