2025-06-24 2967 1028.76 0 0
2025-06-25 3006 1014.247 -14.513 -1.411
2025-06-26 3018 1006.288 -7.959 -0.785
2025-06-27 3018 1013.545 7.257 0.721
2025-06-28 3020 1013.545 0 0
2025-06-29 3019 1013.545 0 0
2025-06-30 3030 1006.171 -7.374 -0.728
2025-07-01 2984 1038.943 32.772 3.257
2025-07-02 2923 1082.131 43.188 4.157
2025-07-03 2903 1095.591 13.46 1.244
2025-07-04 2899 1095.591 0 0
2025-07-05 2899 1095.591 0 0
2025-07-06 2899 1095.591 0 0
2025-07-07 2904 1091.026 -4.565 -0.417
2025-07-08 2921 1080.609 -10.417 -0.955
2025-07-09 2906 1090.558 9.949 0.921
2025-07-10 2902 1094.303 3.745 0.343
2025-07-11 2885 1103.549 9.246 0.845
2025-07-12 2885 1103.549 0 0
2025-07-13 2885 1103.549 0 0
2025-07-14 2876 1109.519 5.97 0.541
2025-07-15 2955 1063.755 -45.764 -4.125
2025-07-16 2948 1067.501 3.746 0.352
2025-07-17  963.685 -103.816 -9.725
