2019-11-07 3 106980.904 0 0
2020-01-19 3 110609.215 3628.311 3.392
2020-02-07 2 112607.415 1998.2 1.807
2020-02-15 2 113146.196 538.781 0.478
2020-02-16 2 113146.196 0 0
2020-02-17 2 113129.421 -16.775 -0.015
2020-02-18 2 113160.342 30.921 0.027
2020-02-19 2 113265.954 105.612 0.093
2020-02-20 2 112818.985 -446.969 -0.395
2020-02-21 2 112629.277 -189.708 -0.168
2020-02-22 2 112620.8 -8.477 -0.008
2020-02-23 2 112620.8 0 0
2020-02-24 2 111106.998 -1513.802 -1.344
2020-02-25 2 109707.927 -1399.071 -1.259
2020-02-26 2 109765.286 57.359 0.052
2020-02-27 2 106799.104 -2966.182 -2.702
2020-02-28 2 106919.766 120.662 0.113
2020-02-29 2 106899.1 -20.666 -0.019
2020-03-01 2 106899.1 0 0
2020-03-02 2 109334.961 2435.861 2.279
2020-03-03 2 107790.334 -1544.627 -1.413
2020-03-04 2 110059.77 2269.436 2.105
2020-03-05 2 108621.451 -1438.319 -1.307
2020-03-06 2 108175.045 -446.406 -0.411
2020-03-07 2 108162.423 -12.622 -0.012
2020-03-08 2 108162.423 0 0
2020-03-09 2 104366.803 -3795.62 -3.509
2020-03-10 2 106495.674 2128.871 2.04
2020-03-11 2 104556.137 -1939.537 -1.821
2020-03-12 2 99222.776 -5333.361 -5.101
2020-03-13 2 103558.417 4335.641 4.37
2020-03-14 2 103572.75 14.333 0.014
2020-03-15 2 103572.75 0 0
2020-03-16 2 97777.773 -5794.977 -5.595
2020-03-17 2 100466.222 2688.449 2.75
2020-03-18 2 97821.473 -2644.749 -2.632
2020-03-19 2 98398.045 576.572 0.589
2020-03-20 2 96312.741 -2085.304 -2.119
2020-03-21 2 96314.336 1.595 0.002
2020-03-22 2 96314.336 0 0
2020-03-23 2 94650.728 -1663.608 -1.727
2020-03-24 2 94625.154 -25.574 -0.027
2020-03-25 2 98948.828 4323.674 4.569
2020-03-26 2 98801.211 -147.617 -0.149
2020-03-27 2 101646.245 2845.034 2.88
2020-03-28 2 99931.647 -1714.598 -1.687
2020-03-29 2 99931.647 0 0
2020-03-30 2 99931.647 0 0
2020-03-31 2 101748.234 1816.587 1.818
