2022-09-27 442 5452 0 0
2022-09-28 441 5452 0 0
2022-09-29 441 5452 0 0
2022-09-30 441 5452 0 0
2022-10-01 441 5452 0 0
2022-10-02 441 5452 0 0
2022-10-03 440 5452 0 0
2022-10-04 450 5452 0 0
2022-10-05 453 5452 0 0
2022-10-06 450 5452 0 0
2022-10-07 444 5452 0 0
2022-10-08 442 5452 0 0
2022-10-09 442 5452 0 0
2022-10-10 439 5452 0 0
2022-10-11 438 5452 0 0
2022-10-12 439 5452 0 0
2022-10-13 439 5452 0 0
2022-10-14 438 5452 0 0
2022-10-15 439 5452 0 0
2022-10-16 438 5452 0 0
2022-10-17 442 5452 0 0
2022-10-18 447 5452 0 0
2022-10-19 446 5452 0 0
2022-10-20 441 5452 0 0
2022-10-21 444 5452 0 0
2022-10-22 441 5452 0 0
2022-10-23 440 5452 0 0
2022-10-24 440 5452 0 0
2022-10-25 437 5452 0 0
2022-10-26 445 5452 0 0
2022-10-27 447 5452 0 0
2022-10-28 446 5452 0 0
2022-10-29 446 5452 0 0
2022-10-30 446 5452 0 0
2022-10-31 445 5452 0 0
