2022-02-23 1263 2539.132 0 0
2022-02-24 1302 2437.531 -101.601 -4.168
2022-02-25 1294 2466.814 29.283 1.187
2022-02-26 1292 2478.774 11.96 0.482
2022-02-27 1293 2478.774 0 0
2022-02-28 1217 2630.683 151.909 5.775
2022-03-01 1210 2628.588 -2.095 -0.08
2022-03-02 1214 2602.47 -26.118 -1.004
2022-03-03 1249 2541.665 -60.805 -2.392
2022-03-04 1258 2492.883 -48.782 -1.957
2022-03-05 1249 2484.658 -8.225 -0.331
2022-03-06 1250 2484.658 0 0
2022-03-07 1252 2440.42 -44.238 -1.813
2022-03-08 1244 2421.456 -18.964 -0.783
2022-03-09 1209 2520.116 98.66 3.915
2022-03-10 1201 2557.279 37.163 1.453
2022-03-11 1195 2553.069 -4.21 -0.165
2022-03-12 1200 2543.363 -9.706 -0.382
2022-03-13 1199 2543.363 0 0
2022-03-14 1207 2510.138 -33.225 -1.324
2022-03-15 1188 2525.343 15.205 0.602
2022-03-16 1222 2520.458 -4.885 -0.194
2022-03-17 1197 2617.108 96.65 3.693
2022-03-18 1195 2632.773 15.665 0.595
2022-03-19 1193 2632.773 0 0
2022-03-20 1193 2632.773 0 0
2022-03-21 1170 2665.116 32.343 1.214
2022-03-22 1177 2660.985 -4.131 -0.155
2022-03-23 1150 2717.578 56.593 2.082
2022-03-24 1171 2675.495 -42.083 -1.573
2022-03-25 1151 2702.496 27.001 0.999
2022-03-26 1151 2708.169 5.673 0.209
2022-03-27 1151 2708.169 0 0
2022-03-28 1162 2682.211 -25.958 -0.968
2022-03-29 1141 2726.543 44.332 1.626
2022-03-30 1119 2804.24 77.697 2.771
2022-04-01 1120 2806.123 1.883 0.067
2022-04-02 1076 2889.652 83.529 2.891
2022-04-03 1076 2889.652 0 0
2022-04-05 1008 3162.698 273.046 8.633
2022-04-06 1030 3075.337 -87.361 -2.841
2022-04-07 1078 2945.81 -129.527 -4.397
2022-04-08 1049 3017.001 71.191 2.36
2022-04-09 1045 3018.69 1.689 0.056
2022-04-10 1045 3018.69 0 0
2022-04-11 1032 3033.076 14.386 0.474
2022-04-12 1016 3076.01 42.934 1.396
2022-04-13 1042 3026.378 -49.632 -1.64
2022-04-14 1044 3024.539 -1.839 -0.061
2022-04-15 1038 3024.539 0 0
2022-04-16 1038 3024.539 0 0
2022-04-17 1038 3024.539 0 0
2022-04-18 1018 3072.145 47.606 1.55
2022-04-19 1042 3002.908 -69.237 -2.306
2022-04-20 1033 3000.528 -2.38 -0.079
2022-04-21 963 3221.958 221.43 6.873
2022-04-22 995 3086.218 -135.74 -4.398
2022-04-23 995 3072.931 -13.287 -0.432
2022-04-24 995 3072.931 0 0
2022-04-25 999 3027.668 -45.263 -1.495
2022-04-26 966 3128.346 100.678 3.218
2022-04-27 980 3103.41 -24.936 -0.804
2022-04-28 966 3157.607 54.197 1.716
2022-04-29 979 3129.379 -28.228 -0.902
2022-04-30 981 3131.299 1.92 0.061
