2019-11-07 1532 1628.437 0 0
2020-01-19 1429 1820.61 192.173 11.801
2020-02-07 1501 1697.3 -123.31 -6.773
2020-02-15 1725 1438.149 -259.151 -15.268
2020-02-16 1725 1438.149 0 0
2020-02-17 1733 1431.734 -6.415 -0.446
2020-02-18 1727 1439.205 7.471 0.522
2020-02-19 1740 1427.708 -11.497 -0.799
2020-02-20 1736 1425.167 -2.541 -0.178
2020-02-21 1735 1420.96 -4.207 -0.295
2020-02-22 1734 1424.722 3.762 0.265
2020-02-23 1735 1424.722 0 0
2020-02-24 1722 1424.722 0 0
2020-02-25 1715 1422.287 -2.435 -0.171
2020-02-26 1774 1345.162 -77.125 -5.423
2020-02-27 1808 1303.229 -41.933 -3.117
2020-02-28 1757 1344.855 41.626 3.194
2020-02-29 1760 1334.094 -10.761 -0.8
