2024-07-03  983.074 0 0
2024-07-06 2606 1077.607 94.533 9.616
2024-07-07 2607 1077.607 0 0
2024-07-08 2556 1116.257 38.65 3.587
2024-07-09 2556 1120.46 4.203 0.377
2024-07-10 2562 1113.722 -6.738 -0.601
2024-07-11 2576 1113.836 0.114 0.01
2024-07-12 2573 1116.857 3.021 0.271
2024-07-13 2578 1116.972 0.115 0.01
2024-07-14 2578 1116.972 0 0
2024-07-15 2552 1131.393 14.421 1.291
2024-07-16 2531 1140.06 8.667 0.766
2024-07-17 2631 1069.707 -70.353 -6.171
2024-07-18 2632 1070.267 0.56 0.052
2024-07-19 2632 1068.123 -2.144 -0.2
2024-07-20 2629 1067.986 -0.137 -0.013
2024-07-21 2629 1067.986 0 0
2024-07-22 2618 1074.538 6.552 0.613
2024-07-23 2627 1060.626 -13.912 -1.295
2024-07-24 2681 1009.379 -51.247 -4.832
2024-07-25 2696 1002.671 -6.708 -0.665
2024-07-26  976.72 -25.951 -2.588
2024-07-30 2588 1087.67 110.95 11.359
2024-07-31 2621 1072.843 -14.827 -1.363
2024-08-01 2632 1062.595 -10.248 -0.955
2024-08-02 2605 1070.018 7.423 0.699
2024-08-03 2608 1070.813 0.795 0.074
2024-08-04 2608 1070.813 0 0
2024-08-05 2674 1006.59 -64.223 -5.998
2024-08-06 2664 1023.142 16.552 1.644
2024-08-07 2625 1062.177 39.035 3.815
2024-08-08 2602 1078.733 16.556 1.559
2024-08-09 2616 1070.165 -8.568 -0.794
2024-08-10 2624 1069.712 -0.453 -0.042
2024-08-11 2624 1069.712 0 0
2024-08-12 2604 1081.524 11.812 1.104
2024-08-13 2535 1128.505 46.981 4.344
2024-08-14 2513 1146.564 18.059 1.6
2024-08-15 2527 1139.438 -7.126 -0.622
2024-08-16 2552 1122.688 -16.75 -1.47
2024-08-17 2551 1122.544 -0.144 -0.013
2024-08-18 2553 1122.544 0 0
2024-08-19 2506 1163.244 40.7 3.626
2024-08-20 2535 1139.482 -23.762 -2.043
2024-08-21 2524 1153.016 13.534 1.188
2024-08-22 2432 1223.921 70.905 6.15
2024-08-23 2445 1215.465 -8.456 -0.691
2024-08-24 2444 1215.512 0.047 0.004
2024-08-25 2444 1215.512 0 0
2024-08-26 2445 1220.762 5.25 0.432
2024-08-27 2449 1218.449 -2.313 -0.189
2024-08-28 2480 1190.449 -28 -2.298
2024-08-29 2504 1178.425 -12.024 -1.01
2024-08-30 2487 1192.663 14.238 1.208
2024-08-31 2486 1192.112 -0.551 -0.046
2024-09-01 2488 1192.112 0 0
2024-09-02 2486 1192.112 0 0
2024-09-03 2460 1213.763 21.651 1.816
2024-09-04 2447 1220.559 6.796 0.56
2024-09-05 2446 1227.499 6.94 0.569
2024-09-06 2440 1227.593 0.094 0.008
2024-09-07 2443 1227.94 0.347 0.028
2024-09-08 2443 1227.94 0 0
2024-09-09 2469 1207.583 -20.357 -1.658
2024-09-10 2277 1352.01 144.427 11.96
2024-09-11 2199 1417.714 65.704 4.86
2024-09-12 2197 1421.342 3.628 0.256
2024-09-13 2131 1487.493 66.151 4.654
2024-09-14 2132 1488.275 0.782 0.053
2024-09-15 2132 1488.275 0 0
2024-09-16 2134 1484.338 -3.937 -0.265
2024-09-17 2101 1524.883 40.545 2.732
2024-09-18 2096 1524.844 -0.039 -0.003
2024-09-19 1909 1707.493 182.649 11.978
2024-09-20 2043 1575.844 -131.649 -7.71
2024-09-21 2039 1576.693 0.849 0.054
2024-09-22 2039 1576.693 0 0
2024-09-23 1926 1688.376 111.683 7.083
2024-09-24 1945 1680.192 -8.184 -0.485
2024-09-25 1926 1702.717 22.525 1.341
2024-09-26 1834 1834.343 131.626 7.73
2024-09-27 1732 1981.625 147.282 8.029
2024-09-28 1730 1983.333 1.708 0.086
2024-09-29 1730 1983.333 0 0
2024-09-30 1785 1935.923 -47.41 -2.39
2024-10-01 1780 1937.069 1.146 0.059
2024-10-02 1667 2083.639 146.57 7.567
2024-10-03 1526 2265.121 181.482 8.71
2024-10-04 1488 2306.658 41.537 1.834
2024-10-05 1487 2306.569 -0.089 -0.004
2024-10-06 1487 2306.569 0 0
2024-10-07 1486 2306.569 0 0
