2020-06-09 1248 2097.376 0 0
2020-06-10 1253 2085.735 -11.641 -0.558
2020-06-11 1254 2065.339 -20.396 -0.988
2020-06-12 1300 1987.406 -77.933 -3.921
2020-06-13 1304 1975.107 -12.299 -0.623
2020-06-14 1305 1975.107 0 0
2020-06-15 1361 1882.039 -93.068 -4.945
2020-06-16 1323 1955.211 73.172 3.742
2020-06-17 1346 1922.77 -32.441 -1.687
2020-06-18 1343 1924.587 1.817 0.094
2020-06-19 1351 1916.821 -7.766 -0.405
2020-06-20 1353 1914.444 -2.377 -0.124
2020-06-21 1326 1946.077 31.633 1.625
2020-06-22 1347 1920.81 -25.267 -1.315
2020-06-23 1359 1911.275 -9.535 -0.499
2020-06-24 1359 1911.275 0 0
2020-06-25 1330 1945.106 33.831 1.739
2020-06-26 1327 1946.224 1.118 0.057
2020-06-27 1315 1952.952 6.728 0.345
2020-06-28 1316 1952.952 0 0
2020-06-29 1349 1906.719 -46.233 -2.425
2020-06-30 1354 1905.76 -0.959 -0.05
