2024-03-30 1364 2485.162 0 0
2024-03-31 1364 2485.162 0 0
2024-04-02 1391 2434.091 -51.071 -2.055
2024-04-03 1383 2440.839 6.748 0.277
2024-04-04 1372 2451.104 10.265 0.421
2024-04-05 1365 2473.467 22.363 0.912
2024-04-06 1367 2461.961 -11.506 -0.465
2024-04-07 1367 2461.961 0 0
2024-04-08 1363 2479.876 17.915 0.728
2024-04-09 1380 2454.303 -25.573 -1.031
2024-04-10 1382 2445.818 -8.485 -0.346
2024-04-11 1393 2418.45 -27.368 -1.119
2024-04-12 1392 2402.855 -15.595 -0.645
2024-04-13 1395 2385.996 -16.859 -0.702
2024-04-14 1395 2385.996 0 0
2024-04-15 1393 2386.251 0.255 0.011
2024-04-16 1386 2376.394 -9.857 -0.413
2024-04-17 1401 2357.77 -18.624 -0.784
2024-04-18 1403 2357.915 0.145 0.006
2024-04-19 1399 2349.908 -8.007 -0.34
2024-04-20 1393 2353.168 3.26 0.139
2024-04-21 1393 2353.168 0 0
2024-04-22 1398 2358.553 5.385 0.229
2024-04-23 1402 2365.024 6.471 0.274
2024-04-24 1387 2391.129 26.105 1.104
2024-04-25 1422 2316.688 -74.441 -3.113
2024-04-26 1414 2347.163 30.475 1.315
2024-04-27 1416 2339.893 -7.27 -0.31
2024-04-28 1416 2339.893 0 0
2024-04-29 1429 2327.849 -12.044 -0.515
2024-04-30 1438 2310.941 -16.908 -0.726
2024-05-01 1438 2306.493 -4.448 -0.192
2024-05-02 1448 2288.488 -18.005 -0.781
2024-05-03 1449 2303.006 14.518 0.634
2024-05-04 1445 2320.116 17.11 0.743
2024-05-05 1445 2320.116 0 0
2024-05-06 1440 2339.141 19.025 0.82
2024-05-07 1428 2369.775 30.634 1.31
2024-05-08 1421 2371.22 1.445 0.061
2024-05-09 1415 2376.697 5.477 0.231
2024-05-10 1416 2384.406 7.709 0.324
2024-05-11 1417 2381.583 -2.823 -0.118
2024-05-12 1417 2381.583 0 0
2024-05-13 1419 2377.136 -4.447 -0.187
2024-05-14 1415 2397.34 20.204 0.85
2024-05-15 1413 2400.935 3.595 0.15
2024-05-16 1414 2401.548 0.613 0.026
2024-05-17 1417 2398.39 -3.158 -0.131
2024-05-18 1415 2399.694 1.304 0.054
2024-05-19 1415 2399.694 0 0
2024-05-20 1417 2394.8 -4.894 -0.204
2024-05-21 1408 2411.675 16.875 0.705
2024-05-22 1387 2451.645 39.97 1.657
2024-05-23 1394 2430.669 -20.976 -0.856
2024-05-24 1394 2411.749 -18.92 -0.778
2024-05-25 1392 2416.196 4.447 0.184
2024-05-26 1392 2416.196 0 0
2024-05-27 1402 2409.531 -6.665 -0.276
2024-05-28 1409 2375.1 -34.431 -1.429
2024-05-29 1420 2364.004 -11.096 -0.467
2024-05-30 1430 2328.499 -35.505 -1.502
2024-05-31 1423 2331.865 3.366 0.145
