2022-01-05 946 3483.47 0 0
2022-01-06 904 3607.969 124.499 3.574
2022-01-07 1003 3256.341 -351.628 -9.746
2022-01-08 1006 3257.822 1.481 0.045
2022-01-09 1006 3257.822 0 0
2022-01-10 1012 3219.407 -38.415 -1.179
2022-01-11 1029 3139.647 -79.76 -2.477
2022-01-12 1006 3246.296 106.649 3.397
2022-01-13 1084 2989.372 -256.924 -7.914
2022-01-14 1029 3123.963 134.591 4.502
2022-01-15 1022 3132.335 8.372 0.268
2022-01-16 1029 3132.335 0 0
2022-01-17 1027 3145.285 12.95 0.413
2022-01-18 1002 3277.274 131.989 4.196
2022-01-19 1084 2944.554 -332.72 -10.152
2022-01-20 1407 2330.386 -614.168 -20.858
2022-01-22 1369 2388.598 58.212 2.498
2022-01-23 1368 2388.598 0 0
2022-01-24 1252 2600.47 211.872 8.87
2022-01-25 1265 2570.354 -30.116 -1.158
2022-01-26 1273 2557.477 -12.877 -0.501
2022-01-27 1233 2609.821 52.344 2.047
2022-01-28 1249 2599.667 -10.154 -0.389
2022-01-29 1247 2599.218 -0.449 -0.017
2022-01-30 1247 2599.218 0 0
2022-01-31 1253 2599.218 0 0
2022-02-01 1261 2599.218 0 0
2022-02-02 1266 2599.218 0 0
2022-02-03 1261 2599.218 0 0
2022-02-04 1265 2599.218 0 0
2022-02-05 1264 2599.218 0 0
2022-02-06 1264 2599.218 0 0
2022-02-07 1318 2491.08 -108.138 -4.16
2022-02-08 1310 2515.634 24.554 0.986
2022-02-09 1258 2639.285 123.651 4.915
2022-02-10 1267 2613.476 -25.809 -0.978
2022-02-11 1219 2683.381 69.905 2.675
2022-02-12 1207 2683.297 -0.084 -0.003
2022-02-13 1208 2683.297 0 0
2022-02-14 1166 2747.576 64.279 2.396
2022-02-15 1127 2832.202 84.626 3.08
2022-02-16 1114 2890.243 58.041 2.049
2022-02-17 1017 3158.705 268.462 9.289
2022-02-18 1017 3159.13 0.425 0.013
2022-02-19 1011 3164.373 5.243 0.166
2022-02-20 1011 3164.373 0 0
2022-02-21 1002 3196.976 32.603 1.03
2022-02-22 1017 3128.04 -68.936 -2.156
2022-02-23 1017 3125.211 -2.829 -0.09
2022-02-24 1018 3117.989 -7.222 -0.231
2022-02-25 1000 3142.743 24.754 0.794
2022-02-26 1006 3147.024 4.281 0.136
2022-02-27 1005 3147.024 0 0
2022-02-28 992 3183.626 36.602 1.163
2022-03-01 1055 2982.304 -201.322 -6.324
2022-03-02 1053 2981.202 -1.102 -0.037
2022-03-03 1077 2889.968 -91.234 -3.06
2022-03-04 1097 2817.668 -72.3 -2.502
2022-03-05 1088 2817.4 -0.268 -0.01
2022-03-06 1089 2817.4 0 0
2022-03-07 1094 2781.615 -35.785 -1.27
2022-03-08 1156 2620.954 -160.661 -5.776
2022-03-09 1159 2632.298 11.344 0.433
2022-03-10 1152 2680.208 47.91 1.82
2022-03-11 1147 2676.654 -3.554 -0.133
2022-03-12 1146 2676.273 -0.381 -0.014
2022-03-13 1146 2676.273 0 0
2022-03-14 1143 2651.513 -24.76 -0.925
2022-03-15 1157 2607.573 -43.94 -1.657
2022-03-16 1130 2710.144 102.571 3.934
2022-03-17 1135 2754.292 44.148 1.629
2022-03-18 1158 2705.45 -48.842 -1.773
2022-03-19 1162 2698.691 -6.759 -0.25
2022-03-20 1162 2698.691 0 0
2022-03-21 1139 2745.352 46.661 1.729
2022-03-22 1116 2799.414 54.062 1.969
2022-03-23 1153 2710.351 -89.063 -3.181
2022-03-24 1136 2754.062 43.711 1.613
2022-03-26 1129 2757.566 3.504 0.127
2022-03-27 1129 2757.566 0 0
2022-03-28 1203 2600.453 -157.113 -5.698
2022-03-29 1173 2672.353 71.9 2.765
2022-03-30 1154 2730.467 58.114 2.175
