2026-03-10 2326 1755.563 0 0
2026-03-11 2327 1755.563 0 0
2026-03-12 2307 1755.563 0 0
2026-03-13 2297 1755.563 0 0
2026-03-14 2292 1755.563 0 0
2026-03-15 2292 1755.563 0 0
2026-03-16 2290 1755.563 0 0
2026-03-17 2295 1755.563 0 0
2026-03-18 2302 1755.563 0 0
2026-03-19 2282 1755.563 0 0
2026-03-20 2280 1755.563 0 0
2026-03-21 2279 1755.563 0 0
2026-03-22 2279 1755.563 0 0
2026-03-23 2266 1755.563 0 0
2026-03-24 2273 1755.563 0 0
2026-03-25 2285 1755.563 0 0
2026-03-27 2274 1755.563 0 0
2026-03-28 2273 1755.563 0 0
2026-03-29 2273 1755.563 0 0
2026-03-30 2268 1755.563 0 0
2026-03-31 2272 1755.563 0 0
2026-04-01 2285 1755.563 0 0
2026-04-02 2284 1755.563 0 0
2026-04-03 2289 1755.563 0 0
2026-04-04 2286 1755.563 0 0
2026-04-05 2286 1755.563 0 0
2026-04-06 2286 1755.563 0 0
2026-04-07 2286 1755.563 0 0
2026-04-08 2293 1755.563 0 0
2026-04-09 2312 1755.563 0 0
2026-04-10 2326 1755.563 0 0
2026-04-11 2325 1755.563 0 0
2026-04-12 2326 1755.563 0 0
2026-04-13 2323 1755.563 0 0
2026-04-14 2332 1755.563 0 0
2026-04-15 2336 1755.563 0 0
2026-04-16 2355 1755.563 0 0
2026-04-17 2354 1755.563 0 0
2026-04-18 2363 1755.563 0 0
2026-04-19 2364 1755.563 0 0
2026-04-20 2364 1755.563 0 0
2026-04-21 2364 1755.563 0 0
2026-04-22 2358 1755.563 0 0
2026-04-23 2352 1755.563 0 0
2026-04-24 2344 1755.563 0 0
2026-04-25 2341 1755.563 0 0
2026-04-26 2341 1755.563 0 0
2026-04-27 2340 1755.563 0 0
2026-04-28 2345 1755.563 0 0
2026-04-29 2345 1755.563 0 0
2026-04-30 2340 1755.563 0 0
2026-05-01 2341 1755.563 0 0
2026-05-02 2349 1755.563 0 0
