2020-01-19 1275 2060 0 0
2020-02-07 1262 2060 0 0
2020-02-15 1270 2060 0 0
2020-02-16 1271 2060 0 0
2020-02-17 1276 2060 0 0
2020-02-18 1269 2060 0 0
2020-02-19 1270 2060 0 0
2020-02-20 1275 2060 0 0
2020-02-21 1264 2060 0 0
2020-02-22 1269 2060 0 0
2020-02-23 1268 2060 0 0
2020-02-24 1251 2060 0 0
2020-02-25 1249 2060 0 0
2020-02-26 1243 2060 0 0
2020-02-27 1226 2060 0 0
2020-02-28 1209 2060 0 0
2020-02-29 1213 2060 0 0
2020-03-01 1213 2060 0 0
2020-03-02 1224 2060 0 0
2020-03-03 1237 2060 0 0
2020-03-04 1236 2060 0 0
2020-03-05 1238 2060 0 0
2020-03-06 1221 2060 0 0
2020-03-07 1225 2060 0 0
2020-03-08 1224 2060 0 0
2020-03-09 1197 2060 0 0
2020-03-10 1187 2060 0 0
2020-03-11 1174 2060 0 0
2020-03-12 1138 2060 0 0
2020-03-13 1126 2060 0 0
2020-03-14 1133 2060 0 0
2020-03-15 1133 2060 0 0
2020-03-16 1091 2060 0 0
2020-03-17 1071 2060 0 0
2020-03-18 1045 2060 0 0
2020-03-19 1042 2060 0 0
2020-03-20 1039 2060 0 0
2020-03-21 1044 2060 0 0
2020-03-22 1044 2060 0 0
2020-03-23 1036 2060 0 0
2020-03-24 1030 2060 0 0
2020-03-25 1062 2060 0 0
2020-03-26 1080 2060 0 0
2020-03-27 1103 2060 0 0
2020-03-28 1084 2060 0 0
2020-03-29 1084 2060 0 0
2020-03-30 1084 2060 0 0
2020-03-31 1080 2060 0 0
