2020-01-19 197 9027.374 0 0
2020-02-07 203 8618.681 -408.693 -4.742
2020-02-15 210 8327.129 -291.552 -3.501
2020-02-16 209 8327.129 0 0
2020-02-17 209 8336.5 9.371 0.112
2020-02-18 204 8365.251 28.751 0.344
2020-02-19 172 10050.594 1685.343 16.769
2020-02-20 172 9981.885 -68.709 -0.688
2020-02-21 155 10819.09 837.205 7.738
2020-02-22 184 9448.07 -1371.02 -14.511
2020-02-23 184 9448.07 0 0
2020-02-24 187 9214.144 -233.926 -2.539
2020-02-25 187 9005.268 -208.876 -2.319
2020-02-26 189 8849.194 -156.074 -1.764
2020-02-27 199 8200.013 -649.181 -7.917
2020-02-28 211 7808.052 -391.961 -5.02
2020-02-29 215 7794.484 -13.568 -0.174
2020-03-01 215 7794.484 0 0
2020-03-02 209 7977.745 183.261 2.297
2020-03-03 215 7899.661 -78.084 -0.988
2020-03-04 216 7985.21 85.549 1.071
2020-03-05 223 7720.007 -265.203 -3.435
2020-03-06 233 7434.775 -285.232 -3.836
2020-03-07 230 7473.241 38.466 0.515
2020-03-08 231 7473.241 0 0
2020-03-09 255 6808.533 -664.708 -9.763
2020-03-10 244 6897.969 89.436 1.297
2020-03-11 250 6809.196 -88.773 -1.304
2020-03-12 308 5773.414 -1035.782 -17.941
2020-03-13 268 6196.191 422.777 6.823
2020-03-14 272 6219.89 23.699 0.381
2020-03-15 272 6219.89 0 0
2020-03-16 319 5402.623 -817.267 -15.127
2020-03-17 322 5344.671 -57.952 -1.084
2020-03-18 353 4877.789 -466.882 -9.572
2020-03-19 321 5161.553 283.764 5.498
2020-03-20 290 5613.545 451.992 8.052
2020-03-21 290 5644.464 30.919 0.548
2020-03-22 290 5644.464 0 0
2020-03-23 293 5501.95 -142.514 -2.59
2020-03-24 291 5485.45 -16.5 -0.301
2020-03-25 275 5907.183 421.733 7.139
2020-03-26 260 6200.138 292.955 4.725
2020-03-27 262 6398.721 198.583 3.103
2020-03-28 284 5923.007 -475.714 -8.032
2020-03-29 284 5923.007 0 0
2020-03-30 284 5923.007 0 0
2020-03-31 286 5955.083 32.076 0.539
2020-04-01 288 6009.848 54.765 0.911
2020-04-02 288 5791.906 -217.942 -3.763
2020-04-03 286 5820.417 28.511 0.49
2020-04-04 290 5731.481 -88.936 -1.552
2020-04-05 290 5731.481 0 0
2020-04-06 290 5731.481 0 0
2020-04-07 265 6320.269 588.788 9.316
2020-04-08 266 6489.391 169.122 2.606
2020-04-10 264 6607.323 117.932 1.785
2020-04-11 264 6607.323 0 0
2020-04-12 264 6607.323 0 0
2020-04-13 266 6534.845 -72.478 -1.109
2020-04-14 270 6542.042 7.197 0.11
2020-04-15 277 6383.698 -158.344 -2.48
2020-04-17 270 6507.33 123.632 1.9
2020-04-18 273 6508 0.67 0.01
2020-04-19 273 6508 0 0
2020-04-20 276 6435.349 -72.651 -1.129
2020-04-21 291 6112.756 -322.593 -5.277
2020-04-23 281 6301.1 188.344 2.989
2020-04-24 287 6184.146 -116.954 -1.891
2020-04-25 289 6136.109 -48.037 -0.783
2020-04-26 289 6136.109 0 0
2020-04-27 281 6408.062 271.953 4.244
2020-04-28 269 6687.845 279.783 4.183
2020-04-29 251 6966.949 279.104 4.006
2020-04-30 272 6683.828 -283.121 -4.236
