2020-01-19 233 8044.312 0 0
2020-02-07 247 7575.882 -468.43 -6.183
2020-02-15 254 7455.96 -119.922 -1.608
2020-02-16 253 7455.96 0 0
2020-02-17 252 7470.704 14.744 0.197
2020-02-18 256 7368.052 -102.652 -1.393
2020-02-19 255 7450.309 82.257 1.104
2020-02-20 259 7343.824 -106.485 -1.45
2020-02-21 259 7318.107 -25.717 -0.351
2020-02-22 256 7344.579 26.472 0.36
2020-02-23 256 7344.579 0 0
2020-02-24 269 7023.072 -321.507 -4.578
2020-02-25 260 7097.362 74.29 1.047
2020-02-26 257 7077.844 -19.518 -0.276
2020-02-27 262 6938.651 -139.193 -2.006
2020-02-28 264 6844.055 -94.596 -1.382
2020-02-29 260 6845.491 1.436 0.021
2020-03-01 262 6845.491 0 0
2020-03-02 265 6779.673 -65.818 -0.971
2020-03-03 264 6921.247 141.574 2.045
2020-03-04 262 6970.308 49.061 0.704
2020-03-05 270 6829.261 -141.047 -2.065
2020-03-06 277 6674.709 -154.552 -2.315
2020-03-07 273 6736.998 62.289 0.925
2020-03-08 272 6736.998 0 0
2020-03-09 285 6371.148 -365.85 -5.742
2020-03-10 291 6323.108 -48.04 -0.76
2020-03-11 312 5931.211 -391.897 -6.607
2020-03-12 347 5293.296 -637.915 -12.051
2020-03-13 338 5220.957 -72.339 -1.386
2020-03-14 345 5217.219 -3.738 -0.072
2020-03-15 345 5217.219 0 0
2020-03-16 334 5224.425 7.206 0.138
2020-03-17 326 5273.332 48.907 0.927
2020-03-18 330 5077.502 -195.83 -3.857
2020-03-19 319 5163.487 85.985 1.665
2020-03-20 307 5372.491 209.004 3.89
2020-03-21 307 5367.069 -5.422 -0.101
2020-03-22 307 5367.069 0 0
2020-03-23 316 5162.415 -204.654 -3.964
2020-03-24 313 5185.782 23.367 0.451
2020-03-25 299 5585.737 399.955 7.16
2020-03-26 287 5801.061 215.324 3.712
2020-03-27 288 5967.799 166.738 2.794
2020-03-28 293 5821.45 -146.349 -2.514
2020-03-29 293 5821.45 0 0
2020-03-30 293 5821.45 0 0
2020-03-31 298 5764.569 -56.881 -0.987
