2019-11-07 233 7643.033 0 0
2020-01-19 204 8747.105 1104.072 14.445
2020-02-07 176 9716.864 969.759 11.087
2020-02-15 170 10133.301 416.437 4.286
2020-02-16 169 10133.301 0 0
2020-02-17 169 10133.301 0 0
2020-02-18 171 10098.598 -34.703 -0.342
2020-02-19 178 9816.079 -282.519 -2.798
2020-02-20 186 9626.53 -189.549 -1.931
2020-02-21 187 9438.216 -188.314 -1.956
2020-02-22 187 9438.216 0 0
2020-02-23 187 9438.216 0 0
2020-02-24 183 9511.072 72.856 0.772
2020-02-25 184 9348.689 -162.383 -1.707
2020-02-26 178 9473.409 124.72 1.334
2020-02-27 181 9257.311 -216.098 -2.281
2020-02-28 176 9378.326 121.015 1.307
2020-02-29 170 9378.326 0 0
2020-03-01 171 9378.326 0 0
2020-03-02 167 9493.166 114.84 1.225
2020-03-03 175 9425.25 -67.916 -0.715
2020-03-04 164 9903.753 478.503 5.077
2020-03-05 168 9825.957 -77.796 -0.786
2020-03-06 177 9341.28 -484.677 -4.933
2020-03-07 174 9341.28 0 0
2020-03-08 172 9341.28 0 0
2020-03-09 185 8639.888 -701.392 -7.509
2020-03-10 181 8799.801 159.913 1.851
2020-03-11 185 8488.002 -311.799 -3.543
2020-03-12 185 8146.567 -341.435 -4.023
2020-03-13 175 8327.472 180.905 2.221
2020-03-14 176 8327.472 0 0
2020-03-15 176 8327.472 0 0
2020-03-16 183 7872.432 -455.04 -5.464
2020-03-17 174 8107.67 235.238 2.988
2020-03-18 180 7962.575 -145.095 -1.79
2020-03-19 181 7933.556 -29.019 -0.364
2020-03-20 167 8201.518 267.962 3.378
2020-03-21 169 8201.518 0 0
2020-03-22 169 8201.518 0 0
2020-03-23 162 8336.734 135.216 1.649
2020-03-24 160 8336.734 0 0
2020-03-25 156 8960.948 624.214 7.488
2020-03-26 157 9020.221 59.273 0.661
2020-03-27 153 9578.371 558.15 6.188
2020-03-28 154 9211.004 -367.367 -3.835
2020-03-29 154 9211.004 0 0
2020-03-30 154 9211.004 0 0
2020-03-31 157 9143.705 -67.299 -0.731
