2019-11-07 1447 1729.178 0 0
2020-01-19 1409 1847.458 118.28 6.84
2020-02-07 1277 2046.979 199.521 10.8
2020-02-15 1342 1939.393 -107.586 -5.256
2020-02-16 1343 1939.393 0 0
2020-02-17 1388 1865.267 -74.126 -3.822
2020-02-18 1375 1889.331 24.064 1.29
2020-02-19 1174 2241.759 352.428 18.654
2020-02-20 1174 2232.299 -9.46 -0.422
2020-02-21 1176 2229.573 -2.726 -0.122
2020-02-22 1179 2229.573 0 0
2020-02-23 1178 2229.573 0 0
2020-02-24 1368 1894.688 -334.885 -15.02
2020-02-25 1367 1886.12 -8.568 -0.452
2020-02-26 1347 1910.033 23.913 1.268
2020-02-27 1308 1948.069 38.036 1.991
2020-02-28 1318 1903.095 -44.974 -2.309
2020-02-29 1323 1887.505 -15.59 -0.819
2020-03-01 1326 1887.505 0 0
2020-03-02 1360 1849.64 -37.865 -2.006
2020-03-03 1344 1892.643 43.003 2.325
2020-03-04 1337 1909.711 17.068 0.902
2020-03-05 1328 1931.973 22.262 1.166
2020-03-06 1345 1872.345 -59.628 -3.086
2020-03-07 1351 1860.796 -11.549 -0.617
2020-03-08 1351 1860.796 0 0
2020-03-09 1402 1726.375 -134.421 -7.224
2020-03-10 1397 1718.802 -7.573 -0.439
2020-03-11 1431 1649.433 -69.369 -4.036
2020-03-12 1601 1402.983 -246.45 -14.941
2020-03-13 1477 1532.371 129.388 9.222
2020-03-14 1475 1538.694 6.323 0.413
2020-03-15 1475 1538.694 0 0
2020-03-16 1459 1500.705 -37.989 -2.469
2020-03-17 1435 1521.291 20.586 1.372
2020-03-18 1568 1355.091 -166.2 -10.925
2020-03-19 1607 1294.352 -60.739 -4.482
2020-03-20 1618 1285.786 -8.566 -0.662
2020-03-21 1624 1282.281 -3.505 -0.273
2020-03-22 1624 1282.281 0 0
2020-03-23 1788 1106.74 -175.541 -13.69
2020-03-24 1805 1086.102 -20.638 -1.865
2020-03-25 1716 1200.799 114.697 10.56
2020-03-26 1702 1225.737 24.938 2.077
2020-03-27 1621 1331.044 105.307 8.591
2020-03-28 1517 1439.971 108.927 8.184
2020-03-29 1517 1439.971 0 0
2020-03-30 1517 1439.971 0 0
2020-03-31 1536 1415.267 -24.704 -1.716
2020-04-01 1483 1493.387 78.12 5.52
2020-04-02 1520 1424.126 -69.261 -4.638
2020-04-03 1523 1424.126 0 0
2020-04-04 1557 1382.173 -41.953 -2.946
2020-04-05 1557 1382.173 0 0
2020-04-06 1557 1382.173 0 0
2020-04-07 1404 1590.02 207.847 15.038
2020-04-08 1479 1577.341 -12.679 -0.797
2020-04-09 1431 1634.369 57.028 3.615
2020-04-10 1438 1635.279 0.91 0.056
2020-04-11 1438 1635.279 0 0
2020-04-12 1438 1635.279 0 0
2020-04-13 1329 1776.414 141.135 8.631
2020-04-14 1340 1776.822 0.408 0.023
2020-04-15 1316 1815.771 38.949 2.192
2020-04-16 1241 1911.944 96.173 5.297
2020-04-17 1261 1892.791 -19.153 -1.002
2020-04-18 1258 1904.903 12.112 0.64
2020-04-19 1258 1904.903 0 0
2020-04-20 1262 1897.845 -7.058 -0.371
2020-04-21 1034 2234.123 336.278 17.719
2020-04-23 1075 2179.151 -54.972 -2.461
2020-04-24 1070 2180.434 1.283 0.059
2020-04-25 1077 2169.24 -11.194 -0.513
2020-04-26 1077 2169.24 0 0
2020-04-27 1062 2200.883 31.643 1.459
2020-04-28 1099 2159.69 -41.193 -1.872
2020-04-29 1095 2180.641 20.951 0.97
2020-04-30 1085 2198.117 17.476 0.801
