2025-04-02 1491 2460.82 0 0
2025-04-03 1476 2450.846 -9.974 -0.405
2025-04-04 1470 2450.782 -0.064 -0.003
2025-04-05 1462 2450.078 -0.704 -0.029
2025-04-06 1486 2415.405 -34.673 -1.415
2025-04-07 1442 2434.393 18.988 0.786
2025-04-08 1434 2443.785 9.392 0.386
2025-04-09 1460 2422.077 -21.708 -0.888
2025-04-10 1458 2423.474 1.397 0.058
2025-04-11 1469 2423.474 0 0
2025-04-12 1482 2423.664 0.19 0.008
2025-04-13 1495 2409.635 -14.029 -0.579
2025-04-14 1499 2407.159 -2.476 -0.103
2025-04-15 1495 2418.581 11.422 0.475
2025-04-16 1492 2417.246 -1.335 -0.055
2025-04-17 1501 2413.118 -4.128 -0.171
2025-04-18 1499 2413.244 0.126 0.005
2025-04-19 1499 2413.244 0 0
2025-04-20 1500 2412.418 -0.826 -0.034
2025-04-21 1494 2415.721 3.303 0.137
2025-04-22 1503 2411.844 -3.877 -0.16
2025-04-23 1510 2416.478 4.634 0.192
2025-04-24 1516 2413.174 -3.304 -0.137
2025-04-25 1522 2413.111 -0.063 -0.003
2025-04-26 1522 2412.985 -0.126 -0.005
2025-04-27 1522 2413.811 0.826 0.034
2025-04-28 1524 2412.985 -0.826 -0.034
2025-04-29 1530 2409.682 -3.303 -0.137
2025-04-30 1537 2398.37 -11.312 -0.469
2025-05-01 1542 2386.807 -11.563 -0.482
2025-05-02 1545 2387.119 0.312 0.013
