2023-02-03 1169 2640.075 0 0
2023-02-04 1169 2640.075 0 0
2023-02-05 1158 2637.453 -2.622 -0.099
2023-02-06 1205 2550.849 -86.604 -3.284
2023-02-07 1161 2613.821 62.972 2.469
2023-02-08 1179 2559.393 -54.428 -2.082
2023-02-09 1180 2566.006 6.613 0.258
2023-02-10 1211 2493.735 -72.271 -2.816
2023-02-11 1211 2491.421 -2.314 -0.093
2023-02-12 1212 2491.421 0 0
2023-02-13 1210 2500.86 9.439 0.379
2023-02-14 1208 2509.666 8.806 0.352
2023-02-15 1172 2594.571 84.905 3.383
2023-02-16 1197 2523.296 -71.275 -2.747
2023-02-17 1212 2481.457 -41.839 -1.658
2023-02-18 1213 2481.457 0 0
2023-02-19 1214 2481.457 0 0
2023-02-20 1204 2506.448 24.991 1.007
2023-02-21 1232 2454.994 -51.454 -2.053
2023-02-22 1221 2461.372 6.378 0.26
2023-02-23 1166 2578.354 116.982 4.753
2023-02-24 1174 2548.218 -30.136 -1.169
2023-02-25 1175 2541.424 -6.794 -0.267
2023-02-27 1157 2575.892 34.468 1.356
2023-03-02 1145 2613.785 37.893 1.471
2023-03-03 1121 2691.178 77.393 2.961
2023-03-04 1119 2692.336 1.158 0.043
2023-03-06 1117 2686.499 -5.837 -0.217
2023-03-07 1156 2591.983 -94.516 -3.518
2023-03-08 1154 2599.375 7.392 0.285
2023-03-09 1186 2521.945 -77.43 -2.979
2023-03-10 1191 2483.695 -38.25 -1.517
2023-03-11 1188 2484.118 0.423 0.017
2023-03-12 1183 2484.118 0 0
2023-03-13 1168 2511.063 26.945 1.085
2023-03-16 1082 2687.189 176.126 7.014
2023-03-18 1056 2742.827 55.638 2.07
2023-03-19 1057 2742.827 0 0
2023-03-20 1033 2794.106 51.279 1.87
2023-03-21 1029 2831.111 37.005 1.324
2023-03-22 1065 2743.25 -87.861 -3.103
2023-03-23 1051 2785.374 42.124 1.536
2023-03-25 1018 2851.842 66.468 2.386
2023-03-27 1015 2851.405 -0.437 -0.015
2023-03-30 1026 2857.675 6.27 0.22
