2021-08-13 2584 1086.308 0 0
2021-08-14 2584 1087.813 1.505 0.138
2021-08-15 2584 1087.813 0 0
2021-08-16 2568 1099.754 11.941 1.086
2021-08-17 2550 1102.878 3.124 0.283
2021-08-18 2539 1113.947 11.069 0.994
2021-08-19 2534 1115.157 1.21 0.109
2021-08-20 2512 1123.345 8.188 0.729
2021-08-21 2515 1119.522 -3.823 -0.341
2021-08-22 2515 1119.522 0 0
2021-08-23 2518 1124.433 4.911 0.437
2021-08-24 2514 1135.939 11.506 1.013
2021-08-25 2501 1148.115 12.176 1.061
2021-08-26 2483 1156.154 8.039 0.695
2021-08-27 2462 1166.233 10.079 0.864
2021-08-28 2463 1168.637 2.404 0.206
2021-08-29 2463 1168.637 0 0
2021-08-30 2461 1168.637 0 0
2021-08-31 2456 1174.306 5.669 0.483
2021-09-01 2453 1181.246 6.94 0.588
2021-09-02 2451 1180.545 -0.701 -0.059
2021-09-03 2438 1199.466 18.921 1.577
2021-09-04 2433 1202.794 3.328 0.277
2021-09-05 2436 1202.794 0 0
2021-09-06 2450 1195.289 -7.505 -0.628
2021-09-07 2444 1200.17 4.881 0.407
2021-09-08 2452 1186.018 -14.152 -1.193
2021-09-09 2450 1188.514 2.496 0.21
2021-09-10 2419 1215.604 27.09 2.229
2021-09-11 2418 1216.615 1.011 0.083
2021-09-12 2418 1216.615 0 0
2021-09-13 2429 1209.257 -7.358 -0.608
2021-09-14 2406 1219.468 10.211 0.837
2021-09-15 2418 1208.128 -11.34 -0.939
2021-09-16 2430 1202.778 -5.35 -0.445
2021-09-17 2444 1188.557 -14.221 -1.196
2021-09-18 2441 1186.596 -1.961 -0.165
2021-09-19 2439 1186.596 0 0
2021-09-20 2446 1171.214 -15.382 -1.313
2021-09-21 2458 1160.607 -10.607 -0.914
2021-09-22 2456 1160.607 0 0
2021-09-23 2456 1166.506 5.899 0.506
2021-09-24 2468 1158.764 -7.742 -0.668
2021-09-25 2472 1153.059 -5.705 -0.495
2021-09-26 2472 1153.059 0 0
2021-09-27 2507 1131.405 -21.654 -1.914
2021-09-28 2527 1109.675 -21.73 -1.958
2021-09-29 2522 1107.205 -2.47 -0.223
2021-09-30 2537 1096.707 -10.498 -0.957
2021-10-01 2554 1076.117 -20.59 -1.913
2021-10-02 2555 1080.488 4.371 0.405
2021-10-03 2555 1080.488 0 0
2021-10-05 2556 1073.756 -6.732 -0.627
2021-10-06 2591 1066.208 -7.548 -0.708
2021-10-07 2599 1063.949 -2.259 -0.212
2021-10-08 2602 1065.281 1.332 0.125
2021-10-09 2599 1066.443 1.162 0.109
2021-10-10 2599 1066.443 0 0
2021-10-11 2611 1060.311 -6.132 -0.578
2021-10-12 2600 1065.476 5.165 0.485
2021-10-13 2607 1068.959 3.483 0.326
2021-10-14 2592 1085.942 16.983 1.564
2021-10-15 2600 1084.573 -1.369 -0.126
2021-10-16 2593 1091.442 6.869 0.629
2021-10-17 2593 1091.442 0 0
2021-10-18 2585 1091.515 0.073 0.007
2021-10-19 2573 1099.188 7.673 0.698
2021-10-20 2582 1097.172 -2.016 -0.184
2021-10-21 2569 1105.607 8.435 0.763
2021-10-22 2595 1094.245 -11.362 -1.038
2021-10-23 2603 1090.477 -3.768 -0.346
2021-10-25 2605 1085.356 -5.121 -0.472
2021-10-26 2557 1113.887 28.531 2.561
2021-10-27 2551 1106.928 -6.959 -0.629
2021-10-28 2568 1093.872 -13.056 -1.194
2021-10-29 2581 1090.33 -3.542 -0.325
2021-10-30 2589 1083.156 -7.174 -0.662
2021-10-31 2589 1083.156 0 0
2021-11-01 2623 1062.6 -20.556 -1.935
2021-11-02 2637 1043.762 -18.838 -1.805
2021-11-03 2650 1040.471 -3.291 -0.316
2021-11-04 2651 1039.196 -1.275 -0.123
2021-11-05 2631 1048.987 9.791 0.933
2021-11-06 2632 1048.846 -0.141 -0.013
2021-11-07 2632 1048.846 0 0
2021-11-08 2648 1039.857 -8.989 -0.864
2021-11-09 2663 1031.061 -8.796 -0.853
2021-11-10 2672 1020.769 -10.292 -1.008
2021-11-11 2669 1022.202 1.433 0.14
2021-11-12 2669 1027.027 4.825 0.47
2021-11-13 2667 1027.578 0.551 0.054
2021-11-14 2667 1027.578 0 0
2021-11-15 2662 1029.312 1.734 0.168
2021-11-16 2667 1022.112 -7.2 -0.704
2021-11-17 2655 1030.201 8.089 0.785
2021-11-18 2629 1048.707 18.506 1.765
2021-11-19 2630 1043.502 -5.205 -0.499
2021-11-20 2629 1042.097 -1.405 -0.135
2021-11-21 2629 1042.097 0 0
2021-11-22 2630 1044.186 2.089 0.2
2021-11-23 2639 1032.131 -12.055 -1.168
2021-11-24 2654 1013.573 -18.558 -1.831
2021-11-25 2636 1029.654 16.081 1.562
2021-11-26 2635 1020.21 -9.444 -0.926
2021-11-27 2633 1020.754 0.544 0.053
2021-11-28 2633 1020.754 0 0
2021-11-29 2619 1029.907 9.153 0.889
2021-11-30 2632 1011.653 -18.254 -1.804
2021-12-01 2606 1031.169 19.516 1.893
2021-12-02 2611 1027.36 -3.809 -0.371
2021-12-03 2629 1011.994 -15.366 -1.518
2021-12-04 2634 1005.438 -6.556 -0.652
2021-12-05 2633 1005.438 0 0
2021-12-06 2618 1015.199 9.761 0.961
2021-12-07 2585 1037.838 22.639 2.181
2021-12-08 2626 1023.911 -13.927 -1.36
2021-12-09 2624 1026.949 3.038 0.296
2021-12-10 2634 1013.889 -13.06 -1.288
2021-12-11 2633 1015.499 1.61 0.159
2021-12-12 2627 1015.499 0 0
2021-12-13 2644 1011.339 -4.16 -0.411
2021-12-14 2667 954.436 -56.903 -5.962
2021-12-23 2604 1042.682 88.246 8.463
2021-12-24 2604 1044.182 1.5 0.144
2021-12-25 2601 1048.942 4.76 0.454
2021-12-26 2600 1048.942 0 0
2021-12-27 2602 1048.942 0 0
2021-12-28 2603 1049.787 0.845 0.08
2021-12-29 2584 1060.051 10.264 0.968
2021-12-30 2570 1075.958 15.907 1.478
2021-12-31 2582 1072.119 -3.839 -0.358
