2019-11-07 571 3975.637 0 0
2020-01-19 606 3983.135 7.498 0.189
2020-02-07 603 3949.829 -33.306 -0.836
2020-02-15 618 3893.709 -56.12 -1.421
2020-02-16 618 3893.709 0 0
2020-02-17 619 3893.709 0 0
2020-02-18 617 3893.709 0 0
2020-02-19 617 3885.281 -8.428 -0.216
2020-02-20 618 3874.379 -10.902 -0.281
2020-02-21 614 3878.565 4.186 0.108
2020-02-22 613 3895.822 17.257 0.445
2020-02-23 612 3895.822 0 0
2020-02-24 610 3895.822 0 0
2020-02-25 596 3897.514 1.692 0.043
2020-02-26 588 3900.478 2.964 0.076
2020-02-27 573 3900.902 0.424 0.011
2020-02-28 562 3944.188 43.286 1.11
2020-02-29 556 3943.322 -0.866 -0.022
2020-03-01 555 3943.322 0 0
2020-03-02 568 3943.322 0 0
2020-03-03 561 3995.993 52.671 1.336
2020-03-04 981 2526.269 -1469.724 -36.78
2020-03-05 980 2517.825 -8.444 -0.334
2020-03-06 964 2528.813 10.988 0.436
2020-03-07 958 2556.272 27.459 1.086
2020-03-08 959 2556.272 0 0
2020-03-09 932 2556.272 0 0
2020-03-10 920 2580.498 24.226 0.948
2020-03-11 906 2563.812 -16.686 -0.647
2020-03-12 887 2548.776 -15.036 -0.586
2020-03-13 893 2504.433 -44.343 -1.74
2020-03-14 892 2501.66 -2.773 -0.111
2020-03-15 892 2501.66 0 0
2020-03-16 871 2501.66 0 0
2020-03-17 861 2517.264 15.604 0.624
2020-03-18 863 2479.702 -37.562 -1.492
2020-03-19 863 2448.272 -31.43 -1.267
2020-03-20 876 2418.664 -29.608 -1.209
2020-03-21 877 2415.82 -2.844 -0.118
2020-03-22 877 2415.82 0 0
2020-03-23 865 2415.82 0 0
2020-03-24 854 2431.676 15.856 0.656
2020-03-25 875 2440.078 8.402 0.346
2020-03-26 889 2448.272 8.194 0.336
2020-03-27 897 2491.456 43.184 1.764
2020-03-28 887 2499.171 7.715 0.31
2020-03-29 887 2499.171 0 0
2020-03-30 887 2499.171 0 0
2020-03-31 884 2492.555 -6.616 -0.265
2020-04-01 887 2479.702 -12.853 -0.516
2020-04-02 877 2468.866 -10.836 -0.437
2020-04-03 885 2455.187 -13.679 -0.554
2020-04-04 881 2440.341 -14.846 -0.605
2020-04-05 881 2440.341 0 0
2020-04-06 881 2440.341 0 0
2020-04-07 904 2437.183 -3.158 -0.129
2020-04-08 920 2459.462 22.279 0.914
2020-04-09 929 2455.187 -4.275 -0.174
2020-04-10 932 2472.107 16.92 0.689
2020-04-11 932 2472.107 0 0
2020-04-12 932 2472.107 0 0
2020-04-13 929 2472.107 0 0
2020-04-14 939 2463.484 -8.623 -0.349
2020-04-15 934 2478.886 15.402 0.625
2020-04-16 932 2464.558 -14.328 -0.578
2020-04-17 943 2451.991 -12.567 -0.51
2020-04-18 951 2460.801 8.81 0.359
2020-04-19 951 2460.801 0 0
2020-04-20 951 2460.801 0 0
2020-04-21 941 2459.195 -1.606 -0.065
2020-04-23 948 2446.947 -12.248 -0.498
2020-04-24 945 2447.212 0.265 0.011
2020-04-25 947 2443.507 -3.705 -0.151
2020-04-26 947 2443.507 0 0
2020-04-27 955 2443.507 0 0
2020-04-28 958 2449.864 6.357 0.26
2020-04-29 965 2448.007 -1.857 -0.076
2020-04-30 968 2452.789 4.782 0.195
