2020-01-19 2122 1077.874 0 0
2020-02-07 2003 1136.282 58.408 5.419
2020-02-15 1931 1212.868 76.586 6.74
2020-02-16 1932 1212.868 0 0
2020-02-17 1935 1212.868 0 0
2020-02-18 1914 1228.364 15.496 1.278
2020-02-19 1878 1254.29 25.926 2.111
2020-02-20 1886 1250.416 -3.874 -0.309
2020-02-21 1886 1244.456 -5.96 -0.477
2020-02-22 1888 1244.456 0 0
2020-02-23 1887 1244.456 0 0
2020-02-24 1957 1172.638 -71.818 -5.771
2020-02-25 2026 1100.522 -72.116 -6.15
2020-02-26 2072 1057.61 -42.912 -3.899
2020-02-27  998.01 -59.6 -5.635
2020-02-29 2064 1040.326 42.316 4.24
2020-03-01 2062 1040.326 0 0
2020-03-02 2089 1009.93 -30.396 -2.922
2020-03-03 2093 1015.592 5.662 0.561
2020-03-04 2056 1059.994 44.402 4.372
2020-03-05  990.858 -69.136 -6.522
2020-03-09  895.466 -95.392 -9.627
2020-06-06 2240 1002.609 107.143 11.965
2020-06-07 2240 1002.609 0 0
2020-06-08 2241 1000.672 -1.937 -0.193
2020-06-09  993.371 -7.301 -0.73
2020-09-15 2247 1006.483 13.112 1.32
2020-09-16 2248 1009.314 2.831 0.281
2020-09-17 2259 1000.374 -8.94 -0.886
2020-09-18 2257 1001.268 0.894 0.089
2020-09-19 2265 1001.268 0 0
2020-09-21  991.881 -9.387 -0.938
2020-10-03 2228 1010.208 18.327 1.848
2020-10-04 2228 1010.208 0 0
2020-10-05 2236 1001.566 -8.642 -0.855
2020-10-06  995.904 -5.662 -0.565
2020-10-09 2249 1003.503 7.599 0.763
2020-10-10 2256 1003.503 0 0
2020-10-11 2258 1003.503 0 0
2020-10-12  988.454 -15.049 -1.5
2020-11-05 2187 1073.384 84.93 8.592
2020-11-06 2143 1116.743 43.359 4.039
2020-11-07 2146 1116.743 0 0
2020-11-08 2146 1116.743 0 0
2020-11-09 2093 1166.062 49.319 4.416
2020-11-10 2121 1148.48 -17.582 -1.508
2020-11-12 2126 1139.54 -8.94 -0.778
2020-11-13 2107 1157.569 18.029 1.582
2020-11-14 2101 1157.569 0 0
2020-11-15 2101 1157.569 0 0
2020-11-17 2096 1176.641 19.072 1.648
2020-11-18 2094 1179.919 3.278 0.279
2020-11-19 2094 1182.154 2.235 0.189
2020-11-20 2097 1169.787 -12.367 -1.046
2020-11-21 2100 1169.787 0 0
2020-11-22 2100 1169.787 0 0
2020-11-23 2087 1193.776 23.989 2.051
2020-11-24 2055 1211.954 18.178 1.523
2020-11-25 2061 1205.1 -6.854 -0.566
2020-11-26 2064 1205.1 0 0
2020-11-27 2072 1203.908 -1.192 -0.099
2020-11-28 2078 1203.908 0 0
2020-11-30 2102 1188.114 -15.794 -1.312
