2019-11-07 1477 1685.741 0 0
2020-01-19 1360 1914.052 228.311 13.544
2020-02-07 1421 1803.206 -110.846 -5.791
2020-02-15 1430 1799.529 -3.677 -0.204
2020-02-16 1430 1799.529 0 0
2020-02-17 1433 1799.529 0 0
2020-02-18 1465 1753.205 -46.324 -2.574
2020-02-19 1450 1780.411 27.206 1.552
2020-02-20 1453 1774.896 -5.515 -0.31
2020-02-21 1457 1765.338 -9.558 -0.539
2020-02-22 1454 1765.338 0 0
2020-02-23 1454 1765.338 0 0
2020-02-24 1472 1725.631 -39.707 -2.249
2020-02-25 1534 1638.498 -87.133 -5.049
2020-02-26 1523 1641.807 3.309 0.202
2020-02-27 1563 1573.424 -68.383 -4.165
2020-02-28 1571 1544.012 -29.412 -1.869
2020-02-29 1565 1544.012 0 0
