2025-03-24 1359 2611.574 0 0
2025-03-25 1357 2613.511 1.937 0.074
2025-03-26 1330 2679.688 66.177 2.532
2025-03-27 1324 2684.936 5.248 0.196
2025-03-28 1367 2580.66 -104.276 -3.884
2025-03-29 1368 2579.103 -1.557 -0.06
2025-03-30 1367 2579.103 0 0
2025-03-31 1491 2340.475 -238.628 -9.252
2025-04-01 1482 2356.52 16.045 0.686
2025-04-02 1573 2321.131 -35.389 -1.502
2025-04-03 1559 2325.646 4.515 0.195
2025-04-04 1554 2325.646 0 0
2025-04-05 1548 2325.646 0 0
2025-04-06 1547 2325.646 0 0
2025-04-07 1657 2107.584 -218.062 -9.376
2025-04-08 1799 1915.453 -192.131 -9.116
2025-04-09 1957 1742.089 -173.364 -9.051
2025-04-10 1826 1903.944 161.855 9.291
2025-04-11 1683 2092.539 188.595 9.905
2025-04-12 1685 2102.875 10.336 0.494
2025-04-13 1685 2102.875 0 0
2025-04-14 1579 2282.56 179.685 8.545
2025-04-15 1527 2373.864 91.304 4
2025-04-16 1585 2276.133 -97.731 -4.117
2025-04-17 1550 2337.574 61.441 2.699
2025-04-18 1526 2370.945 33.371 1.428
2025-04-19 1526 2370.945 0 0
2025-04-20 1526 2370.945 0 0
2025-04-21 1517 2377.892 6.947 0.293
2025-04-22 1590 2278.027 -99.865 -4.2
2025-04-23 1511 2416.268 138.241 6.068
2025-04-24 1509 2422.07 5.802 0.24
2025-04-25 1434 2585.79 163.72 6.76
2025-04-26 1430 2587.222 1.432 0.055
2025-04-27 1430 2587.222 0 0
2025-04-28 1449 2552.474 -34.748 -1.343
2025-04-29 1417 2616.388 63.914 2.504
2025-04-30 1453 2537.707 -78.681 -3.007
2025-05-01 1446 2559.408 21.701 0.855
2025-05-02 1388 2693.637 134.229 5.245
