2024-03-30 2280 1346.833 0 0
2024-03-31 2280 1346.833 0 0
2024-04-02 2287 1346.674 -0.159 -0.012
2024-04-03 2281 1354.186 7.512 0.558
2024-04-04 2379 1277.76 -76.426 -5.644
2024-04-05 2390 1264.527 -13.233 -1.036
2024-04-06 2391 1264.527 0 0
2024-04-07 2391 1264.527 0 0
2024-04-08 2431 1238.618 -25.909 -2.049
2024-04-09 2472 1206.365 -32.253 -2.604
2024-04-10 2465 1212.125 5.76 0.477
2024-04-11 2406 1250.272 38.147 3.147
2024-04-12 2469 1198.786 -51.486 -4.118
2024-04-13 2462 1198.786 0 0
2024-04-14 2462 1198.786 0 0
2024-04-15 2488 1177.894 -20.892 -1.743
2024-04-16 2303 1302.063 124.169 10.542
2024-04-17 2345 1280.534 -21.529 -1.653
2024-04-18 2398 1238.592 -41.942 -3.275
2024-04-19  953.448 -285.144 -23.022
2024-04-24 2709 1007.96 54.512 5.717
2024-04-25 2653 1051.336 43.376 4.303
2024-04-26 2532 1144.3 92.964 8.842
2024-04-27 2533 1144.3 0 0
2024-04-28 2533 1144.3 0 0
2024-04-29 2490 1187.982 43.682 3.817
2024-04-30 2536 1146.105 -41.877 -3.525
2024-05-01  986.166 -159.939 -13.955
2024-05-03 2676 1045.098 58.932 5.976
2024-05-04 2682 1045.098 0 0
2024-05-05 2682 1045.098 0 0
2024-05-06 2598 1108.344 63.246 6.052
2024-05-07 2627 1093.664 -14.68 -1.324
2024-05-08 2615 1098.11 4.446 0.407
2024-05-09 2664 1067.662 -30.448 -2.773
2024-05-10 2664 1066.069 -1.593 -0.149
2024-05-11 2664 1066.069 0 0
2024-05-12 2664 1066.069 0 0
2024-05-13 2702 1045.177 -20.892 -1.96
2024-05-14 2617 1097.752 52.575 5.03
2024-05-15 2393 1270.287 172.535 15.717
2024-05-16 2475 1206.63 -63.657 -5.011
2024-05-17 2514 1184.716 -21.914 -1.816
2024-05-18 2511 1184.716 0 0
2024-05-19 2511 1184.716 0 0
2024-05-20 2481 1206.02 21.304 1.798
2024-05-21 2490 1199.396 -6.624 -0.549
2024-05-22 2535 1165.311 -34.085 -2.842
2024-05-23 2578 1130.947 -34.364 -2.949
2024-05-24 2499 1179.394 48.447 4.284
2024-05-25 2500 1179.394 0 0
2024-05-26 2500 1179.394 0 0
2024-05-27 2503 1179.394 0 0
2024-05-28 2520 1167.236 -12.158 -1.031
2024-05-29 2576 1120.78 -46.456 -3.98
2024-05-30 2589 1105.145 -15.635 -1.395
2024-05-31 2675 1047.5 -57.645 -5.216
2024-06-01 2672 1047.5 0 0
2024-06-02 2672 1047.5 0 0
2024-06-03 2692 1029.024 -18.476 -1.764
2024-06-04 2691 1030.378 1.354 0.132
2024-06-05 2637 1071.405 41.027 3.982
2024-06-06 2681 1038.753 -32.652 -3.048
2024-06-07 2698 1027.06 -11.693 -1.126
2024-06-09 2700 1027.06 0 0
2024-06-10 2666 1050.619 23.559 2.294
2024-06-11 2695 1025.069 -25.55 -2.432
2024-06-12 2688 1034.532 9.463 0.923
2024-06-13 2513 1162.431 127.899 12.363
2024-06-14 2564 1127.178 -35.253 -3.033
2024-06-15 2562 1127.178 0 0
2024-06-16 2561 1127.178 0 0
2024-06-17 2485 1184.079 56.901 5.048
2024-06-18 2433 1227.349 43.27 3.654
2024-06-19 2429 1227.349 0 0
2024-06-20 2435 1224.197 -3.152 -0.257
2024-06-21 2451 1207.772 -16.425 -1.342
2024-06-22 2448 1207.772 0 0
2024-06-23 2448 1207.772 0 0
2024-06-24 2568 1103.871 -103.901 -8.603
2024-06-25 2545 1125.293 21.422 1.941
2024-06-26 2564 1109.419 -15.874 -1.411
2024-06-27 2474 1187.995 78.576 7.083
2024-06-28 2588 1093.743 -94.252 -7.934
2024-06-29 2589 1093.743 0 0
2024-06-30 2590 1093.743 0 0
2024-07-01 2594 1084.412 -9.331 -0.853
2024-07-02 2548 1117.396 32.984 3.042
2024-07-03 2537 1130.443 13.047 1.168
2024-07-04 2539 1130.443 0 0
2024-07-05 2540 1129.886 -0.557 -0.049
2024-07-06 2542 1129.886 0 0
2024-07-07 2544 1129.886 0 0
2024-07-08 2449 1199.914 70.028 6.198
2024-07-09 2462 1194.963 -4.951 -0.413
2024-07-10 2446 1200.763 5.8 0.485
2024-07-11 2480 1186.482 -14.281 -1.189
2024-07-12 2440 1214.01 27.528 2.32
2024-07-13 2439 1214.01 0 0
2024-07-14 2439 1214.01 0 0
2024-07-15 2467 1197.711 -16.299 -1.343
2024-07-16 2508 1170.209 -27.502 -2.296
2024-07-17 2599 1089.708 -80.501 -6.879
2024-07-18 2633 1070.197 -19.511 -1.79
2024-07-19 2638 1063.786 -6.411 -0.599
2024-07-20 2635 1063.786 0 0
2024-07-21 2635 1063.786 0 0
2024-07-22 2657 1049.849 -13.937 -1.31
2024-07-23 2652 1045.788 -4.061 -0.387
2024-07-24  950.674 -95.114 -9.095
