2019-11-07 726 3323.511 0 0
2020-01-19 671 3736.832 413.321 12.436
2020-02-07 668 3629.04 -107.792 -2.885
2020-02-15 667 3643.037 13.997 0.386
2020-02-16 667 3643.037 0 0
2020-02-17 665 3649.125 6.088 0.167
2020-02-18 653 3705.757 56.632 1.552
2020-02-19 639 3769.414 63.657 1.718
2020-02-20 627 3835.458 66.044 1.752
2020-02-21 622 3848.978 13.52 0.353
2020-02-22 616 3864.332 15.354 0.399
2020-02-23 615 3864.332 0 0
2020-02-24 656 3670.423 -193.909 -5.018
2020-02-25 662 3588.232 -82.191 -2.239
2020-02-26 644 3629.334 41.102 1.145
2020-02-27 661 3524.396 -104.938 -2.891
2020-02-28 664 3482.018 -42.378 -1.202
2020-02-29 654 3489.148 7.13 0.205
2020-03-01 657 3489.148 0 0
2020-03-02 657 3520.429 31.281 0.897
2020-03-03 630 3661.562 141.133 4.009
2020-03-04 627 3696.342 34.78 0.95
2020-03-05 640 3651.542 -44.8 -1.212
2020-03-06 653 3548.894 -102.648 -2.811
2020-03-07 644 3597.252 48.358 1.363
2020-03-08 643 3597.252 0 0
2020-03-09 676 3406.467 -190.785 -5.304
2020-03-10 655 3453.368 46.901 1.377
2020-03-11 694 3319.126 -134.242 -3.887
2020-03-12 749 3013.634 -305.492 -9.204
2020-03-13 773 2897.633 -116.001 -3.849
2020-03-14 781 2896.399 -1.234 -0.043
2020-03-15 781 2896.399 0 0
2020-03-16 803 2749.595 -146.804 -5.069
2020-03-17 792 2714.323 -35.272 -1.283
2020-03-18 811 2633.071 -81.252 -2.993
2020-03-19 859 2453.961 -179.11 -6.802
2020-03-20 837 2538.154 84.193 3.431
2020-03-21 835 2533.793 -4.361 -0.172
2020-03-22 835 2533.793 0 0
2020-03-23 818 2560.792 26.999 1.066
2020-03-24 813 2569.996 9.204 0.359
2020-03-25 794 2704.32 134.324 5.227
2020-03-26 762 2853.036 148.716 5.499
2020-03-27 761 2902.561 49.525 1.736
2020-03-28 746 2957.199 54.638 1.882
2020-03-29 746 2957.199 0 0
2020-03-30 746 2957.199 0 0
2020-03-31 751 2932.18 -25.019 -0.846
2020-04-01 739 2961.933 29.753 1.015
2020-04-02 750 2866.994 -94.939 -3.205
2020-04-03 764 2821.369 -45.625 -1.591
2020-04-04 783 2743.104 -78.265 -2.774
2020-04-05 783 2743.104 0 0
2020-04-06 783 2743.104 0 0
2020-04-07 766 2882.125 139.021 5.068
2020-04-08 748 2997.136 115.011 3.99
2020-04-09 746 3050.969 53.833 1.796
2020-04-10 744 3068.064 17.095 0.56
2020-04-11 744 3068.064 0 0
2020-04-12 744 3068.064 0 0
2020-04-13 746 3068.064 0 0
2020-04-14 745 3071.544 3.48 0.113
2020-04-15 758 3006.792 -64.752 -2.108
2020-04-16 756 3024.984 18.192 0.605
2020-04-17 735 3102.636 77.652 2.567
2020-04-18 737 3112.286 9.65 0.311
2020-04-19 737 3112.286 0 0
2020-04-20 727 3140.14 27.854 0.895
2020-04-21 743 3078.619 -61.521 -1.959
2020-04-23 747 3067.582 -11.037 -0.359
2020-04-24 756 3040.989 -26.593 -0.867
2020-04-25 756 3035.996 -4.993 -0.164
2020-04-26 756 3035.996 0 0
2020-04-27 757 3050.632 14.636 0.482
2020-04-28 765 3030.68 -19.952 -0.654
2020-04-29 770 3025.245 -5.435 -0.179
2020-04-30 785 2987.319 -37.926 -1.254
