2020-01-19 2059 1117.38 0 0
2020-02-07 2042 1103.021 -14.359 -1.302
2020-02-15 2078 1078.949 -24.072 -2.231
2020-02-16 2080 1078.949 0 0
2020-02-17 2066 1085.785 6.836 0.63
2020-02-18 2063 1085.785 0 0
2020-02-19 2059 1091.037 5.252 0.481
2020-02-20 2046 1107.352 16.315 1.473
2020-02-21 2050 1098.664 -8.688 -0.791
2020-02-22 2056 1094.483 -4.181 -0.382
2020-02-23 2056 1094.483 0 0
2020-02-24 2049 1094.483 0 0
2020-02-25 2091 1043.184 -51.299 -4.918
2020-02-26 2094 1039.488 -3.696 -0.356
2020-02-27 2090 1035.81 -3.678 -0.355
2020-02-28 2097 1011.181 -24.629 -2.436
2020-03-04 2079 1040.961 29.78 2.861
