2025-10-07 2547 1421.818 0 0
2025-10-08 2574 1404.981 -16.837 -1.184
2025-10-09 2591 1388.688 -16.293 -1.16
2025-10-10 2562 1402.266 13.578 0.978
2025-10-11 2562 1402.266 0 0
2025-10-12 2562 1402.266 0 0
2025-10-13 2576 1386.244 -16.022 -1.143
2025-10-14 2547 1400.908 14.664 1.058
2025-10-15 2568 1395.748 -5.16 -0.368
2025-10-16 2540 1410.955 15.207 1.09
2025-10-17 2518 1415.029 4.074 0.289
2025-10-18 2518 1415.029 0 0
2025-10-19 2519 1415.029 0 0
2025-10-20 2525 1419.374 4.345 0.307
2025-10-21 2537 1420.732 1.358 0.096
2025-10-22 2513 1429.15 8.418 0.593
2025-10-23 2533 1420.188 -8.962 -0.627
2025-10-24 2536 1416.93 -3.258 -0.229
2025-10-25 2536 1416.93 0 0
2025-10-26 2536 1416.93 0 0
2025-10-27 2530 1429.421 12.491 0.882
2025-10-28 2539 1417.201 -12.22 -0.855
2025-10-29 2581 1391.132 -26.069 -1.839
2025-10-30 2569 1399.55 8.418 0.605
2025-10-31 2574 1395.205 -4.345 -0.31
2025-11-01 2570 1395.205 0 0
2025-11-02 2570 1395.205 0 0
2025-11-03 2581 1389.231 -5.974 -0.428
2025-11-04 2568 1385.972 -3.259 -0.235
2025-11-05 2560 1394.39 8.418 0.607
2025-11-06 2561 1393.304 -1.086 -0.078
2025-11-07 2543 1411.77 18.466 1.325
2025-11-08 2542 1411.77 0 0
2025-11-09 2542 1411.77 0 0
2025-11-10 2554 1409.055 -2.715 -0.192
2025-11-11 2522 1433.766 24.711 1.754
2025-11-12 2536 1423.447 -10.319 -0.72
2025-11-13 2527 1425.076 1.629 0.114
2025-11-14 2523 1426.706 1.63 0.114
2025-11-15 2519 1426.706 0 0
2025-11-16 2519 1426.706 0 0
2025-11-17 2551 1411.499 -15.207 -1.066
2025-11-18 2525 1419.645 8.146 0.577
2025-11-19 2534 1412.856 -6.789 -0.478
2025-11-20 2536 1413.399 0.543 0.038
2025-11-21 2493 1436.753 23.354 1.652
2025-11-22 2494 1436.753 0 0
2025-11-23 2494 1436.753 0 0
2025-11-24 2538 1408.24 -28.513 -1.985
2025-11-25 2550 1403.08 -5.16 -0.366
2025-11-26 2563 1398.192 -4.888 -0.348
2025-11-27 2565 1398.192 0 0
2025-11-28 2563 1404.71 6.518 0.466
2025-11-29 2562 1404.71 0 0
2025-11-30 2562 1404.71 0 0
2025-12-01 2565 1407.697 2.987 0.213
2025-12-02 2582 1388.688 -19.009 -1.35
2025-12-03 2577 1387.33 -1.358 -0.098
2025-12-04 2599 1374.295 -13.035 -0.94
2025-12-05 2594 1380.812 6.517 0.474
2025-12-06 2590 1380.812 0 0
2025-12-07 2590 1380.812 0 0
2025-12-08 2579 1392.761 11.949 0.865
2025-12-09 2614 1350.126 -42.635 -3.061
2025-12-10 2630 1342.251 -7.875 -0.583
2025-12-11 2621 1349.04 6.789 0.506
2025-12-12 2619 1357.458 8.418 0.624
2025-12-13 2617 1357.458 0 0
2025-12-14 2617 1357.458 0 0
2025-12-15 2634 1344.695 -12.763 -0.94
2025-12-16 2609 1355.829 11.134 0.828
2025-12-17 2612 1356.644 0.815 0.06
2025-12-18 2614 1356.101 -0.543 -0.04
2025-12-19 2629 1353.114 -2.987 -0.22
2025-12-20 2631 1353.114 0 0
2025-12-21 2631 1353.114 0 0
2025-12-22 2640 1352.299 -0.815 -0.06
2025-12-23 2668 1328.673 -23.626 -1.747
2025-12-24 2653 1337.906 9.233 0.695
2025-12-25 2663 1337.906 0 0
2025-12-26 2662 1341.437 3.531 0.264
2025-12-27 2662 1341.437 0 0
2025-12-28 2662 1341.437 0 0
2025-12-29 2664 1341.437 0 0
2025-12-30 2666 1338.992 -2.445 -0.182
2025-12-31 2674 1333.833 -5.159 -0.385
2026-01-01 2675 1333.833 0 0
2026-01-02 2685 1329.488 -4.345 -0.326
2026-01-03 2685 1329.488 0 0
2026-01-05 2720 1301.246 -28.242 -2.124
2026-01-06 2721 1310.479 9.233 0.71
2026-01-07 2747 1290.112 -20.367 -1.554
2026-01-08 2734 1295.543 5.431 0.421
2026-01-09 2745 1294.728 -0.815 -0.063
2026-01-10 2745 1294.728 0 0
2026-01-11 2745 1294.728 0 0
2026-01-12 2751 1293.642 -1.086 -0.084
2026-01-13 2761 1286.039 -7.603 -0.588
2026-01-14 2730 1305.048 19.009 1.478
2026-01-15 2726 1307.492 2.444 0.187
2026-01-16 2764 1285.224 -22.268 -1.703
2026-01-17 2762 1285.224 0 0
2026-01-18 2761 1285.224 0 0
2026-01-19 2758 1285.224 0 0
2026-01-20 2740 1295.543 10.319 0.803
2026-01-21 2755 1288.483 -7.06 -0.545
2026-01-22 2754 1297.987 9.504 0.738
2026-01-23 2748 1304.505 6.518 0.502
2026-01-24 2754 1304.505 0 0
2026-01-25 2754 1304.505 0 0
2026-01-26 2737 1314.009 9.504 0.729
2026-01-27 2737 1320.255 6.246 0.475
2026-01-28 2753 1309.664 -10.591 -0.802
2026-01-29 2745 1310.479 0.815 0.062
2026-01-30 2708 1336.82 26.341 2.01
2026-01-31 2706 1336.82 0 0
2026-02-01 2704 1336.82 0 0
2026-02-02 2709 1324.6 -12.22 -0.914
2026-02-03 2728 1307.492 -17.108 -1.292
2026-02-04 2684 1349.04 41.548 3.178
2026-02-05 2663 1356.644 7.604 0.564
2026-02-06 2669 1359.902 3.258 0.24
2026-02-07 2666 1359.902 0 0
2026-02-08 2666 1359.902 0 0
2026-02-09 2673 1362.618 2.716 0.2
2026-02-10 2678 1368.592 5.974 0.438
2026-02-11 2679 1373.209 4.617 0.337
2026-02-12 2683 1365.062 -8.147 -0.593
2026-02-13 2661 1377.825 12.763 0.935
2026-02-14 2660 1377.825 0 0
2026-02-15 2659 1377.825 0 0
2026-02-16 2668 1377.825 0 0
2026-02-17 2719 1331.117 -46.708 -3.39
2026-02-18 2729 1324.6 -6.517 -0.49
2026-02-19 2747 1309.121 -15.479 -1.169
2026-02-20 2754 1305.591 -3.53 -0.27
2026-02-21 2757 1305.591 0 0
2026-02-22 2758 1305.591 0 0
2026-02-23 2742 1313.194 7.603 0.582
2026-02-24 2744 1317.811 4.617 0.352
2026-02-25 2787 1296.358 -21.453 -1.628
2026-02-26 2768 1306.405 10.047 0.775
2026-02-27 2767 1308.85 2.445 0.187
2026-02-28 2771 1308.85 0 0
2026-03-01 2770 1308.85 0 0
2026-03-02 2806 1291.741 -17.109 -1.307
2026-03-03 2783 1284.409 -7.332 -0.568
2026-03-04 2788 1258.34 -26.069 -2.03
2026-03-05 2795 1257.525 -0.815 -0.065
2026-03-06 2777 1277.62 20.095 1.598
2026-03-07 2777 1277.62 0 0
2026-03-08 2777 1277.62 0 0
2026-03-09 2785 1263.771 -13.849 -1.084
2026-03-10 2976 1247.206 -16.565 -1.311
2026-03-11 3074 1199.955 -47.251 -3.789
2026-03-12 3121 1164.924 -35.031 -2.919
2026-03-13 3108 1166.553 1.629 0.14
2026-03-14 3105 1166.553 0 0
2026-03-15 3105 1166.553 0 0
2026-03-16 3121 1157.863 -8.69 -0.745
2026-03-17 3116 1163.023 5.16 0.446
2026-03-18 3139 1149.445 -13.578 -1.167
2026-03-19 3118 1148.087 -1.358 -0.118
2026-03-20 3107 1149.173 1.086 0.095
2026-03-21 3109 1149.173 0 0
2026-03-22 3109 1149.173 0 0
2026-03-23 3092 1147.272 -1.901 -0.165
2026-03-24 3101 1144.828 -2.444 -0.213
2026-03-25 3117 1142.113 -2.715 -0.237
2026-03-27 3046 1174.157 32.044 2.806
2026-03-28 3042 1174.157 0 0
2026-03-29 3042 1174.157 0 0
2026-03-30 3033 1179.316 5.159 0.439
2026-03-31 3028 1181.76 2.444 0.207
2026-04-01 3035 1184.747 2.987 0.253
2026-04-02 3046 1174.7 -10.047 -0.848
2026-04-03 3050 1174.7 0 0
2026-04-04 3050 1174.7 0 0
2026-04-05 3050 1174.7 0 0
2026-04-06 3051 1174.971 0.271 0.023
2026-04-07 3105 1144.014 -30.957 -2.635
2026-04-08 3136 1138.854 -5.16 -0.451
2026-04-09 3145 1141.57 2.716 0.238
2026-04-10 3168 1131.794 -9.776 -0.856
2026-04-11 3170 1131.794 0 0
2026-04-12 3170 1131.794 0 0
2026-04-13 3180 1124.733 -7.061 -0.624
2026-04-14 3197 1120.117 -4.616 -0.41
2026-04-15 3196 1133.423 13.306 1.188
2026-04-16 3180 1145.643 12.22 1.078
2026-04-17 3183 1147.001 1.358 0.119
2026-04-18 3184 1147.001 0 0
2026-04-19 3184 1147.001 0 0
2026-04-20 3181 1154.333 7.332 0.639
2026-04-21 3188 1144.828 -9.505 -0.823
2026-04-22 3190 1142.384 -2.444 -0.213
2026-04-23 3161 1146.186 3.802 0.333
2026-04-24 3171 1136.953 -9.233 -0.806
2026-04-25 3170 1136.953 0 0
2026-04-26 3170 1136.953 0 0
2026-04-27 3175 1135.052 -1.901 -0.167
2026-04-28 3173 1134.781 -0.271 -0.024
2026-04-29 3177 1132.337 -2.444 -0.215
2026-04-30 3155 1141.57 9.233 0.815
2026-05-01 3159 1139.94 -1.63 -0.143
2026-05-02 3163 1139.94 0 0
2026-05-04 3176 1133.694 -6.246 -0.548
2026-05-05 3177 1133.694 0 0
2026-05-06 3158 1144.828 0 0
2026-05-07 3173 1146.186 0 0
2026-05-08 3173 1154.061 0 0
2026-05-09 3201 1142.927 0 0
2026-05-10 3201 1142.927 0 0
2026-05-11 3202 1142.927 0 0
2026-05-12 3200 1137.225 0 0
2026-05-13 3204 1130.707 0 0
2026-05-14 3194 1129.621 0 0
2026-05-15 3212 1123.375 0 0
2026-05-16 3208 1120.388 0 0
2026-05-17 3200 1120.388 0 0
2026-05-18 3194 1120.388 0 0
2026-05-19 3184 1129.35 0 0
2026-05-20 3186 1125.819 0 0
2026-05-21 3202 1120.117 0 0
2026-05-22 3200 1121.474 0 0
2026-05-23 3171 1135.867 0 0
2026-05-24 3174 1135.867 0 0
2026-05-25 3171 1135.867 0 0
2026-05-26 3173 1135.867 0 0
2026-05-27 3195 1123.647 0 0
2026-05-28 3182 1133.694 0 0
2026-05-29 3167 1141.841 0 0
2026-05-30 3153 1150.259 0 0
2026-05-31 3155 1150.259 0 0
2026-06-01 3162 1150.259 0 0
2026-06-02 3158 1149.445 0 0
2026-06-03 3155 1147.001 0 0
2026-06-04 3137 1147.001 0 0
2026-06-05 3115 1162.208 0 0
2026-06-06 3091 1165.738 0 0
2026-06-07 3089 1165.738 0 0
2026-06-09 3087 1160.579 0 0
2026-06-10 3056 1177.958 0 0
2026-06-11 3019 1198.325 0 0
2026-06-12 3036 1194.252 0 0
2026-06-13 3031 1196.424 0 0
2026-06-14 3043 1196.424 0 0
2026-06-16 3090 1182.846 0 0
2026-06-17 3111 1168.182 0 0
2026-06-18 3140 1150.259 0 0
2026-06-19 3147 1151.346 0 0
2026-06-20 3141 1151.346 0 0
2026-06-21 3141 1151.346 0 0
2026-06-22 3138 1151.346 0 0
2026-06-23 3157 1130.979 0 0
2026-06-24 3120 1152.975 0 0
2026-06-25 3061 1180.946 0 0
2026-06-26 3045 1183.933 0 0
2026-06-27 3033 1194.252 0 0
2026-06-28 3034 1194.252 0 0
2026-06-29 3039 1194.252 0 0
2026-06-30 3036 1201.856 0 0
2026-07-01 3073 1181.76 0 0
2026-07-02 3023 1214.347 0 0
2026-07-03 3034 1210.274 0 0
2026-07-04 3039 1210.274 0 0
