2020-01-19 191 9287.341 0 0
2020-02-07 198 8727.571 -559.77 -6.414
2020-02-15 196 8759.201 31.63 0.361
2020-02-16 195 8759.201 0 0
2020-02-17 197 8707.942 -51.259 -0.589
2020-02-18 195 8810.142 102.2 1.16
2020-02-19 197 8855.751 45.609 0.515
2020-02-20 194 8969.915 114.164 1.273
2020-02-21 196 8806.952 -162.963 -1.85
2020-02-22 195 8812.208 5.256 0.06
2020-02-23 195 8812.208 0 0
2020-02-24 195 8667.012 -145.196 -1.675
2020-02-25 193 8598.736 -68.276 -0.794
2020-02-26 212 7988.142 -610.594 -7.644
2020-02-27 215 7847.265 -140.877 -1.795
2020-02-28 231 7378.741 -468.524 -6.35
2020-02-29 237 7234.115 -144.626 -1.999
2020-03-01 270 6699.983 -534.132 -7.972
2020-03-02 282 6595.171 -104.812 -1.589
2020-03-03 266 6878.3 283.129 4.116
2020-03-04 255 7047.63 169.33 2.403
2020-03-05 238 7410.135 362.505 4.892
2020-03-06 253 7066.253 -343.882 -4.867
2020-03-07 249 7092.486 26.233 0.37
2020-03-08 250 7092.486 0 0
2020-03-09 287 6355.378 -737.108 -11.598
2020-03-10 256 6801.711 446.333 6.562
2020-03-11 251 6788.023 -13.688 -0.202
2020-03-12 262 6388.347 -399.676 -6.256
2020-03-13 222 6942.923 554.576 7.988
2020-03-14 233 6803.646 -139.277 -2.047
2020-03-15 233 6803.646 0 0
2020-03-16 242 6614.96 -188.686 -2.852
2020-03-17 209 7287.729 672.769 9.232
2020-03-18 219 6880.164 -407.565 -5.924
2020-03-19 207 7082.783 202.619 2.861
2020-03-20 227 6751.864 -330.919 -4.901
2020-03-21 229 6729.371 -22.493 -0.334
2020-03-22 229 6729.371 0 0
2020-03-23 247 6219.15 -510.221 -8.204
2020-03-24 249 6124.297 -94.853 -1.549
2020-03-25 246 6423.172 298.875 4.653
2020-03-26 236 6773.47 350.298 5.172
2020-03-27 225 7074.031 300.561 4.249
2020-03-28 251 6554.643 -519.388 -7.924
2020-03-29 251 6554.643 0 0
2020-03-30 251 6554.643 0 0
2020-03-31 235 6919.67 365.027 5.275
