2019-11-07 1593 1540.829 0 0
2020-01-19 1704 1475.761 -65.068 -4.223
2020-02-07 1680 1484.264 8.503 0.576
2020-02-15 1660 1517.718 33.454 2.254
2020-02-16 1660 1517.718 0 0
2020-02-17 1686 1499.542 -18.176 -1.198
2020-02-18 1686 1499.542 0 0
2020-02-19 1701 1475.933 -23.609 -1.574
2020-02-20 1681 1503.644 27.711 1.878
2020-02-21 1692 1483.081 -20.563 -1.368
2020-02-22 1691 1483.081 0 0
2020-02-23 1692 1483.081 0 0
2020-02-24 1681 1483.081 0 0
2020-02-25 1697 1449.341 -33.74 -2.275
2020-02-26 1679 1461.383 12.042 0.831
2020-02-27 1658 1471.169 9.786 0.67
2020-02-28 1634 1478.663 7.494 0.509
2020-02-29 1695 1408.217 -70.446 -4.764
