2023-04-06 1804 1686.799 0 0
2023-04-07 1810 1684.701 -2.098 -0.125
2023-04-08 1809 1684.701 0 0
2023-04-09 1808 1684.701 0 0
2023-04-10 1804 1684.701 0 0
2023-04-11 1803 1690.662 5.961 0.353
2023-04-12 1801 1689.843 -0.819 -0.048
2023-04-13 1796 1712.022 22.179 1.295
2023-04-14 1774 1739.564 27.542 1.583
2023-04-15 1781 1730.255 -9.309 -0.538
2023-04-16 1781 1730.255 0 0
2023-04-17 1774 1734.376 4.121 0.238
2023-04-18 1779 1724.863 -9.513 -0.552
2023-04-19 1771 1729.536 4.673 0.27
2023-04-20 1760 1731.942 2.406 0.139
2023-04-21 1751 1738.363 6.421 0.369
2023-04-22 1758 1730.604 -7.759 -0.448
2023-04-23 1758 1730.604 0 0
2023-04-24 1742 1744.564 13.96 0.8
2023-04-25 1726 1751.828 7.264 0.415
2023-04-26 1728 1754.637 2.809 0.16
2023-04-27 1747 1737.836 -16.801 -0.967
2023-04-28 1748 1742.791 4.955 0.284
2023-04-29 1737 1756.811 14.02 0.798
2023-04-30 1737 1756.811 0 0
