2022-01-05 1854 1706.078 0 0
2022-01-06 1885 1672.542 -33.536 -1.966
2022-01-07 1826 1726.01 53.468 3.197
2022-01-08 1826 1726.795 0.785 0.045
2022-01-09 1825 1726.795 0 0
2022-01-10 1878 1674.885 -51.91 -3.006
2022-01-11 1903 1638.343 -36.542 -2.182
2022-01-12 1878 1673.865 35.522 2.168
2022-01-13 1898 1646.096 -27.769 -1.659
2022-01-14 1839 1712.559 66.463 4.038
2022-01-15 1820 1717.149 4.59 0.268
2022-01-16 1836 1717.149 0 0
2022-01-17 1835 1716.855 -0.294 -0.017
2022-01-18 1882 1670.588 -46.267 -2.695
2022-01-19 1816 1723.947 53.359 3.194
2022-01-20 1838 1700.538 -23.409 -1.358
2022-01-22 1849 1677.139 -23.399 -1.376
2022-01-23 1849 1677.139 0 0
2022-01-24 1839 1677.139 0 0
2022-01-25 1843 1652.956 -24.183 -1.442
2022-01-26 1865 1631.013 -21.943 -1.328
2022-01-27 1879 1600.64 -30.373 -1.862
2022-01-28 1952 1525.487 -75.153 -4.695
2022-01-29 1951 1525.223 -0.264 -0.017
2022-01-30 1952 1525.223 0 0
2022-01-31 1969 1525.223 0 0
