2020-01-19 51 21063.896 0 0
2020-02-07 49 21590.482 526.586 2.439
2020-02-15 45 23354.657 1764.175 7.554
2020-02-16 45 23354.657 0 0
2020-02-17 45 23439.591 84.934 0.362
2020-02-18 46 22438.847 -1000.744 -4.46
2020-02-19 45 22731.378 292.531 1.287
2020-02-20 45 23157.155 425.777 1.839
2020-02-21 46 23404.318 247.163 1.056
2020-02-22 45 23484.39 80.072 0.341
2020-02-23 45 23484.39 0 0
2020-02-24 45 23484.39 0 0
2020-02-25 37 25420.826 1936.436 7.618
2020-02-26 37 25356.18 -64.646 -0.255
2020-02-27 40 24530.811 -825.369 -3.365
2020-02-28 39 23724.247 -806.564 -3.4
2020-02-29 39 24188.24 463.993 1.918
