2020-01-19 1778 1400 0 0
2020-02-07 1752 1400 0 0
2020-02-15 1755 1400 0 0
2020-02-16 1755 1400 0 0
2020-02-17 1757 1400 0 0
2020-02-18 1756 1400 0 0
2020-02-19 1758 1400 0 0
2020-02-20 1758 1400 0 0
2020-02-21 1750 1400 0 0
2020-02-22 1751 1400 0 0
2020-02-23 1749 1400 0 0
2020-02-24 1736 1400 0 0
2020-02-25 1730 1400 0 0
2020-02-26 1725 1400 0 0
2020-02-27 1718 1400 0 0
2020-02-28 1706 1400 0 0
2020-02-29 1703 1400 0 0
2020-03-01 1708 1400 0 0
2020-03-02 1712 1400 0 0
2020-03-03 1719 1400 0 0
2020-03-04 1724 1400 0 0
2020-03-05 1716 1400 0 0
2020-03-06 1706 1400 0 0
2020-03-07 1705 1400 0 0
2020-03-08 1697 1400 0 0
2020-03-09 1668 1400 0 0
2020-03-10 1652 1400 0 0
2020-03-11 1645 1400 0 0
2020-03-12 1605 1400 0 0
2020-03-13 1580 1400 0 0
2020-03-14 1583 1400 0 0
2020-03-15 1583 1400 0 0
2020-03-16 1554 1400 0 0
2020-03-17 1549 1400 0 0
2020-03-18 1519 1400 0 0
2020-03-19 1505 1400 0 0
2020-03-20 1514 1400 0 0
2020-03-21 1517 1400 0 0
2020-03-22 1517 1400 0 0
2020-03-23 1489 1400 0 0
2020-03-24 1482 1400 0 0
2020-03-25 1519 1400 0 0
2020-03-26 1536 1400 0 0
2020-03-27 1555 1400 0 0
2020-03-28 1547 1400 0 0
2020-03-29 1547 1400 0 0
2020-03-30 1547 1400 0 0
2020-03-31 1547 1400 0 0
2020-04-01 1557 1400 0 0
2020-04-02 1541 1400 0 0
2020-04-03 1543 1400 0 0
2020-04-04 1540 1400 0 0
2020-04-05 1540 1400 0 0
2020-04-06 1540 1400 0 0
2020-04-07 1564 1400 0 0
2020-04-08 1651 1400 0 0
2020-04-10 1669 1400 0 0
2020-04-11 1669 1400 0 0
2020-04-12 1669 1400 0 0
2020-04-13 1666 1400 0 0
2020-04-14 1673 1400 0 0
2020-04-15 1668 1400 0 0
2020-04-17 1664 1400 0 0
2020-04-18 1667 1400 0 0
2020-04-19 1667 1400 0 0
2020-04-20 1673 1400 0 0
2020-04-21 1660 1400 0 0
2020-04-23 1665 1400 0 0
2020-04-24 1666 1400 0 0
2020-04-25 1660 1400 0 0
2020-04-26 1660 1400 0 0
2020-04-27 1666 1400 0 0
2020-04-28 1674 1400 0 0
2020-04-29 1686 1400 0 0
2020-04-30 1698 1400 0 0
2020-05-01 1700 1400 0 0
2020-05-02 1696 1400 0 0
2020-05-03 1696 1400 0 0
2020-05-04 1685 1400 0 0
2020-05-05 1682 1400 0 0
2020-05-06 1689 1400 0 0
2020-05-07 1694 1400 0 0
2020-05-08 1698 1400 0 0
2020-05-09 1705 1400 0 0
2020-05-10 1705 1400 0 0
2020-05-11 1706 1400 0 0
2020-05-12 1702 1400 0 0
2020-05-13 1703 1400 0 0
2020-05-14 1696 1400 0 0
2020-05-15 1694 1400 0 0
2020-05-16 1696 1400 0 0
2020-05-17 1696 1400 0 0
2020-05-18 1697 1400 0 0
2020-05-19 1712 1400 0 0
2020-05-20 1721 1400 0 0
2020-05-21 1721 1400 0 0
2020-05-22 1715 1400 0 0
2020-05-23 1712 1400 0 0
2020-05-24 1712 1400 0 0
2020-05-25 1714 1400 0 0
2020-05-26 1727 1400 0 0
2020-05-27 1735 1400 0 0
2020-05-28 1735 1400 0 0
2020-05-29 1737 1400 0 0
2020-05-30 1740 1400 0 0
2020-05-31 1740 1400 0 0
2020-06-01 1754 1400 0 0
2020-06-02 1771 1400 0 0
2020-06-03 1781 1400 0 0
2020-06-04 1781 1400 0 0
2020-06-05 1789 1400 0 0
2020-06-06 1791 1400 0 0
2020-06-07 1791 1400 0 0
2020-06-08 1793 1400 0 0
2020-06-09 1796 1400 0 0
2020-06-10 1796 1400 0 0
2020-06-11 1787 1400 0 0
2020-06-12 1785 1400 0 0
2020-06-13 1775 1400 0 0
2020-06-14 1775 1400 0 0
2020-06-15 1768 1400 0 0
2020-06-16 1780 1400 0 0
2020-06-17 1782 1400 0 0
2020-06-18 1784 1400 0 0
2020-06-19 1789 1400 0 0
2020-06-20 1788 1400 0 0
2020-06-21 1787 1400 0 0
2020-06-22 1784 1400 0 0
2020-06-23 1788 1400 0 0
2020-06-24 1788 1400 0 0
2020-06-25 1782 1400 0 0
2020-06-26 1780 1400 0 0
2020-06-27 1776 1400 0 0
2020-06-28 1776 1400 0 0
2020-06-29 1772 1400 0 0
2020-06-30 1779 1400 0 0
2020-07-01 1780 1400 0 0
2020-07-07 1807 1400 0 0
2020-07-08 1820 1400 0 0
2020-07-09 1822 1400 0 0
2020-07-10 1822 1400 0 0
2020-07-11 1821 1400 0 0
2020-07-12 1821 1400 0 0
2020-07-13 1823 1400 0 0
2020-07-14 1827 1400 0 0
2020-07-15 1821 1400 0 0
2020-07-16 1818 1400 0 0
2020-07-17 1818 1400 0 0
2020-07-18 1818 1400 0 0
2020-07-20 1820 1400 0 0
2020-07-21 1822 1400 0 0
2020-07-22 1829 1400 0 0
2020-07-23 1834 1400 0 0
2020-07-24 1815 1400 0 0
2020-07-25 1815 1400 0 0
2020-07-26 1810 1400 0 0
2020-07-27 1812 1400 0 0
2020-07-28 1818 1400 0 0
2020-07-29 1818 1400 0 0
2020-07-30 1823 1400 0 0
2020-07-31 1823 1400 0 0
2020-08-04 1831 1400 0 0
2020-08-05 1835 1400 0 0
2020-08-06 1833 1400 0 0
2020-08-07 1831 1400 0 0
2020-08-08 1827 1400 0 0
2020-08-09 1827 1400 0 0
2020-08-10 1831 1400 0 0
2020-08-12 1834 1400 0 0
2020-08-13 1833 1400 0 0
2020-08-14 1836 1400 0 0
2020-08-15 1831 1400 0 0
2020-08-16 1832 1400 0 0
2020-08-17 1837 1400 0 0
2020-08-18 1844 1400 0 0
2020-08-19 1844 1400 0 0
2020-08-20 1843 1400 0 0
2020-08-21 1837 1400 0 0
2020-08-22 1837 1400 0 0
2020-08-23 1837 1400 0 0
2020-08-24 1838 1400 0 0
2020-08-25 1841 1400 0 0
2020-08-26 1841 1400 0 0
2020-08-27 1843 1400 0 0
2020-08-28 1848 1400 0 0
2020-08-29 1852 1400 0 0
2020-08-30 1852 1400 0 0
2020-08-31 1852 1400 0 0
2020-09-01 1851 1400 0 0
2020-09-02 1852 1400 0 0
2020-09-03 1854 1400 0 0
2020-09-04 1845 1400 0 0
2020-09-05 1848 1400 0 0
2020-09-06 1848 1400 0 0
2020-09-07 1841 1400 0 0
2020-09-08 1834 1400 0 0
2020-09-09 1827 1400 0 0
2020-09-10 1824 1400 0 0
2020-09-11 1831 1400 0 0
2020-09-12 1827 1400 0 0
2020-09-13 1827 1400 0 0
2020-09-14 1835 1400 0 0
2020-09-15 1842 1400 0 0
2020-09-16 1842 1400 0 0
2020-09-17 1846 1400 0 0
2020-09-18 1847 1400 0 0
2020-09-19 1846 1400 0 0
2020-09-21 1835 1400 0 0
2020-09-22 1832 1400 0 0
2020-09-23 1827 1400 0 0
2020-09-24 1824 1400 0 0
2020-09-25 1818 1400 0 0
2020-09-26 1817 1400 0 0
2020-09-27 1817 1400 0 0
2020-09-28 1822 1400 0 0
2020-09-29 1822 1400 0 0
2020-09-30 1828 1400 0 0
2020-10-01 1829 1400 0 0
2020-10-03 1829 1400 0 0
2020-10-04 1829 1400 0 0
2020-10-05 1831 1400 0 0
2020-10-06 1839 1400 0 0
2020-10-07 1839 1400 0 0
2020-10-08 1843 1400 0 0
2020-10-09 1843 1400 0 0
2020-10-10 1846 1400 0 0
2020-10-11 1849 1400 0 0
2020-10-12 1857 1400 0 0
2020-10-13 1854 1400 0 0
2020-10-14 1849 1400 0 0
2020-10-16 1842 1400 0 0
2020-10-17 1842 1400 0 0
2020-10-18 1842 1400 0 0
2020-10-19 1844 1400 0 0
2020-10-20 1847 1400 0 0
2020-10-21 1854 1400 0 0
2020-10-22 1856 1400 0 0
2020-10-23 1853 1400 0 0
2020-10-24 1852 1400 0 0
2020-10-25 1851 1400 0 0
2020-10-26 1846 1400 0 0
2020-10-27 1846 1400 0 0
2020-10-28 1840 1400 0 0
2020-10-29 1840 1400 0 0
2020-10-30 1824 1400 0 0
2020-10-31 1825 1400 0 0
2020-11-01 1825 1400 0 0
2020-11-02 1831 1400 0 0
2020-11-03 1832 1400 0 0
2020-11-04 1847 1400 0 0
2020-11-05 1851 1400 0 0
2020-11-06 1856 1400 0 0
2020-11-07 1858 1400 0 0
2020-11-08 1858 1400 0 0
2020-11-09 1872 1400 0 0
2020-11-10 1877 1400 0 0
2020-11-11 1871 1400 0 0
2020-11-12 1876 1400 0 0
2020-11-13 1873 1400 0 0
2020-11-14 1869 1400 0 0
2020-11-15 1869 1400 0 0
2020-11-17 1878 1400 0 0
2020-11-18 1877 1400 0 0
2020-11-19 1878 1400 0 0
2020-11-20 1876 1400 0 0
2020-11-21 1880 1400 0 0
2020-11-22 1880 1400 0 0
2020-11-23 1886 1400 0 0
2020-11-24 1888 1400 0 0
2020-11-25 1886 1400 0 0
2020-11-26 1885 1400 0 0
2020-11-27 1887 1400 0 0
2020-11-28 1888 1400 0 0
2020-11-29 1888 1400 0 0
2020-11-30 1888 1400 0 0
2020-12-01 1894 1400 0 0
2020-12-02 1896 1400 0 0
2020-12-03 1898 1400 0 0
2020-12-04 1906 1400 0 0
2020-12-05 1905 1400 0 0
2020-12-06 1905 1400 0 0
2020-12-07 1905 1400 0 0
2020-12-08 1912 1400 0 0
2020-12-09 1913 1400 0 0
2020-12-10 1909 1400 0 0
2020-12-11 1902 1400 0 0
2020-12-12 1902 1400 0 0
2020-12-13 1902 1400 0 0
2020-12-14 1903 1400 0 0
2020-12-15 1907 1400 0 0
2020-12-16 1903 1400 0 0
2020-12-17 1917 1400 0 0
2020-12-18 1918 1400 0 0
2020-12-19 1917 1400 0 0
2020-12-20 1917 1400 0 0
2020-12-21 1908 1400 0 0
2020-12-22 1902 1400 0 0
2020-12-23 1946 1400 0 0
2020-12-24 1948 1400 0 0
2020-12-25 1951 1400 0 0
2020-12-26 1951 1400 0 0
2020-12-27 1951 1400 0 0
2020-12-28 1949 1400 0 0
2020-12-29 1949 1400 0 0
2020-12-31 1960 1400 0 0
2021-01-01 1960 1400 0 0
2021-01-02 1960 1400 0 0
2021-01-03 1960 1400 0 0
2021-01-04 1959 1400 0 0
2021-01-05 1968 1400 0 0
2021-01-06 1969 1400 0 0
2021-01-07 1972 1400 0 0
2021-01-08 1973 1400 0 0
2021-01-09 1976 1400 0 0
2021-01-10 1976 1400 0 0
2021-01-11 1971 1400 0 0
2021-01-12 1977 1400 0 0
2021-01-13 1978 1400 0 0
2021-01-14 1990 1400 0 0
2021-01-15 1985 1400 0 0
2021-01-16 1978 1400 0 0
2021-01-17 1978 1400 0 0
2021-01-18 1989 1400 0 0
2021-01-19 1991 1400 0 0
2021-01-20 1993 1400 0 0
2021-01-21 1999 1400 0 0
2021-01-22 1984 1400 0 0
2021-01-23 1981 1400 0 0
2021-01-24 1981 1400 0 0
2021-01-25 1982 1400 0 0
2021-01-26 1984 1400 0 0
2021-01-27 1975 1400 0 0
2021-01-28 1969 1400 0 0
2021-01-29 1959 1400 0 0
2021-01-30 1958 1400 0 0
2021-01-31 1960 1400 0 0
2021-02-01 1968 1400 0 0
2021-02-02 1968 1400 0 0
2021-02-03 1984 1400 0 0
2021-02-04 1983 1400 0 0
2021-02-05 1984 1400 0 0
2021-02-06 1988 1400 0 0
2021-02-07 1989 1400 0 0
2021-02-08 1995 1400 0 0
2021-02-09 1996 1400 0 0
2021-02-10 1998 1400 0 0
2021-02-11 2002 1400 0 0
2021-02-12 2000 1400 0 0
2021-02-13 2001 1400 0 0
2021-02-14 2001 1400 0 0
2021-02-15 2001 1400 0 0
2021-02-16 2007 1400 0 0
2021-02-17 2005 1400 0 0
2021-02-19 2005 1400 0 0
2021-02-20 2007 1400 0 0
2021-02-21 2008 1400 0 0
2021-02-22 2010 1400 0 0
2021-02-23 2005 1400 0 0
2021-02-24 2002 1400 0 0
2021-02-25 2001 1400 0 0
2021-02-26 2007 1400 0 0
2021-02-27 2000 1400 0 0
2021-02-28 2001 1400 0 0
2021-03-01 2005 1400 0 0
2021-03-02 2003 1400 0 0
2021-03-03 2006 1400 0 0
2021-03-04 2008 1400 0 0
2021-03-05 2005 1400 0 0
2021-03-06 2009 1400 0 0
2021-03-07 2008 1400 0 0
2021-03-08 1993 1400 0 0
2021-03-09 2003 1383.129 -16.871 -1.22
2021-03-11 1396 2212.466 829.337 37.485
2021-03-12 1404 2212.627 0.161 0.007
2021-03-13 1405 2212.504 -0.123 -0.006
2021-03-14 1407 2212.504 0 0
2021-03-15 1400 2212.504 0 0
2021-03-16 1406 2212.456 -0.048 -0.002
2021-03-18 1404 2212.425 -0.031 -0.001
2021-03-19 1404 2212.425 0 0
2021-03-20 1400 2212.565 0.14 0.006
2021-03-21 1400 2212.565 0 0
2021-03-22 1403 2212.565 0 0
2021-03-23 1395 2212.672 0.107 0.005
2021-03-24 1382 2212.558 -0.114 -0.005
2021-03-26 1390 2212.49 -0.068 -0.003
2021-03-27 1388 2212.473 -0.017 -0.001
2021-03-28 1388 2212.473 0 0
2021-03-29 1387 2212.473 0 0
2021-03-30 1389 2212.473 0 0
2021-03-31 1388 2212.397 -0.076 -0.003
2021-04-01 1395 2212.545 0.148 0.007
2021-04-02 1393 2212.507 -0.038 -0.002
2021-04-03 1393 2212.507 0 0
2021-04-04 1393 2212.507 0 0
2021-04-05 1393 2212.507 0 0
2021-04-06 1405 2212.603 0.096 0.004
2021-04-07 1402 2212.686 0.083 0.004
2021-04-08 1403 2212.686 0 0
2021-04-09 1473 2212.648 -0.038 -0.002
2021-04-10 1472 2212.634 -0.014 -0.001
2021-04-11 1472 2212.634 0 0
2021-04-12 1453 2212.634 0 0
2021-04-13 1456 2212.634 0 0
2021-04-14 1462 2212.572 -0.062 -0.003
2021-04-15 1464 2212.814 0.242 0.011
2021-04-16 1472 2212.859 0.045 0.002
2021-04-17 1476 2212.884 0.025 0.001
2021-04-18 1476 2212.884 0 0
2021-04-19 1480 2212.884 0 0
2021-04-20 1475 2212.999 0.115 0.005
2021-04-21 1474 2213.062 0.063 0.003
2021-04-22 1474 2213.073 0.011 0
2021-04-23 1478 2213.052 -0.021 -0.001
2021-04-24 1478 2213.052 0 0
2021-04-25 1478 2213.073 0.021 0.001
2021-04-26 1494 2213.073 0 0
2021-04-27 1493 2213.171 0.098 0.004
2021-04-28 1491 2213.171 0 0
2021-04-29 1491 2213.154 -0.017 -0.001
2021-04-30 1481 2213.14 -0.014 -0.001
2021-05-01 1477 2213.003 -0.137 -0.006
2021-05-02 1475 2213.003 0 0
2021-05-03 1479 2213.003 0 0
2021-05-04 1481 2213.052 0.049 0.002
2021-05-05 1477 2212.79 -0.262 -0.012
2021-05-06 1475 2212.835 0.045 0.002
2021-05-07 1476 2212.887 0.052 0.002
2021-05-08 1481 2213.154 0.267 0.012
2021-05-09 1480 2213.154 0 0
2021-05-10 1477 2213.154 0 0
2021-05-11 1477 2213.217 0.063 0.003
2021-05-12 1465 2213.164 -0.053 -0.002
2021-05-13 1464 2212.929 -0.235 -0.011
2021-05-14 1479 2212.898 -0.031 -0.001
2021-05-15 1483 2212.912 0.014 0.001
2021-05-16 1483 2212.912 0 0
2021-05-17 1489 2212.912 0 0
2021-05-18 1493 2212.825 -0.087 -0.004
2021-05-19 1490 2213.027 0.202 0.009
2021-05-20 1501 2212.933 -0.094 -0.004
2021-05-21 1502 2212.985 0.052 0.002
2021-05-22 1502 2212.964 -0.021 -0.001
2021-05-24 1504 2212.964 0 0
2021-05-25 1500 2212.964 0 0
2021-05-26 1505 2213.157 0.193 0.009
2021-05-27 1517 2213.214 0.057 0.003
2021-05-28 1515 2213.224 0.01 0
2021-05-29 1517 2213.256 0.032 0.001
2021-05-30 1517 2213.256 0 0
2021-05-31 1520 2213.256 0 0
2021-06-01 1523 2213.256 0 0
2021-06-02 1525 2213.331 0.075 0.003
2021-06-03 1523 2213.284 -0.047 -0.002
2021-06-04 1524 2213.115 -0.169 -0.008
2021-06-05 1525 2213.214 0.099 0.004
2021-06-06 1525 2213.214 0 0
2021-06-07 1526 2213.214 0 0
2021-06-08 1528 2213.249 0.035 0.002
2021-06-09 1527 2213.235 -0.014 -0.001
2021-06-10 1532 2213.207 -0.028 -0.001
2021-06-11 1534 2213.192 -0.015 -0.001
2021-06-12 1534 2213.15 -0.042 -0.002
2021-06-13 1534 2213.15 0 0
2021-06-14 1537 2213.15 0 0
2021-06-16 1524 2213.097 -0.053 -0.002
2021-06-17 1531 2213.147 0.05 0.002
2021-06-18 1531 2212.651 -0.496 -0.022
2021-06-19 1531 2212.651 0 0
2021-06-20 1523 2212.48 -0.171 -0.008
2021-06-21 1518 2212.48 0 0
2021-06-22 1524 2212.514 0.034 0.002
2021-06-23 1527 2212.449 -0.065 -0.003
2021-06-24 1528 2212.514 0.065 0.003
2021-06-25 1530 2212.538 0.024 0.001
2021-06-26 1531 2212.607 0.069 0.003
2021-06-27 1531 2212.607 0 0
2021-06-28 1536 2212.607 0 0
2021-06-29 1543 2212.569 -0.038 -0.002
2021-06-30 1537 2212.497 -0.072 -0.003
2021-07-01 1535 2212.524 0.027 0.001
2021-07-02 1529 2212.411 -0.113 -0.005
2021-07-03 1526 2212.374 -0.037 -0.002
2021-07-04 1526 2212.374 0 0
2021-07-05 1528 2212.374 0 0
2021-07-06 1521 2212.374 0 0
2021-07-07 1528 2212.432 0.058 0.003
2021-07-08 1512 2212.37 -0.062 -0.003
2021-07-09 1518 2212.224 -0.146 -0.007
2021-07-10 1522 2212.272 0.048 0.002
2021-07-11 1522 2212.272 0 0
2021-07-12 1531 2212.272 0 0
2021-07-13 1532 2212.292 0.02 0.001
2021-07-14 1528 2212.2 -0.092 -0.004
2021-07-15 1526 2212.183 -0.017 -0.001
2021-07-16 1520 2212.19 0.007 0
2021-07-17 1518 2212.113 -0.077 -0.003
2021-07-18 1518 2212.113 0 0
2021-07-19 1508 2212.113 0 0
2021-07-20 1505 2211.875 -0.238 -0.011
2021-07-21 1511 2211.715 -0.16 -0.007
2021-07-22 1518 2211.818 0.103 0.005
2021-07-23 1512 2212.018 0.2 0.009
2021-07-24 1510 2211.955 -0.063 -0.003
2021-07-25 1511 2211.955 0 0
2021-07-26 1507 2211.955 0 0
2021-07-27 1496 2212.062 0.107 0.005
2021-07-28 1499 2212.002 -0.06 -0.003
2021-07-29 1507 2212.012 0.01 0
2021-07-30 1516 2212.231 0.219 0.01
2021-07-31 1511 2212.187 -0.044 -0.002
2021-08-01 1511 2212.187 0 0
2021-08-02 1510 2212.187 0 0
2021-08-03 1519 2212.261 0.074 0.003
2021-08-04 1516 2212.248 -0.013 -0.001
2021-08-05 1516 2212.289 0.041 0.002
2021-08-06 1511 2212.312 0.023 0.001
2021-08-07 1507 2212.15 -0.162 -0.007
2021-08-08 1507 2212.15 0 0
2021-08-09 1509 2212.15 0 0
2021-08-10 1507 2212.082 -0.068 -0.003
2021-08-11 1509 2212.015 -0.067 -0.003
2021-08-13 1515 2212.055 0.04 0.002
2021-08-14 1518 2212.136 0.081 0.004
2021-08-15 1518 2212.136 0 0
2021-08-16 1522 2212.136 0 0
2021-08-17 1512 2212.136 0 0
2021-08-18 1505 2211.908 -0.228 -0.01
2021-08-19 1497 2211.975 0.067 0.003
2021-08-20 1492 2211.845 -0.13 -0.006
2021-08-21 1494 2211.875 0.03 0.001
2021-08-22 1494 2211.875 0 0
2021-08-23 1494 2211.875 0 0
2021-08-24 1514 2212.082 0.207 0.009
2021-08-25 1522 2212.19 0.108 0.005
2021-08-26 1578 2110.797 -101.393 -4.804
2021-08-27 1589 2110.797 0 0
2021-08-28 1589 2111.059 0.262 0.012
2021-08-29 1589 2111.059 0 0
2021-08-30 1589 2111.059 0 0
2021-08-31 1589 2111.124 0.065 0.003
2021-09-01 1592 2111.093 -0.031 -0.001
2021-09-02 1597 2111.131 0.038 0.002
2021-09-03 1595 2111.182 0.051 0.002
2021-09-04 1598 2111.231 0.049 0.002
2021-09-05 1601 2111.231 0 0
2021-09-06 1604 2111.231 0 0
2021-09-07 1605 2111.231 0 0
2021-09-08 1597 2111.08 -0.151 -0.007
2021-09-09 1594 2111.042 -0.038 -0.002
2021-09-10 1597 2111.176 0.134 0.006
2021-09-11 1599 2111.279 0.103 0.005
2021-09-12 1599 2111.279 0 0
2021-09-13 1598 2111.279 0 0
2021-09-14 1599 2111.207 -0.072 -0.003
2021-09-15 1597 2111.207 0 0
2021-09-16 1592 2111.234 0.027 0.001
2021-09-17 1592 2111.062 -0.172 -0.008
2021-09-18 1589 2110.984 -0.078 -0.004
2021-09-19 1587 2110.984 0 0
2021-09-20 1582 2110.984 0 0
2021-09-21 1578 2110.882 -0.102 -0.005
2021-09-22 1571 2110.882 0 0
2021-09-23 1584 2110.885 0.003 0
2021-09-24 1582 2111.035 0.15 0.007
2021-09-25 1581 2110.79 -0.245 -0.012
2021-09-26 1581 2110.79 0 0
2021-09-27 1570 2110.79 0 0
2021-09-28 1567 2110.797 0.007 0
2021-09-29 1555 2110.669 -0.128 -0.006
2021-09-30 1559 2110.568 -0.101 -0.005
2021-10-01 1557 2110.669 0.101 0.005
2021-10-02 1559 2110.716 0.047 0.002
2021-10-03 1559 2110.716 0 0
2021-10-05 1568 2110.689 -0.027 -0.001
2021-10-06 1569 2110.665 -0.024 -0.001
2021-10-07 1577 2110.595 -0.07 -0.003
2021-10-08 1579 2110.669 0.074 0.004
2021-10-09 1579 2110.78 0.111 0.005
2021-10-10 1579 2110.78 0 0
2021-10-11 1577 2110.78 0 0
2021-10-12 1572 2110.814 0.034 0.002
2021-10-13 1582 2110.719 -0.095 -0.005
2021-10-14 1590 2110.855 0.136 0.006
2021-10-15 1596 2110.953 0.098 0.005
2021-10-16 1600 2111.008 0.055 0.003
2021-10-17 1599 2111.008 0 0
2021-10-18 1599 2111.008 0 0
2021-10-19 1598 2110.943 -0.065 -0.003
2021-10-20 1597 2111.121 0.178 0.008
2021-10-21 1601 2111.155 0.034 0.002
2021-10-22 1598 2111.086 -0.069 -0.003
2021-10-23 1599 2111.018 -0.068 -0.003
2021-10-25 1603 2111.018 0 0
2021-10-26 1602 2111.021 0.003 0
2021-10-27 1602 2111.028 0.007 0
2021-10-28 1589 2110.98 -0.048 -0.002
2021-10-29 1590 2111.124 0.144 0.007
2021-10-30 1585 2110.977 -0.147 -0.007
2021-10-31 1585 2110.977 0 0
2021-11-01 281 9064.03 6953.053 76.71
2021-11-02 280 9095.297 31.267 0.344
2021-11-03 268 9419.169 323.872 3.438
2021-11-04 269 9419.169 0 0
2021-11-05 266 9485.905 66.736 0.704
2021-11-06 266 9485.953 0.048 0.001
2021-11-07 266 9485.953 0 0
2021-11-08 266 9485.953 0 0
2021-11-09 352 7873.898 -1612.055 -20.473
2021-11-10 351 7873.898 0 0
2021-11-11 328 8198.559 324.661 3.96
2021-11-12 346 7954.238 -244.321 -3.072
2021-11-13 345 7954.248 0.01 0
2021-11-14 345 7954.248 0 0
2021-11-15 354 7791.644 -162.604 -2.087
2021-11-16 336 8127.263 335.619 4.13
2021-11-17 317 8405.406 278.143 3.309
2021-11-18 310 8508.223 102.817 1.208
2021-11-19 298 8795.398 287.175 3.265
2021-11-20 298 8795.361 -0.037 0
2021-11-21 298 8795.361 0 0
2021-11-22 290 8956.179 160.818 1.796
2021-11-23 305 8567.71 -388.469 -4.534
2021-11-24 300 8624.186 56.476 0.655
2021-11-25 299 8624.093 -0.093 -0.001
2021-11-26 312 8347.432 -276.661 -3.314
2021-11-27 311 8347.329 -0.103 -0.001
2021-11-28 311 8347.329 0 0
2021-11-29 292 8794.388 447.059 5.083
2021-11-30 281 8857.504 63.116 0.713
2021-12-01 304 8453.526 -403.978 -4.779
2021-12-02 301 8453.815 0.289 0.003
2021-12-03 343 7803.961 -649.854 -8.327
2021-12-04 343 7803.809 -0.152 -0.002
2021-12-05 343 7803.809 0 0
2021-12-06 349 7755.426 -48.383 -0.624
2021-12-07 323 8102.469 347.043 4.283
2021-12-08 318 8242.292 139.823 1.696
2021-12-09 357 7713.46 -528.832 -6.856
2021-12-10 355 7820.754 107.294 1.372
2021-12-11 355 7820.804 0.05 0.001
2021-12-12 355 7820.804 0 0
2021-12-13 372 7409.871 -410.933 -5.546
2021-12-14 371 7345.586 -64.285 -0.875
2021-12-15 361 7487.446 141.86 1.895
2021-12-16 386 7089.118 -398.328 -5.619
2021-12-17 380 7135.164 46.046 0.645
2021-12-18 378 7135.115 -0.049 -0.001
2021-12-19 379 7135.115 0 0
2021-12-20 397 6870.224 -264.891 -3.856
2021-12-21 375 7183.431 313.207 4.36
2021-12-22 353 7754.508 571.077 7.364
2021-12-23 319 8226.477 471.969 5.737
2021-12-24 320 8226.477 0 0
2021-12-25 321 8226.611 0.134 0.002
2021-12-26 321 8226.611 0 0
2021-12-27 304 8445.31 218.699 2.59
2021-12-28 306 8400.985 -44.325 -0.528
2021-12-29 306 8382.533 -18.452 -0.22
2021-12-30 309 8352.683 -29.85 -0.357
2021-12-31 333 8143.891 -208.792 -2.564
2022-01-02 334 8144.031 0.14 0.002
2022-01-03 274 9023.454 879.423 9.746
2022-01-04 259 9304.905 281.451 3.025
2022-01-05 303 8398.221 -906.684 -10.796
2022-01-06 317 8208.125 -190.096 -2.316
2022-01-07 338 7901.523 -306.602 -3.88
2022-01-08 338 7901.65 0.127 0.002
2022-01-09 338 7901.65 0 0
2022-01-10 324 8154.607 252.957 3.102
2022-01-11 322 8205.598 50.991 0.621
2022-01-12 298 8545.245 339.647 3.975
2022-01-13 332 7939.322 -605.923 -7.632
2022-01-14 319 8085.917 146.595 1.813
2022-01-15 320 8085.862 -0.055 -0.001
2022-01-16 320 8085.862 0 0
2022-01-17 319 8085.862 0 0
2022-01-18 320 8085.862 0 0
2022-01-19 328 7837.829 -248.033 -3.165
2022-01-20 337 7652.834 -184.995 -2.417
2022-01-22 366 7227.804 -425.03 -5.88
2022-01-23 366 7227.804 0 0
2022-01-24 370 7114.964 -112.84 -1.586
2022-01-25 374 7020.693 -94.271 -1.343
2022-01-26 359 7175.105 154.412 2.152
2022-01-27 426 6295.834 -879.271 -13.966
2022-01-28 413 6435.597 139.763 2.172
2022-01-29 415 6435.499 -0.098 -0.002
2022-01-30 415 6435.499 0 0
2022-01-31 366 7169.122 733.623 10.233
2022-02-01 367 7124.842 -44.28 -0.621
2022-02-02 383 6935.734 -189.108 -2.727
2022-02-03 373 7074.34 138.606 1.959
2022-02-04 380 7060.746 -13.594 -0.193
2022-02-05 378 7060.678 -0.068 -0.001
2022-02-06 378 7060.678 0 0
2022-02-07 383 6930.952 -129.726 -1.872
2022-02-08 378 7050.03 119.078 1.689
2022-02-09 374 7131.169 81.139 1.138
2022-02-10 385 6908.45 -222.719 -3.224
2022-02-11 408 6546.811 -361.639 -5.524
2022-02-12 404 6546.728 -0.083 -0.001
2022-02-13 406 6546.728 0 0
2022-02-14 392 6674.668 127.94 1.917
2022-02-15 375 7053.384 378.716 5.369
2022-02-16 374 7061.277 7.893 0.112
2022-02-17 401 6679.44 -381.837 -5.717
2022-02-18 410 6522.229 -157.211 -2.41
2022-02-19 410 6522.153 -0.076 -0.001
2022-02-20 411 6522.153 0 0
2022-02-21 410 6522.153 0 0
2022-02-22 434 6234.37 -287.783 -4.616
2022-02-23 480 5767.67 -466.7 -8.092
2022-02-24 444 6065.83 298.16 4.915
2022-02-25 438 6139.196 73.366 1.195
2022-02-26 443 6139.439 0.243 0.004
2022-02-27 444 6139.439 0 0
2022-02-28 398 6631.065 491.626 7.414
2022-03-01 395 6581.728 -49.337 -0.75
2022-03-02 384 6707.723 125.995 1.878
2022-03-03 411 6378.091 -329.632 -5.168
2022-03-04 410 6369.984 -8.107 -0.127
2022-03-05 406 6369.86 -0.124 -0.002
2022-03-06 405 6369.86 0 0
2022-03-07 416 6096.202 -273.658 -4.489
2022-03-08 398 6257.104 160.902 2.572
2022-03-09 380 6537.587 280.483 4.29
2022-03-10 401 6370.081 -167.506 -2.63
2022-03-11 421 6021.397 -348.684 -5.791
2022-03-12 420 6021.326 -0.071 -0.001
2022-03-13 419 6021.326 0 0
2022-03-14 437 5786.066 -235.26 -4.066
2022-03-15 411 6074.301 288.235 4.745
2022-03-16 399 6385.472 311.171 4.873
2022-03-17 382 6640.32 254.848 3.838
2022-03-18 366 6914.846 274.526 3.97
2022-03-19 367 6914.775 -0.071 -0.001
2022-03-20 367 6914.775 0 0
2022-03-21 358 7042.796 128.021 1.818
2022-03-22 321 7633.983 591.187 7.744
2022-03-23 316 7675.547 41.564 0.542
2022-03-24 313 7795.775 120.228 1.542
2022-03-25 313 7769.148 -26.627 -0.343
2022-03-26 312 7769.128 -0.02 0
2022-03-27 312 7769.128 0 0
2022-03-28 263 8428.309 659.181 7.821
2022-03-29 265 8490.957 62.648 0.738
2022-03-30 268 8445.84 -45.117 -0.534
2022-04-01 279 8312.894 -132.946 -1.599
2022-04-02 271 8369.491 56.597 0.676
2022-04-03 271 8369.491 0 0
2022-04-05 276 8423.648 54.157 0.643
2022-04-06 299 8054.275 -369.373 -4.586
2022-04-07 290 8147.558 93.283 1.145
2022-04-08 309 7889.589 -257.969 -3.27
2022-04-09 310 7889.506 -0.083 -0.001
2022-04-10 310 7889.506 0 0
2022-04-11 331 7487.178 -402.328 -5.374
2022-04-12 322 7576.591 89.413 1.18
2022-04-13 304 7864.221 287.63 3.657
2022-04-14 326 7560.781 -303.44 -4.013
2022-04-15 324 7560.992 0.211 0.003
2022-04-16 324 7560.992 0 0
2022-04-17 324 7560.992 0 0
2022-04-18 313 7717.588 156.596 2.029
2022-04-19 298 7911.163 193.575 2.447
2022-04-20 321 7558.869 -352.294 -4.661
2022-04-21 310 7753.841 194.972 2.515
2022-04-22 305 7723.631 -30.21 -0.391
2022-04-23 298 7723.351 -0.28 -0.004
2022-04-24 298 7723.351 0 0
2022-04-25 299 7666.282 -57.069 -0.744
2022-04-26 356 6678.952 -987.33 -14.783
2022-04-27 354 6720.211 41.259 0.614
2022-04-28 360 6687.615 -32.596 -0.487
2022-04-29 365 6632.605 -55.01 -0.829
2022-04-30 364 6632.828 0.223 0.003
2022-05-01 364 6632.828 0 0
2022-05-02 343 6894.065 261.237 3.789
2022-05-03 339 6945.099 51.034 0.735
2022-05-04 315 7297.176 352.077 4.825
2022-05-05 365 6653.266 -643.91 -9.678
2022-05-06 366 6591.231 -62.035 -0.941
2022-05-07 362 6591.251 0.02 0
2022-05-08 362 6591.251 0 0
2022-05-09 409 5953.663 -637.588 -10.709
2022-05-10 404 6058.368 104.705 1.728
2022-05-11 443 5522.297 -536.071 -9.707
2022-05-12 448 5473.711 -48.586 -0.888
2022-05-13 416 5811.079 337.368 5.806
2022-05-14 419 5811.095 0.016 0
2022-05-15 419 5811.095 0 0
2022-05-16 455 5443.999 -367.096 -6.743
2022-05-17 434 5746.31 302.311 5.261
2022-05-18 480 5326.074 -420.236 -7.89
2022-05-19 474 5322.892 -3.182 -0.06
2022-05-20 536 4953.591 -369.301 -7.455
2022-05-21 533 4953.542 -0.049 -0.001
2022-05-22 533 4953.542 0 0
2022-05-23 510 5042.84 89.298 1.771
2022-05-24 571 4663.623 -379.217 -8.131
2022-05-25 535 4912.418 248.795 5.065
2022-05-26 481 5309.514 397.096 7.479
2022-05-27 437 5730.913 421.399 7.353
2022-05-28 439 5731.032 0.119 0.002
2022-05-29 439 5731.032 0 0
2022-05-30 443 5731.032 0 0
2022-05-31 442 5719.91 -11.122 -0.194
2022-06-01 461 5574.649 -145.261 -2.606
2022-06-02 433 5855.69 281.041 4.799
2022-06-03 496 5317.621 -538.069 -10.119
2022-06-04 497 5275.607 -42.014 -0.796
2022-06-05 497 5275.607 0 0
2022-06-06 487 5367.259 91.652 1.708
2022-06-07 489 5382.05 14.791 0.275
2022-06-08 476 5454.645 72.595 1.331
2022-06-09 473 5402.014 -52.631 -0.974
2022-06-10 497 5219.763 -182.251 -3.492
2022-06-11 490 5219.537 -0.226 -0.004
2022-06-12 490 5219.537 0 0
2022-06-13 546 4817.858 -401.679 -8.337
2022-06-14 517 4943.176 125.318 2.535
2022-06-15 478 5238.09 294.914 5.63
2022-06-16 547 4753.474 -484.616 -10.195
2022-06-17 526 4842.803 89.329 1.845
2022-06-18 524 4842.655 -0.148 -0.003
2022-06-19 524 4842.655 0 0
2022-06-20 529 4842.655 0 0
2022-06-21 463 5336.473 493.818 9.254
2022-06-22 469 5313.53 -22.943 -0.432
2022-06-23 475 5288.699 -24.831 -0.47
2022-06-24 455 5547.689 258.99 4.668
2022-06-25 457 5547.738 0.049 0.001
2022-06-26 457 5547.738 0 0
2022-06-27 459 5528.579 -19.159 -0.347
2022-06-28 495 5230.184 -298.395 -5.705
2022-06-29 506 5128.44 -101.744 -1.984
2022-06-30 511 5030.467 -97.973 -1.948
2022-07-01 496 5098.421 67.954 1.333
2022-07-02 495 5098.198 -0.223 -0.004
2022-07-03 495 5098.198 0 0
2022-07-04 496 5098.198 0 0
2022-07-05 483 5239.532 141.334 2.697
2022-07-06 484 5206.824 -32.708 -0.628
2022-07-07 456 5518.821 311.997 5.653
2022-07-08 444 5670.46 151.639 2.674
2022-07-09 444 5670.527 0.067 0.001
2022-07-10 444 5670.527 0 0
2022-07-11 473 5270.634 -399.893 -7.587
2022-07-12 475 5239.427 -31.207 -0.596
2022-07-13 464 5336.075 96.648 1.811
2022-07-14 462 5367.161 31.086 0.579
2022-07-15 456 5401.238 34.077 0.631
2022-07-16 454 5409.96 8.722 0.161
2022-07-17 454 5409.96 0 0
2022-07-18 451 5409.96 0 0
2022-07-19 449 5543.204 133.244 2.404
2022-07-20 450 5591.274 48.07 0.86
2022-07-21 396 6180.804 589.53 9.538
2022-07-22 391 6193.845 13.041 0.211
2022-07-23 391 6194.047 0.202 0.003
2022-07-24 391 6194.047 0 0
2022-07-25 398 6101.258 -92.789 -1.521
2022-07-26 397 6101.258 0 0
2022-07-27 383 6256.719 155.461 2.485
2022-07-28 383 6256.719 0 0
2022-07-29 345 6800.773 544.054 8
2022-07-30 346 6800.724 -0.049 -0.001
2022-07-31 346 6800.724 0 0
