2020-01-19 673 3721.48 0 0
2020-02-07 705 3479.18 -242.3 -6.964
2020-02-15 1165 2244.744 -1234.436 -54.992
2020-02-16 1165 2244.744 0 0
2020-02-17 1179 2227.698 -17.046 -0.765
2020-02-18 1179 2227.698 0 0
2020-02-19 1172 2247.976 20.278 0.902
2020-02-20 1160 2259.243 11.267 0.499
2020-02-21 1156 2258.287 -0.956 -0.042
2020-02-22 1161 2251.584 -6.703 -0.298
2020-02-23 1161 2251.584 0 0
2020-02-24 1149 2251.584 0 0
2020-02-25 1214 2121.8 -129.784 -6.117
2020-02-26 1242 2064.222 -57.578 -2.789
2020-02-27 1239 2037.942 -26.28 -1.29
2020-02-28 1266 1989.831 -48.111 -2.418
2020-02-29 1284 1950.338 -39.493 -2.025
2020-03-01 1286 1950.338 0 0
2020-03-02 1300 1950.338 0 0
2020-03-03 1298 1963.752 13.414 0.683
2020-03-04 1293 1981.574 17.822 0.899
2020-03-05 1313 1952.178 -29.396 -1.506
2020-03-06 1328 1906.303 -45.875 -2.406
2020-03-07 1130 2223.268 316.965 14.257
2020-03-08 1127 2223.268 0 0
2020-03-09 1100 2223.268 0 0
2020-03-10 1178 2078.701 -144.567 -6.955
2020-03-11 1202 2017.603 -61.098 -3.028
2020-03-12 1214 1926.683 -90.92 -4.719
2020-03-13 1420 1593.838 -332.845 -20.883
2020-03-14 1430 1587.383 -6.455 -0.407
2020-03-15 1430 1587.383 0 0
2020-03-16 1393 1587.383 0 0
2020-03-17 1479 1479.485 -107.898 -7.293
2020-03-18 1541 1385.924 -93.561 -6.751
2020-03-19 1698 1191.522 -194.402 -16.315
2020-03-20 1723 1173.474 -18.048 -1.538
2020-03-21 1595 1314.15 140.676 10.705
2020-03-22 1595 1314.15 0 0
2020-03-23 1566 1314.15 0 0
2020-03-24 1623 1244.547 -69.603 -5.593
2020-03-25 1497 1433.32 188.773 13.17
2020-03-26 1433 1523.579 90.259 5.924
2020-03-27 1312 1711.961 188.382 11.004
2020-03-28 1392 1589.929 -122.032 -7.675
2020-03-29 1392 1589.929 0 0
2020-03-30 1392 1589.929 0 0
2020-03-31 1435 1533.803 -56.126 -3.659
