2024-03-30 1684 1968.121 0 0
2024-03-31 1684 1968.121 0 0
2024-04-02 1771 1852.399 -115.722 -5.88
2024-04-03 1783 1824.001 -28.398 -1.533
2024-04-04 1782 1823.951 -0.05 -0.003
2024-04-05 1789 1823.951 0 0
2024-04-06 1786 1823.951 0 0
2024-04-07 1786 1823.951 0 0
2024-04-08 1816 1788.294 -35.657 -1.955
2024-04-09 1849 1756.238 -32.056 -1.793
2024-04-10 1888 1704.093 -52.145 -2.969
2024-04-11 1856 1740.189 36.096 2.118
2024-04-12 1803 1782.556 42.367 2.435
2024-04-13 1801 1782.408 -0.148 -0.008
2024-04-14 1801 1782.408 0 0
2024-04-15 1813 1760.306 -22.102 -1.24
2024-04-16 1918 1654.299 -106.007 -6.022
2024-04-17 1843 1710.639 56.34 3.406
2024-04-18 1876 1686.433 -24.206 -1.415
2024-04-19 1953 1615.477 -70.956 -4.207
2024-04-20 1952 1615.098 -0.379 -0.023
2024-04-21 1952 1615.098 0 0
2024-04-22 1958 1617.711 2.613 0.162
2024-04-23 1987 1585.245 -32.466 -2.007
2024-04-24 1933 1643.905 58.66 3.7
2024-04-25 1971 1607.033 -36.872 -2.243
2024-04-26 1880 1703.577 96.544 6.008
2024-04-27 1882 1703.788 0.211 0.012
2024-04-28 1882 1703.788 0 0
2024-04-29 1867 1726.812 23.024 1.351
2024-04-30 1873 1722.468 -4.344 -0.252
2024-05-01 1872 1723.682 1.214 0.07
2024-05-02 1869 1723.682 0 0
2024-05-03 1878 1723.682 0 0
2024-05-04 1884 1723.682 0 0
2024-05-05 1884 1723.682 0 0
2024-05-06 1868 1749.571 25.889 1.502
2024-05-07 1870 1757.005 7.434 0.425
2024-05-08 1875 1740.36 -16.645 -0.947
2024-05-09 1862 1753.8 13.44 0.772
2024-05-10 1905 1709.336 -44.464 -2.535
2024-05-11 1905 1709.62 0.284 0.017
2024-05-12 1905 1709.62 0 0
2024-05-13 1949 1663.909 -45.711 -2.674
2024-05-14 1919 1695.822 31.913 1.918
2024-05-15 1924 1684.639 -11.183 -0.659
2024-05-16 1919 1696.392 11.753 0.698
2024-05-17 1921 1697.365 0.973 0.057
2024-05-18 1923 1696.144 -1.221 -0.072
2024-05-19 1922 1696.144 0 0
2024-05-20 1898 1726.143 29.999 1.769
2024-05-21 1849 1788.733 62.59 3.626
2024-05-22 1814 1827.163 38.43 2.148
2024-05-23 1779 1859.819 32.656 1.787
2024-05-24 1840 1780.637 -79.182 -4.258
2024-05-25 1844 1780.587 -0.05 -0.003
2024-05-26 1844 1780.587 0 0
2024-05-27 1802 1833.768 53.181 2.987
2024-05-28 1812 1807.415 -26.353 -1.437
2024-05-29 1736 1898.743 91.328 5.053
2024-05-30 1685 1950.183 51.44 2.709
2024-05-31 1623 2032.188 82.005 4.205
2024-06-01 1623 2032.468 0.28 0.014
2024-06-02 1623 2032.468 0 0
2024-06-03 1647 1998.99 -33.478 -1.647
2024-06-04 1691 1947.613 -51.377 -2.57
2024-06-05 1688 1952.026 4.413 0.227
2024-06-06 1644 1996.903 44.877 2.299
2024-06-07 1691 1946.104 -50.799 -2.544
2024-06-09 1688 1947.313 1.209 0.062
2024-06-10 1686 1947.313 0 0
2024-06-11 1677 1951.588 4.275 0.22
2024-06-12 1679 1957.815 6.227 0.319
2024-06-13 1669 1974.217 16.402 0.838
2024-06-14 1717 1907.606 -66.611 -3.374
2024-06-15 1712 1906.66 -0.946 -0.05
2024-06-16 1712 1906.66 0 0
2024-06-17 1689 1940.18 33.52 1.758
2024-06-18 1659 1978.928 38.748 1.997
2024-06-19 1683 1951.329 -27.599 -1.395
2024-06-20 1723 1897.9 -53.429 -2.738
2024-06-21 1720 1892.796 -5.104 -0.269
2024-06-22 1713 1892.587 -0.209 -0.011
2024-06-23 1713 1892.587 0 0
2024-06-24 1774 1820.956 -71.631 -3.785
2024-06-25 1833 1764.127 -56.829 -3.121
2024-06-26 1785 1810.277 46.15 2.616
2024-06-27 1765 1816.596 6.319 0.349
2024-06-28 1757 1829.653 13.057 0.719
2024-06-29 1757 1830.358 0.705 0.039
2024-06-30 1757 1830.358 0 0
