2024-06-06 2728 1002.304 0 0
2024-06-11 2727 1004.182 1.878 0.187
2024-06-12 2729 1002.252 -1.93 -0.192
2024-06-13 2728 1005.523 3.271 0.326
2024-06-14 2728 1002.894 -2.629 -0.261
2024-06-15 2732 1001.637 -1.257 -0.125
2024-06-16 2732 1001.637 0 0
2024-06-17 2728 1001.637 0 0
2024-06-18 2731 1004.348 2.711 0.271
2024-06-19 2727 1005.686 1.338 0.133
2024-06-20 2722 1005.686 0 0
2024-06-21 2716 1006.592 0.906 0.09
2024-06-22 2719 1005.481 -1.111 -0.11
2024-06-23 2718 1005.481 0 0
2024-06-24 2712 1005.481 0 0
2024-06-25 2712 1007.25 1.769 0.176
2024-06-26 2711 1006.606 -0.644 -0.064
2024-06-27 2707 1005.342 -1.264 -0.126
2024-06-28 2705 1004.608 -0.734 -0.073
2024-06-29 2705 1005.921 1.313 0.131
2024-06-30 2707 1005.921 0 0
2024-07-01 2703 1005.921 0 0
2024-07-02 2702 1006.221 0.3 0.03
2024-07-03 2695 1007.903 1.682 0.167
2024-07-04 2696 1008.65 0.747 0.074
2024-07-05 2696 1008.65 0 0
2024-07-06 2714 1007.32 -1.33 -0.132
2024-07-07 2714 1007.32 0 0
2024-07-08 2709 1007.32 0 0
2024-07-09 2713 1006.303 -1.017 -0.101
2024-07-10 2708 1008.46 2.157 0.214
2024-07-11 2710 1012.114 3.654 0.362
2024-07-12 2715 1015.705 3.591 0.355
2024-07-13 2714 1016.913 1.208 0.119
2024-07-14 2714 1016.913 0 0
2024-07-15 2714 1016.913 0 0
2024-07-16 2710 1019.353 2.44 0.24
2024-07-17 2691 1023.449 4.096 0.402
2024-07-18 2695 1021.535 -1.914 -0.187
2024-07-19 2696 1019.311 -2.224 -0.218
2024-07-20 2696 1017.536 -1.775 -0.174
2024-07-21 2696 1017.536 0 0
2024-07-22 2696 1017.536 0 0
2024-07-23 2674 1021.063 3.527 0.347
2024-07-24 2663 1022.803 1.74 0.17
2024-07-25 2678 1017.396 -5.407 -0.529
2024-07-26 2680 1021.149 3.753 0.369
2024-07-27 2675 1023.363 2.214 0.217
2024-07-28 2675 1023.363 0 0
2024-07-29 2666 1023.363 0 0
2024-07-30 2668 1021.771 -1.592 -0.156
2024-07-31 2676 1023.854 2.083 0.204
