2020-11-17 2176 1116.092 0 0
2020-11-18 2180 1114.203 -1.889 -0.169
2020-11-19 2207 1095.822 -18.381 -1.65
2020-11-20 2193 1101.319 5.497 0.502
2020-11-21 2196 1101.319 0 0
2020-11-22 2196 1101.319 0 0
2020-11-23 2215 1089.982 -11.337 -1.029
2020-11-24 2218 1090.411 0.429 0.039
2020-11-25 2196 1103.81 13.399 1.229
2020-11-26 2199 1103.81 0 0
2020-11-27 2199 1107.675 3.865 0.35
2020-11-28 2200 1107.675 0 0
2020-11-30 2191 1109.736 2.061 0.186
2020-12-01 2197 1108.019 -1.717 -0.155
2020-12-02 2217 1091.27 -16.749 -1.512
2020-12-03 2206 1105.871 14.601 1.338
2020-12-04 2231 1080.877 -24.994 -2.26
2020-12-05 2231 1080.877 0 0
2020-12-06 2231 1080.877 0 0
2020-12-07 2210 1102.522 21.645 2.003
2020-12-08 2203 1110.681 8.159 0.74
2020-12-09 2224 1097.969 -12.712 -1.145
2020-12-10 2216 1103.724 5.755 0.524
2020-12-11 2201 1122.878 19.154 1.735
2020-12-12 2201 1122.878 0 0
2020-12-13 2201 1122.878 0 0
2020-12-14 2185 1134.129 11.251 1.002
2020-12-15 2150 1160.498 26.369 2.325
2020-12-16 2151 1160.498 0 0
2020-12-17 2158 1163.246 2.748 0.237
2020-12-18 2152 1169.087 5.841 0.502
2020-12-19 2151 1169.087 0 0
2020-12-20 2151 1169.087 0 0
2020-12-21 2148 1167.541 -1.546 -0.132
2020-12-22 2132 1174.927 7.386 0.633
2020-12-23 2176 1177.59 2.663 0.227
2020-12-24 2170 1180.682 3.092 0.263
2020-12-25 2171 1180.682 0 0
2020-12-26 2171 1180.682 0 0
2020-12-27 2171 1180.682 0 0
2020-12-28 2127 1213.235 32.553 2.757
2020-12-29 2147 1199.664 -13.571 -1.119
2020-12-31 2135 1211.087 11.423 0.952
