2024-03-30 1355 2504 0 0
2024-03-31 1355 2504 0 0
2024-04-02 1350 2504 0 0
2024-04-03 1348 2504 0 0
2024-04-04 1347 2504 0 0
2024-04-05 1349 2504 0 0
2024-04-06 1347 2504 0 0
2024-04-07 1347 2504 0 0
2024-04-08 1348 2504 0 0
2024-04-09 1354 2504 0 0
2024-04-10 1346 2504 0 0
2024-04-11 1345 2504 0 0
2024-04-12 1338 2504 0 0
2024-04-13 1335 2504 0 0
2024-04-14 1335 2504 0 0
2024-04-15 1329 2504 0 0
2024-04-16 1323 2504 0 0
2024-04-17 1325 2504 0 0
2024-04-18 1331 2504 0 0
2024-04-19 1328 2504 0 0
2024-04-20 1328 2504 0 0
2024-04-21 1328 2504 0 0
2024-04-22 1329 2504 0 0
2024-04-23 1337 2504 0 0
2024-04-24 1344 2504 0 0
2024-04-25 1337 2504 0 0
2024-04-26 1343 2504 0 0
2024-04-27 1344 2504 0 0
2024-04-28 1344 2504 0 0
2024-04-29 1347 2504 0 0
2024-04-30 1351 2504 0 0
2024-05-01 1351 2504 0 0
2024-05-02 1350 2504 0 0
2024-05-03 1352 2504 0 0
2024-05-04 1353 2504 0 0
2024-05-05 1353 2504 0 0
2024-05-06 1353 2504 0 0
2024-05-07 1354 2504 0 0
2024-05-08 1352 2504 0 0
2024-05-09 1350 2504 0 0
2024-05-10 1354 2504 0 0
2024-05-11 1353 2504 0 0
2024-05-12 1353 2504 0 0
2024-05-13 1358 2504 0 0
2024-05-14 1362 2504 0 0
2024-05-15 1364 2504 0 0
2024-05-16 1367 2504 0 0
2024-05-17 1368 2504 0 0
2024-05-18 1368 2504 0 0
2024-05-19 1368 2504 0 0
2024-05-20 1371 2504 0 0
2024-05-21 1362 2504 0 0
2024-05-22 1361 2504 0 0
2024-05-23 1355 2504 0 0
2024-05-24 1351 2504 0 0
2024-05-25 1352 2504 0 0
2024-05-26 1352 2504 0 0
2024-05-27 1356 2504 0 0
2024-05-28 1354 2504 0 0
2024-05-29 1352 2504 0 0
2024-05-30 1349 2504 0 0
2024-05-31 1345 2504 0 0
