2020-01-19 151 11131.862 0 0
2020-02-07 145 11476.299 344.437 3.001
2020-02-15 137 11983.862 507.563 4.235
2020-02-16 137 11983.862 0 0
2020-02-17 137 11983.862 0 0
2020-02-18 133 12111.689 127.827 1.055
2020-02-19 134 12015.418 -96.271 -0.801
2020-02-20 142 11639.96 -375.458 -3.226
2020-02-21 147 11281.617 -358.343 -3.176
2020-02-22 146 11281.617 0 0
2020-02-23 146 11281.617 0 0
2020-02-24 150 10920.333 -361.284 -3.308
2020-02-25 151 10832.886 -87.447 -0.807
2020-02-26 149 10827.003 -5.883 -0.054
2020-02-27 150 10604.51 -222.493 -2.098
2020-02-28 148 10714.152 109.642 1.023
2020-02-29 148 10605.479 -108.673 -1.025
