2025-11-19 2055 1848.272 0 0
2025-11-20 2045 1848.791 0.519 0.028
2025-11-21 2050 1846.344 -2.447 -0.132
2025-11-22 2059 1830.275 -16.069 -0.87
2025-11-23 2059 1830.275 0 0
2025-11-24 2068 1830.275 0 0
2025-11-25 2074 1835.249 4.974 0.272
2025-11-26 2078 1835.712 0.463 0.025
2025-11-27 2084 1834.71 -1.002 -0.055
2025-11-28 2088 1834.71 0 0
2025-11-29 2097 1831.043 -3.667 -0.2
2025-11-30 2096 1831.043 0 0
2025-12-01 2102 1831.043 0 0
2025-12-02 2098 1831.043 0 0
2025-12-03 2113 1822.131 -8.912 -0.487
2025-12-04 2119 1815.767 -6.364 -0.349
2025-12-05 2117 1820.231 4.464 0.246
2025-12-06 2115 1819.877 -0.354 -0.019
2025-12-07 2114 1819.877 0 0
2025-12-08 2114 1819.877 0 0
2025-12-09 2302 1623.762 -196.115 -10.776
2025-12-10 2393 1551.954 -71.808 -4.422
2025-12-11 2420 1529.53 -22.424 -1.445
2025-12-12 2344 1592.527 62.997 4.119
2025-12-13 2346 1591.426 -1.101 -0.069
2025-12-14 2346 1591.426 0 0
2025-12-15 2400 1548.552 -42.874 -2.694
2025-12-16 2315 1602.399 53.847 3.477
2025-12-17 2385 1558.488 -43.911 -2.74
2025-12-18 2424 1532.737 -25.751 -1.652
2025-12-19 2411 1554.734 21.997 1.435
2025-12-20 2386 1570.788 16.054 1.033
2025-12-21 2386 1570.788 0 0
2025-12-22 2314 1626.332 55.544 3.536
2025-12-23 2366 1586.645 -39.687 -2.44
2025-12-24 2403 1564.408 -22.237 -1.402
2025-12-25 2410 1562.383 -2.025 -0.129
2025-12-26 2428 1552.596 -9.787 -0.626
2025-12-27 2429 1551.387 -1.209 -0.078
2025-12-28 2429 1551.387 0 0
2025-12-29 2443 1540.457 -10.93 -0.705
2025-12-30 2463 1522.743 -17.714 -1.15
2025-12-31 2400 1566.835 44.092 2.896
