2025-04-02 2742 1166.194 0 0
2025-04-03 2750 1145.938 -20.256 -1.737
2025-04-04 2896 1036.058 -109.88 -9.589
2025-04-05 2916 1018.461 -17.597 -1.698
2025-04-06 2915 1018.461 0 0
2025-04-07  969.375 -49.086 -4.82
2025-04-09 2686 1147.71 178.335 18.397
2025-04-10 2606 1206.021 58.311 5.081
2025-04-11 2620 1200.33 -5.691 -0.472
2025-04-12 2596 1227.091 26.761 2.229
2025-04-13 2596 1227.091 0 0
2025-04-14 2688 1175.705 -51.386 -4.188
2025-04-15 2664 1192.918 17.213 1.464
2025-04-16 2700 1169.546 -23.372 -1.959
2025-04-17 2658 1195.08 25.534 2.183
2025-04-18 2658 1194.323 -0.757 -0.063
2025-04-19 2658 1194.323 0 0
2025-04-20 2659 1194.323 0 0
2025-04-21 2661 1194.323 0 0
2025-04-22 2493 1308.687 114.364 9.576
2025-04-23 2484 1323.386 14.699 1.123
2025-04-24 2500 1309.275 -14.111 -1.066
2025-04-25 2508 1302.301 -6.974 -0.533
2025-04-26 2509 1300.204 -2.097 -0.161
2025-04-27 2510 1300.204 0 0
2025-04-28 2530 1290.777 -9.427 -0.725
2025-04-29 2502 1310.14 19.363 1.5
2025-04-30 2512 1309.747 -0.393 -0.03
2025-05-01 2518 1306.252 -3.495 -0.267
2025-05-02 2491 1326.24 19.988 1.53
2025-05-03 2488 1334.547 8.307 0.626
2025-05-04 2489 1334.547 0 0
2025-05-05 2515 1311.023 -23.524 -1.763
2025-05-06 2483 1339.251 28.228 2.153
2025-05-07 2486 1339.501 0.25 0.019
2025-05-08 2899 1062.636 -276.865 -20.669
2025-05-09 2946 1029.349 -33.287 -3.132
2025-05-10 2942 1033.527 4.178 0.406
2025-05-11 2942 1033.527 0 0
2025-05-12 2861 1102.04 68.513 6.629
2025-05-13 2886 1080.799 -21.241 -1.927
2025-05-14 2875 1092.917 12.118 1.121
2025-05-15 2921 1056.838 -36.079 -3.301
2025-05-16 2948 1037.709 -19.129 -1.81
2025-05-17 2961 1031.649 -6.06 -0.584
2025-05-18 2961 1031.649 0 0
2025-05-19 2942 1044.68 13.031 1.263
2025-05-20 2958 1033.271 -11.409 -1.092
2025-05-21 2935 1049.882 16.611 1.608
2025-05-22 2961 1033.762 -16.12 -1.535
2025-05-23 2954 1032.947 -0.815 -0.079
2025-05-24 2954 1032.947 0 0
2025-05-25 2948 1037.013 4.066 0.394
2025-05-26 2987 1013.096 -23.917 -2.306
2025-05-27 2990 1013.096 0 0
2025-05-28 2982 1018.918 5.822 0.575
2025-05-29  990.755 -28.163 -2.764
2025-07-17 3061 1002.188 11.433 1.154
2025-07-18  991.489 -10.699 -1.068
2025-07-22 3062 1004.862 13.373 1.349
2025-07-23  999.844 -5.018 -0.499
2025-07-24  993.587 -6.257 -0.626
2025-07-26 3057 1006.075 12.488 1.257
2025-07-27 3057 1006.075 0 0
2025-07-28  988.648 -17.427 -1.732
2025-07-31 3038 1015.312 26.664 2.697
2025-08-01 3039 1008.965 -6.347 -0.625
2025-08-02 3034 1017.21 8.245 0.817
2025-08-03 3034 1017.21 0 0
2025-08-04 3035 1016.311 -0.899 -0.088
2025-08-05 3039 1011.818 -4.493 -0.442
2025-08-06 3060 1005.798 -6.02 -0.595
2025-08-07 3025 1029.825 24.027 2.389
2025-08-08 3013 1039.413 9.588 0.931
2025-08-09 3007 1044.104 4.691 0.451
2025-08-10 3007 1044.104 0 0
2025-08-11 2993 1055.047 10.943 1.048
2025-08-12 3020 1039.224 -15.823 -1.5
2025-08-13 3027 1040.856 1.632 0.157
2025-08-14 2970 1078.306 37.45 3.598
2025-08-15 2984 1071.689 -6.617 -0.614
2025-08-16 2979 1076.469 4.78 0.446
2025-08-17 2979 1076.469 0 0
2025-08-18 2982 1078.298 1.829 0.17
2025-08-19 2918 1124.713 46.415 4.304
2025-08-20 2845 1181.185 56.472 5.021
2025-08-21 2899 1142.083 -39.102 -3.31
2025-08-22 2915 1138.124 -3.959 -0.347
2025-08-23 2903 1146.154 8.03 0.706
2025-08-24 2903 1146.154 0 0
2025-08-25 2969 1100.392 -45.762 -3.993
2025-08-26 3001 1071.288 -29.104 -2.645
2025-08-27 3035 1045.99 -25.298 -2.361
2025-08-28 3046 1036.226 -9.764 -0.933
2025-08-29 3031 1052.878 16.652 1.607
2025-08-30 3026 1056.007 3.129 0.297
2025-08-31 3026 1056.007 0 0
2025-09-01 3029 1055.095 -0.912 -0.086
2025-09-02 3044 1038.68 -16.415 -1.556
2025-09-03 3035 1041.577 2.897 0.279
2025-09-04 3021 1051.039 9.462 0.908
2025-09-05 3040 1037.949 -13.09 -1.245
2025-09-06 3037 1045.563 7.614 0.734
2025-09-07 3037 1045.563 0 0
2025-09-08 3044 1046.48 0.917 0.088
2025-09-09 3057 1035.18 -11.3 -1.08
2025-09-10 3092 1011.325 -23.855 -2.304
2025-09-11  994.486 -16.839 -1.665
2025-09-13 3104 1009.557 15.071 1.515
2025-09-14 3103 1009.557 0 0
2025-09-15 3062 1032.457 22.9 2.268
2025-09-16 3059 1035.584 3.127 0.303
2025-09-17 3053 1045.541 9.957 0.961
2025-09-18 3051 1052.023 6.482 0.62
2025-09-19 3073 1034.682 -17.341 -1.648
2025-09-20 3075 1032.835 -1.847 -0.179
2025-09-21 3076 1032.835 0 0
2025-09-22 3076 1032.835 0 0
2025-09-23 3065 1036.504 3.669 0.355
2025-09-24 3073 1036.799 0.295 0.028
2025-09-25 3071 1031.886 -4.913 -0.474
2025-09-26 3063 1034.289 2.403 0.233
2025-09-27 3065 1035.182 0.893 0.086
2025-09-28 3065 1035.182 0 0
2025-09-29 3081 1026.991 -8.191 -0.791
2025-09-30 3056 1041.169 14.178 1.381
2025-10-01 3073 1032.409 -8.76 -0.841
2025-10-02 3067 1038.547 6.138 0.595
2025-10-03 3066 1039.451 0.904 0.087
2025-10-04 3060 1042.716 3.265 0.314
2025-10-05 3061 1042.716 0 0
2025-10-06 3052 1047.301 4.585 0.44
2025-10-07 3054 1044.227 -3.074 -0.294
2025-10-08 3060 1040.751 -3.476 -0.333
2025-10-09 3062 1038.588 -2.163 -0.208
2025-10-10 3062 1034.279 -4.309 -0.415
2025-10-11 3066 1032.182 -2.097 -0.203
2025-10-12 3065 1032.182 0 0
2025-10-13 3060 1035.791 3.609 0.35
2025-10-14 3075 1017.541 -18.25 -1.762
2025-10-15 3064 1029.662 12.121 1.191
2025-10-16 3073 1023.008 -6.654 -0.646
2025-10-17 3037 1044.067 21.059 2.059
2025-10-18 3035 1044.162 0.095 0.009
2025-10-19 3036 1044.162 0 0
2025-10-20 3041 1044.162 0 0
2025-10-21 3051 1046.976 2.814 0.269
2025-10-22 3057 1037.855 -9.121 -0.871
2025-10-23 3052 1043.876 6.021 0.58
2025-10-24 3055 1043.161 -0.715 -0.068
2025-10-25 3060 1040.335 -2.826 -0.271
2025-10-26 3060 1040.335 0 0
2025-10-27 3062 1040.335 0 0
2025-10-28 3066 1041.335 1 0.096
2025-10-29 3043 1053.331 11.996 1.152
2025-10-30 3052 1048.996 -4.335 -0.412
2025-10-31 3061 1043.292 -5.704 -0.544
2025-11-01 3072 1038.709 -4.583 -0.439
2025-11-02 3072 1038.709 0 0
2025-11-03 3072 1034.206 -4.503 -0.434
2025-11-04 3026 1056.952 22.746 2.199
2025-11-05 3061 1031.444 -25.508 -2.413
2025-11-06 3054 1035.951 4.507 0.437
2025-11-07 3061 1036.132 0.181 0.017
2025-11-08 3060 1040.684 4.552 0.439
2025-11-09 3060 1040.684 0 0
2025-11-10 3068 1035.246 -5.438 -0.523
2025-11-11 3067 1034.871 -0.375 -0.036
2025-11-12 3066 1041.33 6.459 0.624
2025-11-13 3058 1042.709 1.379 0.132
2025-11-14 3043 1052.22 9.511 0.912
2025-11-15 3042 1051.088 -1.132 -0.108
2025-11-16 3042 1051.088 0 0
2025-11-17 2931 1132.842 81.754 7.778
2025-11-18 3005 1070.009 -62.833 -5.546
2025-11-19 3044 1047.456 -22.553 -2.108
2025-11-20 3029 1048.337 0.881 0.084
2025-11-21 2975 1080.379 32.042 3.056
2025-11-22 2981 1076.116 -4.263 -0.395
2025-11-23 2981 1076.116 0 0
2025-11-24 2861 1166.128 90.012 8.365
2025-11-25 2942 1118.995 -47.133 -4.042
2025-11-26 2921 1139.177 20.182 1.804
2025-11-27 2884 1168.146 28.969 2.543
2025-11-28 2933 1136.288 -31.858 -2.727
2025-11-29 2934 1137.684 1.396 0.123
2025-11-30 2934 1137.684 0 0
2025-12-01 2866 1180.983 43.299 3.806
2025-12-02 2860 1183.261 2.278 0.193
2025-12-03 2914 1150.101 -33.16 -2.802
2025-12-04 2919 1153.368 3.267 0.284
2025-12-05 2951 1124.919 -28.449 -2.467
2025-12-06 2952 1123.221 -1.698 -0.151
2025-12-07 2953 1123.221 0 0
2025-12-08 2984 1100.341 -22.88 -2.037
2025-12-09 3029 1068.755 -31.586 -2.871
2025-12-10 3002 1089.654 20.899 1.955
2025-12-11 2989 1098.459 8.805 0.808
2025-12-12 2979 1107.287 8.828 0.804
2025-12-13 2979 1105.27 -2.017 -0.182
2025-12-14 2979 1105.27 0 0
2025-12-15 2937 1137.553 32.283 2.921
2025-12-16 2918 1146.204 8.651 0.76
2025-12-17 2918 1150.013 3.809 0.332
2025-12-18 2925 1149.008 -1.005 -0.087
2025-12-19 2924 1151.896 2.888 0.251
2025-12-20 2930 1149.505 -2.391 -0.208
2025-12-21 2934 1149.505 0 0
2025-12-22 2945 1147.193 -2.312 -0.201
2025-12-23 2945 1146.312 -0.881 -0.077
2025-12-24 2944 1147.395 1.083 0.094
2025-12-25 2948 1149.269 1.874 0.163
2025-12-26 2945 1149.269 0 0
2025-12-27 2948 1147.612 -1.657 -0.144
2025-12-28 2948 1147.612 0 0
2025-12-29 2932 1161.525 13.913 1.212
2025-12-30 2947 1147.004 -14.521 -1.25
2025-12-31 2945 1149.143 2.139 0.186
2026-01-01 2948 1146.491 -2.652 -0.231
2026-01-02 2954 1141.869 -4.622 -0.403
2026-01-03 2947 1145.347 3.478 0.305
2026-01-05 2957 1147.666 2.319 0.202
2026-01-06 2968 1143.83 -3.836 -0.334
2026-01-07 2924 1179.476 35.646 3.116
2026-01-08 2940 1172.307 -7.169 -0.608
2026-01-09 2969 1160.431 -11.876 -1.013
2026-01-10 2970 1158.852 -1.579 -0.136
2026-01-11 2970 1158.852 0 0
2026-01-12 2974 1158.852 0 0
2026-01-13 2938 1174.031 15.179 1.31
2026-01-14 2938 1171.435 -2.596 -0.221
2026-01-15 2933 1178.915 7.48 0.639
2026-01-16 2890 1203.3 24.385 2.068
2026-01-17 2901 1200.281 -3.019 -0.251
2026-01-18 2900 1200.281 0 0
2026-01-19 2942 1170.625 -29.656 -2.471
2026-01-20 2946 1166.063 -4.562 -0.39
2026-01-21 2941 1171.782 5.719 0.49
2026-01-22 2924 1185.752 13.97 1.192
2026-01-23 2889 1211.581 25.829 2.178
2026-01-24 2891 1211.667 0.086 0.007
2026-01-25 2891 1211.667 0 0
2026-01-26 2909 1197.735 -13.932 -1.15
2026-01-27 2922 1196.351 -1.384 -0.116
2026-01-28 2929 1193.136 -3.215 -0.269
2026-01-29 2865 1231.005 37.869 3.174
2026-01-30 2852 1239.302 8.297 0.674
2026-01-31 2852 1237.799 -1.503 -0.121
2026-02-01 2850 1237.799 0 0
2026-02-02 2884 1211.958 -25.841 -2.088
2026-02-03 2919 1194.359 -17.599 -1.452
2026-02-04 2910 1198.85 4.491 0.376
2026-02-05 2895 1200.437 1.587 0.132
2026-02-06 2902 1194.391 -6.046 -0.504
2026-02-07 2899 1197.13 2.739 0.229
2026-02-08 2901 1197.13 0 0
2026-02-09 2906 1201.814 4.684 0.391
2026-02-10 2906 1210.281 8.467 0.705
2026-02-11 2907 1205.757 -4.524 -0.374
2026-02-12 2932 1187.214 -18.543 -1.538
2026-02-13 2893 1209.312 22.098 1.861
2026-02-14 2892 1206.086 -3.226 -0.267
2026-02-15 2891 1206.086 0 0
2026-02-16 2898 1201.382 -4.704 -0.39
2026-02-17 2904 1201.382 0 0
2026-02-18 2938 1182.204 -19.178 -1.596
2026-02-19 2946 1172.932 -9.272 -0.784
2026-02-20 2975 1153.686 -19.246 -1.641
2026-02-21 2972 1156.252 2.566 0.222
2026-02-22 2972 1156.252 0 0
2026-02-23 2950 1167.922 11.67 1.009
2026-02-24 2968 1157.677 -10.245 -0.877
2026-02-25 2979 1156.471 -1.206 -0.104
2026-02-26 3014 1134.894 -21.577 -1.866
2026-02-27 2985 1154.574 19.68 1.734
2026-02-28 2984 1156.409 1.835 0.159
2026-03-01 2977 1156.409 0 0
2026-03-02 2982 1151.729 -4.68 -0.405
2026-03-03 3013 1103.677 -48.052 -4.172
2026-03-04 3052 1065.733 -37.944 -3.438
2026-03-05 3038 1078.566 12.833 1.204
2026-03-06 3039 1076.196 -2.37 -0.22
2026-03-07 3040 1075.294 -0.902 -0.084
2026-03-08 3039 1075.294 0 0
2026-03-09 3056 1058.993 -16.301 -1.516
2026-03-10 3285 1060.31 1.317 0.124
2026-03-11 3260 1075.992 15.682 1.479
2026-03-12 3279 1062.812 -13.18 -1.225
2026-03-13 3285 1052.596 -10.216 -0.961
2026-03-14 3284 1045.63 -6.966 -0.662
2026-03-15 3284 1045.63 0 0
2026-03-16 3289 1042.051 -3.579 -0.342
2026-03-17 3308 1033.287 -8.764 -0.841
2026-03-18 3299 1038.679 5.392 0.522
2026-03-19 3296 1037.055 -1.624 -0.156
2026-03-20 3286 1032.526 -4.529 -0.437
2026-03-21 3280 1034.651 2.125 0.206
2026-03-22 3279 1034.651 0 0
2026-03-23 3290 1016.613 -18.038 -1.743
2026-03-24 3277 1032.588 15.975 1.571
2026-03-25 3260 1049.652 17.064 1.653
2026-03-26 3257 1046.936 -2.716 -0.259
2026-03-27 3270 1036.978 -9.958 -0.951
2026-03-28 3277 1031.396 -5.582 -0.538
2026-03-29 3277 1031.396 0 0
2026-03-30 3264 1039.491 8.095 0.785
2026-03-31 3293 1024.38 -15.111 -1.454
2026-04-01 3304 1028.067 3.687 0.36
2026-04-02 3276 1043.064 14.997 1.459
2026-04-03 3277 1038.288 -4.776 -0.458
2026-04-04 3277 1038.288 0 0
2026-04-05 3277 1038.288 0 0
2026-04-06 3278 1038.288 0 0
2026-04-07 3279 1033.31 -4.978 -0.479
2026-04-08 3305 1036.931 3.621 0.35
2026-04-09 3298 1047.658 10.727 1.034
2026-04-10 3259 1080.32 32.662 3.118
2026-04-11 3250 1085.244 4.924 0.456
2026-04-12 3250 1085.244 0 0
2026-04-13 3290 1063.067 -22.177 -2.044
2026-04-14 3230 1104.956 41.889 3.94
2026-04-15 3254 1098.024 -6.932 -0.627
2026-04-16 3252 1101.179 3.155 0.287
2026-04-17 3295 1079.398 -21.781 -1.978
2026-04-18 3284 1086.248 6.85 0.635
2026-04-19 3284 1086.248 0 0
2026-04-20 3251 1102.151 15.903 1.464
2026-04-21 3273 1092.97 -9.181 -0.833
2026-04-22 3275 1087.172 -5.798 -0.53
2026-04-23 3273 1081.621 -5.551 -0.511
2026-04-24 3270 1081.397 -0.224 -0.021
2026-04-25 3266 1080.548 -0.849 -0.079
2026-04-26 3266 1080.548 0 0
2026-04-27 3266 1085.163 4.615 0.427
2026-04-28 3264 1084.992 -0.171 -0.016
2026-04-29 3260 1082.485 -2.507 -0.231
2026-04-30 3238 1095.176 12.691 1.172
2026-05-01 3239 1097.304 2.128 0.194
2026-05-02 3226 1103.154 5.85 0.533
2026-05-04 3261 1083.684 -19.47 -1.765
2026-05-05 3230 1101.299 0 0
2026-05-06 3259 1087.463 0 0
2026-05-07 3274 1082.86 0 0
2026-05-08 3269 1094.687 0 0
2026-05-09 3274 1093.955 0 0
2026-05-10 3275 1092.091 0 0
2026-05-11 3275 1092.091 0 0
2026-05-12 3254 1106.042 0 0
2026-05-13 3275 1089.317 0 0
2026-05-14 3276 1082.143 0 0
2026-05-15 3274 1086.449 0 0
2026-05-16 3279 1082.488 0 0
2026-05-17 3280 1077.693 0 0
2026-05-18 3276 1077.693 0 0
2026-05-19 3288 1072.195 0 0
2026-05-20 3284 1072.933 0 0
2026-05-21 3297 1063.527 0 0
2026-05-22 3304 1061.648 0 0
2026-05-23 3302 1062.563 0 0
2026-05-24 3305 1062.515 0 0
2026-05-25 3308 1062.515 0 0
2026-05-26 3316 1056.111 0 0
2026-05-27 3310 1062.515 0 0
2026-05-28 3303 1062.42 0 0
2026-05-29 3306 1060.991 0 0
2026-05-30 3302 1063.99 0 0
2026-05-31 3304 1066.001 0 0
2026-06-01 3304 1066.001 0 0
2026-06-02 3300 1059.538 0 0
2026-06-03 3301 1058.765 0 0
2026-06-04 3292 1059.523 0 0
2026-06-05 3298 1055.509 0 0
2026-06-06 3262 1071.614 0 0
2026-06-07 3269 1065.39 0 0
2026-06-09 3265 1059.012 0 0
2026-06-10 3271 1049.596 0 0
2026-06-11 3253 1058.846 0 0
2026-06-12 3273 1052.711 0 0
2026-06-13 3283 1048.346 0 0
2026-06-14 3275 1055.15 0 0
2026-06-16 3281 1062.446 0 0
2026-06-17 3284 1065.007 0 0
2026-06-18 3278 1061.412 0 0
2026-06-19 3287 1059.404 0 0
2026-06-20 3286 1054.589 0 0
2026-06-21 3286 1054.589 0 0
2026-06-22 3282 1054.589 0 0
2026-06-23 3278 1055.491 0 0
2026-06-24 3291 1039.598 0 0
2026-06-25 3279 1042.218 0 0
2026-06-26 3281 1035.306 0 0
2026-06-27 3296 1029.894 0 0
2026-06-28 3298 1029.939 0 0
2026-06-29 3295 1029.939 0 0
2026-06-30 3273 1045.934 0 0
2026-07-01 3290 1045.0 0 0
2026-07-02 3293 1043.347 0 0
2026-07-03 3293 1047.063 0 0
2026-07-04 3301 1047.032 0 0
2026-07-05 3301 1047.032 0 0
2026-07-06 3303 1047.032 0 0
2026-07-07 3302 1038.992 0 0
2026-07-08 3307 1034.474 0 0
2026-07-09 3295 1033.288 0 0
2026-07-10 3314 1029.863 0 0
2026-07-11 3326 1027.918 0 0
2026-07-12 3340 1025.516 0 0
2026-07-13 3332 1025.516 0 0
2026-07-14 3324 1021.11 0 0
