2020-04-08 1896 1191.905 0 0
2020-04-10 1781 1296.495 104.59 8.067
2020-04-11 1781 1296.495 0 0
2020-04-12 1781 1296.495 0 0
2020-04-13 1772 1296.495 0 0
2020-04-14 1773 1305.833 9.338 0.715
2020-04-15 1721 1349.583 43.75 3.242
2020-04-17 1671 1398.516 48.933 3.499
2020-04-18 1673 1398.606 0.09 0.006
2020-04-19 1673 1398.606 0 0
2020-04-20 1646 1427.666 29.06 2.035
2020-04-21 1686 1369.546 -58.12 -4.244
2020-04-23 1679 1391.395 21.849 1.57
2020-04-24 1671 1399.662 8.267 0.591
2020-04-25 1665 1399.572 -0.09 -0.006
2020-04-26 1665 1399.572 0 0
2020-04-27 1642 1420.328 20.756 1.461
2020-04-28 1638 1441.214 20.886 1.449
2020-04-29 1655 1429.778 -11.436 -0.8
2020-04-30 1664 1429.723 -0.055 -0.004
