2020-01-19 2115 1082.86 0 0
2020-02-07 2053 1096.911 14.051 1.281
2020-02-15 2059 1088.158 -8.753 -0.804
2020-02-16 2061 1088.158 0 0
2020-02-17 2057 1092.714 4.556 0.417
2020-02-18 2059 1088.158 -4.556 -0.419
2020-02-19 2053 1097.167 9.009 0.821
2020-02-20 2048 1103.153 5.986 0.543
2020-02-21 2008 1136.108 32.955 2.901
2020-02-22 1999 1141.163 5.055 0.443
2020-02-23 1998 1141.163 0 0
2020-02-24 2074 1068.239 -72.924 -6.827
2020-02-25 2112 1032.225 -36.014 -3.489
2020-02-26 2085 1046.699 14.474 1.383
