2020-01-19 1596 1615 0 0
2020-02-07 1576 1615 0 0
2020-02-15 1584 1615 0 0
2020-02-16 1585 1615 0 0
2020-02-17 1583 1615 0 0
2020-02-18 1579 1615 0 0
2020-02-19 1579 1615 0 0
2020-02-20 1578 1615 0 0
2020-02-21 1573 1615 0 0
2020-02-22 1572 1615 0 0
2020-02-23 1571 1615 0 0
2020-02-24 1564 1615 0 0
2020-02-25 1553 1615 0 0
2020-02-26 1537 1615 0 0
2020-02-27 1526 1615 0 0
2020-02-28 1510 1615 0 0
2020-02-29 1503 1615 0 0
2020-03-01 1510 1615 0 0
2020-03-02 1522 1615 0 0
2020-03-03 1533 1615 0 0
2020-03-04 1534 1615 0 0
2020-03-05 1533 1615 0 0
2020-03-06 1513 1615 0 0
2020-03-07 1509 1615 0 0
2020-03-08 1505 1615 0 0
2020-03-09 1494 1615 0 0
2020-03-10 1476 1615 0 0
2020-03-11 1453 1615 0 0
2020-03-12 1422 1615 0 0
2020-03-13 1398 1615 0 0
2020-03-14 1400 1615 0 0
2020-03-15 1399 1615 0 0
2020-03-16 1365 1615 0 0
2020-03-17 1364 1615 0 0
2020-03-18 1342 1615 0 0
2020-03-19 1324 1615 0 0
2020-03-20 1323 1615 0 0
2020-03-21 1326 1615 0 0
2020-03-22 1326 1615 0 0
2020-03-23 1318 1615 0 0
2020-03-24 1313 1615 0 0
2020-03-25 1336 1615 0 0
2020-03-26 1356 1615 0 0
2020-03-27 1378 1615 0 0
2020-03-28 1365 1615 0 0
2020-03-29 1365 1615 0 0
2020-03-30 1365 1615 0 0
2020-03-31 1362 1615 0 0
