2022-06-23 2361 1116.871 0 0
2022-06-24 2393 1104.972 -11.899 -1.077
2022-06-25 2392 1107.348 2.376 0.215
2022-06-26 2394 1107.348 0 0
2022-06-27 2420 1093.014 -14.334 -1.311
2022-06-28 2448 1068.902 -24.112 -2.256
2022-06-29 2486 1027.284 -41.618 -4.051
2022-06-30 2377 1100.65 73.366 6.666
2022-07-01 2270 1187.819 87.169 7.339
2022-07-02 2272 1186.667 -1.152 -0.097
2022-07-03 2272 1186.667 0 0
2022-07-04 2176 1262.21 75.543 5.985
2022-07-05 2227 1217.278 -44.932 -3.691
2022-07-06 2246 1191.752 -25.526 -2.142
2022-07-07 2043 1367.593 175.841 12.858
2022-07-08 2179 1251.762 -115.831 -9.253
2022-07-09 2180 1252.135 0.373 0.03
2022-07-10 2179 1252.135 0 0
2022-07-11 2146 1270.562 18.427 1.45
2022-07-12 2188 1223.77 -46.792 -3.824
2022-07-13 2103 1301.433 77.663 5.967
2022-07-14 1936 1454.034 152.601 10.495
2022-07-15 1932 1453.694 -0.34 -0.023
2022-07-16 1936 1449.549 -4.145 -0.286
2022-07-17 1936 1449.549 0 0
2022-07-18 1934 1455.575 6.026 0.414
2022-07-19 1951 1447.733 -7.842 -0.542
2022-07-20 1941 1470.249 22.516 1.531
2022-07-21 2049 1368.028 -102.221 -7.472
2022-07-22 2097 1323.677 -44.351 -3.351
2022-07-23 2100 1323.207 -0.47 -0.036
2022-07-24 2100 1323.207 0 0
2022-07-25 2125 1300.338 -22.869 -1.759
2022-07-26 2153 1274.633 -25.705 -2.017
2022-07-27 2058 1360.359 85.726 6.302
2022-07-28 2095 1320.589 -39.77 -3.012
2022-07-29 2103 1327.425 6.836 0.515
2022-07-30 2102 1328.923 1.498 0.113
2022-07-31 2102 1328.923 0 0
