2020-01-19 178 9839.675 0 0
2020-02-07 190 9186.051 -653.624 -7.115
2020-02-15 173 9876.466 690.415 6.991
2020-02-16 173 9876.466 0 0
2020-02-17 173 9984.226 107.76 1.079
2020-02-18 174 9950.505 -33.721 -0.339
2020-02-19 169 10087.819 137.314 1.361
2020-02-20 166 10207.821 120.002 1.176
2020-02-21 169 10088.332 -119.489 -1.184
2020-02-22 168 10054.803 -33.529 -0.333
2020-02-23 168 10054.803 0 0
2020-02-24 165 10194.849 140.046 1.374
2020-02-25 156 10415.946 221.097 2.123
2020-02-26 141 11188.727 772.781 6.907
2020-02-27 138 11370.733 182.006 1.601
2020-02-28 145 10875.975 -494.758 -4.549
2020-02-29 143 10916.417 40.442 0.37
