2022-09-28 1069 2607.516 0 0
2022-09-29 1066 2607.516 0 0
2022-09-30 1064 2607.516 0 0
2022-10-01 1065 2607.516 0 0
2022-10-02 1062 2607.516 0 0
2022-10-03 1067 2607.516 0 0
2022-10-04 1074 2607.516 0 0
2022-10-05 1084 2607.516 0 0
2022-10-06 1080 2607.516 0 0
2022-10-07 1070 2607.516 0 0
2022-10-08 1070 2607.516 0 0
2022-10-09 1070 2607.516 0 0
2022-10-10 1060 2607.516 0 0
2022-10-11 1054 2607.516 0 0
2022-10-12 1056 2607.516 0 0
2022-10-13 1057 2607.516 0 0
2022-10-14 1061 2607.516 0 0
2022-10-15 1064 2607.516 0 0
2022-10-16 1063 2607.516 0 0
2022-10-17 1066 2607.516 0 0
2022-10-18 1071 2607.516 0 0
2022-10-19 1066 2607.516 0 0
2022-10-20 1062 2607.516 0 0
2022-10-21 1060 2607.516 0 0
2022-10-22 1059 2607.516 0 0
2022-10-23 1057 2607.516 0 0
2022-10-24 1049 2607.516 0 0
2022-10-25 1057 2607.516 0 0
2022-10-26 1065 2607.516 0 0
2022-10-27 1067 2607.516 0 0
2022-10-28 1063 2607.516 0 0
2022-10-29 1064 2607.516 0 0
2022-10-30 1064 2607.516 0 0
2022-10-31 1061 2607.516 0 0
