2024-03-12 1723 1820.386 0 0
2024-03-13 1749 1795.668 -24.718 -1.358
2024-03-14 1733 1805.991 10.323 0.575
2024-03-15 1732 1804.856 -1.135 -0.063
2024-03-16 1733 1800.567 -4.289 -0.238
2024-03-17 1734 1800.567 0 0
2024-03-18 1728 1809.964 9.397 0.522
2024-03-19 1735 1793.898 -16.066 -0.888
2024-03-20 1769 1758.421 -35.477 -1.978
2024-03-21 1784 1749.261 -9.16 -0.521
2024-03-22 1735 1794.315 45.054 2.576
2024-03-23 1736 1786.597 -7.718 -0.43
2024-03-24 1736 1786.597 0 0
2024-03-25 1774 1743.158 -43.439 -2.431
2024-03-26 1822 1685.345 -57.813 -3.317
2024-03-27 1795 1723.218 37.873 2.247
2024-03-28 1805 1713.671 -9.547 -0.554
2024-03-29 1795 1726.229 12.558 0.733
2024-03-30 1881 1726.229 0 0
2024-03-31 1881 1726.229 0 0
2024-04-01 1821 1697.239 -28.99 -1.679
2024-04-02 1897 1700.983 3.744 0.221
2024-04-03 1919 1675.782 -25.201 -1.482
2024-04-04 1852 1754.344 78.562 4.688
2024-04-05 1777 1837.196 82.852 4.723
2024-04-06 1778 1833.257 -3.939 -0.214
2024-04-07 1778 1833.257 0 0
2024-04-08 1769 1844.621 11.364 0.62
2024-04-09 1788 1827.36 -17.261 -0.936
2024-04-10 1790 1814.957 -12.403 -0.679
2024-04-11 1787 1811.658 -3.299 -0.182
2024-04-12 1783 1810.817 -0.841 -0.046
2024-04-13 1783 1808.243 -2.574 -0.142
2024-04-14 1783 1808.243 0 0
2024-04-15 1803 1768.038 -40.205 -2.223
2024-04-16 1819 1746.18 -21.858 -1.236
2024-04-17 1835 1723.075 -23.105 -1.323
2024-04-18 1854 1705.652 -17.423 -1.011
2024-04-19 1812 1755.793 50.141 2.94
2024-04-20 1816 1750.927 -4.866 -0.277
2024-04-21 1817 1750.927 0 0
2024-04-22 1801 1775.995 25.068 1.432
2024-04-23 1800 1780.464 4.469 0.252
2024-04-24 1809 1778.615 -1.849 -0.104
2024-04-25 1771 1821.065 42.45 2.387
2024-04-26 1712 1907.675 86.61 4.756
2024-04-27 1711 1911.554 3.879 0.203
2024-04-28 1711 1911.554 0 0
2024-04-29 1704 1920.874 9.32 0.488
2024-04-30 1718 1892 -28.874 -1.503
2024-05-01 1718 1893.122 1.122 0.059
2024-05-02 1721 1895.821 2.699 0.143
2024-05-03 1735 1881.951 -13.87 -0.732
2024-05-04 1735 1882.952 1.001 0.053
2024-05-05 1735 1882.952 0 0
2024-05-06 1716 1913.821 30.869 1.639
2024-05-07 1734 1898.598 -15.223 -0.795
2024-05-08 1698 1939.426 40.828 2.15
2024-05-09 1704 1936.046 -3.38 -0.174
2024-05-10 1690 1959.121 23.075 1.192
2024-05-11 1687 1959.912 0.791 0.04
2024-05-12 1687 1959.912 0 0
2024-05-13 1743 1910.138 -49.774 -2.54
2024-05-14 1828 1799.717 -110.421 -5.781
2024-05-15 1833 1797.18 -2.537 -0.141
2024-05-16 1811 1830.955 33.775 1.879
2024-05-17 1772 1880.127 49.172 2.686
2024-05-18 1772 1879.31 -0.817 -0.043
2024-05-19 1772 1879.31 0 0
2024-05-20 1776 1879.31 0 0
2024-05-21 1751 1907.157 27.847 1.482
2024-05-22 1693 1963.888 56.731 2.975
2024-05-23 1643 2019.13 55.242 2.813
2024-05-24 1681 1961.216 -57.914 -2.868
2024-05-25 1685 1960.9 -0.316 -0.016
2024-05-26 1685 1960.9 0 0
2024-05-27 1666 1989.075 28.175 1.437
2024-05-28 1667 1983.44 -5.635 -0.283
2024-05-29 1651 2007.319 23.879 1.204
2024-05-30 1641 2011.192 3.873 0.193
2024-05-31 1613 2050.013 38.821 1.93
