2024-10-19 2699 1067.528 0 0
2024-10-20 2700 1067.528 0 0
2024-10-21 2691 1074.345 6.817 0.639
2024-10-22 2716 1050.59 -23.755 -2.211
2024-10-23 2722 1045.776 -4.814 -0.458
2024-10-24 2708 1050.941 5.165 0.494
2024-10-25 2662 1086.819 35.878 3.414
2024-10-26 2662 1086.819 0 0
2024-10-27 2661 1086.819 0 0
2024-10-28 2680 1082.005 -4.814 -0.443
2024-10-29 2656 1098.064 16.059 1.484
2024-10-30 2632 1116.196 18.132 1.651
2024-10-31 2654 1091.598 -24.598 -2.204
2024-11-01 2658 1094.093 2.495 0.229
2024-11-02 2656 1094.093 0 0
2024-11-03 2656 1094.093 0 0
2024-11-04 2670 1083.446 -10.647 -0.973
2024-11-05 2629 1126.844 43.398 4.006
2024-11-06 2563 1182.541 55.697 4.943
2024-11-07 2584 1171.893 -10.648 -0.9
2024-11-08 2527 1210.793 38.9 3.319
2024-11-09 2523 1210.793 0 0
2024-11-10 2523 1210.793 0 0
2024-11-11 2568 1180.362 -30.431 -2.513
2024-11-12 2572 1166.658 -13.704 -1.161
2024-11-13 2530 1198.635 31.977 2.741
2024-11-14 2522 1195.613 -3.022 -0.252
2024-11-15 2580 1142.024 -53.589 -4.482
2024-11-16 2580 1142.024 0 0
2024-11-17 2580 1142.024 0 0
2024-11-18 2577 1140.619 -1.405 -0.123
2024-11-19 2519 1193.856 53.237 4.667
2024-11-20 2469 1225.728 31.872 2.67
2024-11-21 2415 1262.484 36.756 2.999
2024-11-22 2358 1298.924 36.44 2.886
2024-11-23 2356 1298.924 0 0
2024-11-24 2356 1298.924 0 0
2024-11-25 2379 1284.974 -13.95 -1.074
2024-11-26 2351 1304.406 19.432 1.512
2024-11-27 2385 1283.709 -20.697 -1.587
2024-11-28 2386 1283.709 0 0
2024-11-29 2387 1285.923 2.214 0.172
2024-11-30 2388 1285.923 0 0
2024-12-01 2388 1285.923 0 0
2024-12-02 2402 1279.773 -6.15 -0.478
2024-12-03 2344 1330.586 50.813 3.97
2024-12-04 2337 1343.482 12.896 0.969
2024-12-05 2306 1372.929 29.447 2.192
2024-12-06 2335 1357.011 -15.918 -1.159
2024-12-07 2334 1357.011 0 0
2024-12-08 2334 1357.011 0 0
2024-12-09 2358 1329.285 -27.726 -2.043
2024-12-10 2354 1333.555 4.27 0.321
2024-12-11 2428 1272.148 -61.407 -4.605
2024-12-12 2447 1255.175 -16.973 -1.334
2024-12-13 2446 1250.08 -5.095 -0.406
2024-12-14 2445 1250.08 0 0
2024-12-15 2444 1250.08 0 0
2024-12-16 2398 1287.504 37.424 2.994
2024-12-17 2362 1306.198 18.694 1.452
2024-12-18 2466 1231.596 -74.602 -5.711
2024-12-19 2448 1240.065 8.469 0.688
2024-12-20 2402 1264.312 24.247 1.955
2024-12-21 2404 1264.312 0 0
2024-12-22 2404 1264.312 0 0
2024-12-23 2422 1248.885 -15.427 -1.22
2024-12-24 2408 1258.232 9.347 0.748
2024-12-25 2413 1258.232 0 0
2024-12-26 2413 1263.468 5.236 0.416
2024-12-27 2450 1233.459 -30.009 -2.375
2024-12-28 2451 1233.459 0 0
2024-12-29 2451 1233.459 0 0
2024-12-30 2477 1204.855 -28.604 -2.319
2024-12-31 2475 1201.446 -3.409 -0.283
2025-01-01 2475 1201.446 0 0
2025-01-02 2468 1207.244 5.798 0.483
2025-01-03 2395 1257.073 49.829 4.128
2025-01-04 2395 1257.073 0 0
2025-01-05 2395 1257.073 0 0
2025-01-06 2410 1245.336 -11.737 -0.934
2025-01-07 2493 1187.812 -57.524 -4.619
2025-01-08 2479 1197.616 9.804 0.825
2025-01-09 2474 1197.616 0 0
2025-01-10 2492 1181.908 -15.708 -1.312
2025-01-11 2488 1181.908 0 0
2025-01-12 2489 1181.908 0 0
2025-01-13 2499 1173.861 -8.047 -0.681
2025-01-14 2521 1160.297 -13.564 -1.156
2025-01-15 2493 1186.512 26.215 2.259
2025-01-16 2388 1263.187 76.675 6.462
2025-01-17 2352 1295.973 32.786 2.595
2025-01-18 2351 1295.973 0 0
2025-01-19 2351 1295.973 0 0
2025-01-20 2355 1295.973 0 0
2025-01-21 2418 1247.304 -48.669 -3.755
2025-01-22 2433 1242.946 -4.358 -0.349
2025-01-23 2433 1242.771 -0.175 -0.014
2025-01-24 2465 1216.802 -25.969 -2.09
2025-01-25 2471 1216.802 0 0
2025-01-26 2471 1216.802 0 0
2025-01-27 2475 1210.547 -6.255 -0.514
2025-01-28 2367 1294.532 83.985 6.938
2025-01-29 2330 1321.801 27.269 2.106
2025-01-30 2324 1338.668 16.867 1.276
2025-01-31 2322 1341.163 2.495 0.186
