2025-05-21 2877 1091.393 0 0
2025-05-22 2880 1087.689 -3.704 -0.339
2025-05-23 2879 1082.331 -5.358 -0.493
2025-05-24 2879 1082.331 0 0
2025-05-25 2877 1082.331 0 0
2025-05-26 2881 1082.331 0 0
2025-05-27 2859 1103.364 21.033 1.943
2025-05-28 2866 1097.478 -5.886 -0.533
2025-05-29 2863 1100.586 3.108 0.283
2025-05-30 2864 1099.793 -0.793 -0.072
2025-05-31 2863 1099.793 0 0
2025-06-01 2863 1099.793 0 0
2025-06-02 2858 1100.123 0.33 0.03
2025-06-03 2856 1101.446 1.323 0.12
2025-06-04 2862 1099.793 -1.653 -0.15
2025-06-05 2875 1093.178 -6.615 -0.601
2025-06-06 2854 1110.971 17.793 1.628
2025-06-07 2853 1110.971 0 0
2025-06-08 2853 1110.971 0 0
2025-06-09 2866 1107.862 -3.109 -0.28
2025-06-10 2839 1127.572 19.71 1.779
2025-06-11 2855 1117.188 -10.384 -0.921
2025-06-12 2853 1113.22 -3.968 -0.355
2025-06-13 2891 1084.249 -28.971 -2.602
2025-06-14 2889 1084.249 0 0
2025-06-15 2888 1084.249 0 0
2025-06-16 2871 1096.486 12.237 1.129
2025-06-17 2894 1079.487 -16.999 -1.55
2025-06-18 2880 1091.393 11.906 1.103
2025-06-19 2871 1091.393 0 0
2025-06-20 2864 1092.715 1.322 0.121
2025-06-21 2867 1092.715 0 0
2025-06-22 2867 1092.715 0 0
2025-06-23 2858 1096.882 4.167 0.381
2025-06-24 2822 1134.782 37.9 3.455
2025-06-25 2832 1131.607 -3.175 -0.28
2025-06-26 2798 1162.099 30.492 2.695
2025-06-27 2771 1181.479 19.38 1.668
2025-06-28 2770 1181.479 0 0
2025-06-29 2769 1181.479 0 0
2025-06-30 2795 1171.359 -10.12 -0.857
2025-07-01 2756 1192.458 21.099 1.801
2025-07-02 2760 1197.683 5.225 0.438
2025-07-03 2736 1208.068 10.385 0.867
2025-07-04 2723 1208.068 0 0
2025-07-05 2723 1208.068 0 0
2025-07-06 2723 1208.068 0 0
2025-07-07 2759 1193.913 -14.155 -1.172
2025-07-08 2705 1216.137 22.224 1.861
2025-07-09 2685 1231.548 15.411 1.267
2025-07-10 2637 1267.133 35.585 2.889
2025-07-11 2652 1253.508 -13.625 -1.075
2025-07-12 2651 1253.508 0 0
2025-07-13 2651 1253.508 0 0
2025-07-14 2643 1262.503 8.995 0.718
2025-07-15 2682 1238.956 -23.547 -1.865
2025-07-16 2623 1279.436 40.48 3.267
2025-07-17 2572 1322.891 43.455 3.396
2025-07-18 2612 1297.955 -24.936 -1.885
2025-07-19 2615 1297.955 0 0
2025-07-20 2615 1297.955 0 0
2025-07-21 2632 1284.528 -13.427 -1.034
2025-07-22 2614 1302.321 17.793 1.385
2025-07-23 2588 1319.386 17.065 1.31
2025-07-24 2550 1360.063 40.677 3.083
2025-07-25 2553 1359.997 -0.066 -0.005
2025-07-26 2550 1359.997 0 0
2025-07-27 2550 1359.997 0 0
2025-07-28 2553 1352.325 -7.672 -0.564
2025-07-29 2550 1352.986 0.661 0.049
2025-07-30 2559 1341.742 -11.244 -0.831
2025-07-31 2576 1326 -15.742 -1.173
