2019-11-07 351 5779.873 0 0
2020-01-19 355 5902.077 122.204 2.114
2020-02-07 369 5639.409 -262.668 -4.45
2020-02-15 374 5597.206 -42.203 -0.748
2020-02-16 374 5597.206 0 0
2020-02-17 371 5626.975 29.769 0.532
2020-02-18 370 5626.975 0 0
2020-02-19 371 5623.424 -3.551 -0.063
2020-02-20 368 5644.255 20.831 0.37
2020-02-21 373 5594.237 -50.018 -0.886
2020-02-22 368 5630.557 36.32 0.649
2020-02-23 368 5630.557 0 0
2020-02-24 368 5630.557 0 0
2020-02-25 376 5487.656 -142.901 -2.538
2020-02-26 375 5411.092 -76.564 -1.395
2020-02-27 370 5388.1 -22.992 -0.425
2020-02-28 375 5265.592 -122.508 -2.274
2020-02-29 385 5114.136 -151.456 -2.876
2020-03-01 377 5236.873 122.737 2.4
2020-03-02 382 5236.873 0 0
2020-03-03 374 5418.667 181.794 3.471
2020-03-04 360 5581.622 162.955 3.007
2020-03-05 359 5657.426 75.804 1.358
2020-03-06 352 5660.315 2.889 0.051
2020-03-07 372 5325.178 -335.137 -5.921
2020-03-08 375 5325.178 0 0
2020-03-09 367 5375.962 50.784 0.954
2020-03-10 377 5107.586 -268.376 -4.992
2020-03-11 405 4923.082 -184.504 -3.612
2020-03-12 389 4836.811 -86.271 -1.752
2020-03-13 462 4168.953 -667.858 -13.808
2020-03-14 452 4303.169 134.216 3.219
2020-03-15 452 4303.169 0 0
2020-03-16 446 4303.169 0 0
2020-03-17 443 4201.076 -102.093 -2.373
2020-03-18 425 4327.773 126.697 3.016
2020-03-19 446 4101.834 -225.939 -5.221
2020-03-20 478 3922.887 -178.947 -4.363
2020-03-21 506 3746.716 -176.171 -4.491
2020-03-22 506 3746.716 0 0
2020-03-23 495 3746.716 0 0
2020-03-24 478 3814.516 67.8 1.81
2020-03-25 462 4008.062 193.546 5.074
2020-03-26 464 4066.355 58.293 1.454
2020-03-27 423 4432.184 365.829 8.996
2020-03-28 426 4428.053 -4.131 -0.093
2020-03-29 426 4428.053 0 0
2020-03-30 426 4428.053 0 0
2020-03-31 428 4404.422 -23.631 -0.534
