2024-03-30 2116 1485 0 0
2024-03-31 2116 1485 0 0
2024-04-02 2112 1485 0 0
2024-04-03 2112 1485 0 0
2024-04-04 2111 1485 0 0
2024-04-05 2112 1485 0 0
2024-04-06 2112 1485 0 0
2024-04-07 2112 1485 0 0
2024-04-08 2108 1485 0 0
2024-04-09 2111 1485 0 0
2024-04-10 2112 1485 0 0
2024-04-11 2104 1485 0 0
2024-04-12 2094 1485 0 0
2024-04-13 2092 1485 0 0
2024-04-14 2092 1485 0 0
2024-04-15 2092 1485 0 0
2024-04-16 2085 1485 0 0
2024-04-17 2085 1485 0 0
2024-04-18 2083 1485 0 0
2024-04-19 2086 1485 0 0
2024-04-20 2087 1485 0 0
2024-04-21 2087 1485 0 0
2024-04-22 2093 1485 0 0
2024-04-23 2096 1485 0 0
2024-04-24 2101 1485 0 0
2024-04-25 2098 1485 0 0
2024-04-26 2105 1485 0 0
2024-04-27 2106 1485 0 0
2024-04-28 2106 1485 0 0
2024-04-29 2109 1485 0 0
2024-04-30 2112 1485 0 0
