2019-11-07 1814 1312.329 0 0
2020-01-19 1844 1339.078 26.749 2.038
2020-02-07 1838 1312.142 -26.936 -2.012
2020-02-15 1841 1315.845 3.703 0.282
2020-02-16 1841 1315.845 0 0
2020-02-17 1840 1315.845 0 0
2020-02-18 1840 1315.845 0 0
2020-02-19 1840 1311.205 -4.64 -0.353
2020-02-20 1837 1313.286 2.081 0.159
2020-02-21 1835 1309.243 -4.043 -0.308
2020-02-22 1836 1304.89 -4.353 -0.332
2020-02-23 1835 1304.89 0 0
2020-02-24 1828 1304.89 0 0
2020-02-25 1815 1306.096 1.206 0.092
2020-02-26 1811 1309.056 2.96 0.227
2020-02-27 1803 1308.944 -0.112 -0.009
2020-02-28 1788 1309.094 0.15 0.011
2020-02-29 1773 1313.963 4.869 0.372
2020-03-01 1776 1313.963 0 0
2020-03-02 1783 1313.963 0 0
2020-03-03 1787 1320.044 6.081 0.463
2020-03-04 1796 1315.676 -4.368 -0.331
2020-03-05 1789 1324.689 9.013 0.685
2020-03-06 1787 1323.048 -1.641 -0.124
2020-03-07 1788 1323.429 0.381 0.029
2020-03-08 1784 1323.429 0 0
2020-03-09 1749 1323.429 0 0
2020-03-10 1736 1321.354 -2.075 -0.157
2020-03-11 1723 1322.058 0.704 0.053
2020-03-12 1677 1321.544 -0.514 -0.039
2020-03-13 1662 1314.885 -6.659 -0.504
2020-03-14 1665 1313.474 -1.411 -0.107
2020-03-15 1664 1313.474 0 0
2020-03-16 1633 1313.474 0 0
2020-03-17 1625 1312.498 -0.976 -0.074
2020-03-18 1610 1309.952 -2.546 -0.194
2020-03-19 1589 1307.23 -2.722 -0.208
2020-03-20 1605 1295.247 -11.983 -0.917
2020-03-21 1602 1299.83 4.583 0.354
2020-03-22 1602 1299.83 0 0
2020-03-23 1583 1299.83 0 0
2020-03-24 1583 1290.226 -9.604 -0.739
2020-03-25 1747 1168.029 -122.197 -9.471
2020-03-26 1777 1164.212 -3.817 -0.327
2020-03-27 1800 1165.066 0.854 0.073
2020-03-28 1795 1165.838 0.772 0.066
2020-03-29 1795 1165.838 0 0
2020-03-30 1795 1165.838 0 0
2020-03-31 1786 1164.869 -0.969 -0.083
