2021-04-09 1554 2083.71 0 0
2021-04-10 1556 2080.564 -3.146 -0.151
2021-04-11 1556 2080.564 0 0
2021-04-12 1560 2066.826 -13.738 -0.665
2021-04-13 1589 2011.954 -54.872 -2.727
2021-04-14 1537 2110.383 98.429 4.664
2021-04-15 1562 2079.581 -30.802 -1.481
2021-04-16 1577 2061.557 -18.024 -0.874
2021-04-17 1577 2064.623 3.066 0.149
2021-04-18 1576 2064.623 0 0
2021-04-19 1513 2150.808 86.185 4.007
2021-04-20 1431 2269.566 118.758 5.233
2021-04-21 1297 2494.172 224.606 9.005
2021-04-22 1299 2495.512 1.34 0.054
2021-04-23 1376 2366.766 -128.746 -5.44
2021-04-24 1375 2366.766 0 0
2021-04-25 1375 2364.944 -1.822 -0.077
2021-04-26 1371 2382.258 17.314 0.727
2021-04-27 1358 2405.028 22.77 0.947
2021-04-28 1356 2416.232 11.204 0.464
2021-04-29 1336 2451.595 35.363 1.442
2021-04-30 1284 2541.234 89.639 3.527
2021-05-01 1284 2539.153 -2.081 -0.082
2021-05-02 1283 2539.153 0 0
2021-05-03 1283 2539.153 0 0
2021-05-04 1277 2539.153 0 0
2021-05-05 1278 2539.153 0 0
2021-05-06 1409 2318.589 -220.564 -9.513
2021-05-07 1521 2143.248 -175.341 -8.181
2021-05-08 1523 2148.326 5.078 0.236
2021-05-09 1523 2148.326 0 0
2021-05-10 1518 2155.651 7.325 0.34
2021-05-11 1448 2250.902 95.251 4.232
2021-05-12 1363 2386.414 135.512 5.678
2021-05-13 1350 2391.511 5.097 0.213
2021-05-14 1379 2372.054 -19.457 -0.82
2021-05-15 1378 2379.427 7.373 0.31
2021-05-16 1378 2379.427 0 0
2021-05-17 1251 2592.998 213.571 8.236
2021-05-18 1249 2605.779 12.781 0.49
2021-05-19 1255 2602.453 -3.326 -0.128
2021-05-20 1261 2592.29 -10.163 -0.392
2021-05-21 1327 2502.811 -89.479 -3.575
2021-05-22 1327 2503.55 0.739 0.03
2021-05-24 1298 2553.126 49.576 1.942
2021-05-25 1198 2750.6 197.474 7.179
2021-05-26 1212 2725.598 -25.002 -0.917
2021-05-27 1198 2767.15 41.552 1.502
2021-05-28 1214 2734.853 -32.297 -1.181
2021-05-29 1213 2739.192 4.339 0.158
2021-05-30 1213 2739.192 0 0
2021-05-31 1169 2825.501 86.309 3.055
2021-06-01 1168 2839.281 13.78 0.485
2021-06-02 1308 2584.694 -254.587 -9.85
2021-06-03 1264 2642.869 58.175 2.201
2021-06-04 1240 2692.527 49.658 1.844
2021-06-05 1246 2685.847 -6.68 -0.249
2021-06-06 1245 2685.847 0 0
2021-06-07 1261 2651.01 -34.837 -1.314
2021-06-08 1257 2671.981 20.971 0.785
2021-06-09 1270 2646.717 -25.264 -0.955
2021-06-10 1266 2680.06 33.343 1.244
2021-06-11 1239 2720.2 40.14 1.476
2021-06-12 1238 2720.285 0.085 0.003
2021-06-13 1238 2720.285 0 0
2021-06-14 1236 2720.285 0 0
2021-06-16 1323 2549.081 -171.204 -6.716
2021-06-17 1285 2616.054 66.973 2.56
2021-06-18 1221 2724.752 108.698 3.989
2021-06-19 1221 2724.752 0 0
2021-06-20 1218 2719.422 -5.33 -0.196
2021-06-21 1155 2851.473 132.051 4.631
2021-06-22 1163 2850.973 -0.5 -0.018
2021-06-23 1149 2878.439 27.466 0.954
2021-06-24 1175 2830.823 -47.616 -1.682
2021-06-25 1047 3089.942 259.119 8.386
2021-06-26 1048 3098.846 8.904 0.287
2021-06-27 1048 3098.846 0 0
2021-06-28 1028 3187.3 88.454 2.775
2021-06-29 1018 3246.467 59.167 1.823
2021-06-30 1010 3247.116 0.649 0.02
