2026-03-10 2680 1447.948 0 0
2026-03-11 2683 1454.694 6.746 0.466
2026-03-12 2681 1444.599 -10.095 -0.694
2026-03-13 2673 1439.106 -5.493 -0.38
2026-03-14 2684 1429.389 -9.717 -0.675
2026-03-15 2685 1429.389 0 0
2026-03-16 2676 1429.389 0 0
2026-03-17 2672 1434.478 5.089 0.356
2026-03-18 2676 1434.478 0 0
2026-03-19 2650 1437.946 3.468 0.242
2026-03-20 2635 1438.112 0.166 0.012
2026-03-21 2632 1441.93 3.818 0.265
2026-03-22 2632 1441.93 0 0
2026-03-23 2608 1441.93 0 0
2026-03-24 2605 1447.109 5.179 0.359
2026-03-25 2625 1446.104 -1.005 -0.069
2026-03-27 2618 1446.104 0 0
2026-03-28 2621 1438.94 -7.164 -0.495
2026-03-29 2622 1438.94 0 0
2026-03-30 2620 1438.94 0 0
2026-03-31 2632 1432.011 -6.929 -0.482
2026-04-01 2636 1439.106 7.095 0.495
2026-04-02 2626 1451.819 12.713 0.883
2026-04-03 2628 1442.763 -9.056 -0.624
2026-04-04 2628 1442.763 0 0
2026-04-05 2628 1442.763 0 0
2026-04-06 2632 1442.763 0 0
2026-04-07 2634 1441.597 -1.166 -0.081
2026-04-08 2663 1441.597 0 0
2026-04-09 2651 1460.648 19.051 1.322
2026-04-10 2661 1459.453 -1.195 -0.082
2026-04-11 2653 1464.931 5.478 0.375
2026-04-12 2653 1464.931 0 0
2026-04-13 2651 1464.931 0 0
2026-04-14 2662 1462.701 -2.23 -0.152
2026-04-15 2659 1474.965 12.264 0.838
2026-04-16 2671 1473.572 -1.393 -0.094
2026-04-17 2676 1470.277 -3.295 -0.224
2026-04-18 2674 1475.487 5.21 0.354
2026-04-19 2674 1475.487 0 0
2026-04-20 2681 1475.487 0 0
2026-04-21 2684 1470.277 -5.21 -0.353
2026-04-22 2687 1467.858 -2.419 -0.165
2026-04-23 2680 1463.558 -4.3 -0.293
2026-04-24 2679 1462.701 -0.857 -0.059
2026-04-25 2674 1462.016 -0.685 -0.047
2026-04-26 2674 1462.016 0 0
2026-04-27 2684 1462.016 0 0
2026-04-28 2677 1465.79 3.774 0.258
2026-04-29 2684 1461.502 -4.288 -0.293
2026-04-30 2680 1461.331 -0.171 -0.012
2026-05-01 2678 1465.103 3.772 0.258
2026-05-02 2678 1469.758 4.655 0.318
2026-05-04 2678 1469.758 0 0
2026-05-05 2678 1469.758 0 0
2026-05-06 2698 1462.358 0 0
2026-05-07 2712 1462.358 0 0
2026-05-08 2708 1468.375 0 0
2026-05-09 2722 1470.969 0 0
2026-05-10 2721 1470.623 0 0
2026-05-11 2723 1470.623 0 0
2026-05-12 2719 1470.623 0 0
2026-05-13 2713 1471.316 0 0
2026-05-14 2703 1465.79 0 0
2026-05-15 2708 1462.358 0 0
2026-05-16 2699 1458.771 0 0
2026-05-17 2699 1452.663 0 0
2026-05-18 2694 1452.663 0 0
2026-05-19 2690 1452.663 0 0
2026-05-20 2694 1454.016 0 0
2026-05-21 2704 1448.452 0 0
2026-05-22 2699 1451.313 0 0
2026-05-23 2700 1451.313 0 0
2026-05-24 2704 1448.62 0 0
2026-05-25 2708 1448.62 0 0
2026-05-26 2706 1448.62 0 0
2026-05-27 2703 1448.62 0 0
2026-05-28 2697 1451.819 0 0
2026-05-29 2691 1452.157 0 0
2026-05-30 2686 1454.694 0 0
2026-05-31 2686 1457.58 0 0
2026-06-01 2690 1457.58 0 0
2026-06-02 2687 1457.58 0 0
2026-06-03 2697 1450.976 0 0
2026-06-04 2686 1454.355 0 0
2026-06-05 2691 1450.302 0 0
2026-06-06 2679 1452.663 0 0
2026-06-07 2683 1443.764 0 0
2026-06-09 2673 1443.764 0 0
2026-06-10 2671 1441.597 0 0
2026-06-11 2668 1444.098 0 0
2026-06-12 2678 1442.93 0 0
2026-06-13 2685 1438.609 0 0
2026-06-14 2683 1445.602 0 0
2026-06-16 2697 1445.602 0 0
2026-06-17 2702 1449.797 0 0
2026-06-18 2694 1449.797 0 0
2026-06-19 2694 1447.445 0 0
2026-06-20 2708 1434.643 0 0
2026-06-21 2708 1434.643 0 0
2026-06-22 2709 1434.643 0 0
2026-06-23 2704 1434.643 0 0
2026-06-24 2705 1429.552 0 0
2026-06-25 2715 1421.742 0 0
2026-06-26 2714 1416.421 0 0
2026-06-27 2709 1420.933 0 0
2026-06-28 2707 1423.2 0 0
2026-06-29 2711 1423.2 0 0
2026-06-30 2714 1423.2 0 0
2026-07-01 2717 1426.613 0 0
2026-07-02 2716 1427.918 0 0
2026-07-03 2726 1423.037 0 0
