2026-03-10 175 16082 0 0
2026-03-11 175 16082 0 0
2026-03-12 174 16082 0 0
2026-03-13 175 16082 0 0
2026-03-14 173 16082 0 0
2026-03-15 173 16082 0 0
2026-03-16 174 16082 0 0
2026-03-17 174 16082 0 0
2026-03-18 171 16082 0 0
2026-03-19 168 16082 0 0
2026-03-20 168 16082 0 0
2026-03-21 168 16082 0 0
2026-03-22 168 16082 0 0
2026-03-23 168 16082 0 0
2026-03-24 168 16082 0 0
2026-03-25 169 16082 0 0
2026-03-27 170 16082 0 0
2026-03-28 170 16082 0 0
2026-03-29 170 16082 0 0
2026-03-30 169 16082 0 0
2026-03-31 166 16082 0 0
2026-04-01 170 16082 0 0
2026-04-02 170 16082 0 0
2026-04-03 170 16082 0 0
2026-04-04 170 16082 0 0
2026-04-05 170 16082 0 0
2026-04-06 169 16082 0 0
2026-04-07 171 16082 0 0
2026-04-08 174 16082 0 0
2026-04-09 175 16082 0 0
2026-04-10 176 16082 0 0
2026-04-11 176 16082 0 0
2026-04-12 176 16082 0 0
2026-04-13 176 16082 0 0
2026-04-14 176 16082 0 0
2026-04-15 178 16082 0 0
2026-04-16 178 16082 0 0
2026-04-17 180 16082 0 0
2026-04-18 181 16082 0 0
2026-04-19 181 16082 0 0
2026-04-20 182 16082 0 0
2026-04-21 179 16082 0 0
2026-04-22 179 16082 0 0
2026-04-23 177 16082 0 0
2026-04-24 175 16082 0 0
2026-04-25 175 16082 0 0
2026-04-26 175 16082 0 0
2026-04-27 175 16082 0 0
2026-04-28 176 16082 0 0
2026-04-29 175 16082 0 0
2026-04-30 174 16082 0 0
2026-05-01 174 16082 0 0
2026-05-02 174 16082 0 0
2026-05-04 175 16082 0 0
2026-05-05 175 16082.0 0 0
2026-05-06 177 16082.0 0 0
2026-05-07 179 16082.0 0 0
2026-05-08 179 16082.0 0 0
2026-05-09 180 16082.0 0 0
2026-05-10 180 16082.0 0 0
2026-05-11 180 16082.0 0 0
2026-05-12 181 16082.0 0 0
2026-05-13 180 16082.0 0 0
2026-05-14 182 16082.0 0 0
2026-05-15 183 16082.0 0 0
2026-05-16 182 16082.0 0 0
2026-05-17 181 16082.0 0 0
2026-05-18 179 16082.0 0 0
2026-05-19 178 16082.0 0 0
2026-05-20 176 16082.0 0 0
2026-05-21 175 16082.0 0 0
2026-05-22 177 16082.0 0 0
2026-05-23 178 16082.0 0 0
2026-05-24 178 16082.0 0 0
2026-05-25 178 16082.0 0 0
2026-05-26 180 16082.0 0 0
2026-05-27 181 16082.0 0 0
2026-05-28 181 16082.0 0 0
2026-05-29 182 16082.0 0 0
2026-05-30 183 16082.0 0 0
2026-05-31 181 16082.0 0 0
2026-06-01 183 16082.0 0 0
2026-06-02 182 16082.0 0 0
2026-06-03 185 16082.0 0 0
2026-06-04 182 16082.0 0 0
2026-06-05 178 16082.0 0 0
2026-06-06 180 16082.0 0 0
2026-06-07 179 16082.0 0 0
2026-06-09 178 16082.0 0 0
2026-06-10 178 16082.0 0 0
2026-06-11 176 16082.0 0 0
2026-06-12 179 16082.0 0 0
2026-06-13 181 16082.0 0 0
2026-06-14 181 16082.0 0 0
2026-06-16 182 16082.0 0 0
2026-06-17 184 16082.0 0 0
2026-06-18 182 16082.0 0 0
2026-06-19 181 16082.0 0 0
2026-06-20 181 16082.0 0 0
2026-06-21 181 16082.0 0 0
2026-06-22 177 16082.0 0 0
2026-06-23 179 16082.0 0 0
2026-06-24 179 16082.0 0 0
2026-06-25 180 16082.0 0 0
2026-06-26 175 16082.0 0 0
2026-06-27 177 16082.0 0 0
2026-06-28 177 16082.0 0 0
2026-06-29 179 16082.0 0 0
2026-06-30 176 16082.0 0 0
2026-07-01 177 16082.0 0 0
2026-07-02 177 16082.0 0 0
2026-07-03 179 16082.0 0 0
2026-07-04 181 16082.0 0 0
2026-07-05 181 16082.0 0 0
2026-07-06 181 16082.0 0 0
2026-07-07 180 16082.0 0 0
2026-07-08 178 16082.0 0 0
2026-07-09 178 16082.0 0 0
2026-07-10 178 16082.0 0 0
2026-07-11 178 16082.0 0 0
2026-07-12 178 16082.0 0 0
2026-07-13 178 16082.0 0 0
2026-07-14 177 16082.0 0 0
2026-07-15 178 16082.0 0 0
2026-07-16 177 16082.0 0 0
2026-07-17 177 16082.0 0 0
2026-07-18 177 16082.0 0 0
2026-07-19 177 16082.0 0 0
2026-07-20 178 16082.0 0 0
2026-07-21 179 16082.0 0 0
2026-07-22 178 16082.0 0 0
