2021-06-02 2691 1033.171 0 0
2021-06-03 2692 1032.762 -0.409 -0.04
2021-06-04 2723 1002.732 -30.03 -2.908
2021-07-02  958.911 -43.821 -4.37
2021-07-03  958.911 0 0
2021-07-04  958.911 0 0
2021-07-05  958.911 0 0
2021-07-06  958.911 0 0
2021-07-23 2655 1030.798 71.887 7.497
2021-07-24 2658 1029.31 -1.488 -0.144
2021-07-25 2658 1029.31 0 0
2021-07-26 2656 1029.31 0 0
2021-07-27 2665 1004.681 -24.629 -2.393
2021-07-28 2660 1003.081 -1.6 -0.159
2021-07-29  990.859 -12.222 -1.218
2021-07-31 2672 1002.992 12.133 1.224
2021-08-01 2672 1002.992 0 0
2021-08-02  990.515 -12.477 -1.244
2021-08-06  997.405 6.89 0.696
2021-08-10 2668 1004.458 7.053 0.707
2021-08-11 2643 1027.665 23.207 2.31
2021-08-13 2664 1006.365 -21.3 -2.073
2021-08-14 2669 1006.667 0.302 0.03
2021-08-15 2669 1006.667 0 0
2021-08-16 2642 1024.847 18.18 1.806
2021-08-17 2588 1073.523 48.676 4.75
2021-08-18 2583 1078.926 5.403 0.503
2021-08-19 2564 1090.453 11.527 1.068
2021-08-20 2558 1088.708 -1.745 -0.16
2021-08-21 2559 1087.811 -0.897 -0.082
2021-08-22 2559 1087.811 0 0
2021-08-23 2610 1036.232 -51.579 -4.742
2021-08-24 2639 1021.812 -14.42 -1.392
2021-08-25 2645 1022.674 0.862 0.084
2021-08-26 2650 1010.887 -11.787 -1.153
2021-08-27 2633 1028.332 17.445 1.726
2021-08-28 2633 1032.035 3.703 0.36
2021-08-29 2633 1032.035 0 0
2021-08-30 2657 1007.209 -24.826 -2.406
2021-08-31  990.575 -16.634 -1.651
2021-09-02 2637 1028.158 37.583 3.794
2021-09-03 2659 1012.503 -15.655 -1.523
2021-09-04 2666 1007.382 -5.121 -0.506
2021-09-05 2666 1007.382 0 0
2021-09-06  991.834 -15.548 -1.543
2021-09-07  982.571 -9.263 -0.934
2021-09-09  989.915 7.344 0.747
2021-09-11 2652 1018.424 28.509 2.88
2021-09-12 2651 1018.424 0 0
2021-09-13 2658 1015.322 -3.102 -0.305
2021-09-14 2646 1017.059 1.737 0.171
2021-09-15 2639 1019.382 2.323 0.228
2021-09-16 2652 1002.807 -16.575 -1.626
2021-09-18 2623 1040.808 38.001 3.789
2021-09-19 2621 1040.808 0 0
2021-09-20 2609 1043.803 2.995 0.288
2021-09-21 2625 1028.161 -15.642 -1.499
2021-09-22 2610 1040.335 12.174 1.184
2021-09-23 2622 1037.026 -3.309 -0.318
2021-09-24 2612 1043.459 6.433 0.62
2021-09-25 2612 1043.459 0 0
2021-09-26 2613 1043.459 0 0
2021-09-27 2652 1003.834 -39.625 -3.797
