2024-03-30 2631 1087.703 0 0
2024-03-31 2631 1087.703 0 0
2024-04-02 2678 1053.719 -33.984 -3.124
2024-04-03 2676 1053.768 0.049 0.005
2024-04-04 2674 1058.184 4.416 0.419
2024-04-05 2655 1073.299 15.115 1.428
2024-04-06 2656 1068.306 -4.993 -0.465
2024-04-07 2656 1068.306 0 0
2024-04-08 2652 1068.306 0 0
2024-04-09 2665 1064.089 -4.217 -0.395
2024-04-10 2668 1059.241 -4.848 -0.456
2024-04-11 2681 1049.629 -9.612 -0.907
2024-04-12 2697 1031.298 -18.331 -1.746
2024-04-13 2700 1024.062 -7.236 -0.702
2024-04-14 2700 1024.062 0 0
2024-04-15 2704 1016.524 -7.538 -0.736
2024-04-16 2703 1012.822 -3.702 -0.364
2024-04-17  999.734 -13.088 -1.292
2024-04-18 2716 1003.281 3.547 0.355
2024-04-19  996.5 -6.781 -0.676
2024-04-23 2711 1006.217 9.717 0.975
2024-04-24 2692 1022.416 16.199 1.61
2024-04-25  978.419 -43.997 -4.303
2024-05-08 2739 1010.628 32.209 3.292
2024-05-09 2749 1004.758 -5.87 -0.581
2024-05-10 2741 1009.465 4.707 0.468
2024-05-11 2747 1008.269 -1.196 -0.118
2024-05-12 2747 1008.269 0 0
2024-05-13 2753 1003.005 -5.264 -0.522
2024-05-14 2741 1012.237 9.232 0.92
2024-05-15 2739 1014.21 1.973 0.195
2024-05-16 2756 1005.237 -8.973 -0.885
2024-05-17 2752 1007.236 1.999 0.199
2024-05-18 2753 1007.784 0.548 0.054
2024-05-19 2753 1007.784 0 0
2024-05-20 2748 1011.507 3.723 0.369
2024-05-21 2729 1027.254 15.747 1.557
2024-05-22 2678 1061.861 34.607 3.369
2024-05-23 2695 1041.581 -20.28 -1.91
2024-05-24 2701 1033.114 -8.467 -0.813
2024-05-25 2698 1035.019 1.905 0.184
2024-05-26 2698 1035.019 0 0
2024-05-27 2703 1034.489 -0.53 -0.051
2024-05-28 2721 1020.168 -14.321 -1.384
2024-05-29 2722 1015.385 -4.783 -0.469
2024-05-30  996.563 -18.822 -1.854
2024-06-06 2727 1004.516 7.953 0.798
2024-06-07  991.886 -12.63 -1.257
2024-09-27 2768 1004.757 12.871 1.298
2024-09-28 2780 1005.88 1.123 0.112
2024-09-29 2780 1005.88 0 0
2024-09-30  977.997 -27.883 -2.772
2025-02-05 2697 1045.219 67.222 6.873
2025-02-06 2717 1035.489 -9.73 -0.931
2025-02-07 2730 1027.8 -7.689 -0.743
2025-02-08 2734 1025.355 -2.445 -0.238
2025-02-09 2734 1025.355 0 0
2025-02-10 2735 1023.584 -1.771 -0.173
2025-02-11 2741 1013.418 -10.166 -0.993
2025-02-12 2738 1016.692 3.274 0.323
2025-02-13 2731 1019.095 2.403 0.236
2025-02-14 2715 1035.402 16.307 1.6
2025-02-15 2710 1042.91 7.508 0.725
2025-02-16 2710 1042.91 0 0
2025-02-17 2715 1041.882 -1.028 -0.099
2025-02-18 2710 1037.257 -4.625 -0.444
2025-02-19 2731 1026.989 -10.268 -0.99
2025-02-20 2744 1016.951 -10.038 -0.977
2025-02-21 2744 1021.082 4.131 0.406
2025-02-22 2743 1021.082 0 0
2025-02-23 2743 1021.082 0 0
2025-02-24 2757 1012.259 -8.823 -0.864
2025-02-25  995.717 -16.542 -1.634
2025-02-27  983.86 -11.857 -1.191
2025-03-04  990.104 6.244 0.635
2025-03-06 2695 1068.018 77.914 7.869
2025-03-07 2688 1078.442 10.424 0.976
2025-03-08 2688 1078.442 0 0
2025-03-09 2687 1078.442 0 0
2025-03-10 2648 1107.98 29.538 2.739
2025-03-11 2692 1068.411 -39.569 -3.571
2025-03-12 2695 1070.558 2.147 0.201
2025-03-13 2696 1062.658 -7.9 -0.738
2025-03-14 2692 1072.572 9.914 0.933
2025-03-15 2693 1073.972 1.4 0.131
2025-03-16 2693 1073.972 0 0
2025-03-17 2691 1076.986 3.014 0.281
2025-03-18 2703 1070.641 -6.345 -0.589
2025-03-19 2690 1079.645 9.004 0.841
2025-03-20 2686 1077.18 -2.465 -0.228
2025-03-21 2696 1060.317 -16.863 -1.565
2025-03-22 2699 1056.535 -3.782 -0.357
2025-03-23 2699 1056.535 0 0
2025-03-24 2714 1048.908 -7.627 -0.722
2025-03-25 2700 1055.439 6.531 0.623
2025-03-26 2725 1031.784 -23.655 -2.241
2025-03-27 2755 1007.994 -23.79 -2.306
2025-03-28  988.836 -19.158 -1.901
