2020-01-19 832 3108.604 0 0
2020-02-07 837 3040.562 -68.042 -2.238
2020-02-15 801 3169.146 128.584 4.057
2020-02-16 801 3169.146 0 0
2020-02-17 794 3183.858 14.712 0.462
2020-02-18 794 3182.223 -1.635 -0.051
2020-02-19 786 3215.244 33.021 1.027
2020-02-20 788 3203.266 -11.978 -0.374
2020-02-21 783 3201.083 -2.183 -0.068
2020-02-22 780 3213.842 12.759 0.397
2020-02-23 780 3213.842 0 0
2020-02-24 807 3090.868 -122.974 -3.979
2020-02-25 809 3070.656 -20.212 -0.658
2020-02-26 1027 2446.863 -623.793 -25.494
2020-02-27 1040 2400.869 -45.994 -1.916
2020-02-28 1028 2372.51 -28.359 -1.195
2020-02-29 1027 2377.412 4.902 0.206
2020-03-01 1029 2377.412 0 0
2020-03-02 1025 2400.342 22.93 0.955
2020-03-03 1014 2445.649 45.307 1.853
2020-03-04 1006 2463.978 18.329 0.744
2020-03-05 1012 2447.748 -16.23 -0.663
2020-03-06 1019 2409.145 -38.603 -1.602
2020-03-07 1006 2442.028 32.883 1.347
2020-03-08 1006 2442.028 0 0
2020-03-09 1013 2360.764 -81.264 -3.442
2020-03-10 996 2366.664 5.9 0.249
2020-03-11 1003 2342.35 -24.314 -1.038
2020-03-12 1057 2179.164 -163.186 -7.488
2020-03-13 1059 2148.746 -30.418 -1.416
2020-03-14 1074 2147.845 -0.901 -0.042
2020-03-15 1074 2147.845 0 0
2020-03-16 1068 2083.671 -64.174 -3.08
2020-03-17 1081 2039.451 -44.22 -2.168
2020-03-18 1083 2015.257 -24.194 -1.201
2020-03-19 1061 2023.966 8.709 0.43
2020-03-20 1087 1999.918 -24.048 -1.202
2020-03-21 1097 1996.47 -3.448 -0.173
2020-03-22 1097 1996.47 0 0
2020-03-23 1083 1979.115 -17.355 -0.877
2020-03-24 1071 1986.164 7.049 0.355
2020-03-25 1030 2109.181 123.017 5.832
2020-03-26 1032 2142.493 33.312 1.555
2020-03-27 1017 2200.367 57.874 2.63
2020-03-28 1019 2172.331 -28.036 -1.291
2020-03-29 1019 2172.331 0 0
2020-03-30 1019 2172.331 0 0
2020-03-31 1018 2167.352 -4.979 -0.23
2020-04-01 1035 2155.131 -12.221 -0.567
2020-04-02 1034 2132.753 -22.378 -1.049
2020-04-03 1047 2110.669 -22.084 -1.046
2020-04-04 1041 2106.828 -3.841 -0.182
2020-04-05 1041 2106.828 0 0
2020-04-06 1041 2106.828 0 0
2020-04-07 1024 2190.201 83.373 3.807
2020-04-08 1041 2207.811 17.61 0.798
2020-04-10 1010 2272.111 64.3 2.83
2020-04-11 1010 2272.111 0 0
2020-04-12 1010 2272.111 0 0
2020-04-13 1012 2272.111 0 0
2020-04-14 1020 2281.904 9.793 0.429
2020-04-15 1032 2242.143 -39.761 -1.773
2020-04-17 1031 2244.142 1.999 0.089
2020-04-18 1035 2251.112 6.97 0.31
2020-04-19 1035 2251.112 0 0
2020-04-20 1036 2260.248 9.136 0.404
2020-04-21 1037 2231.363 -28.885 -1.295
2020-04-23 1043 2225.704 -5.659 -0.254
2020-04-24 1052 2212.596 -13.108 -0.592
2020-04-25 1051 2208.96 -3.636 -0.165
2020-04-26 1051 2208.96 0 0
2020-04-27 1040 2234.223 25.263 1.131
2020-04-28 1042 2242.797 8.574 0.382
2020-04-29 1029 2283.033 40.236 1.762
2020-04-30 1035 2265.718 -17.315 -0.764
