2020-01-19 1412 1841.151 0 0
2020-02-07 1118 2321.232 480.081 20.682
2020-02-15 1132 2298.09 -23.142 -1.007
2020-02-16 1132 2298.09 0 0
2020-02-17 1134 2298.09 0 0
2020-02-18 1135 2298.09 0 0
2020-02-19 1136 2294.487 -3.603 -0.157
2020-02-20 1142 2284.493 -9.994 -0.437
2020-02-21 1144 2277.867 -6.626 -0.291
2020-02-22 1145 2278.763 0.896 0.039
2020-02-23 1145 2278.763 0 0
2020-02-24 1133 2278.763 0 0
2020-02-25 1124 2270.797 -7.966 -0.351
2020-02-26 1116 2263.18 -7.617 -0.337
2020-02-27 1114 2258.877 -4.303 -0.19
2020-02-28 1096 2248.973 -9.904 -0.44
2020-02-29 1120 2224.285 -24.688 -1.11
2020-03-01 1118 2224.285 0 0
2020-03-02 1127 2224.285 0 0
2020-03-03 1126 2234.906 10.621 0.475
2020-03-04 1102 2290.215 55.309 2.415
2020-03-05 1103 2284.869 -5.346 -0.234
2020-03-06 1101 2271.799 -13.07 -0.575
2020-03-07 1097 2282.468 10.669 0.467
2020-03-08 1093 2282.468 0 0
2020-03-09 1062 2282.468 0 0
2020-03-10 1060 2268.314 -14.154 -0.624
2020-03-11 1055 2260.971 -7.343 -0.325
2020-03-12 1011 2242.731 -18.24 -0.813
2020-03-13 1020 2202.922 -39.809 -1.807
2020-03-14 1030 2198.567 -4.355 -0.198
2020-03-15 1030 2198.567 0 0
2020-03-16 996 2198.567 0 0
2020-03-17 1001 2164.772 -33.795 -1.561
2020-03-18 980 2176.466 11.694 0.537
2020-03-19 990 2145.128 -31.338 -1.461
2020-03-20 1011 2124.635 -20.493 -0.965
2020-03-21 1012 2121.813 -2.822 -0.133
2020-03-22 1012 2121.813 0 0
2020-03-23 1000 2121.813 0 0
2020-03-24 1004 2103.352 -18.461 -0.878
2020-03-25 1017 2149.54 46.188 2.149
2020-03-26 1026 2151.869 2.329 0.108
2020-03-27 1030 2176.807 24.938 1.146
2020-03-28 1036 2153.103 -23.704 -1.101
2020-03-29 1036 2153.103 0 0
2020-03-30 1036 2153.103 0 0
2020-03-31 1053 2112.141 -40.962 -1.939
2020-04-01 1059 2109.16 -2.981 -0.141
2020-04-02 1065 2078.753 -30.407 -1.463
2020-04-03 1055 2100.809 22.056 1.05
2020-04-04 1068 2072.153 -28.656 -1.383
2020-04-05 1068 2072.153 0 0
2020-04-06 1068 2072.153 0 0
2020-04-07 1102 2054.845 -17.308 -0.842
2020-04-08 1133 2054.025 -0.82 -0.04
2020-04-10 1129 2093.216 39.191 1.872
2020-04-11 1129 2093.216 0 0
2020-04-12 1129 2093.216 0 0
2020-04-13 1125 2093.216 0 0
2020-04-14 1157 2045.411 -47.805 -2.337
2020-04-15 1157 2041.716 -3.695 -0.181
2020-04-17 1180 2004.817 -36.899 -1.841
2020-04-18 1185 2006.148 1.331 0.066
2020-04-19 1185 2006.148 0 0
2020-04-20 1184 2006.148 0 0
2020-04-21 1176 2001.815 -4.333 -0.216
2020-04-23 1190 1986.282 -15.533 -0.782
2020-04-24 1178 2002.94 16.658 0.832
2020-04-25 1183 1991.29 -11.65 -0.585
2020-04-26 1184 1991.29 0 0
2020-04-27 1191 1991.29 0 0
2020-04-28 1208 1988.754 -2.536 -0.128
2020-04-29 1213 1986.708 -2.046 -0.103
2020-04-30 1217 1998.993 12.285 0.615
