2019-11-07 895 2770.723 0 0
2020-01-19 951 2769.35 -1.373 -0.05
2020-02-07 971 2670.706 -98.644 -3.562
2020-02-15 991 2620.251 -50.455 -1.889
2020-02-16 991 2620.251 0 0
2020-02-17 992 2620.184 -0.067 -0.003
2020-02-18 994 2617.207 -2.977 -0.114
2020-02-19 992 2606.773 -10.434 -0.399
2020-02-20 986 2622.968 16.195 0.621
2020-02-21 989 2619.765 -3.203 -0.122
2020-02-22 991 2619.765 0 0
2020-02-23 991 2619.765 0 0
2020-02-24 984 2600.463 -19.302 -0.737
2020-02-25 985 2586.674 -13.789 -0.53
2020-02-26 979 2566.103 -20.571 -0.795
2020-02-27 966 2559.971 -6.132 -0.239
2020-02-28 1135 2198.405 -361.566 -14.124
2020-02-29 1145 2180.395 -18.01 -0.819
