2021-04-09 2554 1124.567 0 0
2021-04-10 2555 1122.869 -1.698 -0.151
2021-04-11 2556 1122.869 0 0
2021-04-12 2583 1098.698 -24.171 -2.153
2021-04-13 2551 1120.672 21.974 2
2021-04-14 2535 1129.63 8.958 0.799
2021-04-15 2593 1098.303 -31.327 -2.773
2021-04-16 2527 1138.676 40.373 3.676
2021-04-17 2526 1140.369 1.693 0.149
2021-04-18 2526 1140.369 0 0
2021-04-19 2469 1187.619 47.25 4.143
2021-04-20 2396 1240.862 53.243 4.483
2021-04-21 2449 1208.654 -32.208 -2.596
2021-04-22 2417 1232.966 24.312 2.011
2021-04-23 2382 1264.338 31.372 2.544
2021-04-24 2382 1264.338 0 0
2021-04-25 2381 1263.365 -0.973 -0.077
2021-04-26 2438 1229.135 -34.23 -2.709
2021-04-27 2411 1246.676 17.541 1.427
2021-04-28 2333 1318.536 71.86 5.764
2021-04-29 2401 1248.041 -70.495 -5.346
2021-04-30 2472 1208.749 -39.292 -3.148
2021-05-01 2468 1207.759 -0.99 -0.082
2021-05-02 2467 1207.759 0 0
2021-05-03 2466 1207.759 0 0
2021-05-04 2458 1207.759 0 0
2021-05-05 2459 1207.759 0 0
2021-05-06 2506 1164.93 -42.829 -3.546
2021-05-07 2583 1113.089 -51.841 -4.45
2021-05-08 2586 1115.726 2.637 0.237
2021-05-09 2586 1115.726 0 0
2021-05-10 2683 1029.815 -85.911 -7.7
2021-05-11 2711 1000.172 -29.643 -2.878
2021-05-13  989.562 -10.61 -1.061
2021-05-18 2706 1005.458 15.896 1.606
2021-05-19 2684 1032.223 26.765 2.662
2021-05-20 2645 1068.53 36.307 3.517
2021-05-21 2595 1113.667 45.137 4.224
2021-05-22 2594 1113.996 0.329 0.03
2021-05-23 2594 1113.996 0 0
2021-05-24 2632 1075.226 -38.77 -3.48
2021-05-25 2657 1049.379 -25.847 -2.404
2021-05-26 2667 1040.791 -8.588 -0.818
2021-05-27 2619 1090.603 49.812 4.786
2021-05-28 2652 1058.958 -31.645 -2.902
2021-05-29 2650 1060.638 1.68 0.159
2021-05-30 2650 1060.638 0 0
2021-05-31 2516 1177.587 116.949 11.026
