2022-04-05 2479 1162.41 0 0
2022-04-06 2541 1106.554 -55.856 -4.805
2022-04-07 2550 1087.793 -18.761 -1.695
2022-04-08 2612 1036.017 -51.776 -4.76
2022-04-09 2611 1036.034 0.017 0.002
2022-04-10 2612 1036.034 0 0
2022-04-11 2623 1014.423 -21.611 -2.086
2022-04-12 2602 1030.811 16.388 1.615
2022-04-13  946.658 -84.153 -8.164
2022-06-01 2565 1008.211 61.553 6.502
2022-06-02 2558 1009.1 0.889 0.088
2022-06-03 2559 1012.002 2.902 0.288
2022-06-04 2555 1012.002 0 0
2022-06-05 2555 1012.002 0 0
2022-06-06 2503 1059.748 47.746 4.718
2022-06-07 2505 1060.873 1.125 0.106
2022-06-08 2531 1030.938 -29.935 -2.822
2022-06-09 2525 1025.729 -5.209 -0.505
2022-06-10 2426 1087.939 62.21 6.065
2022-06-11 2422 1086.784 -1.155 -0.106
2022-06-12 2421 1086.784 0 0
2022-06-13 2377 1104.718 17.934 1.65
2022-06-14 2337 1125.529 20.811 1.884
2022-06-15 2371 1104.726 -20.803 -1.848
2022-06-16 2272 1174.765 70.039 6.34
2022-06-17 2264 1185.582 10.817 0.921
2022-06-18 2263 1188.324 2.742 0.231
2022-06-19 2263 1188.324 0 0
2022-06-20 2156 1272.632 84.308 7.095
2022-06-21 2247 1201.433 -71.199 -5.595
2022-06-22 2262 1194.645 -6.788 -0.565
2022-06-24 2280 1188.481 -6.164 -0.516
2022-06-25 2281 1191.037 2.556 0.215
2022-06-26 2281 1191.037 0 0
2022-06-27 2264 1200.86 9.823 0.825
2022-06-28 2373 1123.945 -76.915 -6.405
2022-06-29 2445 1062.328 -61.617 -5.482
2022-06-30 2364 1111.877 49.549 4.664
2022-07-01 2273 1185.319 73.442 6.605
2022-07-02 2275 1184.169 -1.15 -0.097
2022-07-03 2275 1184.169 0 0
2022-07-04 2188 1247.493 63.324 5.348
2022-07-05 2318 1147.206 -100.287 -8.039
2022-07-06 2298 1150.255 3.049 0.266
2022-07-07 2231 1205.424 55.169 4.796
2022-07-08 2275 1176.508 -28.916 -2.399
2022-07-09 2277 1176.859 0.351 0.03
2022-07-10 2276 1176.859 0 0
2022-07-11 2288 1163.185 -13.674 -1.162
2022-07-12 2318 1129.976 -33.209 -2.855
2022-07-13 2326 1123.526 -6.45 -0.571
2022-07-14 2278 1154.91 31.384 2.793
2022-07-15 2299 1135.395 -19.515 -1.69
2022-07-16 2306 1132.157 -3.238 -0.285
2022-07-17 2306 1132.157 0 0
2022-07-18 2309 1134.214 2.057 0.182
2022-07-19 2368 1111.535 -22.679 -2
2022-07-20 2268 1187.347 75.812 6.82
2022-07-21 2302 1168.851 -18.496 -1.558
2022-07-22 2235 1206.405 37.554 3.213
2022-07-23 2238 1205.977 -0.428 -0.035
2022-07-24 2238 1205.977 0 0
2022-07-25 2195 1241.305 35.328 2.929
2022-07-26 2035 1379.354 138.049 11.121
2022-07-27 1893 1506.052 126.698 9.185
2022-07-28 1874 1527.508 21.456 1.425
2022-07-29 1889 1512.632 -14.876 -0.974
2022-07-30 1887 1514.338 1.706 0.113
2022-07-31 1887 1514.338 0 0
