2020-01-19 864 2998.914 0 0
2020-02-07 919 2833.868 -165.046 -5.824
2020-02-15 918 2844.147 10.279 0.361
2020-02-16 918 2844.147 0 0
2020-02-17 913 2851.038 6.891 0.242
2020-02-18 909 2874.497 23.459 0.816
2020-02-19 893 2900.439 25.942 0.894
2020-02-20 911 2854.031 -46.408 -1.626
2020-02-21 936 2749.39 -104.641 -3.806
2020-02-22 935 2756.669 7.279 0.264
2020-02-23 936 2756.669 0 0
2020-02-24 927 2756.669 0 0
2020-02-25 924 2751.958 -4.711 -0.171
2020-02-26 950 2647.005 -104.953 -3.965
2020-02-27 939 2624.217 -22.788 -0.868
2020-02-28 945 2605.356 -18.861 -0.724
2020-02-29 951 2584.509 -20.847 -0.807
