2020-04-08 2147 999.577 0 0
2020-04-10 2133 1010.806 11.229 1.111
2020-04-11 2133 1010.806 0 0
2020-04-12 2133 1010.806 0 0
2020-04-13 2143 1002.98 -7.826 -0.78
2020-04-14 2128 1011.592 8.612 0.851
2020-04-15 2156 1000.179 -11.413 -1.141
2020-04-18 2147 1007.116 6.937 0.689
2020-04-19 2147 1007.116 0 0
2020-04-20 2140 1018.366 11.25 1.105
2020-04-21 2134 1012.353 -6.013 -0.594
2020-04-23 2137 1010.149 -2.204 -0.218
2020-04-24 2130 1013.717 3.568 0.352
2020-04-25 2130 1013.13 -0.587 -0.058
2020-04-26 2130 1013.13 0 0
2020-04-27 2090 1044.099 30.969 2.966
2020-04-28 2080 1051.964 7.865 0.748
2020-04-29 2065 1071.493 19.529 1.823
2020-04-30 2075 1072.333 0.84 0.078
2020-05-01 2079 1075.785 3.452 0.321
2020-05-02 2073 1075.785 0 0
2020-05-03 2073 1075.785 0 0
2020-05-04 2068 1075.785 0 0
2020-05-05 2066 1075.785 0 0
2020-05-06 2074 1073.712 -2.073 -0.193
2020-05-07 2080 1063.068 -10.644 -1.001
2020-05-08 2078 1073.932 10.864 1.012
2020-05-09 2079 1075.752 1.82 0.169
2020-05-10 2079 1075.752 0 0
2020-05-11 2086 1070.474 -5.278 -0.493
2020-05-12 2092 1059.573 -10.901 -1.029
2020-05-13 2100 1055.562 -4.011 -0.38
2020-05-14 2114 1039.687 -15.875 -1.527
2020-05-15 2113 1039.156 -0.531 -0.051
2020-05-16 2113 1038.322 -0.834 -0.08
2020-05-17 2113 1038.322 0 0
2020-05-18 2112 1039.923 1.601 0.154
2020-05-19 2106 1047.226 7.303 0.697
2020-05-20 2103 1054.703 7.477 0.709
2020-05-21 2092 1062.719 8.016 0.754
2020-05-22 2098 1052.664 -10.055 -0.955
2020-05-23 2104 1046.664 -6 -0.573
2020-05-24 2104 1046.664 0 0
2020-05-25 2124 1036.426 -10.238 -0.988
2020-05-26 2121 1041.887 5.461 0.524
2020-05-27 2133 1038.393 -3.494 -0.336
2020-05-28 2105 1055.663 17.27 1.636
2020-05-29 2120 1049.706 -5.957 -0.567
2020-05-30 2123 1051.704 1.998 0.19
2020-05-31 2123 1051.704 0 0
2020-06-01 2101 1073.986 22.282 2.075
2020-06-02 2101 1077.874 3.888 0.361
2020-06-03 2096 1094.597 16.723 1.528
2020-06-04 2100 1094.918 0.321 0.029
2020-06-05 2106 1096.433 1.515 0.138
2020-06-06 2104 1101.957 5.524 0.501
2020-06-07 2104 1101.957 0 0
2020-06-08 2103 1102.874 0.917 0.083
2020-06-09 2117 1093.858 -9.016 -0.824
2020-06-10 2121 1088.537 -5.321 -0.489
2020-06-11 2120 1079.264 -9.273 -0.859
2020-06-12 2121 1078.607 -0.657 -0.061
2020-06-13 2114 1077.936 -0.671 -0.062
2020-06-14 2114 1077.936 0 0
2020-06-15 2125 1066.453 -11.483 -1.077
2020-06-16 2131 1068.669 2.216 0.207
2020-06-17 2136 1065.997 -2.672 -0.251
2020-06-18 2152 1058.885 -7.112 -0.672
2020-06-19 2142 1061.753 2.868 0.27
2020-06-20 2140 1061.888 0.135 0.013
2020-06-21 2139 1061.888 0 0
2020-06-22 2149 1053.855 -8.033 -0.762
2020-06-23 2149 1059.373 5.518 0.521
2020-06-24 2149 1059.373 0 0
2020-06-25 2129 1073.772 14.399 1.341
2020-06-26 2130 1073.772 0 0
2020-06-27 2125 1073.772 0 0
2020-06-28 2125 1073.772 0 0
2020-06-29 2111 1080.202 6.43 0.595
2020-06-30 2126 1076.944 -3.258 -0.303
2020-07-01 2099 1098.622 21.678 1.973
2020-07-07 2002 1198.987 100.365 8.371
2020-07-08 1991 1214.709 15.722 1.294
2020-07-09 1992 1214.197 -0.512 -0.042
2020-07-10 2021 1193.539 -20.658 -1.731
2020-07-11 2024 1190.302 -3.237 -0.272
2020-07-12 2024 1190.302 0 0
2020-07-13 2049 1170.357 -19.945 -1.704
2020-07-14 2061 1158.645 -11.712 -1.011
2020-07-15 2067 1147.786 -10.859 -0.946
2020-07-16 2059 1158.434 10.648 0.919
2020-07-17 2026 1185.575 27.141 2.289
2020-07-18 2026 1185.575 0 0
2020-07-20 1993 1213.733 28.158 2.32
2020-07-21 2004 1205.146 -8.587 -0.713
2020-07-22 2012 1202.084 -3.062 -0.255
2020-07-23 2004 1214.193 12.109 0.997
2020-07-24 2037 1177.985 -36.208 -3.074
2020-07-25 2038 1174.426 -3.559 -0.303
2020-07-26 2034 1174.426 0 0
2020-07-27 2069 1143.633 -30.793 -2.693
2020-07-28 2060 1153.904 10.271 0.89
2020-07-29 2051 1166.264 12.36 1.06
2020-07-30 2062 1155.759 -10.505 -0.909
2020-07-31 2067 1151.582 -4.177 -0.363
