2025-09-17 3067 1037.069 0 0
2025-09-18 3074 1037.069 0 0
2025-09-19 3070 1037.069 0 0
2025-09-20 3067 1037.069 0 0
2025-09-21 3068 1037.069 0 0
2025-09-22 3066 1037.069 0 0
2025-09-23 3063 1037.069 0 0
2025-09-24 3072 1037.069 0 0
2025-09-25 3064 1037.069 0 0
2025-09-26 3058 1037.069 0 0
2025-09-27 3060 1037.069 0 0
2025-09-28 3060 1037.069 0 0
2025-09-29 3062 1037.069 0 0
2025-09-30 3063 1037.069 0 0
2025-10-01 3058 1037.069 0 0
2025-10-02 3068 1037.069 0 0
2025-10-03 3069 1037.069 0 0
2025-10-04 3069 1037.069 0 0
2025-10-05 3070 1037.069 0 0
2025-10-06 3063 1037.069 0 0
2025-10-07 3066 1037.069 0 0
2025-10-08 3067 1037.069 0 0
2025-10-09 3064 1037.069 0 0
2025-10-10 3060 1037.069 0 0
2025-10-11 3059 1037.069 0 0
2025-10-12 3058 1037.069 0 0
2025-10-13 3059 1037.069 0 0
2025-10-14 3046 1037.069 0 0
2025-10-15 3053 1037.069 0 0
2025-10-16 3054 1037.069 0 0
2025-10-17 3051 1037.069 0 0
2025-10-18 3048 1037.069 0 0
2025-10-19 3049 1037.069 0 0
2025-10-20 3052 1037.069 0 0
2025-10-21 3065 1037.069 0 0
2025-10-22 3058 1037.069 0 0
2025-10-23 3062 1037.069 0 0
2025-10-24 3063 1037.069 0 0
2025-10-25 3065 1037.069 0 0
2025-10-26 3065 1037.069 0 0
2025-10-27 3069 1037.069 0 0
2025-10-28 3071 1037.069 0 0
2025-10-29 3070 1037.069 0 0
2025-10-30 3068 1037.069 0 0
2025-10-31 3073 1037.069 0 0
2025-11-01 3073 1037.069 0 0
2025-11-02 3073 1037.069 0 0
2025-11-03 3064 1037.069 0 0
2025-11-04 3056 1037.069 0 0
2025-11-05 3054 1037.069 0 0
2025-11-06 3051 1037.069 0 0
2025-11-07 3060 1037.069 0 0
2025-11-08 3063 1037.069 0 0
2025-11-09 3063 1037.069 0 0
2025-11-10 3064 1037.069 0 0
2025-11-11 3065 1037.069 0 0
2025-11-12 3070 1037.069 0 0
2025-11-13 3071 1037.069 0 0
2025-11-14 3068 1037.069 0 0
2025-11-15 3068 1037.069 0 0
2025-11-16 3068 1037.069 0 0
2025-11-17 3065 1037.069 0 0
2025-11-18 3056 1037.069 0 0
2025-11-19 3060 1037.069 0 0
2025-11-20 3052 1037.069 0 0
2025-11-21 3040 1037.069 0 0
2025-11-22 3038 1037.069 0 0
2025-11-23 3038 1037.069 0 0
2025-11-24 3042 1037.069 0 0
2025-11-25 3048 1037.069 0 0
2025-11-26 3055 1037.069 0 0
2025-11-27 3057 1037.069 0 0
2025-11-28 3058 1037.069 0 0
2025-11-29 3061 1037.069 0 0
2025-11-30 3061 1037.069 0 0
2025-12-01 3068 1037.069 0 0
2025-12-02 3068 1037.069 0 0
2025-12-03 3065 1037.069 0 0
2025-12-04 3074 1037.069 0 0
2025-12-05 3079 1037.069 0 0
2025-12-06 3074 1037.069 0 0
2025-12-07 3075 1037.069 0 0
2025-12-08 3076 1037.069 0 0
2025-12-09 3071 1037.069 0 0
2025-12-10 3074 1037.069 0 0
2025-12-11 3072 1037.069 0 0
2025-12-12 3078 1037.069 0 0
2025-12-13 3079 1037.069 0 0
2025-12-14 3079 1037.069 0 0
2025-12-15 3072 1037.069 0 0
2025-12-16 3061 1037.069 0 0
2025-12-17 3066 1037.069 0 0
2025-12-18 3069 1037.069 0 0
2025-12-19 3078 1037.069 0 0
2025-12-20 3081 1037.069 0 0
2025-12-21 3085 1037.069 0 0
2025-12-22 3089 1037.069 0 0
2025-12-23 3089 1037.069 0 0
2025-12-24 3091 1037.069 0 0
2025-12-25 3098 1037.069 0 0
2025-12-26 3100 1037.069 0 0
2025-12-27 3099 1037.069 0 0
2025-12-28 3099 1037.069 0 0
2025-12-29 3093 1037.069 0 0
2025-12-30 3093 1037.069 0 0
2025-12-31 3094 1037.069 0 0
2026-01-01 3093 1037.069 0 0
2026-01-02 3096 1037.069 0 0
2026-01-03 3097 1037.069 0 0
2026-01-05 3104 1037.069 0 0
2026-01-06 3116 1037.069 0 0
2026-01-07 3122 1037.069 0 0
2026-01-08 3120 1037.069 0 0
2026-01-09 3127 1037.069 0 0
2026-01-10 3128 1037.069 0 0
2026-01-11 3128 1037.069 0 0
2026-01-12 3127 1037.069 0 0
2026-01-13 3122 1037.069 0 0
2026-01-14 3124 1037.069 0 0
2026-01-15 3130 1037.069 0 0
2026-01-16 3130 1037.069 0 0
2026-01-17 3129 1037.069 0 0
2026-01-18 3128 1037.069 0 0
2026-01-19 3129 1037.069 0 0
2026-01-20 3124 1037.069 0 0
2026-01-21 3123 1037.069 0 0
2026-01-22 3131 1037.069 0 0
2026-01-23 3142 1037.069 0 0
2026-01-24 3142 1037.069 0 0
2026-01-25 3142 1037.069 0 0
2026-01-26 3142 1037.069 0 0
2026-01-27 3143 1037.069 0 0
2026-01-28 3145 1037.069 0 0
2026-01-29 3142 1037.069 0 0
2026-01-30 3133 1037.069 0 0
2026-01-31 3135 1037.069 0 0
2026-02-01 3134 1037.069 0 0
2026-02-02 3128 1037.069 0 0
2026-02-03 3127 1037.069 0 0
2026-02-04 3131 1037.069 0 0
2026-02-05 3123 1037.069 0 0
2026-02-06 3122 1037.069 0 0
2026-02-07 3126 1037.069 0 0
2026-02-08 3127 1037.069 0 0
2026-02-09 3134 1037.069 0 0
2026-02-10 3148 1037.069 0 0
2026-02-11 3145 1037.069 0 0
2026-02-12 3140 1037.069 0 0
2026-02-13 3139 1037.069 0 0
2026-02-14 3138 1037.069 0 0
2026-02-15 3138 1037.069 0 0
2026-02-16 3136 1037.069 0 0
2026-02-17 3134 1037.069 0 0
2026-02-18 3141 1037.069 0 0
2026-02-19 3137 1037.069 0 0
2026-02-20 3135 1037.069 0 0
2026-02-21 3135 1037.069 0 0
2026-02-22 3133 1037.069 0 0
2026-02-23 3132 1037.069 0 0
2026-02-24 3138 1037.069 0 0
2026-02-25 3143 1037.069 0 0
2026-02-26 3137 1037.069 0 0
2026-02-27 3133 1037.069 0 0
2026-02-28 3132 1037.069 0 0
2026-03-01 3125 1037.069 0 0
2026-03-02 3116 1037.069 0 0
2026-03-03 3098 1037.069 0 0
2026-03-04 3088 1037.069 0 0
2026-03-05 3088 1037.069 0 0
2026-03-06 3090 1037.069 0 0
2026-03-07 3090 1037.069 0 0
2026-03-08 3090 1037.069 0 0
2026-03-09 3085 1037.069 0 0
2026-03-10 3312 1037.069 0 0
2026-03-11 3315 1037.069 0 0
2026-03-12 3309 1037.069 0 0
2026-03-13 3303 1037.069 0 0
2026-03-14 3299 1037.069 0 0
2026-03-15 3299 1037.069 0 0
2026-03-16 3300 1037.069 0 0
2026-03-17 3302 1037.069 0 0
2026-03-18 3303 1037.069 0 0
2026-03-19 3295 1037.069 0 0
2026-03-20 3276 1037.069 0 0
2026-03-21 3276 1037.069 0 0
2026-03-22 3275 1037.069 0 0
2026-03-23 3262 1037.069 0 0
2026-03-24 3268 1037.069 0 0
2026-03-25 3276 1037.069 0 0
2026-03-27 3269 1037.069 0 0
2026-03-28 3270 1037.069 0 0
2026-03-29 3270 1037.069 0 0
2026-03-30 3270 1037.069 0 0
2026-03-31 3273 1037.069 0 0
2026-04-01 3285 1037.069 0 0
2026-04-02 3291 1037.069 0 0
2026-04-03 3280 1037.069 0 0
2026-04-04 3280 1037.069 0 0
2026-04-05 3280 1037.069 0 0
2026-04-06 3281 1037.069 0 0
2026-04-07 3276 1037.069 0 0
2026-04-08 3303 1037.069 0 0
2026-04-09 3313 1037.069 0 0
2026-04-10 3313 1037.069 0 0
2026-04-11 3314 1037.069 0 0
2026-04-12 3314 1037.069 0 0
2026-04-13 3315 1037.069 0 0
2026-04-14 3325 1037.069 0 0
2026-04-15 3334 1037.069 0 0
2026-04-16 3339 1037.069 0 0
2026-04-17 3343 1037.069 0 0
2026-04-18 3343 1037.069 0 0
2026-04-19 3343 1037.069 0 0
2026-04-20 3341 1037.069 0 0
2026-04-21 3339 1037.069 0 0
2026-04-22 3341 1037.069 0 0
2026-04-23 3332 1037.069 0 0
2026-04-24 3322 1037.069 0 0
2026-04-25 3323 1037.069 0 0
2026-04-26 3323 1037.069 0 0
2026-04-27 3331 1037.069 0 0
2026-04-28 3320 1037.069 0 0
2026-04-29 3323 1037.069 0 0
2026-04-30 3321 1037.069 0 0
2026-05-01 3325 1037.069 0 0
2026-05-02 3325 1037.069 0 0
2026-05-04 3321 1037.069 0 0
2026-05-05 3319 1037.069 0 0
2026-05-06 3324 1037.069 0 0
2026-05-07 3331 1037.069 0 0
2026-05-08 3344 1037.069 0 0
2026-05-09 3352 1037.069 0 0
2026-05-10 3352 1037.069 0 0
2026-05-11 3349 1037.069 0 0
2026-05-12 3341 1037.069 0 0
2026-05-13 3341 1037.069 0 0
2026-05-14 3336 1037.069 0 0
2026-05-15 3337 1037.069 0 0
2026-05-16 3332 1037.069 0 0
2026-05-17 3331 1037.069 0 0
2026-05-18 3327 1037.069 0 0
2026-05-19 3327 1037.069 0 0
2026-05-20 3325 1037.069 0 0
2026-05-21 3337 1037.069 0 0
2026-05-22 3336 1037.069 0 0
