2019-11-07 721 3341.867 0 0
2020-01-19 654 3795.912 454.045 13.587
2020-02-07 740 3371.831 -424.081 -11.172
2020-02-15 755 3289.709 -82.122 -2.436
2020-02-16 755 3289.709 0 0
2020-02-17 758 3289.3 -0.409 -0.012
2020-02-18 770 3249.17 -40.13 -1.22
2020-02-19 778 3239.069 -10.101 -0.311
2020-02-20 784 3213.141 -25.928 -0.8
2020-02-21 812 3130.928 -82.213 -2.559
2020-02-22 810 3131.5 0.572 0.018
2020-02-23 810 3131.5 0 0
2020-02-24 872 2918.653 -212.847 -6.797
2020-02-25 919 2760.744 -157.909 -5.41
2020-02-26 963 2598.385 -162.359 -5.881
2020-02-27 1004 2477.735 -120.65 -4.643
2020-02-28 957 2553.464 75.729 3.056
2020-02-29 933 2663.122 109.658 4.294
