2025-04-02 1933 1855.3 0 0
2025-04-03 1916 1855.3 0 0
2025-04-04 1900 1855.3 0 0
2025-04-05 1880 1855.3 0 0
2025-04-06 1880 1855.3 0 0
2025-04-07 1849 1855.3 0 0
2025-04-08 1842 1855.3 0 0
2025-04-09 1860 1855.3 0 0
2025-04-10 1872 1855.3 0 0
2025-04-11 1878 1855.3 0 0
2025-04-12 1899 1855.3 0 0
2025-04-13 1899 1855.3 0 0
2025-04-14 1911 1855.3 0 0
2025-04-15 1914 1855.3 0 0
2025-04-16 1910 1855.3 0 0
2025-04-17 1918 1855.3 0 0
2025-04-18 1917 1855.3 0 0
2025-04-19 1917 1855.3 0 0
2025-04-20 1917 1855.3 0 0
2025-04-21 1914 1855.3 0 0
2025-04-22 1927 1855.3 0 0
2025-04-23 1938 1855.3 0 0
2025-04-24 1935 1855.3 0 0
2025-04-25 1936 1855.3 0 0
2025-04-26 1937 1855.3 0 0
2025-04-27 1937 1855.3 0 0
2025-04-28 1935 1855.3 0 0
2025-04-29 1936 1855.3 0 0
2025-04-30 1939 1855.3 0 0
2025-05-01 1940 1855.3 0 0
2025-05-02 1939 1855.3 0 0
2025-05-03 1947 1855.3 0 0
2025-05-04 1947 1855.3 0 0
2025-05-05 1945 1855.3 0 0
2025-05-06 1946 1855.3 0 0
2025-05-07 1949 1855.3 0 0
2025-05-08 1949 1855.3 0 0
2025-05-09 1940 1855.3 0 0
2025-05-10 1942 1855.3 0 0
2025-05-11 1942 1855.3 0 0
2025-05-12 1961 1855.3 0 0
2025-05-13 1956 1855.3 0 0
2025-05-14 1962 1855.3 0 0
2025-05-15 1956 1855.3 0 0
2025-05-16 1959 1855.3 0 0
2025-05-17 1958 1855.3 0 0
2025-05-18 1958 1855.3 0 0
2025-05-19 1963 1855.3 0 0
2025-05-20 1958 1855.3 0 0
2025-05-21 1962 1855.3 0 0
2025-05-22 1962 1855.3 0 0
2025-05-23 1957 1855.3 0 0
2025-05-24 1957 1855.3 0 0
2025-05-25 1961 1855.3 0 0
2025-05-26 1964 1855.3 0 0
