2021-04-09 2052 1522.128 0 0
2021-04-10 2047 1522.449 0.321 0.021
2021-04-11 2048 1522.449 0 0
2021-04-12 2037 1519.569 -2.88 -0.19
2021-04-13 2048 1514.476 -5.093 -0.336
2021-04-14 2065 1505.22 -9.256 -0.615
2021-04-15 2073 1500.916 -4.304 -0.287
2021-04-16 2088 1498.512 -2.404 -0.16
2021-04-17 2082 1503.546 5.034 0.335
2021-04-18 2082 1503.546 0 0
2021-04-19 2108 1487.216 -16.33 -1.098
2021-04-20 2131 1465.723 -21.493 -1.466
2021-04-21 2133 1465.297 -0.426 -0.029
2021-04-22 2120 1478.121 12.824 0.868
2021-04-23 2122 1480.486 2.365 0.16
2021-04-24 2122 1480.486 0 0
2021-04-25 2121 1480.985 0.499 0.034
2021-04-26 2082 1510.463 29.478 1.952
2021-04-27 2130 1477.658 -32.805 -2.22
2021-04-28 2138 1475.137 -2.521 -0.171
2021-04-29 2158 1461.194 -13.943 -0.954
2021-04-30 2207 1419.226 -41.968 -2.957
2021-05-01 2204 1417.632 -1.594 -0.112
2021-05-02 2203 1417.632 0 0
2021-05-03 2138 1470.862 53.23 3.619
2021-05-04 2172 1447.995 -22.867 -1.579
2021-05-05 2167 1446.187 -1.808 -0.125
2021-05-06 2192 1421.313 -24.874 -1.75
2021-05-07 2194 1420.64 -0.673 -0.047
2021-05-08 2195 1429.771 9.131 0.639
2021-05-09 2195 1429.771 0 0
2021-05-10 2215 1412.517 -17.254 -1.222
2021-05-11 2230 1390.905 -21.612 -1.554
2021-05-12 2228 1395.306 4.401 0.315
2021-05-13 2228 1385.061 -10.245 -0.74
2021-05-14 2202 1419.137 34.076 2.401
2021-05-15 2197 1424.802 5.665 0.398
2021-05-16 2197 1424.802 0 0
2021-05-17 2190 1439.089 14.287 0.993
2021-05-18 2184 1443.872 4.783 0.331
2021-05-19 2103 1519.216 75.344 4.959
2021-05-20 2110 1512.757 -6.459 -0.427
2021-05-21 2030 1578.335 65.578 4.155
2021-05-22 2026 1581.468 3.133 0.198
2021-05-24 2031 1581.468 0 0
2021-05-25 2055 1560.866 -20.602 -1.32
2021-05-26 2066 1557.19 -3.676 -0.236
2021-05-27 2057 1571.583 14.393 0.916
2021-05-28 2013 1614.995 43.412 2.688
2021-05-29 2017 1610.876 -4.119 -0.256
2021-05-30 2017 1610.876 0 0
2021-05-31 2047 1586.27 -24.606 -1.551
2021-06-01 2049 1589.032 2.762 0.174
2021-06-02 2037 1600.174 11.142 0.696
2021-06-03 2065 1573.5 -26.674 -1.695
2021-06-04 2065 1569.404 -4.096 -0.261
2021-06-05 2058 1578.101 8.697 0.551
2021-06-06 2058 1578.101 0 0
2021-06-07 2111 1534.222 -43.879 -2.86
2021-06-08 2098 1546.199 11.977 0.775
2021-06-09 2108 1537.908 -8.291 -0.539
2021-06-10 2118 1529.175 -8.733 -0.571
2021-06-11 2084 1554.635 25.46 1.638
2021-06-12 2090 1549.776 -4.859 -0.314
2021-06-13 2090 1549.776 0 0
2021-06-14 2079 1556.202 6.426 0.413
2021-06-16 2062 1559.074 2.872 0.184
2021-06-17 2077 1546.641 -12.433 -0.804
2021-06-18 2113 1495.955 -50.686 -3.388
2021-06-19 2113 1495.955 0 0
2021-06-20 2117 1483.643 -12.312 -0.83
2021-06-21 2097 1514.381 30.738 2.03
2021-06-22 2096 1518.619 4.238 0.279
2021-06-23 2093 1521.218 2.599 0.171
2021-06-24 2079 1540.787 19.569 1.27
2021-06-25 2063 1562.784 21.997 1.408
2021-06-26 2060 1567.382 4.598 0.293
2021-06-27 2060 1567.382 0 0
2021-06-28 2047 1577.229 9.847 0.624
2021-06-29 2048 1576.968 -0.261 -0.017
2021-06-30 2056 1566.585 -10.383 -0.663
