2024-03-30 2670 1057.502 0 0
2024-03-31 2670 1057.502 0 0
2024-04-02 2681 1050.894 -6.608 -0.625
2024-04-03 2685 1047.327 -3.567 -0.339
2024-04-04 2716 1024.966 -22.361 -2.135
2024-04-05 2696 1040.338 15.372 1.5
2024-04-06 2694 1040.338 0 0
2024-04-07 2694 1040.338 0 0
2024-04-08 2702 1033.942 -6.396 -0.615
2024-04-09 2726 1020.938 -13.004 -1.258
2024-04-10 2705 1033.255 12.317 1.206
2024-04-11 2662 1059.403 26.148 2.531
2024-04-12 2682 1041.64 -17.763 -1.677
2024-04-13 2676 1041.64 0 0
2024-04-14 2676 1041.64 0 0
2024-04-15 2697 1025.667 -15.973 -1.533
2024-04-16 2675 1036.004 10.337 1.008
2024-04-17 2698 1011.296 -24.708 -2.385
2024-04-18 2699 1015.945 4.649 0.46
2024-04-19  954.022 -61.923 -6.095
2024-04-26 2678 1038.343 84.321 8.838
2024-04-27 2678 1038.343 0 0
2024-04-28 2678 1038.343 0 0
2024-04-29 2681 1038.504 0.161 0.016
2024-04-30 2691 1028.599 -9.905 -0.954
2024-05-01 2727 1004.03 -24.569 -2.389
2024-05-02 2694 1024.322 20.292 2.021
2024-05-03 2675 1046.048 21.726 2.121
2024-05-04 2681 1046.048 0 0
2024-05-05 2681 1046.048 0 0
2024-05-06 2651 1070.543 24.495 2.342
2024-05-07 2678 1058.95 -11.593 -1.083
2024-05-08 2685 1057.912 -1.038 -0.098
2024-05-09 2696 1045.741 -12.171 -1.15
2024-05-10 2685 1054.008 8.267 0.791
2024-05-11 2681 1054.008 0 0
2024-05-12 2681 1054.008 0 0
2024-05-13 2677 1057.817 3.809 0.361
2024-05-14 2665 1064.812 6.995 0.661
2024-05-15 2632 1088.745 23.933 2.248
2024-05-16 2642 1086.764 -1.981 -0.182
2024-05-17 2674 1073.021 -13.743 -1.265
2024-05-18 2674 1073.021 0 0
2024-05-19 2674 1073.021 0 0
2024-05-20 2646 1089.842 16.821 1.568
2024-05-21 2633 1094.272 4.43 0.406
2024-05-22 2635 1091.085 -3.187 -0.291
2024-05-23 2535 1155.771 64.686 5.929
2024-05-24 2508 1175.288 19.517 1.689
2024-05-25 2508 1175.288 0 0
2024-05-26 2508 1175.288 0 0
2024-05-27 2511 1175.288 0 0
2024-05-28 2434 1229.616 54.328 4.623
2024-05-29 2427 1236.371 6.755 0.549
2024-05-30 2456 1204.755 -31.616 -2.557
2024-05-31 2470 1198.417 -6.338 -0.526
