2020-12-09 706 3907.205 0 0
2020-12-10 699 3955.812 48.607 1.229
2020-12-11 738 3744.822 -210.99 -5.634
2020-12-12 737 3748.715 3.893 0.104
2020-12-13 737 3748.715 0 0
2020-12-14 724 3853.477 104.762 2.719
2020-12-15 740 3768.345 -85.132 -2.259
2020-12-16 768 3627.817 -140.528 -3.874
2020-12-17 738 3799.678 171.861 4.523
2020-12-18 757 3719.48 -80.198 -2.156
2020-12-19 759 3714.875 -4.605 -0.124
2020-12-20 759 3714.875 0 0
2020-12-21 741 3778.473 63.598 1.683
2020-12-22 712 3913.784 135.311 3.457
2020-12-23 734 3795.136 -118.648 -3.126
2020-12-24 769 3674.819 -120.317 -3.274
2020-12-25 783 3612.292 -62.527 -1.731
2020-12-26 783 3612.292 0 0
2020-12-27 783 3612.292 0 0
2020-12-28 771 3657.835 45.543 1.245
2020-12-29 834 3421.004 -236.831 -6.923
2020-12-31 837 3428.732 7.728 0.225
2021-01-01 837 3424.119 -4.613 -0.135
2021-01-02 837 3424.119 0 0
2021-01-03 837 3424.119 0 0
2021-01-04 797 3578.988 154.869 4.327
2021-01-05 792 3620.465 41.477 1.146
2021-01-06 743 3852.558 232.093 6.024
2021-01-07 800 3618.279 -234.279 -6.475
2021-01-08 834 3526.939 -91.34 -2.59
2021-01-09 834 3519.201 -7.738 -0.22
2021-01-10 834 3519.201 0 0
2021-01-11 846 3447.06 -72.141 -2.093
2021-01-12 832 3518.225 71.165 2.023
2021-01-13 866 3374.169 -144.056 -4.269
2021-01-14 866 3384.165 9.996 0.295
2021-01-15 833 3515.975 131.81 3.749
2021-01-16 830 3512.499 -3.476 -0.099
2021-01-17 830 3512.499 0 0
2021-01-18 846 3445.913 -66.586 -1.932
2021-01-19 864 3378.454 -67.459 -1.997
2021-01-20 860 3401.154 22.7 0.667
2021-01-21 859 3430.351 29.197 0.851
2021-01-22 842 3525.85 95.499 2.709
2021-01-23 842 3518.557 -7.293 -0.207
2021-01-24 842 3518.557 0 0
2021-01-25 873 3374.699 -143.858 -4.263
2021-01-26 878 3336.528 -38.171 -1.144
2021-01-27 932 3186.636 -149.892 -4.704
2021-01-28 974 3001.849 -184.787 -6.156
2021-01-29 1029 2874.155 -127.694 -4.443
2021-01-30 1025 2881.184 7.029 0.244
2021-01-31 1024 2881.184 0 0
2021-02-01 1004 2954.612 73.428 2.485
