2020-05-22 2052 1095.293 0 0
2020-05-23 2048 1095.293 0 0
2020-05-24 2048 1095.293 0 0
2020-05-25 2050 1095.293 0 0
2020-05-26 2038 1114.714 19.421 1.742
2020-05-27 2106 1058.027 -56.687 -5.358
2020-05-28 2084 1072.067 14.04 1.31
2020-05-29 2027 1127.442 55.375 4.912
2020-05-30 2030 1127.442 0 0
2020-05-31 2030 1127.442 0 0
2020-06-01 1984 1176.519 49.077 4.171
2020-06-02 2006 1164.446 -12.073 -1.037
2020-06-03 2011 1171.401 6.955 0.594
2020-06-04 2069 1126.524 -44.877 -3.984
2020-06-05 2062 1140.302 13.778 1.208
2020-06-06 2063 1140.302 0 0
2020-06-07 2063 1140.302 0 0
2020-06-08 2134 1078.497 -61.805 -5.731
2020-06-09 2143 1075.348 -3.149 -0.293
2020-06-10 2140 1075.873 0.525 0.049
2020-06-11 2180 1037.95 -37.923 -3.654
2020-06-12 2102 1095.556 57.606 5.258
2020-06-13 2097 1095.556 0 0
2020-06-14 2097 1095.556 0 0
2020-06-15 2056 1128.623 33.067 2.93
2020-06-16 2043 1145.026 16.403 1.433
2020-06-17 2045 1151.193 6.167 0.536
2020-06-18 2007 1174.55 23.357 1.989
2020-06-19 1995 1189.772 15.222 1.279
2020-06-20 1994 1189.772 0 0
2020-06-21 1994 1189.772 0 0
2020-06-22 1942 1226.513 36.741 2.996
2020-06-23 1930 1244.49 17.977 1.445
2020-06-24 1930 1244.49 0 0
2020-06-25 1947 1219.952 -24.538 -2.011
2020-06-26 1958 1208.667 -11.285 -0.934
2020-06-27 1958 1208.667 0 0
2020-06-28 1958 1208.667 0 0
2020-06-29 1963 1204.075 -4.592 -0.381
2020-06-30 1965 1209.98 5.905 0.488
