2023-04-06 2295 1242.192 0 0
2023-04-07 2277 1253.04 10.848 0.873
2023-04-08 2276 1253.04 0 0
2023-04-09 2275 1253.04 0 0
2023-04-10 2253 1271.243 18.203 1.453
2023-04-11 2263 1273.384 2.141 0.168
2023-04-12 2295 1241.827 -31.557 -2.478
2023-04-13 2345 1217.622 -24.205 -1.949
2023-04-14 2298 1253.595 35.973 2.954
2023-04-15 2290 1257.805 4.21 0.336
2023-04-16 2290 1257.805 0 0
2023-04-17 2280 1266.1 8.295 0.659
2023-04-18 2295 1251.414 -14.686 -1.16
2023-04-19 2277 1261.083 9.669 0.773
2023-04-20 2328 1218.52 -42.563 -3.375
2023-04-21 2335 1207.034 -11.486 -0.943
2023-04-22 2339 1205.212 -1.822 -0.151
2023-04-23 2339 1205.212 0 0
2023-04-24 2386 1164.359 -40.853 -3.39
2023-04-25 2455 1108.833 -55.526 -4.769
2023-04-26 2386 1161.765 52.932 4.774
2023-04-27 2423 1144.405 -17.36 -1.494
2023-04-28 2408 1157.267 12.862 1.124
2023-04-29 2407 1156.465 -0.802 -0.069
2023-05-01 2405 1156.465 0 0
2023-05-02 2400 1156.465 0 0
2023-05-03 2398 1156.465 0 0
2023-05-04 2397 1156.465 0 0
2023-05-06 2424 1137.401 -19.064 -1.648
2023-05-07 2424 1137.401 0 0
2023-05-08 2434 1136.467 -0.934 -0.082
2023-05-09 2479 1100.16 -36.307 -3.195
2023-05-10 2439 1124.183 24.023 2.184
2023-05-11 2406 1142.002 17.819 1.585
2023-05-12 2431 1121.414 -20.588 -1.803
2023-05-13 2434 1119.719 -1.695 -0.151
2023-05-14 2435 1119.719 0 0
2023-05-15 2377 1163.748 44.029 3.932
2023-05-16 2378 1161.59 -2.158 -0.185
2023-05-17 2390 1154.566 -7.024 -0.605
2023-05-19 2432 1124.083 -30.483 -2.64
2023-05-20 2431 1125.011 0.928 0.083
2023-05-21 2431 1125.011 0 0
2023-05-22 2421 1137.145 12.134 1.079
2023-05-23 2433 1124.609 -12.536 -1.102
2023-05-24 2440 1113.058 -11.551 -1.027
2023-05-25 2431 1115.764 2.706 0.243
2023-05-26 2471 1091.406 -24.358 -2.183
2023-05-27 2466 1093.402 1.996 0.183
2023-05-28 2466 1093.402 0 0
2023-05-29 2479 1078.029 -15.373 -1.406
2023-05-30 2500 1062.838 -15.191 -1.409
2023-05-31 2508 1051.213 -11.625 -1.094
2023-06-01 2375 1139.414 88.201 8.39
2023-06-02 2369 1152.721 13.307 1.168
2023-06-03 2366 1159.678 6.957 0.604
2023-06-04 2367 1159.678 0 0
2023-06-05 2360 1162.416 2.738 0.236
2023-06-06 2395 1135.637 -26.779 -2.304
2023-06-07 2423 1120.256 -15.381 -1.354
2023-06-08 2382 1142.516 22.26 1.987
2023-06-09 2368 1155.557 13.041 1.141
2023-06-10 2371 1156.514 0.957 0.083
2023-06-11 2372 1156.514 0 0
2023-06-12 2396 1143.647 -12.867 -1.113
2023-06-13 2435 1122.702 -20.945 -1.831
2023-06-14 2450 1114.386 -8.316 -0.741
2023-06-16 2447 1123.236 8.85 0.794
2023-06-17 2441 1129.106 5.87 0.523
2023-06-18 2441 1129.106 0 0
2023-06-19 2494 1101.17 -27.936 -2.474
2023-06-20 2499 1088.834 -12.336 -1.12
2023-06-21 2526 1057.134 -31.7 -2.911
2023-06-22 2528 1054.415 -2.719 -0.257
2023-06-23 2523 1054.415 0 0
2023-06-24 2521 1054.415 0 0
2023-06-25 2521 1054.415 0 0
2023-06-26 2518 1052.8 -1.615 -0.153
2023-06-27 2537 1043.893 -8.907 -0.846
2023-06-28 2512 1067.509 23.616 2.262
2023-06-29 2527 1050.783 -16.726 -1.567
2023-06-30 2499 1076.594 25.811 2.456
2023-07-01 2503 1073.482 -3.112 -0.289
2023-07-02 2503 1073.482 0 0
2023-07-03 2510 1074.726 1.244 0.116
2023-07-04 2512 1071.635 -3.091 -0.288
2023-07-06 2522 1049.353 -22.282 -2.079
2023-07-07 2535 1034.116 -15.237 -1.452
2023-07-08 2537 1035.717 1.601 0.155
2023-07-09 2538 1035.717 0 0
2023-07-10 2516 1056.059 20.342 1.964
2023-07-11 2530 1061.542 5.483 0.519
2023-07-12 2529 1064.943 3.401 0.32
2023-07-13 2521 1078.829 13.886 1.304
2023-07-14 2528 1070.921 -7.908 -0.733
2023-07-15 2525 1074.884 3.963 0.37
2023-07-16 2525 1074.884 0 0
2023-07-17 2522 1077.961 3.077 0.286
2023-07-18 2529 1069.279 -8.682 -0.805
2023-07-19 2545 1061.91 -7.369 -0.689
2023-07-20 2531 1064.865 2.955 0.278
2023-07-21 2510 1078.128 13.263 1.246
2023-07-22 2511 1078.263 0.135 0.013
2023-07-23 2511 1078.263 0 0
2023-07-24 2546 1051.645 -26.618 -2.469
2023-07-25 2526 1074.192 22.547 2.144
2023-07-26 2494 1093.062 18.87 1.757
2023-07-27 2509 1086.218 -6.844 -0.626
2023-07-28 2492 1100.305 14.087 1.297
2023-07-29 2497 1096.772 -3.533 -0.321
2023-07-30 2497 1096.772 0 0
2023-07-31 2471 1117.499 20.727 1.89
2023-08-01 2460 1122.372 4.873 0.436
2023-08-02 2450 1117.109 -5.263 -0.469
2023-08-04 2439 1124.873 7.764 0.695
2023-08-05 2439 1126.283 1.41 0.125
2023-08-06 2439 1126.283 0 0
2023-08-07 2453 1116.574 -9.709 -0.862
2023-08-08 2449 1116.358 -0.216 -0.019
2023-08-09 2443 1118.967 2.609 0.234
2023-08-10 2442 1119.24 0.273 0.024
2023-08-11 2469 1091.899 -27.341 -2.443
2023-08-12 2474 1087.824 -4.075 -0.373
2023-08-13 2473 1087.824 0 0
2023-08-14 2499 1069.62 -18.204 -1.673
2023-08-15 2507 1054.623 -14.997 -1.402
2023-08-16 2514 1045.948 -8.675 -0.823
2023-08-17 2500 1050.716 4.768 0.456
2023-08-18 2516 1032.368 -18.348 -1.746
2023-08-19 2513 1035.144 2.776 0.269
2023-08-20 2515 1035.144 0 0
2023-08-21 2542 1012.118 -23.026 -2.224
2023-08-22  974.818 -37.3 -3.685
2024-10-09  991.942 17.124 1.757
2024-11-07 2724 1055.661 63.719 6.424
2024-11-08 2741 1040.617 -15.044 -1.425
2024-11-09 2742 1039.818 -0.799 -0.077
2024-11-10 2742 1039.818 0 0
2024-11-11 2666 1103.654 63.836 6.139
2024-11-12 2715 1056.434 -47.22 -4.279
2024-11-13 2721 1044.098 -12.336 -1.168
2024-11-14  998.738 -45.36 -4.344
2025-09-05 2985 1086.603 87.865 8.798
2025-09-06 2989 1086.969 0.366 0.034
2025-09-07 2989 1086.969 0 0
2025-09-08 3027 1060.346 -26.623 -2.449
2025-09-09 3007 1068.813 8.467 0.799
2025-09-10 3090 1013.908 -54.905 -5.137
2025-09-11 3086 1019.015 5.107 0.504
2025-09-12 3076 1025.897 6.882 0.675
2025-09-13 3080 1026.055 0.158 0.015
2025-09-14 3079 1026.055 0 0
2025-09-15 3059 1033.611 7.556 0.736
2025-09-16 3100 1016.332 -17.279 -1.672
2025-09-17 3060 1042.473 26.141 2.572
2025-09-18 3081 1031.959 -10.514 -1.009
2025-09-19 3056 1047.579 15.62 1.514
2025-09-20 3055 1046.813 -0.766 -0.073
2025-09-21 3056 1046.813 0 0
2025-09-22 3075 1033.573 -13.24 -1.265
2025-09-23 3033 1060.716 27.143 2.626
2025-09-24 2960 1123.59 62.874 5.928
2025-09-25 2947 1132.418 8.828 0.786
2025-09-26 2944 1128.07 -4.348 -0.384
2025-09-27 2948 1126.615 -1.455 -0.129
2025-09-28 2948 1126.615 0 0
2025-09-29 2888 1167.394 40.779 3.62
2025-09-30 2866 1185.107 17.713 1.517
2025-10-01 2866 1185.357 0.25 0.021
2025-10-02 2870 1185.357 0 0
2025-10-03 2874 1185.357 0 0
2025-10-04 2875 1185.357 0 0
2025-10-05 2875 1185.357 0 0
2025-10-06 2875 1185.357 0 0
2025-10-07 2877 1185.357 0 0
2025-10-08 2875 1185.357 0 0
2025-10-09 2830 1211.343 25.986 2.192
2025-10-10 2932 1134.206 -77.137 -6.368
2025-10-11 2929 1134.541 0.335 0.03
2025-10-12 2929 1134.541 0 0
2025-10-13 2945 1123.445 -11.096 -0.978
2025-10-14 3005 1068.794 -54.651 -4.865
2025-10-15 2990 1085.069 16.275 1.523
2025-10-16 2991 1081.033 -4.036 -0.372
2025-10-17 3069 1023.321 -57.712 -5.339
2025-10-18 3066 1023.105 -0.216 -0.021
2025-10-19 3067 1023.105 0 0
2025-10-20 3065 1029.241 6.136 0.6
2025-10-21 3080 1027.549 -1.692 -0.164
2025-10-22 3102 1011.933 -15.616 -1.52
2025-10-23 3085 1024.766 12.833 1.268
2025-10-24 3051 1044.029 19.263 1.88
2025-10-25 3051 1043.868 -0.161 -0.015
2025-10-26 3051 1043.868 0 0
2025-10-27 3056 1044.104 0.236 0.023
2025-10-28 3073 1036.036 -8.068 -0.773
2025-10-29 3016 1072.295 36.259 3.5
2025-10-30 2997 1088.156 15.861 1.479
2025-10-31 2987 1095.353 7.197 0.661
2025-11-01 2986 1094.952 -0.401 -0.037
2025-11-02 2985 1094.952 0 0
2025-11-03 2992 1089.988 -4.964 -0.453
2025-11-04 3038 1048.117 -41.871 -3.841
2025-11-05 3008 1069.646 21.529 2.054
2025-11-06 2987 1088.274 18.628 1.742
2025-11-07 2852 1171.755 83.481 7.671
2025-11-08 2853 1171.738 -0.017 -0.001
2025-11-09 2853 1171.738 0 0
2025-11-10 2838 1190.627 18.889 1.612
2025-11-11 2805 1211.277 20.65 1.734
2025-11-12 2896 1155.942 -55.335 -4.568
2025-11-13 2787 1220.999 65.057 5.628
2025-11-14 2850 1181.769 -39.23 -3.213
2025-11-15 2846 1181.053 -0.716 -0.061
2025-11-16 2846 1181.053 0 0
2025-11-17 2825 1195.974 14.921 1.263
2025-11-18 2922 1128.878 -67.096 -5.61
2025-11-19 2938 1115.488 -13.39 -1.186
2025-11-20 2974 1085.809 -29.679 -2.661
2025-11-21  978.435 -107.374 -9.889
2025-11-26  996.71 18.275 1.868
2025-11-29 3113 1005.682 8.972 0.9
2025-11-30 3112 1005.682 0 0
2025-12-01  994.517 -11.165 -1.11
2025-12-02  977.889 -16.628 -1.672
2025-12-17 2986 1093.821 115.932 11.855
2025-12-18 3019 1075.186 -18.635 -1.704
2025-12-19 2995 1097.003 21.817 2.029
2025-12-20 2997 1097.07 0.067 0.006
2025-12-21 3001 1097.07 0 0
2025-12-22 2983 1109.728 12.658 1.154
2025-12-23 2968 1129.099 19.371 1.746
2025-12-24 2853 1213.029 83.93 7.433
2025-12-25 2882 1197.601 -15.428 -1.272
2025-12-26 2867 1209.824 12.223 1.021
2025-12-27 2863 1211.146 1.322 0.109
2025-12-28 2863 1211.146 0 0
2025-12-29 2900 1184.751 -26.395 -2.179
2025-12-30 2852 1215.784 31.033 2.619
2025-12-31 2818 1232.854 17.07 1.404
2026-01-01 2812 1233.087 0.233 0.019
2026-01-02 2813 1233.087 0 0
2026-01-03 2811 1233.003 -0.084 -0.007
2026-01-05 2816 1240.704 7.701 0.625
2026-01-06 2674 1347.767 107.063 8.629
2026-01-07 2504 1494.853 147.086 10.913
2026-01-08 2600 1414.653 -80.2 -5.365
2026-01-09 2597 1420.917 6.264 0.443
2026-01-10 2599 1420.595 -0.322 -0.023
2026-01-11 2600 1420.595 0 0
2026-01-12 2618 1413.37 -7.225 -0.509
2026-01-13 2639 1391.098 -22.272 -1.576
2026-01-14 2663 1368.617 -22.481 -1.616
2026-01-15 2563 1461.139 92.522 6.76
2026-01-16 2602 1427.691 -33.448 -2.289
2026-01-17 2602 1427.827 0.136 0.01
2026-01-18 2602 1427.827 0 0
2026-01-19 2623 1414.072 -13.755 -0.963
2026-01-20 2630 1396.937 -17.135 -1.212
2026-01-21 2602 1420.715 23.778 1.702
2026-01-22 2621 1406.516 -14.199 -0.999
2026-01-23 2500 1516.343 109.827 7.808
2026-01-24 2498 1516.064 -0.279 -0.018
2026-01-25 2498 1516.064 0 0
2026-01-26 2500 1511.235 -4.829 -0.319
2026-01-27 2548 1475.928 -35.307 -2.336
2026-01-28 2548 1484.855 8.927 0.605
2026-01-29 2456 1558.685 73.83 4.972
2026-01-30 2572 1444.214 -114.471 -7.344
2026-01-31 2571 1443.73 -0.484 -0.034
2026-02-01 2575 1443.73 0 0
2026-02-02 2661 1366.767 -76.963 -5.331
2026-02-03 2626 1398.347 31.58 2.311
2026-02-04 2606 1409.49 11.143 0.797
2026-02-05 2683 1342.628 -66.862 -4.744
2026-02-06 2670 1358.208 15.58 1.16
2026-02-07 2669 1358.331 0.123 0.009
2026-02-08 2669 1358.331 0 0
2026-02-09 2665 1373.354 15.023 1.106
2026-02-10 2705 1347.939 -25.415 -1.851
2026-02-11 2580 1457.804 109.865 8.151
2026-02-12 2564 1466.083 8.279 0.568
2026-02-13 2575 1453.955 -12.128 -0.827
2026-02-14 2571 1452.043 -1.912 -0.132
2026-02-15 2570 1452.043 0 0
2026-02-16 2570 1452.043 0 0
2026-02-17 2574 1452.043 0 0
2026-02-18 2583 1452.064 0.021 0.001
2026-02-19 2571 1452.073 0.009 0.001
2026-02-20 2572 1452.075 0.002 0
2026-02-21 2577 1452.06 -0.015 -0.001
2026-02-22 2577 1452.06 0 0
2026-02-23 2577 1452.06 0 0
2026-02-24 2602 1432.322 -19.738 -1.359
2026-02-25 2514 1513.422 81.1 5.662
2026-02-26 2539 1498.341 -15.081 -0.996
2026-02-27 2507 1529.776 31.435 2.098
2026-02-28 2511 1526.43 -3.346 -0.219
2026-03-01 2510 1526.43 0 0
2026-03-02 2553 1495.032 -31.398 -2.057
2026-03-03 2614 1412.447 -82.585 -5.524
2026-03-04 2608 1404.688 -7.759 -0.549
2026-03-05 2628 1393.289 -11.399 -0.811
2026-03-06 2653 1374.275 -19.014 -1.365
2026-03-07 2652 1374.58 0.305 0.022
2026-03-08 2653 1374.58 0 0
2026-03-09 2623 1390.914 16.334 1.188
2026-03-10 2749 1396.889 5.975 0.43
2026-03-11 2703 1433.811 36.922 2.643
2026-03-12 2701 1429.358 -4.453 -0.311
2026-03-13 2672 1439.624 10.266 0.718
2026-03-14 2673 1434.16 -5.464 -0.38
2026-03-15 2674 1434.16 0 0
2026-03-16 2722 1402.976 -31.184 -2.174
2026-03-17 2794 1350.322 -52.654 -3.753
2026-03-18 2812 1332.043 -18.279 -1.354
2026-03-19 2870 1288.649 -43.394 -3.258
2026-03-20 2866 1291.637 2.988 0.232
2026-03-21 2860 1295.025 3.388 0.262
2026-03-22 2860 1295.025 0 0
2026-03-23 2891 1261.302 -33.723 -2.604
2026-03-24 2883 1271.273 9.971 0.791
2026-03-25 2884 1281.042 9.769 0.768
2026-03-27 2738 1366.25 85.208 6.651
2026-03-28 2737 1361.986 -4.264 -0.312
2026-03-29 2737 1361.986 0 0
2026-03-30 2754 1343.978 -18.008 -1.322
2026-03-31 2792 1319.922 -24.056 -1.79
2026-04-01 2785 1334.834 14.912 1.13
2026-04-02 2870 1289.957 -44.877 -3.362
2026-04-03 2875 1281.931 -8.026 -0.622
2026-04-04 2875 1281.931 0 0
2026-04-05 2875 1281.931 0 0
2026-04-06 2875 1281.931 0 0
2026-04-07 2849 1295.596 13.665 1.066
2026-04-08 2787 1350.241 54.645 4.218
2026-04-09 2763 1379.903 29.662 2.197
2026-04-10 2724 1409.949 30.046 2.177
2026-04-11 2720 1411.457 1.508 0.107
2026-04-12 2720 1411.457 0 0
2026-04-13 2658 1460.43 48.973 3.47
2026-04-14 2604 1508.835 48.405 3.314
2026-04-15 2635 1497.188 -11.647 -0.772
2026-04-16 2615 1512.105 14.917 0.996
2026-04-17 2582 1547.629 35.524 2.349
2026-04-18 2584 1546.1 -1.529 -0.099
2026-04-19 2584 1546.1 0 0
2026-04-20 2628 1514.075 -32.025 -2.071
2026-04-21 2598 1540.429 26.354 1.741
2026-04-22 2576 1554.784 14.355 0.932
2026-04-23 2594 1526.38 -28.404 -1.827
2026-04-24 2479 1629.224 102.844 6.738
2026-04-25 2476 1629.047 -0.177 -0.011
2026-04-26 2475 1629.047 0 0
2026-04-27 2475 1640.858 11.811 0.725
2026-04-28 2481 1620.563 -20.295 -1.237
2026-04-29 2380 1726.455 105.892 6.534
2026-04-30 2424 1687.107 -39.348 -2.279
2026-05-01 2428 1687.043 -0.064 -0.004
2026-05-02 2432 1687.028 -0.015 -0.001
2026-05-04 2431 1687.028 0 0
2026-05-05 2433 1687.028 0 0
2026-05-06 2403 1714.856 0 0
2026-05-07 2445 1681.634 0 0
2026-05-08 2480 1645.133 0 0
2026-05-09 2502 1625.702 0 0
2026-05-10 2502 1625.654 0 0
2026-05-11 2482 1651.614 0 0
2026-05-12 2503 1619.473 0 0
2026-05-13 2505 1607.32 0 0
2026-05-14 2539 1575.37 0 0
2026-05-15 2584 1552.19 0 0
2026-05-16 2625 1516.889 0 0
2026-05-17 2624 1512.986 0 0
2026-05-18 2631 1506.808 0 0
2026-05-19 2663 1480.118 0 0
2026-05-20 2602 1524.311 0 0
2026-05-21 2615 1523.077 0 0
2026-05-22 2665 1481.571 0 0
2026-05-23 2673 1477.617 0 0
2026-05-24 2671 1479.953 0 0
2026-05-25 2713 1443.323 0 0
2026-05-26 2688 1459.163 0 0
2026-05-27 2669 1480.448 0 0
2026-05-28 2673 1469.831 0 0
2026-05-29 2724 1432.841 0 0
2026-05-30 2728 1417.752 0 0
2026-05-31 2731 1420.015 0 0
2026-06-01 2727 1429.953 0 0
2026-06-02 2792 1386.723 0 0
2026-06-03 2776 1395.833 0 0
2026-06-04 2814 1348.179 0 0
2026-06-05 2822 1343.431 0 0
2026-06-06 2838 1324.68 0 0
2026-06-07 2834 1325.698 0 0
2026-06-09 2933 1261.867 0 0
2026-06-10 2943 1250.51 0 0
2026-06-11 2950 1247.047 0 0
2026-06-12 2849 1314.992 0 0
2026-06-13 2886 1299.895 0 0
2026-06-14 2879 1302.824 0 0
2026-06-16 2813 1366.247 0 0
2026-06-17 2829 1345.161 0 0
2026-06-18 2856 1321.224 0 0
2026-06-19 2844 1329.783 0 0
2026-06-20 2845 1328.812 0 0
2026-06-21 2845 1328.812 0 0
2026-06-22 2787 1376.811 0 0
2026-06-23 2827 1344.231 0 0
2026-06-24 2837 1323.922 0 0
2026-06-25 2904 1283.823 0 0
2026-06-26 3024 1196.156 0 0
2026-06-27 3067 1175.476 0 0
2026-06-28 3079 1175.271 0 0
2026-06-29 3095 1168.841 0 0
2026-06-30 3047 1194.065 0 0
2026-07-01 3036 1203.939 0 0
2026-07-02 3080 1182.182 0 0
2026-07-03 3135 1155.067 0 0
2026-07-04 3141 1158.422 0 0
2026-07-05 3141 1158.422 0 0
2026-07-06 3144 1157.679 0 0
