2019-11-07 409 5043.096 0 0
2020-01-19 414 5224.239 181.143 3.592
2020-02-07 438 4864.479 -359.76 -6.886
2020-02-15 472 4645.074 -219.405 -4.51
2020-02-16 472 4645.074 0 0
2020-02-17 481 4590.755 -54.319 -1.169
2020-02-18 466 4688.62 97.865 2.132
2020-02-19 451 4791.791 103.171 2.2
2020-02-20 442 4847.204 55.413 1.156
2020-02-21 464 4680.15 -167.054 -3.446
2020-02-22 466 4651.045 -29.105 -0.622
2020-02-23 466 4651.045 0 0
2020-02-24 475 4567.228 -83.817 -1.802
2020-02-25 466 4565.362 -1.866 -0.041
2020-02-26 515 4268.413 -296.949 -6.504
2020-02-27 492 4331.881 63.468 1.487
2020-02-28 495 4284.567 -47.314 -1.092
2020-02-29 493 4252.806 -31.761 -0.741
2020-03-01 494 4252.806 0 0
2020-03-02 499 4236.889 -15.917 -0.374
2020-03-03 502 4261.355 24.466 0.577
2020-03-04 522 4198.447 -62.908 -1.476
2020-03-05 532 4151.832 -46.615 -1.11
2020-03-06 532 4111.291 -40.541 -0.976
2020-03-07 533 4107.746 -3.545 -0.086
2020-03-08 535 4107.746 0 0
2020-03-09 590 3753.58 -354.166 -8.622
2020-03-10 596 3733.586 -19.994 -0.533
2020-03-11 578 3765.759 32.173 0.862
2020-03-12 625 3437.821 -327.938 -8.708
2020-03-13 592 3498.854 61.033 1.775
2020-03-14 599 3487.769 -11.085 -0.317
2020-03-15 599 3487.769 0 0
2020-03-16 601 3393.618 -94.151 -2.699
2020-03-17 598 3369.73 -23.888 -0.704
2020-03-18 594 3369.73 0 0
2020-03-19 715 2913.202 -456.528 -13.548
2020-03-20 680 3042.206 129.004 4.428
2020-03-21 675 3048.141 5.935 0.195
2020-03-22 675 3048.141 0 0
2020-03-23 719 2867.592 -180.549 -5.923
2020-03-24 716 2852.498 -15.094 -0.526
2020-03-25 759 2826.872 -25.626 -0.898
2020-03-26 741 2925.704 98.832 3.496
2020-03-27 693 3126.129 200.425 6.85
2020-03-28 675 3184.815 58.686 1.877
2020-03-29 675 3184.815 0 0
2020-03-30 675 3184.815 0 0
2020-03-31 667 3203.4 18.585 0.584
2020-04-01 658 3247.897 44.497 1.389
2020-04-02 624 3296.269 48.372 1.489
2020-04-03 659 3188.616 -107.653 -3.266
2020-04-04 661 3159.431 -29.185 -0.915
2020-04-05 661 3159.431 0 0
2020-04-06 661 3159.431 0 0
2020-04-07 654 3268.754 109.323 3.46
2020-04-08 683 3210.995 -57.759 -1.767
2020-04-09 692 3216.578 5.583 0.174
2020-04-10 701 3216.578 0 0
2020-04-11 701 3216.578 0 0
2020-04-12 701 3216.578 0 0
2020-04-13 679 3263.633 47.055 1.463
2020-04-14 633 3442.143 178.51 5.47
2020-04-15 621 3503.707 61.564 1.789
2020-04-16 679 3280.801 -222.906 -6.362
2020-04-17 649 3404.156 123.355 3.76
2020-04-18 658 3397.642 -6.514 -0.191
2020-04-19 658 3397.642 0 0
2020-04-20 653 3404.742 7.1 0.209
2020-04-21 668 3312.585 -92.157 -2.707
2020-04-23 645 3413.297 100.712 3.04
2020-04-24 676 3299.785 -113.512 -3.326
2020-04-25 676 3293.767 -6.018 -0.182
2020-04-26 676 3293.767 0 0
2020-04-27 667 3352.483 58.716 1.783
2020-04-28 626 3522.912 170.429 5.084
2020-04-29 646 3473.287 -49.625 -1.409
2020-04-30 629 3562.721 89.434 2.575
