2019-11-07 1488 1673.56 0 0
2020-01-19 1562 1657.199 -16.361 -0.978
2020-02-07 1574 1616.599 -40.6 -2.45
2020-02-15 1583 1615.309 -1.29 -0.08
2020-02-16 1584 1615.309 0 0
2020-02-17 1591 1608.23 -7.079 -0.438
2020-02-18 1581 1612.29 4.06 0.252
2020-02-19 1568 1632.443 20.153 1.25
2020-02-20 1558 1648.203 15.76 0.965
2020-02-21 1563 1627.601 -20.602 -1.25
2020-02-22 1563 1628.527 0.926 0.057
2020-02-23 1553 1644.859 16.332 1.003
2020-02-24 1561 1619.113 -25.746 -1.565
2020-02-25 1565 1601.104 -18.009 -1.112
2020-02-26 1577 1574.889 -26.215 -1.637
2020-02-27 1581 1552.504 -22.385 -1.421
2020-02-28 1585 1528.894 -23.61 -1.521
2020-02-29 1614 1498.927 -29.967 -1.96
2020-03-01 1620 1498.927 0 0
2020-03-02 1636 1483.374 -15.553 -1.038
2020-03-03 1632 1497.031 13.657 0.921
2020-03-04 1640 1493.874 -3.157 -0.211
2020-03-05 1622 1509.163 15.289 1.023
2020-03-06 1644 1471.583 -37.58 -2.49
2020-03-07 1631 1477.047 5.464 0.371
2020-03-08 1627 1477.047 0 0
2020-03-09 1637 1434.187 -42.86 -2.902
2020-03-10 1599 1468.542 34.355 2.395
2020-03-11 1631 1409.61 -58.932 -4.013
2020-03-12 1646 1361.771 -47.839 -3.394
2020-03-13 1679 1299.085 -62.686 -4.603
2020-03-14 1703 1273.025 -26.06 -2.006
2020-03-15 1703 1273.025 0 0
2020-03-16 1719 1223.71 -49.315 -3.874
2020-03-17 1753 1192.322 -31.388 -2.565
2020-03-18 1824 1101.503 -90.819 -7.617
2020-03-19  981.419 -120.084 -10.902
2020-03-21 1896 1030.931 49.512 5.045
2020-03-22 1896 1030.931 0 0
2020-03-23  980.481 -50.45 -4.894
2020-03-25 1918 1016.972 36.491 3.722
2020-03-26 1920 1033.726 16.754 1.647
2020-03-27 1879 1080.707 46.981 4.545
2020-03-28 1887 1072.253 -8.454 -0.782
2020-03-29 1887 1072.253 0 0
2020-03-30 1887 1072.253 0 0
2020-03-31 1880 1074.449 2.196 0.205
