2019-11-07 2124 1033.777 0 0
2020-01-19 2073 1108.281 74.504 7.207
2020-02-07 2033 1109.965 1.684 0.152
2020-02-15 2030 1115.949 5.984 0.539
2020-02-16 2032 1115.949 0 0
2020-02-17 2035 1115.004 -0.945 -0.085
2020-02-18 2035 1114.599 -0.405 -0.036
2020-02-19 2035 1117.377 2.778 0.249
2020-02-20 2042 1110.668 -6.709 -0.6
2020-02-21 2042 1107.322 -3.346 -0.301
2020-02-22 2032 1114.066 6.744 0.609
2020-02-23 2032 1114.066 0 0
2020-02-24 2022 1115.88 1.814 0.163
2020-02-25 2012 1113.129 -2.751 -0.247
2020-02-26 2006 1116.094 2.965 0.266
2020-02-27 2006 1105.043 -11.051 -0.99
2020-02-28 2005 1097.473 -7.57 -0.685
2020-02-29 1999 1088.922 -8.551 -0.779
2020-03-01 1995 1088.922 0 0
2020-03-02 2007 1085.08 -3.842 -0.353
2020-03-03 2021 1084.183 -0.897 -0.083
2020-03-04 2015 1093.687 9.504 0.877
2020-03-05 2019 1093.82 0.133 0.012
2020-03-06 2003 1100.178 6.358 0.581
2020-03-07 1990 1109.642 9.464 0.86
2020-03-08 1986 1109.642 0 0
2020-03-09 1961 1106.465 -3.177 -0.286
2020-03-10 1943 1113.157 6.692 0.605
2020-03-11 1947 1100.193 -12.964 -1.165
2020-03-12 1916 1092.717 -7.476 -0.68
2020-03-13 1923 1063.658 -29.059 -2.659
2020-03-14 1942 1051.787 -11.871 -1.116
2020-03-15 1942 1051.787 0 0
2020-03-16 1921 1044.071 -7.716 -0.734
2020-03-17 1931 1029.9 -14.171 -1.357
2020-03-18 1929 1006.67 -23.23 -2.256
2020-03-27 1944 1018.939 12.269 1.219
2020-03-28 1916 1039.688 20.749 2.036
2020-03-29 1916 1039.688 0 0
2020-03-30 1916 1039.688 0 0
2020-03-31 1911 1042.243 2.555 0.246
2020-04-01 1924 1043.491 1.248 0.12
2020-04-02 1907 1043.762 0.271 0.026
2020-04-03 1907 1040.657 -3.105 -0.297
2020-04-04 1920 1027.082 -13.575 -1.304
2020-04-05 1920 1027.082 0 0
2020-04-06 1920 1027.082 0 0
2020-04-07 1949 1025.37 -1.712 -0.167
2020-04-08 2103 1029.564 4.194 0.409
2020-04-09 2097 1036.837 7.273 0.706
2020-04-10 2089 1044.077 7.24 0.698
2020-04-11 2089 1044.077 0 0
2020-04-12 2089 1044.077 0 0
2020-04-13 2085 1044.077 0 0
2020-04-14 2079 1048.31 4.233 0.405
2020-04-15 2072 1054.438 6.128 0.585
2020-04-16 2089 1044.514 -9.924 -0.941
2020-04-17 2101 1040.805 -3.709 -0.355
2020-04-18 2097 1045.751 4.946 0.475
2020-04-19 2097 1045.751 0 0
2020-04-20 2098 1047.177 1.426 0.136
2020-04-21 2081 1044.888 -2.289 -0.219
2020-04-23 2113 1029.583 -15.305 -1.465
2020-04-24 2108 1032.951 3.368 0.327
2020-04-25 2111 1028.873 -4.078 -0.395
2020-04-26 2111 1028.873 0 0
2020-04-27 2117 1029.225 0.352 0.034
2020-04-28 2109 1037.126 7.901 0.768
2020-04-29 2114 1040.286 3.16 0.305
2020-04-30 2131 1038.223 -2.063 -0.198
