2022-04-05 2550 1106.438 0 0
2022-04-06 2540 1106.612 0.174 0.016
2022-04-07 2527 1102.951 -3.661 -0.332
2022-04-08 2539 1100.769 -2.182 -0.198
2022-04-09 2540 1100.654 -0.115 -0.01
2022-04-10 2541 1100.654 0 0
2022-04-11 2541 1090.114 -10.54 -0.967
2022-04-12 2536 1089.174 -0.94 -0.086
2022-04-13 2538 1089.44 0.266 0.024
2022-04-14 2552 1073.93 -15.51 -1.444
2022-04-15 2549 1075.353 1.423 0.132
2022-04-16 2549 1075.353 0 0
2022-04-17 2549 1075.353 0 0
2022-04-18 2573 1053.077 -22.276 -2.115
2022-04-19 2597 1034.282 -18.795 -1.817
2022-04-20 2593 1033.201 -1.081 -0.105
2022-04-21 2585 1023 -10.201 -0.997
2022-04-22 2579 1023.661 0.661 0.065
2022-04-23 2574 1022.734 -0.927 -0.091
2022-04-24 2574 1022.734 0 0
2022-04-25 2547 1022.63 -0.104 -0.01
2022-04-26 2535 1015.417 -7.213 -0.71
2022-04-27 2541 1011.587 -3.83 -0.379
2022-04-28 2546 1010.816 -0.771 -0.076
2022-04-29 2550 1005.586 -5.23 -0.52
2022-04-30 2565 1005.586 0 0
2022-05-01 2565 1005.586 0 0
2022-05-02 2559 1005.586 0 0
2022-05-03 2562 1005.586 0 0
2022-05-04 2557 1005.586 0 0
2022-05-05 2548 1005.586 0 0
2022-05-06 2533 1005.586 0 0
2022-05-07 2524 1005.586 0 0
2022-05-08 2524 1005.586 0 0
2022-05-09 2504 1005.586 0 0
2022-05-10 2498 1000.137 -5.449 -0.545
2022-05-12 2499 1000.171 0.034 0.003
2022-07-09 2502 1020.627 20.456 2.004
2022-07-10 2501 1020.627 0 0
2022-07-11 2486 1020.527 -0.1 -0.01
2022-07-12 2452 1035.286 14.759 1.426
2022-07-13 2452 1034.25 -1.036 -0.1
2022-07-14 2455 1031.014 -3.236 -0.314
2022-07-15 2460 1023.751 -7.263 -0.709
2022-07-16 2466 1023.751 0 0
2022-07-17 2466 1023.751 0 0
2022-07-18 2483 1004.403 -19.348 -1.926
2022-07-19 2496 1004.507 0.104 0.01
2022-07-20 2508 1006.761 2.254 0.224
2022-07-21 2537 994.868 -11.893 -1.195
2023-11-23 2289 1214.42 219.552 18.079
2023-11-24 2169 1303.346 88.926 6.823
2023-11-25 2170 1304.184 0.838 0.064
2023-11-26 2170 1304.184 0 0
2023-11-27 2486 1055.561 -248.623 -23.554
2023-11-28 2495 1048.91 -6.651 -0.634
2023-11-29 2488 1053.842 4.932 0.468
2023-11-30 2495 1050.112 -3.73 -0.355
2023-12-01 2562 986.399 -63.713 -6.459
2023-12-05 2398 1111.741 125.342 11.274
2023-12-06 2400 1102.533 -9.208 -0.835
2023-12-07 2450 1079.155 -23.378 -2.166
2023-12-08 2450 1078.783 -0.372 -0.034
2023-12-09 2450 1077.566 -1.217 -0.113
2023-12-10 2450 1077.566 0 0
2023-12-11 2461 1068.692 -8.874 -0.83
2023-12-12 2480 1052.578 -16.114 -1.531
2023-12-13 2525 1011.271 -41.307 -4.085
2023-12-14 2366 1139.338 128.067 11.24
2023-12-15 2489 1048.056 -91.282 -8.71
2023-12-16 2495 1048.36 0.304 0.029
2023-12-17 2495 1048.36 0 0
2023-12-18 2492 1047.403 -0.957 -0.091
2023-12-19 2489 1046.093 -1.31 -0.125
2023-12-20 2489 1042.734 -3.359 -0.322
2023-12-21 2505 1036.819 -5.915 -0.57
2023-12-22 2474 1062.742 25.923 2.439
2023-12-23 2473 1065.66 2.918 0.274
2023-12-24 2473 1065.66 0 0
2023-12-25 2474 1065.66 0 0
