2019-11-07 390 5263.112 0 0
2020-01-19 385 5575.324 312.212 5.932
2020-02-07 373 5603.772 28.448 0.51
2020-02-15 373 5598.192 -5.58 -0.1
2020-02-16 373 5598.192 0 0
2020-02-17 376 5598.192 0 0
2020-02-18 379 5575.767 -22.425 -0.401
2020-02-19 375 5603.225 27.458 0.492
2020-02-20 374 5610.12 6.895 0.123
2020-02-21 378 5572.11 -38.01 -0.678
2020-02-22 378 5572.11 0 0
2020-02-23 378 5572.11 0 0
2020-02-24 382 5467.913 -104.197 -1.87
2020-02-25 382 5385.761 -82.152 -1.502
2020-02-26 377 5400.132 14.371 0.267
2020-02-27 379 5301.226 -98.906 -1.832
2020-02-28 374 5297.784 -3.442 -0.065
2020-02-29 375 5297.784 0 0
2020-03-01 376 5297.784 0 0
2020-03-02 372 5407.602 109.818 2.073
2020-03-03 379 5349.578 -58.024 -1.073
2020-03-04 378 5413.475 63.897 1.194
2020-03-05 382 5331.999 -81.476 -1.505
2020-03-06 376 5312.277 -19.722 -0.37
2020-03-07 375 5312.277 0 0
2020-03-08 378 5312.277 0 0
2020-03-09 377 5171.254 -141.023 -2.655
2020-03-10 369 5273.962 102.708 1.986
2020-03-11 371 5189.439 -84.523 -1.603
2020-03-12 364 5007.125 -182.314 -3.513
2020-03-13 343 5152.967 145.842 2.913
2020-03-14 350 5152.967 0 0
2020-03-15 350 5152.967 0 0
2020-03-16 356 4960.181 -192.786 -3.741
2020-03-17 352 4979.166 18.985 0.383
2020-03-18 349 4892.209 -86.957 -1.746
2020-03-19 342 4908.791 16.582 0.339
2020-03-20 354 4885.455 -23.336 -0.475
2020-03-21 355 4885.455 0 0
2020-03-22 355 4885.455 0 0
2020-03-23 342 4869.322 -16.133 -0.33
2020-03-24 339 4869.322 0 0
2020-03-25 351 4978.848 109.526 2.249
2020-03-26 357 4996.765 17.917 0.36
2020-03-27 352 5049.968 53.203 1.065
2020-03-28 363 4989.462 -60.506 -1.198
2020-03-29 363 4989.462 0 0
2020-03-30 363 4989.462 0 0
2020-03-31 357 5014.097 24.635 0.494
