2021-04-09 1572 2052.743 0 0
2021-04-10 1572 2049.645 -3.098 -0.151
2021-04-11 1572 2049.645 0 0
2021-04-12 1558 2069.398 19.753 0.964
2021-04-13 1515 2133.383 63.985 3.092
2021-04-14 1422 2276.346 142.963 6.701
2021-04-15 1456 2222.314 -54.032 -2.374
2021-04-16 1482 2201.799 -20.515 -0.923
2021-04-17 1482 2205.074 3.275 0.149
2021-04-18 1481 2205.074 0 0
2021-04-19 1342 2404.092 199.018 9.025
2021-04-20 1359 2375.249 -28.843 -1.2
2021-04-21 1373 2359.13 -16.119 -0.679
2021-04-22 1345 2403.477 44.347 1.88
2021-04-23 1313 2466.477 63 2.621
2021-04-24 1312 2466.477 0 0
2021-04-25 1313 2464.578 -1.899 -0.077
2021-04-26 1417 2315.44 -149.138 -6.051
2021-04-27 1420 2314.928 -0.512 -0.022
2021-04-28 1340 2437.84 122.912 5.31
2021-04-29 1294 2524.39 86.55 3.55
2021-04-30 1264 2586.063 61.673 2.443
2021-05-01 1259 2583.945 -2.118 -0.082
2021-05-02 1258 2583.945 0 0
2021-05-03 1260 2583.945 0 0
2021-05-04 1258 2583.945 0 0
2021-05-05 1259 2583.945 0 0
2021-05-06 1266 2556.21 -27.735 -1.073
2021-05-07 1333 2444.02 -112.19 -4.389
2021-05-08 1333 2449.81 5.79 0.237
2021-05-09 1334 2449.81 0 0
2021-05-10 1331 2456.008 6.198 0.253
2021-05-11 1328 2460.823 4.815 0.196
2021-05-12 1339 2423.297 -37.526 -1.525
2021-05-13 1375 2348.09 -75.207 -3.103
2021-05-14 1366 2396.225 48.135 2.05
2021-05-15 1362 2403.673 7.448 0.311
2021-05-16 1362 2403.673 0 0
2021-05-17 1316 2498.529 94.856 3.946
2021-05-18 1339 2468.513 -30.016 -1.201
2021-05-19 1313 2514.986 46.473 1.883
2021-05-20 1310 2527.658 12.672 0.504
2021-05-21 1321 2513.97 -13.688 -0.542
2021-05-22 1323 2514.712 0.742 0.03
2021-05-23 1323 2514.712 0 0
2021-05-24 1262 2597.601 82.889 3.296
2021-05-25 1242 2648.243 50.642 1.95
2021-05-26 1275 2591.402 -56.841 -2.146
2021-05-27 1289 2587.355 -4.047 -0.156
2021-05-28 1201 2767.404 180.049 6.959
2021-05-29 1196 2771.795 4.391 0.159
2021-05-30 1196 2771.795 0 0
2021-05-31 1123 2937.456 165.661 5.977
