2020-01-19 1379 1896.037 0 0
2020-02-07 1471 1735.097 -160.94 -9.276
2020-02-15 1443 1786.398 51.301 2.872
2020-02-16 1443 1786.398 0 0
2020-02-17 1445 1786.041 -0.357 -0.02
2020-02-18 1464 1753.558 -32.483 -1.852
2020-02-19 1472 1745.241 -8.317 -0.477
2020-02-20 1451 1780.074 34.833 1.957
2020-02-21 1450 1774.948 -5.126 -0.289
2020-02-22 1453 1769.047 -5.901 -0.334
2020-02-23 1453 1769.047 0 0
2020-02-24 1463 1739.313 -29.734 -1.71
2020-02-25 1500 1679.626 -59.687 -3.554
2020-02-26 1541 1609.57 -70.056 -4.352
2020-02-27 1481 1678.672 69.102 4.116
2020-02-28 1492 1645.482 -33.19 -2.017
2020-02-29 1479 1651.603 6.121 0.371
2020-03-01 1480 1651.603 0 0
2020-03-02 1480 1665.504 13.901 0.835
2020-03-03 1452 1710.453 44.949 2.628
2020-03-04 1475 1691.945 -18.508 -1.094
2020-03-05 1424 1763.188 71.243 4.041
2020-03-06 1435 1726.908 -36.28 -2.101
2020-03-07 1431 1727.405 0.497 0.029
2020-03-08 1426 1727.405 0 0
2020-03-09 1464 1659.912 -67.493 -4.066
2020-03-10 1409 1708.208 48.296 2.827
2020-03-11 1384 1720.594 12.386 0.72
2020-03-12 1369 1687.661 -32.933 -1.951
2020-03-13 1379 1652.762 -34.899 -2.112
2020-03-14 1381 1650.989 -1.773 -0.107
2020-03-15 1380 1650.989 0 0
2020-03-16 1406 1565.832 -85.157 -5.438
2020-03-17 1433 1521.943 -43.889 -2.884
2020-03-18 1358 1586.152 64.209 4.048
2020-03-19 1377 1544.203 -41.949 -2.717
2020-03-20 1346 1592.942 48.739 3.06
2020-03-21 1347 1598.578 5.636 0.353
2020-03-22 1347 1598.578 0 0
2020-03-23 1329 1601.046 2.468 0.154
2020-03-24 1328 1589.216 -11.83 -0.744
2020-03-25 1325 1639.044 49.828 3.04
2020-03-26 1321 1674.745 35.701 2.132
2020-03-27 1328 1686.156 11.411 0.677
2020-03-28 1311 1702.033 15.877 0.933
2020-03-29 1311 1702.033 0 0
2020-03-30 1311 1702.033 0 0
2020-03-31 1314 1684.818 -17.215 -1.022
2020-04-01 1319 1694.336 9.518 0.562
2020-04-02 1314 1678.334 -16.002 -0.953
2020-04-03 1311 1685.444 7.11 0.422
2020-04-04 1297 1700.276 14.832 0.872
2020-04-05 1297 1700.276 0 0
2020-04-06 1297 1700.276 0 0
2020-04-07 1309 1726.63 26.354 1.526
2020-04-08 1346 1732.798 6.168 0.356
2020-04-10 1324 1785.566 52.768 2.955
2020-04-11 1324 1785.566 0 0
2020-04-12 1324 1785.566 0 0
2020-04-13 1328 1779.212 -6.354 -0.357
2020-04-14 1234 1937.702 158.49 8.179
2020-04-15 1237 1934.001 -3.701 -0.191
2020-04-17 1275 1876.529 -57.472 -3.063
2020-04-18 1279 1875.786 -0.743 -0.04
2020-04-19 1281 1875.786 0 0
2020-04-20 1280 1872.265 -3.521 -0.188
2020-04-21 1266 1877.891 5.626 0.3
2020-04-23 1222 1934.944 57.053 2.949
2020-04-24 1218 1940.022 5.078 0.262
2020-04-25 1218 1938.899 -1.123 -0.058
2020-04-26 1218 1938.899 0 0
2020-04-27 1206 1967.745 28.846 1.466
2020-04-28 1217 1970.253 2.508 0.127
2020-04-29 1277 1896.394 -73.859 -3.895
2020-04-30 1306 1878.675 -17.719 -0.943
