2026-05-21 2727 1425.567 0 0
2026-05-22 2725 1427.084 0 0
2026-05-23 2731 1426.202 0 0
2026-05-24 2731 1426.978 0 0
2026-05-25 2730 1423.229 0 0
2026-05-26 2759 1404.327 0 0
2026-05-27 2813 1367.724 0 0
2026-05-28 2881 1314.204 0 0
2026-05-29 2879 1317.713 0 0
2026-05-30 2882 1313.644 0 0
2026-05-31 2883 1314.448 0 0
2026-06-01 2866 1326.347 0 0
2026-06-02 2900 1300.09 0 0
2026-06-03 2929 1288.644 0 0
2026-06-04 2959 1259.283 0 0
2026-06-05 2968 1242.453 0 0
2026-06-06 2960 1246.298 0 0
2026-06-07 2959 1246.784 0 0
2026-06-09 3043 1190.209 0 0
2026-06-10 3125 1137.343 0 0
2026-06-11 3064 1171.657 0 0
2026-06-12 2959 1245.334 0 0
2026-06-13 2941 1260.302 0 0
2026-06-14 2940 1261.767 0 0
2026-06-16 2926 1277.307 0 0
2026-06-17 2951 1268.134 0 0
2026-06-18 3009 1225.085 0 0
2026-06-19 2987 1238.659 0 0
2026-06-20 2987 1238.017 0 0
2026-06-21 2987 1238.017 0 0
2026-06-22 3103 1167.502 0 0
