2019-11-07 402 5112.108 0 0
2020-01-19 382 5588.891 476.783 9.327
2020-02-07 386 5482.982 -105.909 -1.895
2020-02-15 375 5582.958 99.976 1.823
2020-02-16 375 5582.958 0 0
2020-02-17 378 5578.639 -4.319 -0.077
2020-02-18 377 5578.639 0 0
2020-02-19 379 5570.418 -8.221 -0.147
2020-02-20 376 5596.364 25.946 0.466
2020-02-21 370 5609.105 12.741 0.228
2020-02-22 372 5594.623 -14.482 -0.258
2020-02-23 372 5594.623 0 0
2020-02-24 371 5594.623 0 0
2020-02-25 378 5466.185 -128.438 -2.296
2020-02-26 380 5358.232 -107.953 -1.975
2020-02-27 382 5274.294 -83.938 -1.567
2020-02-28 396 5034.579 -239.715 -4.545
2020-02-29 406 4938.406 -96.173 -1.91
2020-03-01 406 4938.406 0 0
2020-03-02 410 4938.406 0 0
2020-03-03 395 5115.16 176.754 3.579
2020-03-04 409 4993.3 -121.86 -2.382
2020-03-05 397 5124.424 131.124 2.626
2020-03-06 416 4889.437 -234.987 -4.586
2020-03-07 425 4861.534 -27.903 -0.571
2020-03-08 428 4861.534 0 0
2020-03-09 392 5000 138.466 2.848
2020-03-10 433 4690.598 -309.402 -6.188
2020-03-11 401 4950.35 259.752 5.538
2020-03-12 432 4584.63 -365.72 -7.388
2020-03-13 458 4177.986 -406.644 -8.87
2020-03-14 434 4435.701 257.715 6.168
2020-03-15 434 4435.701 0 0
2020-03-16 422 4435.701 0 0
2020-03-17 505 3762.85 -672.851 -15.169
2020-03-18 506 3701.729 -61.121 -1.624
2020-03-19 555 3430.434 -271.295 -7.329
2020-03-20 503 3752.209 321.775 9.38
2020-03-21 523 3659.882 -92.327 -2.461
2020-03-22 523 3659.882 0 0
2020-03-23 516 3659.882 0 0
2020-03-24 527 3550.172 -109.71 -2.998
2020-03-25 442 4119.798 569.626 16.045
2020-03-26 444 4169.03 49.232 1.195
2020-03-27 437 4318.538 149.508 3.586
2020-03-28 453 4140.562 -177.976 -4.121
2020-03-29 453 4140.562 0 0
2020-03-30 453 4140.562 0 0
2020-03-31 442 4228.7 88.138 2.129
