2021-04-09 2715 1012.121 0 0
2021-04-10 2714 1010.594 -1.527 -0.151
2021-04-11 2715 1010.594 0 0
2021-04-12  991.348 -19.246 -1.904
2021-04-13  997.614 6.266 0.632
2021-04-15 2700 1007.034 9.42 0.944
2021-04-16 2702 1012.116 5.082 0.505
2021-04-17 2706 1013.621 1.505 0.149
2021-04-18 2706 1013.621 0 0
2021-04-19 2662 1048.574 34.953 3.448
2021-04-20 2648 1057.022 8.448 0.806
2021-04-21 2630 1077.686 20.664 1.955
2021-04-22 2636 1076.698 -0.988 -0.092
2021-04-23 2636 1081.983 5.285 0.491
2021-04-24 2636 1081.983 0 0
2021-04-25 2639 1081.15 -0.833 -0.077
2021-04-26 2641 1079.492 -1.658 -0.153
2021-04-27 2630 1093.612 14.12 1.308
2021-04-28 2634 1093.295 -0.317 -0.029
2021-04-29 2621 1100.171 6.876 0.629
2021-04-30 2629 1093.179 -6.992 -0.636
2021-05-01 2627 1092.284 -0.895 -0.082
2021-05-02 2626 1092.284 0 0
2021-05-03 2627 1092.284 0 0
2021-05-04 2622 1092.284 0 0
2021-05-05 2619 1092.284 0 0
2021-05-06 2636 1077.617 -14.667 -1.343
2021-05-07 2653 1057.838 -19.779 -1.835
2021-05-08 2654 1060.344 2.506 0.237
2021-05-09 2654 1060.344 0 0
2021-05-10 2647 1063.525 3.181 0.3
2021-05-11 2545 1134.474 70.949 6.671
2021-05-12 2530 1141.904 7.43 0.655
2021-05-13 2538 1131.615 -10.289 -0.901
2021-05-14 2535 1140.49 8.875 0.784
2021-05-15 2532 1144.035 3.545 0.311
2021-05-16 2532 1144.035 0 0
2021-05-17 2539 1140.385 -3.65 -0.319
2021-05-18 2524 1157.053 16.668 1.462
2021-05-19 2553 1141.112 -15.941 -1.378
2021-05-20 2528 1163.476 22.364 1.96
2021-05-21 2548 1147.283 -16.193 -1.392
2021-05-22 2547 1147.622 0.339 0.03
2021-05-23 2547 1147.622 0 0
2021-05-24 2487 1190.358 42.736 3.724
2021-05-25 2382 1270.659 80.301 6.746
2021-05-26 2395 1260.397 -10.262 -0.808
2021-05-27 2400 1260.323 -0.074 -0.006
2021-05-28 2386 1277.04 16.717 1.326
2021-05-29 2386 1279.066 2.026 0.159
2021-05-30 2386 1279.066 0 0
2021-05-31 2386 1281.526 2.46 0.192
