2025-10-25 3113 1007.164 0 0
2025-10-26 3113 1007.164 0 0
2025-10-27  983.801 -23.363 -2.32
2026-01-09 3149 1022.258 38.457 3.909
2026-01-10 3158 1019.853 -2.405 -0.235
2026-01-11 3158 1019.853 0 0
2026-01-12 3116 1043.381 23.528 2.307
2026-01-13 3074 1082.781 39.4 3.776
2026-01-14 3111 1047.066 -35.715 -3.298
2026-01-15 3116 1051.257 4.191 0.4
2026-01-16 3068 1087.476 36.219 3.445
2026-01-17 3069 1085.341 -2.135 -0.196
2026-01-18 3068 1085.341 0 0
2026-01-19 3120 1043.288 -42.053 -3.875
2026-01-20 3122 1038.436 -4.852 -0.465
2026-01-21 3142 1027.036 -11.4 -1.098
2026-01-22 3112 1051.023 23.987 2.336
2026-01-23 3116 1055.809 4.786 0.455
2026-01-24 3119 1053.144 -2.665 -0.252
2026-01-25 3119 1053.144 0 0
2026-01-26 3109 1060.406 7.262 0.69
2026-01-27 3130 1047.657 -12.749 -1.202
2026-01-28 3104 1066.095 18.438 1.76
2026-01-29 3019 1127.177 61.082 5.73
2026-01-30 3034 1109.113 -18.064 -1.603
2026-01-31 3036 1107.389 -1.724 -0.155
2026-02-01 3035 1107.389 0 0
2026-02-02 3017 1109.803 2.414 0.218
2026-02-03 2988 1139.182 29.379 2.647
2026-02-04 2958 1166.019 26.837 2.356
2026-02-05 2977 1145.958 -20.061 -1.72
2026-02-06 2961 1155.658 9.7 0.846
2026-02-07 2963 1153.694 -1.964 -0.17
2026-02-08 2965 1153.694 0 0
2026-02-09 2925 1187.399 33.705 2.921
2026-02-10 2945 1179.048 -8.351 -0.703
2026-02-11 2952 1177.286 -1.762 -0.149
2026-02-12 2938 1183.042 5.756 0.489
2026-02-13 2924 1192.219 9.177 0.776
2026-02-14 2922 1189.597 -2.622 -0.22
2026-02-15 2920 1189.597 0 0
2026-02-16 2895 1203.2 13.603 1.143
2026-02-17 2947 1175.993 -27.207 -2.261
2026-02-18 2932 1185.831 9.838 0.837
2026-02-19 2972 1161.072 -24.759 -2.088
2026-02-20 2976 1151.374 -9.698 -0.835
2026-02-21 2984 1149.226 -2.148 -0.187
2026-02-22 2984 1149.226 0 0
2026-02-23 2968 1157.209 7.983 0.695
2026-02-24 2966 1159.651 2.442 0.211
2026-02-25 2992 1148.16 -11.491 -0.991
2026-02-26 3008 1138.448 -9.712 -0.846
2026-02-27 3032 1121.849 -16.599 -1.458
2026-02-28 3037 1120.126 -1.723 -0.154
2026-03-01 3030 1120.126 0 0
2026-03-02 3007 1131.274 11.148 0.995
