2021-04-09 1282 2502.6 0 0
2021-04-10 1280 2502.6 0 0
2021-04-11 1280 2502.6 0 0
2021-04-12 1267 2519.694 17.094 0.683
2021-04-13 1265 2519.694 0 0
2021-04-14 1257 2560.445 40.751 1.617
2021-04-15 1253 2571.423 10.978 0.429
2021-04-16 1306 2461.566 -109.857 -4.272
2021-04-17 1309 2461.566 0 0
2021-04-18 1310 2461.566 0 0
2021-04-19 1392 2329.114 -132.452 -5.381
2021-04-20 1378 2350.197 21.083 0.905
2021-04-21 1372 2359.665 9.468 0.403
2021-04-22 1458 2236.279 -123.386 -5.229
2021-04-23 1442 2271.316 35.037 1.567
2021-04-24 1442 2271.316 0 0
2021-04-25 1443 2271.316 0 0
2021-04-26 1376 2379.403 108.087 4.759
2021-04-27 1344 2422.302 42.899 1.803
2021-04-28 1343 2431.345 9.043 0.373
2021-04-29 1391 2370.408 -60.937 -2.506
2021-04-30 1381 2375.484 5.076 0.214
2021-05-01 1375 2375.484 0 0
