2022-04-05 2338 1275 0 0
2022-04-06 2328 1275 0 0
2022-04-07 2327 1261.588 -13.412 -1.063
2022-04-08 2314 1272.847 11.259 0.885
2022-04-09 2314 1272.867 0.02 0.002
2022-04-10 2315 1272.867 0 0
2022-04-11 2367 1205.189 -67.678 -5.616
2022-04-12 2437 1152.238 -52.951 -4.595
2022-04-13 2514 1107.556 -44.682 -4.034
2022-04-14 2554 1072.939 -34.617 -3.226
2022-04-15 2556 1070.878 -2.061 -0.192
2022-04-16 2556 1070.878 0 0
2022-04-17 2556 1070.878 0 0
2022-04-18 2471 1128.643 57.765 5.118
2022-04-19 2478 1122.718 -5.925 -0.528
2022-04-20 2479 1119.69 -3.028 -0.27
2022-04-21 2499 1093.656 -26.034 -2.38
2022-04-22 2490 1088.959 -4.697 -0.431
2022-04-23 2494 1082.748 -6.211 -0.574
2022-04-24 2494 1082.748 0 0
2022-04-25 2574 996.727 -86.021 -8.63
2022-04-27 2521 1031.706 34.979 3.39
2022-04-28 2544 1012.805 -18.901 -1.866
2022-04-29 2430 1104.511 91.706 8.303
2022-04-30 2433 1108.736 4.225 0.381
2022-05-01 2433 1108.736 0 0
2022-05-02 2430 1108.736 0 0
2022-05-03 2425 1108.736 0 0
2022-05-04 2430 1108.736 0 0
2022-05-05 2355 1152.939 44.203 3.834
2022-05-06 2354 1138.786 -14.153 -1.243
2022-05-07 2361 1128.224 -10.562 -0.936
2022-05-08 2361 1128.224 0 0
2022-05-09 2323 1142.44 14.216 1.244
2022-05-10 2319 1138.1 -4.34 -0.381
2022-05-11 2307 1145.47 7.37 0.643
2022-05-12 2294 1154.622 9.152 0.793
2022-05-13 2298 1162.993 8.371 0.72
2022-05-14 2293 1164.125 1.132 0.097
2022-05-15 2294 1164.125 0 0
2022-05-16 2295 1159.653 -4.472 -0.386
2022-05-17 2309 1160.876 1.223 0.105
2022-05-18 2244 1212.229 51.353 4.236
2022-05-19 2246 1215.704 3.475 0.286
2022-05-20 2253 1215.984 0.28 0.023
2022-05-21 2242 1232.927 16.943 1.374
2022-05-22 2243 1232.927 0 0
2022-05-23 2253 1218.084 -14.843 -1.219
2022-05-24 2288 1177.166 -40.918 -3.476
2022-05-25 2227 1240.143 62.977 5.078
2022-05-26 2210 1254.811 14.668 1.169
2022-05-27 2294 1184.593 -70.218 -5.928
2022-05-28 2296 1189.731 5.138 0.432
2022-05-29 2295 1189.731 0 0
2022-05-30 2265 1221.674 31.943 2.615
2022-05-31 2267 1217.455 -4.219 -0.347
2022-06-01 2198 1286.36 68.905 5.357
2022-06-02 2204 1275.756 -10.604 -0.831
2022-06-03 2201 1279.425 3.669 0.287
2022-06-04 2200 1279.425 0 0
2022-06-05 2200 1279.425 0 0
2022-06-06 2261 1234.9 -44.525 -3.606
2022-06-07 2225 1262.458 27.558 2.183
2022-06-08 2255 1236.827 -25.631 -2.072
2022-06-09 2253 1230.699 -6.128 -0.498
2022-06-10 2230 1245.676 14.977 1.202
2022-06-11 2221 1244.354 -1.322 -0.106
2022-06-12 2221 1244.354 0 0
2022-06-13 2175 1263.694 19.34 1.53
2022-06-14 2163 1260.503 -3.191 -0.253
2022-06-15 2213 1223.546 -36.957 -3.02
2022-06-16 2191 1236.882 13.336 1.078
2022-06-17 2203 1230.618 -6.264 -0.509
2022-06-18 2200 1233.464 2.846 0.231
2022-06-19 2200 1233.464 0 0
2022-06-20 2185 1250.361 16.897 1.351
2022-06-21 2225 1225.438 -24.923 -2.034
2022-06-22 2248 1204.129 -21.309 -1.77
2022-06-23 2224 1226.385 22.256 1.815
2022-06-24 2234 1223.628 -2.757 -0.225
2022-06-25 2234 1226.26 2.632 0.215
2022-06-26 2234 1226.26 0 0
2022-06-27 2187 1269.391 43.131 3.398
2022-06-28 2181 1276.474 7.083 0.555
2022-06-29 2212 1244.513 -31.961 -2.568
2022-06-30 2114 1310.744 66.231 5.053
2022-07-01 2124 1298.164 -12.58 -0.969
2022-07-02 2124 1296.905 -1.259 -0.097
2022-07-03 2127 1296.905 0 0
2022-07-04 2103 1329.855 32.95 2.478
2022-07-05 2138 1296.905 -32.95 -2.541
2022-07-06 2156 1266.375 -30.53 -2.411
2022-07-07 2188 1241.027 -25.348 -2.043
2022-07-08 2169 1259.006 17.979 1.428
2022-07-09 2170 1259.381 0.375 0.03
2022-07-10 2170 1259.381 0 0
2022-07-11 2212 1224.34 -35.041 -2.862
2022-07-12 2201 1214.177 -10.163 -0.837
2022-07-13 2206 1209.237 -4.94 -0.409
2022-07-14 2216 1201.326 -7.911 -0.659
2022-07-15 2261 1162.808 -38.518 -3.312
2022-07-16 2270 1159.492 -3.316 -0.286
2022-07-17 2270 1159.492 0 0
2022-07-18 2225 1198.811 39.319 3.28
2022-07-19 2189 1237.735 38.924 3.145
2022-07-20 2129 1299.264 61.529 4.736
2022-07-21 2078 1347.182 47.918 3.557
2022-07-22 2162 1267.647 -79.535 -6.274
2022-07-23 2164 1267.198 -0.449 -0.035
2022-07-24 2163 1267.198 0 0
2022-07-25 2208 1229.546 -37.652 -3.062
2022-07-26 2180 1252.973 23.427 1.87
2022-07-27 2155 1273.72 20.747 1.629
2022-07-28 2121 1301.373 27.653 2.125
2022-07-29 2030 1393.366 91.993 6.602
2022-07-30 2029 1394.938 1.572 0.113
2022-07-31 2029 1394.938 0 0
2022-08-01 2019 1403.341 8.403 0.599
2022-08-02 2029 1395.913 -7.428 -0.532
2022-08-03 2066 1363.736 -32.177 -2.359
2022-08-04 2053 1377.73 13.994 1.016
2022-08-05 2079 1358.774 -18.956 -1.395
2022-08-06 2076 1359.841 1.067 0.078
2022-08-07 2076 1359.841 0 0
2022-08-08 2069 1371.581 11.74 0.856
2022-08-09 1979 1448.772 77.191 5.328
2022-08-10 1966 1466.844 18.072 1.232
2022-08-11 1896 1532.709 65.865 4.297
2022-08-12 2003 1451.822 -80.887 -5.571
2022-08-13 1995 1452.684 0.862 0.059
2022-08-14 1994 1452.684 0 0
2022-08-15 1926 1500.602 47.918 3.193
2022-08-16 2107 1344.811 -155.791 -11.585
2022-08-17 2109 1333.352 -11.459 -0.859
2022-08-18 2060 1378.697 45.345 3.289
2022-08-19 2076 1353.676 -25.021 -1.848
2022-08-20 2075 1350.177 -3.499 -0.259
2022-08-21 2075 1350.177 0 0
2022-08-22 2065 1357.244 7.067 0.521
2022-08-23 2048 1365.956 8.712 0.638
2022-08-24 2091 1315.632 -50.324 -3.825
2022-08-25 2161 1269.091 -46.541 -3.667
2022-08-26 2142 1280.942 11.851 0.925
2022-08-27 2146 1278.721 -2.221 -0.174
2022-08-28 2145 1278.721 0 0
2022-08-29 2168 1256.034 -22.687 -1.806
2022-08-30 2196 1223.366 -32.668 -2.67
2022-08-31 2233 1195.927 -27.439 -2.294
2022-09-01 2229 1185.829 -10.098 -0.852
2022-09-03 2207 1203.626 17.797 1.479
2022-09-04 2209 1203.626 0 0
2022-09-05 2190 1214.699 11.073 0.912
2022-09-06 2169 1230.283 15.584 1.267
2022-09-07 2205 1200.416 -29.867 -2.488
2022-09-08 2214 1195.488 -4.928 -0.412
2022-09-09 2227 1191.898 -3.59 -0.301
2022-09-11 2229 1199.702 7.804 0.65
2022-09-12 2233 1199.702 0 0
2022-09-13 2228 1205.84 6.138 0.509
2022-09-14 2248 1177.814 -28.026 -2.379
2022-09-15 2328 1113.21 -64.604 -5.803
2022-09-16 2356 1070.966 -42.244 -3.944
2022-09-17 2360 1064.421 -6.545 -0.615
2022-09-18 2361 1064.421 0 0
2022-09-19 2359 1073.292 8.871 0.827
2022-09-20 2346 1088.83 15.538 1.427
2022-09-21 2320 1093.907 5.077 0.464
2022-09-22 2292 1116.617 22.71 2.034
2022-09-23 2295 1090.474 -26.143 -2.397
2022-09-24 2289 1085.905 -4.569 -0.421
2022-09-25 2290 1085.905 0 0
2022-09-26 2294 1073.565 -12.34 -1.149
2022-09-27 2315 1083.937 10.372 0.957
2022-09-28 2324 1073.134 -10.803 -1.007
2022-09-29 2320 1073.134 0 0
2022-09-30 2343 1046.666 -26.468 -2.529
2022-10-01 2334 1062.636 15.97 1.503
2022-10-02 2331 1062.636 0 0
2022-10-03 2338 1062.636 0 0
2022-10-04 2351 1062.636 0 0
2022-10-05 2361 1062.636 0 0
2022-10-06 2357 1062.636 0 0
2022-10-07 2347 1062.636 0 0
2022-10-08 2346 1062.636 0 0
2022-10-09 2346 1062.636 0 0
2022-10-10 2376 1025.911 -36.725 -3.58
2022-10-11 2349 1032.341 6.43 0.623
2022-10-12 2341 1042.076 9.735 0.934
2022-10-13 2337 1047.872 5.796 0.553
2022-10-14 2300 1082.153 34.281 3.168
2022-10-15 2302 1082.394 0.241 0.022
2022-10-16 2301 1082.394 0 0
2022-10-17 2239 1131.987 49.593 4.381
2022-10-18 2217 1160.294 28.307 2.44
2022-10-19 2218 1151.091 -9.203 -0.8
2022-10-20 2226 1143.478 -7.613 -0.666
2022-10-21 2254 1124.011 -19.467 -1.732
2022-10-22 2253 1122.181 -1.83 -0.163
2022-10-23 2252 1122.181 0 0
2022-10-24 2266 1103.049 -19.132 -1.734
2022-10-25 2286 1095.019 -8.03 -0.733
2022-10-26 2271 1119.304 24.285 2.17
2022-10-27 2255 1135.516 16.212 1.428
2022-10-28 2139 1218.221 82.705 6.789
2022-10-29 2143 1210.735 -7.486 -0.618
2022-10-30 2143 1210.735 0 0
2022-10-31 2136 1209.564 -1.171 -0.097
2022-11-01 2078 1271.352 61.788 4.86
2022-11-02 2088 1263.295 -8.057 -0.638
2022-11-03 2019 1319.713 56.418 4.275
2022-11-04 2014 1321.684 1.971 0.149
2022-11-05 2017 1331.085 9.401 0.706
2022-11-06 2017 1331.085 0 0
2022-11-07 2110 1253.977 -77.108 -6.149
2022-11-08 2126 1245.401 -8.576 -0.689
2022-11-09 2121 1234.762 -10.639 -0.862
2022-11-10 2157 1206.31 -28.452 -2.359
2022-11-11 2156 1235.365 29.055 2.352
2022-11-12 2146 1258.476 23.111 1.836
2022-11-13 2146 1258.476 0 0
2022-11-14 2237 1191.633 -66.843 -5.609
2022-11-15 2198 1228.141 36.508 2.973
2022-11-16 2215 1209.329 -18.812 -1.556
2022-11-17 2219 1199.805 -9.524 -0.794
2022-11-18 2168 1235.512 35.707 2.89
2022-11-19 2170 1235.356 -0.156 -0.013
2022-11-20 2170 1235.356 0 0
2022-11-21 2123 1266.726 31.37 2.476
2022-11-22 2138 1251.24 -15.486 -1.238
2022-11-23 2109 1272.205 20.965 1.648
2022-11-24 2164 1230.471 -41.734 -3.392
2022-11-25 2155 1230.867 0.396 0.032
2022-11-26 2155 1230.867 0 0
2022-11-27 2159 1229.56 -1.307 -0.106
2022-11-28 2172 1218.099 -11.461 -0.941
2022-11-29 2212 1199.859 -18.24 -1.52
2022-11-30 2247 1183.661 -16.198 -1.368
