2019-11-07 1505 1652.24 0 0
2020-01-19 1502 1737.56 85.32 5.164
2020-02-07 1458 1751.24 13.68 0.787
2020-02-15 1473 1737.56 -13.68 -0.781
2020-02-16 1473 1737.56 0 0
2020-02-17 1474 1737.56 0 0
2020-02-18 1482 1730.36 -7.2 -0.414
2020-02-19 1487 1728.2 -2.16 -0.125
2020-02-20 1486 1728.2 0 0
2020-02-21 1493 1721.72 -6.48 -0.375
2020-02-22 1492 1721.72 0 0
2020-02-23 1493 1721.72 0 0
2020-02-24 1503 1694.36 -27.36 -1.589
2020-02-25 1505 1671.32 -23.04 -1.36
2020-02-26 1509 1651.88 -19.44 -1.163
2020-02-27 1504 1642.52 -9.36 -0.567
2020-02-28 1481 1665.56 23.04 1.403
2020-02-29 1471 1665.56 0 0
2020-03-01 1472 1665.56 0 0
2020-03-02 1485 1657.64 -7.92 -0.476
2020-03-03 1594 1535.96 -121.68 -7.341
2020-03-04 1584 1558.28 22.32 1.453
2020-03-05 1610 1525.88 -32.4 -2.079
2020-03-06 1592 1530.92 5.04 0.33
2020-03-07 1589 1530.92 0 0
2020-03-08 1586 1530.92 0 0
2020-03-09 1573 1508.6 -22.32 -1.458
2020-03-10 1558 1523 14.4 0.955
2020-03-11 1553 1505 -18 -1.182
2020-03-12 1554 1461.8 -43.2 -2.87
2020-03-13 1529 1469 7.2 0.493
2020-03-14 1530 1469 0 0
2020-03-15 1530 1469 0 0
2020-03-16 1504 1457.48 -11.52 -0.784
2020-03-17 1497 1454.6 -2.88 -0.198
2020-03-18 1518 1400.6 -54 -3.712
2020-03-19 1524 1379.72 -20.88 -1.491
2020-03-20 1546 1365.32 -14.4 -1.044
2020-03-21 1546 1365.32 0 0
2020-03-22 1546 1365.32 0 0
2020-03-23 1548 1335.8 -29.52 -2.162
2020-03-24 1540 1335.8 0 0
2020-03-25 1532 1387.64 51.84 3.881
2020-03-26 1551 1384.76 -2.88 -0.208
2020-03-27 1552 1404.92 20.16 1.456
2020-03-28 1574 1368.92 -36 -2.562
2020-03-29 1574 1368.92 0 0
2020-03-30 1574 1368.92 0 0
2020-03-31 1558 1390.52 21.6 1.578
