2026-04-18 3374 1016.225 0 0
2026-04-19 3374 1016.225 0 0
2026-04-20 3321 1062.034 45.809 4.508
2026-04-21 3227 1117.127 55.093 5.187
2026-04-22 3177 1153.906 36.779 3.292
2026-04-23 3174 1141.68 -12.226 -1.06
2026-04-24 3151 1150.507 8.827 0.773
2026-04-25 3150 1150.507 0 0
2026-04-26 3150 1150.507 0 0
2026-04-27 3164 1141.629 -8.878 -0.772
2026-04-28 3149 1151.37 9.741 0.853
2026-04-29 3166 1138.231 -13.139 -1.141
2026-04-30 3127 1159.994 21.763 1.912
2026-05-01 3126 1163.088 3.094 0.267
2026-05-02 3127 1163.088 0 0
2026-05-04 3115 1165.878 2.79 0.24
2026-05-05 3115 1165.878 0 0
2026-05-06 3064 1204.636 0 0
2026-05-07 3028 1226.907 0 0
2026-05-08 3112 1181.605 0 0
2026-05-09 3088 1192.664 0 0
2026-05-10 3097 1192.664 0 0
2026-05-11 3100 1192.664 0 0
2026-05-12 3091 1197.077 0 0
2026-05-13 3107 1180.996 0 0
2026-05-14 3077 1202.708 0 0
2026-05-15 3095 1190.533 0 0
2026-05-16 3131 1163.443 0 0
2026-05-17 3128 1163.443 0 0
2026-05-18 3124 1163.443 0 0
2026-05-19 3133 1159.588 0 0
2026-05-20 3170 1133.158 0 0
2026-05-21 3145 1158.167 0 0
2026-05-22 3113 1176.126 0 0
2026-05-23 3045 1217.674 0 0
2026-05-24 3037 1217.674 0 0
2026-05-25 3039 1217.674 0 0
2026-05-26 3037 1217.674 0 0
2026-05-27 2963 1270.738 0 0
2026-05-28 2893 1309.952 0 0
2026-05-29 2870 1322.787 0 0
2026-05-30 2873 1319.743 0 0
2026-05-31 2874 1319.743 0 0
2026-06-01 2881 1319.743 0 0
2026-06-02 2860 1327.048 0 0
2026-06-03 2801 1376.865 0 0
2026-06-04 2763 1395.736 0 0
2026-06-05 2746 1404.462 0 0
2026-06-06 2796 1362.102 0 0
2026-06-07 2796 1362.102 0 0
2026-06-09 2790 1355.507 0 0
2026-06-10 2772 1368.697 0 0
2026-06-11 2772 1361.291 0 0
2026-06-12 2705 1418.159 0 0
2026-06-13 2690 1434.443 0 0
2026-06-14 2699 1434.443 0 0
2026-06-16 2789 1380.822 0 0
2026-06-17 2781 1391.475 0 0
2026-06-18 2800 1370.371 0 0
2026-06-19 2951 1267.795 0 0
2026-06-20 2938 1267.795 0 0
2026-06-21 2938 1267.795 0 0
2026-06-22 2938 1267.795 0 0
2026-06-23 2929 1273.223 0 0
2026-06-24 2981 1236.241 0 0
2026-06-25 2990 1224.776 0 0
2026-06-26 2905 1273.325 0 0
2026-06-27 2959 1245.372 0 0
2026-06-28 2959 1245.372 0 0
2026-06-29 2967 1245.372 0 0
2026-06-30 3054 1188.2 0 0
2026-07-01 3114 1164.052 0 0
2026-07-02 3172 1124.99 0 0
2026-07-03 3187 1118.04 0 0
2026-07-04 3186 1118.04 0 0
2026-07-05 3186 1118.04 0 0
2026-07-06 3184 1118.04 0 0
2026-07-07 3143 1151.928 0 0
2026-07-08 3115 1164.864 0 0
2026-07-09 3106 1160.501 0 0
2026-07-10 3170 1126.512 0 0
2026-07-11 3126 1158.776 0 0
2026-07-12 3129 1158.776 0 0
2026-07-13 3120 1158.776 0 0
2026-07-14 3059 1187.794 0 0
