2019-11-07 1160 2152.208 0 0
2020-01-19 1183 2228.911 76.703 3.564
2020-02-07 1205 2157.018 -71.893 -3.225
2020-02-15 1207 2169.337 12.319 0.571
2020-02-16 1208 2169.337 0 0
2020-02-17 1211 2178.035 8.698 0.401
2020-02-18 1196 2196.22 18.185 0.835
2020-02-19 1183 2221.961 25.741 1.172
2020-02-20 1177 2230.071 8.11 0.365
2020-02-21 1150 2262.821 32.75 1.469
2020-02-22 1154 2257.991 -4.83 -0.213
2020-02-23 1154 2257.991 0 0
2020-02-24 1115 2302.511 44.52 1.972
2020-02-25 1121 2279.857 -22.654 -0.984
2020-02-26 1120 2256.283 -23.574 -1.034
2020-02-27 1107 2266.718 10.435 0.462
2020-02-28 1117 2225.35 -41.368 -1.825
2020-02-29 1115 2230.126 4.776 0.215
2020-03-01 1114 2230.126 0 0
2020-03-02 1124 2227.527 -2.599 -0.117
2020-03-03 1116 2245.312 17.785 0.798
2020-03-04 1110 2269.361 24.049 1.071
2020-03-05 1106 2283.426 14.065 0.62
2020-03-06 1093 2289.449 6.023 0.264
2020-03-07 1092 2290.091 0.642 0.028
2020-03-08 1088 2290.091 0 0
2020-03-09 1084 2252.482 -37.609 -1.642
2020-03-10 1084 2239.57 -12.912 -0.573
2020-03-11 1061 2253.275 13.705 0.612
2020-03-12 1027 2229.328 -23.947 -1.063
2020-03-13 1012 2209.578 -19.75 -0.886
2020-03-14 1022 2209.937 0.359 0.016
2020-03-15 1022 2209.937 0 0
2020-03-16 997 2190.959 -18.978 -0.859
2020-03-17 996 2169.13 -21.829 -0.996
2020-03-18 996 2151.668 -17.462 -0.805
2020-03-19 986 2154.037 2.369 0.11
2020-03-20 984 2169.224 15.187 0.705
2020-03-21 977 2174.027 4.803 0.221
2020-03-22 977 2174.027 0 0
2020-03-23 984 2155.786 -18.241 -0.839
2020-03-24 974 2147.19 -8.596 -0.399
2020-03-25 978 2197.619 50.429 2.349
2020-03-26 979 2225.655 28.036 1.276
2020-03-27 990 2247.107 21.452 0.964
2020-03-28 980 2254.471 7.364 0.328
2020-03-29 980 2254.471 0 0
2020-03-30 980 2254.471 0 0
2020-03-31 986 2227.451 -27.02 -1.199
