2020-04-08 644 3384.242 0 0
2020-04-09 566 3683.015 298.773 8.828
2020-04-10 571 3683.015 0 0
2020-04-11 571 3683.015 0 0
2020-04-12 571 3683.015 0 0
2020-04-13 623 3487.535 -195.48 -5.308
2020-04-14 628 3465.322 -22.213 -0.637
2020-04-15 678 3295.388 -169.934 -4.904
2020-04-16 612 3523.077 227.689 6.909
2020-04-17 566 3730.774 207.697 5.895
2020-04-18 572 3730.774 0 0
2020-04-19 572 3730.774 0 0
2020-04-20 526 3966.238 235.464 6.311
2020-04-21 534 3850.728 -115.51 -2.912
2020-04-23 586 3640.809 -209.919 -5.451
2020-04-24 617 3526.409 -114.4 -3.142
2020-04-25 619 3526.409 0 0
2020-04-26 619 3526.409 0 0
2020-04-27 531 3934.029 407.62 11.559
2020-04-28 481 4235.023 300.994 7.651
2020-04-29 473 4328.32 93.297 2.203
2020-04-30 467 4393.85 65.53 1.514
