2019-11-07 1263 1980.38 0 0
2020-01-19 1170 2256.957 276.577 13.966
2020-02-07 1131 2296.319 39.362 1.744
2020-02-15 1111 2347.067 50.748 2.21
2020-02-16 1111 2347.067 0 0
2020-02-17 1091 2387.708 40.641 1.732
2020-02-18 1088 2387.708 0 0
2020-02-19 1085 2394.641 6.933 0.29
2020-02-20 1062 2428.616 33.975 1.419
2020-02-21 1083 2376.394 -52.222 -2.15
2020-02-22 1131 2314.934 -61.46 -2.586
2020-02-23 1131 2314.934 0 0
2020-02-24 1113 2314.934 0 0
2020-02-25 1117 2286.827 -28.107 -1.214
2020-02-26 1135 2232.644 -54.183 -2.369
2020-02-27 1126 2237.173 4.529 0.203
2020-02-28 1175 2120.683 -116.49 -5.207
2020-02-29 1195 2096.577 -24.106 -1.137
