2022-04-05 1883 1627.5 0 0
2022-04-06 1882 1627.5 0 0
2022-04-07 1867 1627.5 0 0
2022-04-08 1868 1627.5 0 0
2022-04-09 1871 1627.5 0 0
2022-04-10 1871 1627.5 0 0
2022-04-11 1865 1627.5 0 0
2022-04-12 1858 1627.5 0 0
2022-04-13 1858 1627.5 0 0
2022-04-14 1861 1627.5 0 0
2022-04-15 1861 1627.5 0 0
2022-04-16 1861 1627.5 0 0
2022-04-17 1861 1627.5 0 0
2022-04-18 1858 1627.5 0 0
2022-04-19 1860 1627.5 0 0
2022-04-20 1855 1627.5 0 0
2022-04-21 1837 1627.5 0 0
2022-04-22 1830 1627.5 0 0
2022-04-23 1822 1627.5 0 0
2022-04-24 1819 1627.5 0 0
2022-04-25 1796 1627.5 0 0
2022-04-26 1780 1627.5 0 0
2022-04-27 1778 1627.5 0 0
2022-04-28 1784 1627.5 0 0
2022-04-29 1786 1627.5 0 0
2022-04-30 1786 1627.5 0 0
2022-05-01 1786 1627.5 0 0
2022-05-02 1794 1627.5 0 0
2022-05-03 1787 1627.5 0 0
2022-05-04 1782 1627.5 0 0
2022-05-05 1784 1627.5 0 0
2022-05-06 1768 1627.5 0 0
2022-05-07 1761 1627.5 0 0
2022-05-08 1760 1627.5 0 0
2022-05-09 1749 1627.5 0 0
2022-05-10 1744 1627.5 0 0
2022-05-11 1746 1627.5 0 0
2022-05-12 1745 1627.5 0 0
2022-05-13 1753 1627.5 0 0
2022-05-14 1751 1627.5 0 0
2022-05-15 1752 1627.5 0 0
2022-05-16 1752 1627.5 0 0
2022-05-17 1760 1627.5 0 0
2022-05-18 1763 1627.5 0 0
2022-05-19 1767 1627.5 0 0
2022-05-20 1774 1627.5 0 0
2022-05-21 1777 1627.5 0 0
2022-05-22 1777 1627.5 0 0
2022-05-23 1773 1627.5 0 0
2022-05-24 1762 1627.5 0 0
2022-05-25 1767 1627.5 0 0
2022-05-26 1772 1627.5 0 0
2022-05-27 1780 1627.5 0 0
2022-05-28 1782 1627.5 0 0
2022-05-29 1782 1627.5 0 0
2022-05-30 1785 1627.5 0 0
2022-05-31 1794 1627.5 0 0
