2021-10-06 954 3442.668 0 0
2021-10-07 965 3439.096 -3.572 -0.104
2021-10-08 962 3448.024 8.928 0.259
2021-10-09 948 3482.065 34.041 0.978
2021-10-10 948 3482.065 0 0
2021-10-11 947 3478.605 -3.46 -0.099
2021-10-12 868 3725.594 246.989 6.63
2021-10-13 846 3819.538 93.944 2.46
2021-10-14 756 4198.29 378.752 9.022
2021-10-15 739 4310.641 112.351 2.606
2021-10-16 739 4310.641 0 0
2021-10-17 738 4310.641 0 0
2021-10-18 754 4236.72 -73.921 -1.745
2021-10-19 796 4061.116 -175.604 -4.324
2021-10-20 830 3938.531 -122.585 -3.112
2021-10-21 837 3922.418 -16.113 -0.411
2021-10-22 870 3794.172 -128.246 -3.38
2021-10-23 872 3794.172 0 0
2021-10-25 829 3970.32 176.148 4.437
2021-10-26 859 3843.271 -127.049 -3.306
2021-10-27 957 3488.688 -354.583 -10.164
2021-10-28 908 3657.433 168.745 4.614
2021-10-29 930 3570.775 -86.658 -2.427
2021-10-30 928 3570.775 0 0
2021-10-31 928 3570.775 0 0
2021-11-01 878 3773.487 202.712 5.372
2021-11-02 899 3705.172 -68.315 -1.844
2021-11-03 913 3658.631 -46.541 -1.272
2021-11-04 917 3658.631 0 0
2021-11-05 905 3674.417 15.786 0.43
2021-11-06 908 3674.417 0 0
2021-11-07 908 3674.417 0 0
2021-11-08 909 3674.417 0 0
2021-11-09 968 3480.087 -194.33 -5.584
2021-11-10 970 3480.087 0 0
2021-11-11 1266 2743.16 -736.927 -26.864
2021-11-12 1153 2940.864 197.704 6.723
2021-11-13 1153 2940.864 0 0
2021-11-14 1153 2940.864 0 0
2021-11-15 1321 2609.906 -330.958 -12.681
2021-11-16 1321 2634.183 24.277 0.922
2021-11-17 1338 2590.745 -43.438 -1.677
2021-11-18 1331 2590.2 -0.545 -0.021
2021-11-19 1465 2318.03 -272.17 -11.741
2021-11-20 1461 2318.03 0 0
2021-11-21 1461 2318.03 0 0
2021-11-22 1474 2301.918 -16.112 -0.7
2021-11-23 1538 2213.408 -88.51 -3.999
2021-11-24 1445 2324.889 111.481 4.795
2021-11-25 1447 2324.889 0 0
2021-11-26 1429 2344.594 19.705 0.84
2021-11-27 1431 2344.594 0 0
2021-11-28 1431 2344.594 0 0
2021-11-29 1416 2378.343 33.749 1.419
2021-11-30 1460 2295.386 -82.957 -3.614
