2022-03-12 1571 1861.043 0 0
2022-03-13 1568 1861.043 0 0
2022-03-14 1554 1861.043 0 0
2022-03-15 1549 1850.361 -10.682 -0.577
2022-03-16 1581 1844.242 -6.119 -0.332
2022-03-17 1596 1854.034 9.792 0.528
2022-03-18 1608 1853.567 -0.467 -0.025
2022-03-19 1608 1848.936 -4.631 -0.25
2022-03-20 1608 1848.936 0 0
2022-03-21 1610 1848.936 0 0
2022-03-22 1615 1850.215 1.279 0.069
2022-03-23 1619 1850.099 -0.116 -0.006
2022-03-24 1620 1846.007 -4.092 -0.222
2022-03-25 1617 1847.456 1.449 0.078
2022-03-26 1616 1848.355 0.899 0.049
2022-03-27 1616 1848.355 0 0
2022-03-28 1620 1848.355 0 0
2022-03-29 1617 1847.195 -1.16 -0.063
2022-03-30 1634 1846.528 -0.667 -0.036
2022-04-01 1625 1852.079 5.551 0.3
2022-04-02 1633 1850.39 -1.689 -0.091
2022-04-03 1633 1850.39 0 0
2022-04-05 1704 1850.39 0 0
2022-04-06 1690 1850.39 0 0
2022-04-07 1679 1848.907 -1.483 -0.08
2022-04-08 1673 1849.111 0.204 0.011
2022-04-09 1671 1849.14 0.029 0.002
2022-04-10 1671 1849.14 0 0
2022-04-11 1666 1849.14 0 0
2022-04-12 1670 1847.282 -1.858 -0.101
2022-04-13 1666 1846.876 -0.406 -0.022
2022-04-14 1668 1848.472 1.596 0.086
2022-04-15 1666 1847.108 -1.364 -0.074
2022-04-16 1666 1847.108 0 0
2022-04-17 1666 1847.108 0 0
2022-04-18 1663 1847.108 0 0
2022-04-19 1660 1847.282 0.174 0.009
2022-04-20 1662 1844.907 -2.375 -0.129
2022-04-21 1658 1834.209 -10.698 -0.583
2022-04-22 1655 1824.228 -9.981 -0.547
2022-04-23 1655 1813.824 -10.404 -0.574
2022-04-24 1655 1813.824 0 0
2022-04-25 1644 1813.824 0 0
2022-04-26 1646 1795.557 -18.267 -1.017
2022-04-27 1650 1797.12 1.563 0.087
2022-04-28 1648 1794.817 -2.303 -0.128
2022-04-29 1663 1779.589 -15.228 -0.856
2022-04-30 1661 1786.397 6.808 0.381
2022-05-01 1661 1786.397 0 0
2022-05-02 1657 1786.397 0 0
2022-05-03 1652 1786.397 0 0
2022-05-04 1654 1786.397 0 0
2022-05-05 1652 1786.397 0 0
2022-05-06 1646 1776.768 -9.629 -0.542
2022-05-07 1653 1760.288 -16.48 -0.936
2022-05-08 1653 1760.288 0 0
2022-05-09 1646 1760.288 0 0
2022-05-10 1644 1749.896 -10.392 -0.594
2022-05-11 1648 1750.13 0.234 0.013
2022-05-12 1649 1748.96 -1.17 -0.067
2022-05-13 1663 1733.219 -15.741 -0.908
2022-05-14 1663 1734.906 1.687 0.097
2022-05-15 1664 1734.906 0 0
2022-05-16 1663 1734.906 0 0
2022-05-17 1667 1730.95 -3.956 -0.229
2022-05-18 1659 1744.5 13.55 0.777
2022-05-19 1662 1743.466 -1.034 -0.059
2022-05-20 1670 1738.726 -4.74 -0.273
2022-05-21 1658 1762.952 24.226 1.374
2022-05-22 1658 1762.952 0 0
2022-05-23 1662 1762.952 0 0
2022-05-24 1650 1766.101 3.149 0.178
2022-05-25 1660 1764.168 -1.933 -0.11
2022-05-26 1657 1763.481 -0.687 -0.039
2022-05-27 1677 1746.182 -17.299 -0.991
2022-05-28 1675 1753.756 7.574 0.432
2022-05-29 1675 1753.756 0 0
2022-05-30 1681 1753.756 0 0
2022-05-31 1685 1753.756 0 0
2022-06-01 1690 1767.693 13.937 0.788
2022-06-02 1688 1757.685 -10.008 -0.569
2022-06-03 1682 1762.741 5.056 0.287
2022-06-04 1685 1762.741 0 0
2022-06-05 1685 1762.741 0 0
2022-06-06 1698 1762.741 0 0
2022-06-07 1696 1770.379 7.638 0.431
2022-06-08 1691 1765.491 -4.888 -0.277
2022-06-09 1682 1760.631 -4.86 -0.276
2022-06-10 1677 1760.42 -0.211 -0.012
2022-06-11 1676 1758.552 -1.868 -0.106
2022-06-12 1676 1758.552 0 0
2022-06-13 1662 1758.552 0 0
2022-06-14 1658 1747.427 -11.125 -0.637
2022-06-15 1655 1747.22 -0.207 -0.012
2022-06-16 1648 1751.224 4.004 0.229
2022-06-17 1654 1751.902 0.678 0.039
2022-06-18 1647 1755.954 4.052 0.231
2022-06-19 1647 1755.954 0 0
2022-06-20 1654 1755.954 0 0
2022-06-21 1659 1755.954 0 0
2022-06-22 1657 1756.295 0.341 0.019
2022-06-23 1660 1751.876 -4.419 -0.252
2022-06-24 1673 1753.965 2.089 0.119
2022-06-25 1673 1757.738 3.773 0.215
2022-06-26 1673 1757.738 0 0
2022-06-27 1674 1757.738 0 0
2022-06-28 1682 1759.341 1.603 0.091
2022-06-29 1670 1759.63 0.289 0.016
2022-06-30 1671 1757.055 -2.575 -0.147
2022-07-01 1670 1757.764 0.709 0.04
2022-07-02 1670 1756.059 -1.705 -0.097
2022-07-03 1670 1756.059 0 0
2022-07-04 1669 1756.059 0 0
2022-07-05 1667 1756.059 0 0
2022-07-06 1655 1755.902 -0.157 -0.009
2022-07-07 1664 1755.299 -0.603 -0.034
2022-07-08 1664 1754.462 -0.837 -0.048
2022-07-09 1668 1754.985 0.523 0.03
2022-07-10 1668 1754.985 0 0
2022-07-11 1659 1754.985 0 0
2022-07-12 1650 1754.331 -0.654 -0.037
2022-07-13 1650 1747.194 -7.137 -0.408
2022-07-14 1653 1750.364 3.17 0.181
2022-07-15 1643 1743.75 -6.614 -0.379
2022-07-16 1649 1738.777 -4.973 -0.286
2022-07-17 1649 1738.777 0 0
2022-07-18 1655 1738.777 0 0
2022-07-19 1662 1744.707 5.93 0.34
2022-07-20 1670 1745.043 0.336 0.019
2022-07-21 1683 1742.407 -2.636 -0.151
2022-07-22 1674 1739.677 -2.73 -0.157
2022-07-23 1675 1739.06 -0.617 -0.035
2022-07-24 1675 1739.06 0 0
2022-07-25 1670 1739.06 0 0
2022-07-26 1669 1739.06 0 0
2022-07-27 1670 1741.685 2.625 0.151
2022-07-28 1669 1741.685 0 0
2022-07-29 1670 1744.603 2.918 0.167
2022-07-30 1670 1746.571 1.968 0.113
2022-07-31 1670 1746.571 0 0
2022-08-01 1676 1746.571 0 0
2022-08-02 1675 1742.02 -4.551 -0.261
2022-08-03 1675 1741.067 -0.953 -0.055
2022-08-04 1676 1741.814 0.747 0.043
2022-08-05 1688 1741.685 -0.129 -0.007
2022-08-06 1689 1743.053 1.368 0.078
2022-08-07 1689 1743.053 0 0
2022-08-08 1694 1743.053 0 0
2022-08-09 1687 1740.577 -2.476 -0.142
2022-08-10 1693 1742.149 1.572 0.09
2022-08-11 1706 1741.273 -0.876 -0.05
2022-08-12 1699 1746.26 4.987 0.286
2022-08-13 1700 1747.297 1.037 0.059
2022-08-14 1699 1747.297 0 0
2022-08-15 1702 1747.297 0 0
2022-08-16 1704 1739.883 -7.414 -0.426
2022-08-17 1700 1732.607 -7.276 -0.42
2022-08-18 1700 1736.698 4.091 0.236
2022-08-19 1695 1732.479 -4.219 -0.244
2022-08-20 1695 1728.002 -4.477 -0.259
2022-08-21 1695 1728.002 0 0
2022-08-22 1694 1728.002 0 0
2022-08-23 1689 1720.649 -7.353 -0.427
2022-08-24 1681 1717.635 -3.014 -0.175
2022-08-25 1688 1713.932 -3.703 -0.216
2022-08-26 1682 1717.66 3.728 0.217
2022-08-27 1683 1714.681 -2.979 -0.174
2022-08-28 1682 1714.681 0 0
2022-08-29 1675 1714.681 0 0
2022-08-30 1679 1700.237 -14.444 -0.85
2022-08-31 1672 1705.436 5.199 0.305
2022-09-01 1664 1706.847 1.411 0.083
2022-09-03 1656 1704.72 -2.127 -0.125
2022-09-04 1656 1704.72 0 0
2022-09-05 1657 1704.72 0 0
2022-09-06 1659 1704.72 0 0
2022-09-07 1671 1693.825 -10.895 -0.643
2022-09-08 1670 1688.017 -5.808 -0.344
2022-09-09 1673 1689.835 1.818 0.108
2022-09-11 1673 1700.901 11.066 0.651
2022-09-12 1677 1700.901 0 0
2022-09-13 1676 1700.901 0 0
2022-09-14 1665 1697.661 -3.24 -0.191
2022-09-15 1663 1690.102 -7.559 -0.447
2022-09-16 1657 1686.324 -3.778 -0.224
2022-09-17 1662 1676.02 -10.304 -0.615
2022-09-18 1663 1676.02 0 0
2022-09-19 1662 1676.02 0 0
2022-09-20 1661 1676.975 0.955 0.057
2022-09-21 1651 1677.956 0.981 0.058
2022-09-22 1659 1668.463 -9.493 -0.569
2022-09-23 1643 1661.654 -6.809 -0.41
2022-09-24 1637 1654.69 -6.964 -0.421
2022-09-25 1638 1654.69 0 0
2022-09-26 1629 1654.69 0 0
2022-09-27 1658 1646.863 -7.827 -0.475
2022-09-28 1664 1643.665 -3.198 -0.195
2022-09-29 1662 1643.665 0 0
2022-09-30 1666 1634.442 -9.223 -0.564
2022-10-01 1648 1659.381 24.939 1.503
2022-10-02 1646 1659.381 0 0
2022-10-03 1652 1659.381 0 0
2022-10-04 1662 1659.381 0 0
2022-10-05 1670 1659.381 0 0
2022-10-06 1667 1659.381 0 0
2022-10-07 1663 1659.381 0 0
2022-10-08 1661 1659.381 0 0
2022-10-09 1661 1659.381 0 0
2022-10-10 1651 1659.381 0 0
2022-10-11 1636 1647.347 -12.034 -0.731
2022-10-12 1645 1638.972 -8.375 -0.511
2022-10-13 1644 1642.495 3.523 0.214
2022-10-14 1657 1635.782 -6.713 -0.41
2022-10-15 1660 1636.146 0.364 0.022
2022-10-16 1659 1636.146 0 0
2022-10-17 1669 1636.146 0 0
2022-10-18 1683 1633.33 -2.816 -0.172
2022-10-19 1673 1635.328 1.998 0.122
2022-10-20 1672 1628.966 -6.362 -0.391
2022-10-21 1684 1625.748 -3.218 -0.198
2022-10-22 1681 1623.102 -2.646 -0.163
2022-10-23 1680 1623.102 0 0
2022-10-24 1668 1623.102 0 0
2022-10-25 1665 1620.464 -2.638 -0.163
2022-10-26 1694 1609.977 -10.487 -0.651
2022-10-27 1673 1637.262 27.285 1.667
2022-10-28 1669 1631.451 -5.811 -0.356
2022-10-29 1675 1621.424 -10.027 -0.618
2022-10-30 1675 1621.424 0 0
2022-10-31 1676 1621.424 0 0
2022-11-01 1696 1612.227 -9.197 -0.57
2022-11-02 1692 1618.302 6.075 0.375
2022-11-03 1689 1615.88 -2.422 -0.15
2022-11-04 1704 1607.404 -8.476 -0.527
2022-11-05 1704 1618.837 11.433 0.706
2022-11-06 1704 1618.837 0 0
2022-11-07 1707 1618.837 0 0
2022-11-08 1705 1625.433 6.596 0.406
2022-11-09 1706 1620.196 -5.237 -0.323
2022-11-10 1703 1620.196 0 0
2022-11-11 1722 1623.55 3.354 0.207
2022-11-12 1711 1653.923 30.373 1.836
2022-11-13 1712 1653.923 0 0
2022-11-14 1710 1653.923 0 0
2022-11-15 1713 1671.663 17.74 1.061
2022-11-16 1702 1672.898 1.235 0.074
2022-11-17 1709 1661.935 -10.963 -0.66
2022-11-18 1709 1650.883 -11.052 -0.669
2022-11-19 1710 1650.675 -0.208 -0.013
2022-11-20 1710 1650.675 0 0
2022-11-21 1712 1650.675 0 0
2022-11-22 1704 1650.675 0 0
2022-11-23 1705 1649.541 -1.134 -0.069
2022-11-24 1711 1644.676 -4.865 -0.296
2022-11-25 1709 1644.676 0 0
2022-11-26 1709 1644.676 0 0
2022-11-27 1712 1642.931 -1.745 -0.106
2022-11-28 1713 1642.931 0 0
2022-11-29 1722 1634.237 -8.694 -0.532
2022-11-30 1721 1641.762 7.525 0.458
2022-12-02 1731 1662.17 20.408 1.228
2022-12-03 1726 1671.829 9.659 0.578
2022-12-04 1725 1671.829 0 0
2022-12-05 1727 1671.829 0 0
2022-12-06 1706 1691.22 19.391 1.147
2022-12-07 1708 1681.072 -10.148 -0.604
2022-12-08 1709 1686.155 5.083 0.301
2022-12-09 1698 1687.364 1.209 0.072
2022-12-10 1705 1693.508 6.144 0.363
2022-12-11 1705 1693.508 0 0
2022-12-12 1701 1693.508 0 0
