2020-02-07 1950 1189.01 0 0
2020-02-15 1971 1181.865 -7.145 -0.605
2020-02-16 1973 1181.865 0 0
2020-09-19 2256 1007.741 -174.124 -17.279
2020-09-21 2256 1000.194 -7.547 -0.755
2020-11-10 2276 1008.166 7.972 0.791
2020-11-11 2280 1009.12 0.954 0.095
2020-11-12 2272 1011.346 2.226 0.22
2020-11-13 2271 1012.496 1.15 0.114
2020-11-14 2269 1008.663 -3.833 -0.38
2020-11-15 2269 1008.663 0 0
2020-11-17 2270 1016.793 8.13 0.8
2020-11-18 2274 1015.936 -0.857 -0.084
2020-11-19 2269 1022.837 6.901 0.675
2020-11-20 2268 1019.751 -3.086 -0.303
2020-11-21 2264 1024.752 5.001 0.488
2020-11-22 2264 1024.752 0 0
2020-11-23 2267 1024.889 0.137 0.013
2020-11-24 2275 1015.906 -8.983 -0.884
2020-11-25 2276 1022.265 6.359 0.622
2020-11-26 2269 1027.733 5.468 0.532
2020-11-27 2269 1028.804 1.071 0.104
2020-11-28 2266 1033.595 4.791 0.464
2020-11-29 2266 1033.595 0 0
2020-11-30 2254 1037.809 4.214 0.406
