2021-04-09 2437 1213.222 0 0
2021-04-10 2437 1211.391 -1.831 -0.151
2021-04-11 2438 1211.391 0 0
2021-04-12 2461 1181.208 -30.183 -2.492
2021-04-13 2598 1091.026 -90.182 -7.635
2021-04-14 2524 1135.139 44.113 4.043
2021-04-15 2547 1127.416 -7.723 -0.68
2021-04-16 2552 1126.093 -1.323 -0.117
2021-04-17 2550 1127.767 1.674 0.149
2021-04-18 2550 1127.767 0 0
2021-04-19 2515 1152.565 24.798 2.199
2021-04-20 2504 1158.662 6.097 0.529
2021-04-21 2465 1196.807 38.145 3.292
2021-04-22 2475 1197.624 0.817 0.068
2021-04-23 2518 1166.064 -31.56 -2.635
2021-04-24 2518 1166.064 0 0
2021-04-25 2521 1165.166 -0.898 -0.077
2021-04-26 2498 1190.818 25.652 2.202
2021-04-27 2503 1185.966 -4.852 -0.407
2021-04-28 2493 1198.188 12.222 1.031
2021-04-29 2472 1205.52 7.332 0.612
2021-04-30 2485 1199.262 -6.258 -0.519
2021-05-01 2483 1198.279 -0.983 -0.082
2021-05-02 2482 1198.279 0 0
2021-05-03 2483 1198.279 0 0
2021-05-04 2476 1198.279 0 0
2021-05-05 2475 1198.279 0 0
2021-05-06 2519 1154.632 -43.647 -3.642
2021-05-07 2584 1112.775 -41.857 -3.625
2021-05-08 2587 1115.411 2.636 0.237
2021-05-09 2587 1115.411 0 0
2021-05-10 2562 1128.494 13.083 1.173
2021-05-11 2555 1127.392 -1.102 -0.098
2021-05-12 2591 1100.304 -27.088 -2.403
2021-05-13 2599 1086.465 -13.839 -1.258
2021-05-14 2598 1095.208 8.743 0.805
2021-05-15 2597 1098.612 3.404 0.311
2021-05-16 2597 1098.612 0 0
2021-05-17 2615 1083.979 -14.633 -1.332
2021-05-18 2595 1107.895 23.916 2.206
2021-05-19 2600 1107.103 -0.792 -0.071
2021-05-20 2631 1078.515 -28.588 -2.582
2021-05-21 2643 1070.239 -8.276 -0.767
2021-05-22 2643 1070.555 0.316 0.03
2021-05-23 2644 1070.555 0 0
2021-05-24 2640 1072.431 1.876 0.175
2021-05-25 2622 1082.562 10.131 0.945
2021-05-26 2614 1085.96 3.398 0.314
2021-05-27 2625 1081.851 -4.109 -0.378
2021-05-28 2639 1070.103 -11.748 -1.086
2021-05-29 2638 1071.801 1.698 0.159
2021-05-30 2638 1071.801 0 0
2021-05-31 2646 1066.112 -5.689 -0.531
