2019-11-07 1444 1733.261 0 0
2020-01-19 1450 1797.86 64.599 3.727
2020-02-07 1601 1587.66 -210.2 -11.692
2020-02-15 1526 1675.422 87.762 5.528
2020-02-16 1526 1675.422 0 0
2020-02-17 1528 1677.667 2.245 0.134
2020-02-18 1552 1646.234 -31.433 -1.874
2020-02-19 1551 1658.689 12.455 0.757
2020-02-20 1563 1640.426 -18.263 -1.101
2020-02-21 1566 1621.867 -18.559 -1.131
2020-02-22 1568 1620.29 -1.577 -0.097
2020-02-23 1566 1620.29 0 0
2020-02-24 1583 1593.422 -26.868 -1.658
2020-02-25 1563 1603.475 10.053 0.631
2020-02-26 1536 1615.825 12.35 0.77
2020-02-27 1511 1633.345 17.52 1.084
2020-02-28 1532 1590.754 -42.591 -2.608
2020-02-29 1530 1591.812 1.058 0.067
2020-03-01 1536 1591.812 0 0
2020-03-02 1503 1636.564 44.752 2.811
2020-03-03 1515 1632.68 -3.884 -0.237
2020-03-04 1496 1656.857 24.177 1.481
2020-03-05 1495 1662.479 5.622 0.339
2020-03-06 1515 1612.595 -49.884 -3.001
2020-03-07 1512 1613.035 0.44 0.027
2020-03-08 1509 1613.035 0 0
2020-03-09 1543 1543.469 -69.566 -4.313
2020-03-10 1501 1576.266 32.797 2.125
2020-03-11 1498 1565.617 -10.649 -0.676
2020-03-12 1490 1524.189 -41.428 -2.646
2020-03-13 1499 1500.224 -23.965 -1.572
2020-03-14 1499 1502.145 1.921 0.128
2020-03-15 1499 1502.145 0 0
2020-03-16 1513 1446.063 -56.082 -3.733
2020-03-17 1534 1411.703 -34.36 -2.376
2020-03-18 1566 1356.091 -55.612 -3.939
2020-03-19 1574 1326.81 -29.281 -2.159
2020-03-20 1521 1395.661 68.851 5.189
2020-03-21 1524 1397.187 1.526 0.109
2020-03-22 1524 1397.187 0 0
2020-03-23 1560 1321.865 -75.322 -5.391
2020-03-24 1550 1320.257 -1.608 -0.122
2020-03-25 1537 1381.028 60.771 4.603
2020-03-26 1517 1431.364 50.336 3.645
2020-03-27 1535 1424.943 -6.421 -0.449
2020-03-28 1500 1457.876 32.933 2.311
2020-03-29 1500 1457.876 0 0
2020-03-30 1500 1457.876 0 0
2020-03-31 1516 1450.487 -7.389 -0.507
