2021-04-09 2297 1306.5 0 0
2021-04-10 2294 1306.5 0 0
2021-04-11 2295 1306.5 0 0
2021-04-12 2288 1306.038 -0.462 -0.035
2021-04-13 2320 1285.015 -21.023 -1.636
2021-04-14 2327 1289.109 4.094 0.318
2021-04-15 2348 1278.909 -10.2 -0.798
2021-04-16 2337 1285.86 6.951 0.541
2021-04-17 2339 1287.455 1.595 0.124
2021-04-18 2339 1287.455 0 0
2021-04-19 2343 1290.662 3.207 0.248
2021-04-20 2349 1287.575 -3.087 -0.24
2021-04-21 2352 1284.5 -3.075 -0.239
2021-04-22 2353 1287.127 2.627 0.204
2021-04-23 2401 1251.863 -35.264 -2.817
2021-04-24 2401 1251.863 0 0
2021-04-25 2400 1251.992 0.129 0.01
2021-04-26 2404 1252.688 0.696 0.056
2021-04-27 2409 1250.338 -2.35 -0.188
2021-04-28 2411 1248.58 -1.758 -0.141
2021-04-29 2405 1246.34 -2.24 -0.18
2021-04-30 2403 1253.29 6.95 0.555
2021-05-01 2393 1257.663 4.373 0.348
2021-05-02 2392 1257.663 0 0
2021-05-03 2376 1269.79 12.127 0.955
2021-05-04 2367 1278.522 8.732 0.683
2021-05-05 2392 1250.989 -27.533 -2.201
2021-05-06 2380 1255.937 4.948 0.394
2021-05-07 2350 1281.267 25.33 1.977
2021-05-08 2353 1283.099 1.832 0.143
2021-05-09 2353 1283.099 0 0
2021-05-10 2325 1313.103 30.004 2.285
2021-05-11 2327 1310.029 -3.074 -0.235
2021-05-12 2325 1308.622 -1.407 -0.108
2021-05-13 2313 1308.896 0.274 0.021
2021-05-14 2315 1318.599 9.703 0.736
2021-05-15 2319 1318.599 0 0
2021-05-16 2319 1318.599 0 0
2021-05-17 2356 1284.993 -33.606 -2.615
2021-05-18 2390 1253.999 -30.994 -2.472
2021-05-19 2434 1224.263 -29.736 -2.429
2021-05-20 2388 1263.191 38.928 3.082
2021-05-21 2404 1241.473 -21.718 -1.749
2021-05-22 2405 1241.215 -0.258 -0.021
2021-05-24 2408 1241.397 0.182 0.015
2021-05-25 2412 1242.204 0.807 0.065
2021-05-26 2422 1238.622 -3.582 -0.289
2021-05-27 2375 1284.229 45.607 3.551
2021-05-28 2380 1282.574 -1.655 -0.129
2021-05-29 2376 1288.544 5.97 0.463
2021-05-30 2376 1288.544 0 0
2021-05-31 2381 1287.365 -1.179 -0.092
2021-06-01 2382 1290.559 3.194 0.247
2021-06-02 2292 1369.609 79.05 5.772
2021-06-03 2289 1377.043 7.434 0.54
2021-06-04 2326 1338.169 -38.874 -2.905
2021-06-05 2324 1340.622 2.453 0.183
2021-06-06 2324 1340.622 0 0
2021-06-07 2346 1320.401 -20.221 -1.531
2021-06-08 2375 1299.318 -21.083 -1.623
2021-06-09 2371 1301.632 2.314 0.178
2021-06-10 2305 1370.365 68.733 5.016
2021-06-11 2320 1350.62 -19.745 -1.462
2021-06-12 2316 1352.205 1.585 0.117
2021-06-13 2316 1352.205 0 0
2021-06-14 2345 1332.648 -19.557 -1.468
2021-06-16 2367 1303.803 -28.845 -2.212
2021-06-17 2385 1284.326 -19.477 -1.517
2021-06-18 2434 1229.399 -54.927 -4.468
2021-06-19 2434 1229.399 0 0
2021-06-20 2431 1228.003 -1.396 -0.114
2021-06-21 2395 1262.597 34.594 2.74
2021-06-22 2437 1231.842 -30.755 -2.497
2021-06-23 2457 1218.82 -13.022 -1.068
2021-06-24 2428 1244.312 25.492 2.049
2021-06-25 2410 1263.291 18.979 1.502
2021-06-26 2408 1270.066 6.775 0.533
2021-06-27 2408 1270.066 0 0
2021-06-28 2394 1281.261 11.195 0.874
2021-06-29 2378 1292.75 11.489 0.889
2021-06-30 2372 1299.834 7.084 0.545
2021-07-01 2400 1259.173 -40.661 -3.229
2021-07-02 2401 1255.452 -3.721 -0.296
2021-07-03 2401 1253.219 -2.233 -0.178
2021-07-04 2401 1253.219 0 0
2021-07-05 2383 1272.429 19.21 1.51
2021-07-06 2389 1272.201 -0.228 -0.018
2021-07-07 2396 1262.856 -9.345 -0.74
2021-07-08 2394 1262.113 -0.743 -0.059
2021-07-09 2381 1272.475 10.362 0.814
2021-07-10 2389 1267.774 -4.701 -0.371
2021-07-11 2389 1267.774 0 0
2021-07-12 2394 1268.572 0.798 0.063
2021-07-13 2423 1242.419 -26.153 -2.105
2021-07-14 2394 1268.099 25.68 2.025
2021-07-15 2406 1259.491 -8.608 -0.683
2021-07-16 2495 1170.172 -89.319 -7.633
2021-07-17 2495 1169.473 -0.699 -0.06
2021-07-18 2495 1169.473 0 0
2021-07-19 2481 1180.383 10.91 0.924
2021-07-20 2487 1177.804 -2.579 -0.219
2021-07-21 2517 1155.77 -22.034 -1.906
2021-07-22 2526 1150.036 -5.734 -0.499
2021-07-23 2508 1163.071 13.035 1.121
2021-07-24 2510 1158.911 -4.16 -0.359
2021-07-25 2510 1158.911 0 0
2021-07-26 2536 1120.809 -38.102 -3.4
2021-07-27 2529 1121.578 0.769 0.069
2021-07-28 2456 1175.543 53.965 4.591
2021-07-29 2466 1175.696 0.153 0.013
2021-07-30 2668 1009.261 -166.435 -16.491
2021-07-31 2662 1015.823 6.562 0.646
2021-08-01 2662 1015.823 0 0
2021-08-02 2614 1063.872 48.049 4.516
2021-08-03 2628 1052.712 -11.16 -1.06
2021-08-04 2600 1077.635 24.923 2.313
2021-08-05 2595 1081.684 4.049 0.374
2021-08-06 2564 1102.403 20.719 1.879
2021-08-07 2571 1099.231 -3.172 -0.289
2021-08-08 2571 1099.231 0 0
2021-08-09 2572 1100.321 1.09 0.099
2021-08-10 2480 1177.067 76.746 6.52
2021-08-11 2532 1131.832 -45.235 -3.997
2021-08-13 2684 974.653 -157.179 -16.127
2021-08-18 2486 1156.826 182.173 15.748
2021-08-19 2500 1138.022 -18.804 -1.652
2021-08-20 2478 1143.709 5.687 0.497
2021-08-21 2469 1148.137 4.428 0.386
2021-08-22 2469 1148.137 0 0
2021-08-23 2470 1157.105 8.968 0.775
2021-08-24 2515 1135.428 -21.677 -1.909
2021-08-25 2506 1145.485 10.057 0.878
2021-08-26 2511 1134.505 -10.98 -0.968
2021-08-27 2514 1132.19 -2.315 -0.204
2021-08-28 2515 1132.757 0.567 0.05
2021-08-29 2515 1132.757 0 0
2021-08-30 2511 1132.757 0 0
2021-08-31 2597 1060.989 -71.768 -6.764
2021-09-01 2533 1118.328 57.339 5.127
2021-09-02 2516 1130.544 12.216 1.081
2021-09-03 2445 1192.373 61.829 5.185
2021-09-04 2446 1192.588 0.215 0.018
2021-09-05 2449 1192.588 0 0
2021-09-06 2453 1192.638 0.05 0.004
2021-09-07 2435 1212.623 19.985 1.648
2021-09-08 2354 1274.051 61.428 4.821
2021-09-09 2348 1271.659 -2.392 -0.188
2021-09-10 2346 1274.537 2.878 0.226
2021-09-11 2348 1275.942 1.405 0.11
2021-09-12 2348 1275.942 0 0
2021-09-13 2386 1240.002 -35.94 -2.898
2021-09-14 2336 1284.155 44.153 3.438
2021-09-15 2393 1232.418 -51.737 -4.198
2021-09-16 2414 1212.96 -19.458 -1.604
2021-09-17 2508 1133.568 -79.392 -7.004
2021-09-18 2506 1133.908 0.34 0.03
2021-09-19 2504 1133.908 0 0
2021-09-20 2447 1171.101 37.193 3.176
2021-09-21 2504 1127.178 -43.923 -3.897
2021-09-22 2451 1164.763 37.585 3.227
2021-09-23 2448 1176.996 12.233 1.039
2021-09-24 2430 1196.598 19.602 1.638
2021-09-25 2434 1189.509 -7.089 -0.596
2021-09-26 2434 1189.509 0 0
2021-09-27 2432 1193.135 3.626 0.304
2021-09-28 2431 1176.305 -16.83 -1.431
2021-09-29 2419 1184.431 8.126 0.686
2021-09-30 2398 1204.764 20.333 1.688
