2023-04-06 813 3618.357 0 0
2023-04-07 812 3623.216 4.859 0.134
2023-04-08 811 3623.216 0 0
2023-04-09 810 3623.216 0 0
2023-04-10 815 3617.754 -5.462 -0.151
2023-04-11 805 3671.118 53.364 1.454
2023-04-12 797 3690.442 19.324 0.524
2023-04-13 800 3693.897 3.455 0.094
2023-04-14 799 3704.276 10.379 0.28
2023-04-15 798 3704.276 0 0
2023-04-16 798 3704.276 0 0
2023-04-17 795 3723.708 19.432 0.522
2023-04-18 792 3742.358 18.65 0.498
2023-04-19 789 3747.916 5.558 0.148
2023-04-20 785 3760.07 12.154 0.323
2023-04-21 782 3745.127 -14.943 -0.399
2023-04-22 782 3747.098 1.971 0.053
2023-04-23 782 3747.098 0 0
2023-04-24 775 3773.102 26.004 0.689
2023-04-25 763 3818.135 45.033 1.179
2023-04-26 768 3808.812 -9.323 -0.245
2023-04-27 753 3887.397 78.585 2.022
2023-04-28 749 3919.515 32.118 0.819
2023-04-29 750 3919.754 0.239 0.006
2023-04-30 750 3919.754 0 0
2023-05-01 751 3919.754 0 0
2023-05-02 741 3936.639 16.885 0.429
2023-05-03 742 3933.646 -2.993 -0.076
2023-05-04 740 3964.152 30.506 0.77
2023-05-05 744 3941.019 -23.133 -0.587
2023-05-06 744 3941.019 0 0
2023-05-07 744 3941.019 0 0
2023-05-08 726 4022.001 80.982 2.013
2023-05-09 724 4029.493 7.492 0.186
2023-05-10 723 4032.29 2.797 0.069
2023-05-11 722 4044.064 11.774 0.291
2023-05-12 721 4036.296 -7.768 -0.192
2023-05-13 722 4032.553 -3.743 -0.093
2023-05-14 722 4032.553 0 0
2023-05-15 726 4009.894 -22.659 -0.565
2023-05-16 730 3994.199 -15.695 -0.393
2023-05-17 740 3949.48 -44.719 -1.132
2023-05-18 748 3924.89 -24.59 -0.627
2023-05-19 748 3916.359 -8.531 -0.218
2023-05-20 754 3899.043 -17.316 -0.444
2023-05-21 754 3899.043 0 0
2023-05-22 736 3929.39 30.347 0.772
2023-05-23 721 3981.361 51.971 1.305
2023-05-24 712 4013.74 32.379 0.807
2023-05-25 704 4045.898 32.158 0.795
2023-05-26 697 4076.155 30.257 0.742
2023-05-27 696 4084.419 8.264 0.202
2023-05-28 696 4084.419 0 0
2023-05-29 688 4121.375 36.956 0.897
2023-05-30 685 4109.627 -11.748 -0.286
2023-05-31 681 4123.004 13.377 0.324
2023-06-01 687 4088.38 -34.624 -0.847
2023-06-02 686 4112.353 23.973 0.583
2023-06-03 691 4117.349 4.996 0.121
2023-06-04 691 4117.349 0 0
2023-06-05 689 4118.142 0.793 0.019
2023-06-06 686 4131.169 13.027 0.315
2023-06-07 680 4153.926 22.757 0.548
2023-06-08 682 4136.267 -17.659 -0.427
2023-06-09 694 4090.024 -46.243 -1.131
2023-06-10 692 4095.604 5.58 0.136
2023-06-11 693 4095.604 0 0
2023-06-12 696 4109.082 13.478 0.328
2023-06-13 687 4160.949 51.867 1.247
2023-06-14 687 4159.18 -1.769 -0.043
2023-06-15 692 4168.634 9.454 0.227
2023-06-16 692 4173.529 4.895 0.117
2023-06-17 693 4186.009 12.48 0.298
2023-06-18 693 4186.009 0 0
2023-06-19 677 4238.088 52.079 1.229
2023-06-20 682 4220.164 -17.924 -0.425
2023-06-21 682 4204.707 -15.457 -0.368
2023-06-22 687 4165.2 -39.507 -0.949
2023-06-23 688 4146.907 -18.293 -0.441
2023-06-24 687 4142.676 -4.231 -0.102
2023-06-25 687 4142.676 0 0
2023-06-26 679 4174.814 32.138 0.77
2023-06-27 678 4182.358 7.544 0.18
2023-06-28 676 4214.642 32.284 0.766
2023-06-29 674 4213.42 -1.222 -0.029
2023-06-30 671 4226.085 12.665 0.3
2023-07-01 672 4227.12 1.035 0.024
2023-07-02 672 4227.12 0 0
2023-07-03 675 4228.663 1.543 0.036
2023-07-04 644 4383.909 155.246 3.541
2023-07-05 638 4417.382 33.473 0.758
2023-07-06 640 4404.719 -12.663 -0.287
2023-07-07 641 4360.794 -43.925 -1.007
2023-07-08 643 4347.617 -13.177 -0.303
2023-07-09 643 4347.617 0 0
2023-07-10 650 4344.891 -2.726 -0.063
2023-07-11 655 4345.248 0.357 0.008
2023-07-12 652 4382.782 37.534 0.856
2023-07-13 653 4417.851 35.069 0.794
2023-07-14 651 4442.656 24.805 0.558
2023-07-15 656 4437.66 -4.996 -0.113
2023-07-16 656 4437.66 0 0
2023-07-17 656 4425.289 -12.371 -0.28
2023-07-18 661 4420.111 -5.178 -0.117
2023-07-19 649 4466.372 46.261 1.036
2023-07-20 641 4467.109 0.737 0.016
2023-07-21 646 4456.417 -10.692 -0.24
2023-07-22 641 4458.325 1.908 0.043
2023-07-23 641 4458.325 0 0
2023-07-24 630 4488.792 30.467 0.679
2023-07-25 635 4496.596 7.804 0.174
2023-07-26 644 4454.889 -41.707 -0.936
2023-07-27 652 4442.532 -12.357 -0.278
2023-07-28 660 4431.2 -11.332 -0.256
2023-07-29 661 4414.133 -17.067 -0.387
2023-07-30 661 4414.133 0 0
2023-07-31 659 4437.684 23.551 0.531
