2022-01-16 2187 1378.835 0 0
2022-01-17 2110 1451.344 72.509 5.259
2022-01-18 2118 1442.784 -8.56 -0.59
2022-01-19 2137 1411.162 -31.622 -2.192
2022-01-20 2176 1374.324 -36.838 -2.61
2022-01-22 2166 1371.557 -2.767 -0.201
2022-01-23 2166 1371.557 0 0
2022-01-24 2168 1370.045 -1.512 -0.11
2022-01-25 2191 1319.796 -50.249 -3.668
2022-01-26 2194 1324.182 4.386 0.332
2022-01-27 2227 1286.333 -37.849 -2.858
2022-01-28 2254 1268.329 -18.004 -1.4
2022-01-29 2250 1268.11 -0.219 -0.017
2022-01-30 2253 1268.11 0 0
2022-01-31 2266 1268.11 0 0
2022-02-01 2271 1268.11 0 0
2022-02-02 2280 1268.11 0 0
2022-02-03 2275 1268.11 0 0
2022-02-04 2277 1268.11 0 0
2022-02-05 2274 1268.11 0 0
2022-02-06 2273 1268.11 0 0
2022-02-07 2389 1176.287 -91.823 -7.241
2022-02-08 2403 1169.19 -7.097 -0.603
2022-02-09 2379 1200.866 31.676 2.709
2022-02-10 2362 1203.694 2.828 0.235
2022-02-11 2385 1184.447 -19.247 -1.599
2022-02-12 2370 1184.41 -0.037 -0.003
2022-02-13 2372 1184.41 0 0
2022-02-14 2363 1188.427 4.017 0.339
2022-02-15 2341 1210.621 22.194 1.868
2022-02-16 2342 1213.763 3.142 0.26
2022-02-17 2342 1213.695 -0.068 -0.006
2022-02-18 2328 1220.387 6.692 0.551
2022-02-19 2321 1222.413 2.026 0.166
2022-02-20 2323 1222.413 0 0
2022-02-21 2312 1232.005 9.592 0.785
2022-02-22 2311 1222.917 -9.088 -0.738
2022-02-23 2271 1258.268 35.351 2.891
2022-02-24 2278 1237.589 -20.679 -1.643
2022-02-25 2249 1268.632 31.043 2.508
2022-02-26 2262 1270.36 1.728 0.136
2022-02-27 2266 1270.36 0 0
2022-02-28 2268 1269.854 -0.506 -0.04
2022-03-01 2253 1279.547 9.693 0.763
2022-03-02 2254 1267.1 -12.447 -0.973
2022-03-03 2258 1249.182 -17.918 -1.414
2022-03-04 2304 1197.636 -51.546 -4.126
2022-03-05 2291 1197.523 -0.113 -0.009
2022-03-06 2293 1197.523 0 0
2022-03-07 2316 1160.626 -36.897 -3.081
2022-03-08 2332 1123.384 -37.242 -3.209
2022-03-09 2367 1110.962 -12.422 -1.106
2022-03-10 2355 1124.751 13.789 1.241
2022-03-11 2303 1154.573 29.822 2.651
2022-03-12 2298 1154.409 -0.164 -0.014
2022-03-13 2293 1154.409 0 0
2022-03-14 2278 1146.831 -7.578 -0.656
2022-03-15 2316 1096.554 -50.277 -4.384
2022-03-16 2321 1120.96 24.406 2.226
2022-03-17 2339 1132.951 11.991 1.07
2022-03-18 2363 1123.609 -9.342 -0.825
2022-03-19 2366 1120.802 -2.807 -0.25
2022-03-20 2366 1120.802 0 0
2022-03-21 2361 1126.323 5.521 0.493
2022-03-22 2366 1123.084 -3.239 -0.288
2022-03-23 2368 1124.018 0.934 0.083
2022-03-24 2395 1097.982 -26.036 -2.316
2022-03-26 2394 1086.836 -11.146 -1.015
2022-03-27 2394 1086.836 0 0
2022-03-28 2420 1058.741 -28.095 -2.585
2022-03-29 2435 1052.059 -6.682 -0.631
2022-03-30 2414 1080.248 28.189 2.679
2022-04-01 2431 1062.382 -17.866 -1.654
2022-04-02 2430 1061.915 -0.467 -0.044
2022-04-03 2430 1061.915 0 0
2022-04-05 2609 1061.915 0 0
2022-04-06 2634 1038.309 -23.606 -2.223
2022-04-07 2643 1016.399 -21.91 -2.11
2022-04-08 2646 1009.484 -6.915 -0.68
2022-04-09 2649 1009.5 0.016 0.002
2022-04-10 2650 1009.5 0 0
2022-04-11  968.343 -41.157 -4.077
