2021-02-17 2310 1081.924 0 0
2021-02-18 2287 1112.364 30.44 2.814
2021-02-19 2310 1088.233 -24.131 -2.169
2021-02-20 2310 1088.233 0 0
2021-02-21 2311 1088.233 0 0
2021-02-22 2326 1071.906 -16.327 -1.5
2021-02-23 2311 1093.739 21.833 2.037
2021-02-24 2276 1123.739 30 2.743
2021-02-25 2218 1188.685 64.946 5.779
2021-02-26 2229 1164.846 -23.839 -2.005
2021-02-27 2245 1148.043 -16.803 -1.443
2021-02-28 2246 1148.043 0 0
2021-03-01 2084 1312.438 164.395 14.32
2021-03-02 2055 1346.779 34.341 2.617
2021-03-03 2054 1343.306 -3.473 -0.258
2021-03-04 2047 1355.314 12.008 0.894
2021-03-05 2066 1338.272 -17.042 -1.257
2021-03-06 2070 1335.111 -3.161 -0.236
2021-03-07 2068 1335.111 0 0
2021-03-08 2063 1321.945 -13.166 -0.986
2021-03-09 2091 1292.422 -29.523 -2.233
2021-03-11 2046 1351.788 59.366 4.593
2021-03-12 2068 1329.182 -22.606 -1.672
2021-03-13 2065 1331.373 2.191 0.165
2021-03-14 2066 1331.373 0 0
2021-03-15 2076 1314.02 -17.353 -1.303
2021-03-16 2053 1337.852 23.832 1.814
2021-03-18 2127 1262.023 -75.829 -5.668
2021-03-19 2127 1262.023 0 0
2021-03-20 2113 1277.772 15.749 1.248
2021-03-21 2113 1277.772 0 0
2021-03-22 2090 1300.501 22.729 1.779
2021-03-23 2045 1345.47 44.969 3.458
2021-03-24 2070 1308.146 -37.324 -2.774
2021-03-25 2074 1303.114 -5.032 -0.385
2021-03-26 2063 1326.509 23.395 1.795
2021-03-27 2058 1327.467 0.958 0.072
2021-03-28 2058 1327.467 0 0
2021-03-29 2056 1327.467 0 0
2021-03-30 2022 1363.285 35.818 2.698
2021-03-31 2000 1391.332 28.047 2.057
2021-04-01 2009 1387.623 -3.709 -0.267
2021-04-02 2009 1387.623 0 0
2021-04-03 2009 1387.623 0 0
2021-04-04 2010 1387.623 0 0
2021-04-05 2032 1362.255 -25.368 -1.828
2021-04-06 2005 1392.823 30.568 2.244
2021-04-07 1981 1425.47 32.647 2.344
2021-04-08 1973 1436.632 11.162 0.783
2021-04-09 2202 1390.423 -46.209 -3.216
2021-04-10 2204 1387.063 -3.36 -0.242
2021-04-11 2205 1387.063 0 0
2021-04-12 2292 1304.084 -82.979 -5.982
2021-04-13 2289 1308 3.916 0.3
2021-04-14 2306 1302.424 -5.576 -0.426
2021-04-15 2290 1319.91 17.486 1.343
2021-04-16 2311 1304.362 -15.548 -1.178
2021-04-17 2304 1314.494 10.132 0.777
2021-04-18 2304 1314.494 0 0
2021-04-19 2344 1290.541 -23.953 -1.822
2021-04-20 2359 1279.555 -10.986 -0.851
2021-04-21 2359 1279.341 -0.214 -0.017
2021-04-22 2315 1315.421 36.08 2.82
2021-04-23 2299 1338.639 23.218 1.765
2021-04-24 2299 1338.639 0 0
2021-04-25 2307 1337.346 -1.293 -0.097
2021-04-26 2297 1346.258 8.912 0.666
2021-04-27 2135 1473.133 126.875 9.424
2021-04-28 2149 1468.357 -4.776 -0.324
2021-04-29 2121 1481.979 13.622 0.928
2021-04-30 2052 1552.526 70.547 4.76
2021-05-01 2050 1551.845 -0.681 -0.044
