2026-02-05 969 4183.529 0 0
2026-02-06 976 4183.529 0 0
2026-02-07 979 4183.529 0 0
2026-02-08 979 4183.529 0 0
2026-02-09 978 4183.529 0 0
2026-02-10 985 4183.529 0 0
2026-02-11 990 4183.529 0 0
2026-02-12 983 4183.529 0 0
2026-02-13 990 4183.529 0 0
2026-02-14 989 4183.529 0 0
2026-02-15 989 4183.529 0 0
2026-02-16 990 4183.529 0 0
2026-02-17 992 4183.529 0 0
2026-02-18 994 4183.529 0 0
2026-02-19 997 4183.529 0 0
2026-02-20 996 4183.529 0 0
2026-02-21 1001 4183.529 0 0
2026-02-22 1001 4183.529 0 0
2026-02-23 1003 4183.529 0 0
2026-02-24 1018 4183.529 0 0
2026-02-25 1024 4183.529 0 0
2026-02-26 1028 4183.529 0 0
2026-02-27 1020 4183.529 0 0
2026-02-28 1024 4183.529 0 0
2026-03-01 1024 4183.529 0 0
2026-03-02 1022 4183.529 0 0
2026-03-28 979 4183.529 0 0
2026-03-29 976 4183.529 0 0
2026-03-30 975 4183.529 0 0
2026-03-31 978 4183.529 0 0
2026-04-01 983 4183.529 0 0
