2022-04-05 1710 1842.761 0 0
2022-04-06 1699 1837.546 -5.215 -0.284
2022-04-07 1759 1741.663 -95.883 -5.505
2022-04-08 1762 1740.636 -1.027 -0.059
2022-04-09 1762 1740.483 -0.153 -0.009
2022-04-10 1762 1740.483 0 0
2022-04-11 1781 1699.051 -41.432 -2.439
2022-04-12 1775 1701.694 2.643 0.155
2022-04-13 1817 1668.581 -33.113 -1.985
2022-04-14 1768 1717.723 49.142 2.861
2022-04-15 1740 1744.541 26.818 1.537
2022-04-16 1740 1744.541 0 0
2022-04-17 1740 1744.541 0 0
2022-04-18 1751 1738.728 -5.813 -0.334
2022-04-19 1774 1711.975 -26.753 -1.563
2022-04-20 1772 1706.883 -5.092 -0.298
2022-04-21 1792 1669.897 -36.986 -2.215
2022-04-22 1778 1669.162 -0.735 -0.044
2022-04-23 1780 1664.669 -4.493 -0.27
2022-04-24 1780 1664.669 0 0
2022-04-25 1800 1622.867 -41.802 -2.576
2022-04-26 1798 1615.154 -7.713 -0.478
2022-04-27 1812 1600.583 -14.571 -0.91
2022-04-28 1812 1601.262 0.679 0.042
2022-04-29 1718 1703.638 102.376 6.009
2022-04-30 1719 1706.344 2.706 0.159
2022-05-01 1719 1706.344 0 0
2022-05-02 1720 1706.344 0 0
2022-05-03 1772 1638.379 -67.965 -4.148
2022-05-04 1819 1603.472 -34.907 -2.177
2022-05-05 1810 1607.029 3.557 0.221
2022-05-06 1816 1587.536 -19.493 -1.228
2022-05-07 1816 1581.013 -6.523 -0.413
2022-05-08 1816 1581.013 0 0
2022-05-09 1792 1593.372 12.359 0.776
2022-05-10 1771 1598.103 4.731 0.296
2022-05-11 1799 1576.877 -21.226 -1.346
2022-05-12 1788 1586.872 9.995 0.63
2022-05-13 1825 1558.291 -28.581 -1.834
2022-05-14 1830 1558.966 0.675 0.043
2022-05-15 1831 1558.966 0 0
2022-05-16 1836 1548.611 -10.355 -0.669
2022-05-17 1837 1554.969 6.358 0.409
2022-05-18 1800 1594.582 39.613 2.484
2022-05-19 1769 1622.846 28.264 1.742
2022-05-20 1745 1659.013 36.167 2.18
2022-05-21 1745 1669.02 10.007 0.6
2022-05-22 1745 1669.02 0 0
2022-05-23 1740 1675.32 6.3 0.376
2022-05-24 1768 1621.191 -54.129 -3.339
2022-05-25 1766 1627.62 6.429 0.395
2022-05-26 1760 1640.903 13.283 0.809
2022-05-27 1764 1643.656 2.753 0.167
2022-05-28 1762 1646.843 3.187 0.194
2022-05-29 1762 1646.843 0 0
2022-05-30 1763 1660.36 13.517 0.814
2022-05-31 1769 1659.016 -1.344 -0.081
2022-06-01 1755 1673.411 14.395 0.86
2022-06-02 1771 1656.339 -17.072 -1.031
2022-06-03 1768 1658.615 2.276 0.137
2022-06-04 1767 1658.663 0.048 0.003
2022-06-05 1767 1658.663 0 0
2022-06-06 1770 1666.612 7.949 0.477
2022-06-07 1766 1673.311 6.699 0.4
2022-06-08 1795 1646.798 -26.513 -1.61
2022-06-09 1778 1638.93 -7.868 -0.48
2022-06-10 1766 1651.024 12.094 0.733
2022-06-11 1762 1650.267 -0.757 -0.046
2022-06-12 1762 1650.267 0 0
2022-06-13 1743 1653.248 2.981 0.18
2022-06-14 1673 1730.421 77.173 4.46
2022-06-15 1650 1753.282 22.861 1.304
2022-06-16 1640 1754.127 0.845 0.048
2022-06-17 1625 1778.692 24.565 1.381
2022-06-18 1620 1780.276 1.584 0.089
2022-06-19 1620 1780.276 0 0
2022-06-20 1652 1757.459 -22.817 -1.298
2022-06-21 1643 1770.522 13.063 0.738
2022-06-22 1687 1708.929 -61.593 -3.604
2022-06-23 1657 1756.359 47.43 2.7
2022-06-24 1626 1812.266 55.907 3.085
2022-06-25 1629 1813.808 1.542 0.085
2022-06-26 1629 1813.808 0 0
2022-06-27 1608 1844.677 30.869 1.673
2022-06-28 1575 1909.506 64.829 3.395
2022-06-29 1582 1884.242 -25.264 -1.341
2022-06-30 1514 1971.7 87.458 4.436
