2020-04-16 1994 1116.695 0 0
2020-04-17 2064 1062.515 -54.18 -4.852
2020-04-18 2064 1062.095 -0.42 -0.04
2020-04-19 2065 1062.095 0 0
2020-04-20 1937 1169.065 106.97 10.072
2020-04-21 1954 1150.331 -18.734 -1.602
2020-04-23 1912 1190.482 40.151 3.49
2020-04-24 2017 1101.871 -88.611 -7.443
2020-04-25 2017 1101.233 -0.638 -0.058
2020-04-26 2017 1101.233 0 0
2020-04-27 1985 1126.75 25.517 2.317
2020-04-28 1996 1126.366 -0.384 -0.034
2020-04-29 1985 1142.154 15.788 1.402
2020-04-30 2057 1094.266 -47.888 -4.193
2020-05-01 2058 1097.788 3.522 0.322
2020-05-02 2056 1097.788 0 0
2020-05-03 2056 1097.788 0 0
2020-05-04 2049 1097.788 0 0
2020-05-05 2048 1097.788 0 0
2020-05-06 2034 1105.98 8.192 0.746
2020-05-07 2075 1067.736 -38.244 -3.458
2020-05-08 2077 1074.247 6.511 0.61
2020-05-09 2078 1076.067 1.82 0.169
2020-05-10 2078 1076.067 0 0
2020-05-11 2065 1093.435 17.368 1.614
2020-05-12 1988 1150.588 57.153 5.227
2020-05-13 2030 1113.644 -36.944 -3.211
2020-05-14 2063 1078.388 -35.256 -3.166
2020-05-15 2044 1091.258 12.87 1.193
2020-05-16 2045 1090.382 -0.876 -0.08
2020-05-17 2045 1090.382 0 0
2020-05-18 2050 1086.835 -3.547 -0.325
2020-05-19 2103 1050.115 -36.72 -3.379
2020-05-20 2129 1035.665 -14.45 -1.376
2020-05-21 2097 1056.42 20.755 2.004
2020-05-23 2138 1017.297 -39.123 -3.703
2020-05-24 2138 1017.297 0 0
2020-05-25 2015 1119.77 102.473 10.073
2020-05-26 1896 1232.511 112.741 10.068
2020-05-27 1900 1236.091 3.58 0.29
2020-05-28 1927 1218.159 -17.932 -1.451
2020-05-29 1909 1240.069 21.91 1.799
2020-05-30 1909 1242.429 2.36 0.19
2020-05-31 1909 1242.429 0 0
