2022-01-05 1380 2406.783 0 0
2022-01-06 1337 2499.984 93.201 3.728
2022-01-07 1304 2541.112 41.128 1.619
2022-01-08 1305 2542.268 1.156 0.045
2022-01-09 1305 2542.268 0 0
2022-01-10 1272 2604.244 61.976 2.38
2022-01-11 1319 2522.144 -82.1 -3.255
2022-01-12 1300 2569.642 47.498 1.848
2022-01-13 1339 2490.887 -78.755 -3.162
2022-01-14 1359 2431.214 -59.673 -2.454
2022-01-15 1348 2437.73 6.516 0.267
2022-01-16 1359 2437.73 0 0
2022-01-17 1260 2639.453 201.723 7.643
2022-01-18 1252 2661.502 22.049 0.828
2022-01-19 1263 2615.347 -46.155 -1.765
2022-01-20 1289 2565.71 -49.637 -1.935
2022-01-22 1288 2550.915 -14.795 -0.58
2022-01-23 1288 2550.915 0 0
2022-01-24 1294 2527.66 -23.255 -0.92
2022-01-25 1295 2489.62 -38.04 -1.528
2022-01-26 1301 2483.513 -6.107 -0.246
2022-01-27 1305 2458.228 -25.285 -1.029
2022-01-28 1339 2391.559 -66.669 -2.788
2022-01-29 1341 2391.146 -0.413 -0.017
2022-01-30 1341 2391.146 0 0
2022-01-31 1350 2391.146 0 0
2022-02-01 1359 2391.146 0 0
2022-02-02 1370 2391.146 0 0
2022-02-03 1365 2391.146 0 0
2022-02-04 1371 2391.146 0 0
2022-02-05 1369 2391.146 0 0
2022-02-06 1369 2391.146 0 0
2022-02-07 1597 1977.274 -413.872 -20.931
2022-02-08 1648 1914.43 -62.844 -3.283
2022-02-09 1660 1904.351 -10.079 -0.529
2022-02-10 1657 1906.686 2.335 0.122
2022-02-11 1664 1895.992 -10.694 -0.564
2022-02-12 1647 1895.932 -0.06 -0.003
2022-02-13 1650 1895.932 0 0
2022-02-14 1620 1912.424 16.492 0.862
2022-02-15 1618 1936.238 23.814 1.23
2022-02-16 1632 1924.09 -12.148 -0.631
2022-02-17 1648 1893.907 -30.183 -1.594
2022-02-18 1648 1884.944 -8.963 -0.476
2022-02-19 1645 1888.072 3.128 0.166
2022-02-20 1643 1888.072 0 0
2022-02-21 1623 1909.936 21.864 1.145
2022-02-22 1649 1863.325 -46.611 -2.501
2022-02-23 1609 1923.444 60.119 3.126
2022-02-24 1604 1904.626 -18.818 -0.988
2022-02-25 1595 1930.588 25.962 1.345
2022-02-26 1605 1933.217 2.629 0.136
2022-02-27 1605 1933.217 0 0
2022-02-28 1591 1949.347 16.13 0.827
