2026-03-10 1983 2106.72 0 0
2026-03-11 1988 2103.459 -3.261 -0.155
2026-03-12 1878 2211.612 108.153 5.142
2026-03-13 1858 2232.382 20.77 0.939
2026-03-14 1864 2216.838 -15.544 -0.696
2026-03-15 1864 2216.838 0 0
2026-03-16 1911 2164.464 -52.374 -2.363
2026-03-17 1845 2242.544 78.08 3.607
2026-03-18 1822 2272.153 29.609 1.32
2026-03-19 1814 2263.014 -9.139 -0.402
2026-03-20 1825 2240.637 -22.377 -0.989
2026-03-21 1810 2250.576 9.939 0.444
2026-03-22 1810 2250.576 0 0
2026-03-23 1805 2238.087 -12.489 -0.555
2026-03-24 1777 2280.613 42.526 1.9
2026-03-25 1760 2315.066 34.453 1.511
2026-03-27 1788 2274.742 -40.324 -1.742
2026-03-28 1795 2258.759 -15.983 -0.703
2026-03-29 1794 2258.759 0 0
2026-03-30 1773 2274.319 15.56 0.689
2026-03-31 1742 2309.63 35.311 1.553
2026-04-01 1719 2352.824 0 0
2026-04-02 1714 2352.824 0 0
2026-04-03 1703 2387.367 0 0
2026-04-04 1711 2368.543 0 0
2026-04-05 1711 2368.543 0 0
2026-04-06 1711 2368.543 0 0
2026-04-07 1717 2368.543 0 0
2026-04-08 1785 2280.043 0 0
2026-04-09 1787 2291.927 0 0
2026-04-10 1791 2307.66 0 0
2026-04-11 1729 2385.217 0 0
2026-04-12 1732 2389.146 0 0
2026-04-13 1729 2389.146 0 0
2026-04-14 1664 2490.193 0 0
2026-04-15 1587 2631.412 0 0
2026-04-16 1613 2615.676 0 0
2026-04-17 1650 2538.767 0 0
2026-04-18 1656 2534.432 0 0
2026-04-19 1652 2550.701 0 0
2026-04-20 1656 2550.701 0 0
2026-04-21 1666 2522.39 0 0
2026-04-22 1668 2524.92 0 0
2026-04-23 1689 2496.256 0 0
2026-04-24 1707 2459.34 0 0
2026-04-25 1706 2461.464 0 0
2026-04-26 1712 2453.323 0 0
2026-04-27 1715 2453.323 0 0
2026-04-28 1695 2473.339 0 0
2026-04-29 1696 2467.568 0 0
