2021-04-09 2287 1316.867 0 0
2021-04-10 2286 1315.927 -0.94 -0.071
2021-04-11 2287 1315.927 0 0
2021-04-12 2324 1283.344 -32.583 -2.539
2021-04-13 2288 1308.639 25.295 1.933
2021-04-14 2304 1303.666 -4.973 -0.381
2021-04-15 2273 1336.672 33.006 2.469
2021-04-16 2263 1342.604 5.932 0.442
2021-04-17 2263 1343.569 0.965 0.072
2021-04-18 2263 1343.569 0 0
2021-04-19 2289 1335.362 -8.207 -0.615
2021-04-20 2307 1321.652 -13.71 -1.037
2021-04-21 2259 1355.249 33.597 2.479
2021-04-22 2208 1395.906 40.657 2.913
2021-04-23 2192 1419.078 23.172 1.633
2021-04-24 2192 1419.078 0 0
2021-04-25 2187 1422.327 3.249 0.228
2021-04-26 2185 1428.844 6.517 0.456
2021-04-27 2144 1467.673 38.829 2.646
2021-04-28 2217 1414.78 -52.893 -3.739
2021-04-29 2249 1385.556 -29.224 -2.109
2021-04-30 2244 1387.368 1.812 0.131
2021-05-01 2249 1378.85 -8.518 -0.618
2021-05-02 2248 1378.85 0 0
2021-05-03 2221 1403.159 24.309 1.732
2021-05-04 2275 1360.807 -42.352 -3.112
2021-05-05 2052 1544.797 183.99 11.91
2021-05-06 2036 1550.798 6.001 0.387
2021-05-07 2026 1556.847 6.049 0.389
2021-05-08 2024 1567.622 10.775 0.687
2021-05-09 2024 1567.622 0 0
2021-05-10 2034 1557.989 -9.633 -0.618
2021-05-11 2019 1571.224 13.235 0.842
2021-05-12 2001 1575.362 4.138 0.263
2021-05-13 2069 1519.041 -56.321 -3.708
2021-05-14 2045 1544.982 25.941 1.679
2021-05-15 2039 1552.48 7.498 0.483
2021-05-16 2039 1552.48 0 0
2021-05-17 2026 1569.543 17.063 1.087
2021-05-18 2048 1556.178 -13.365 -0.859
2021-05-19 2086 1525.149 -31.029 -2.034
2021-05-20 2100 1519.05 -6.099 -0.402
2021-05-21 2096 1523.895 4.845 0.318
2021-05-22 2097 1520.552 -3.343 -0.22
2021-05-24 2103 1520.552 0 0
2021-05-25 2093 1526.705 6.153 0.403
2021-05-26 2093 1533.18 6.475 0.422
2021-05-27 2139 1499.85 -33.33 -2.222
2021-05-28 2123 1510.157 10.307 0.683
2021-05-29 2127 1507.765 -2.392 -0.159
2021-05-30 2127 1507.765 0 0
2021-05-31 2157 1486.241 -21.524 -1.448
