2020-01-19 930 2851.539 0 0
2020-02-07 936 2788.615 -62.924 -2.256
2020-02-15 941 2767.774 -20.841 -0.753
2020-02-16 941 2767.774 0 0
2020-02-17 934 2767.774 0 0
2020-02-18 933 2767.774 0 0
2020-02-19 928 2798.784 31.01 1.108
2020-02-20 929 2784.222 -14.562 -0.523
2020-02-21 923 2782.913 -1.309 -0.047
2020-02-22 921 2796.74 13.827 0.494
2020-02-23 922 2796.74 0 0
2020-02-24 918 2796.74 0 0
2020-02-25 925 2745.895 -50.845 -1.852
2020-02-26 908 2751.843 5.948 0.216
2020-02-27 899 2755.036 3.193 0.116
2020-02-28 904 2722.193 -32.843 -1.206
2020-02-29 921 2686.481 -35.712 -1.329
2020-03-01 922 2686.481 0 0
2020-03-02 923 2686.481 0 0
2020-03-03 911 2730.766 44.285 1.622
2020-03-04 905 2763.707 32.941 1.192
2020-03-05 909 2748.534 -15.173 -0.552
2020-03-06 908 2710.35 -38.184 -1.409
2020-03-07 905 2720.697 10.347 0.38
