2020-01-19 410 5258.27 0 0
2020-02-07 372 5610.978 352.708 6.286
2020-02-15 379 5558.273 -52.705 -0.948
2020-02-16 379 5558.273 0 0
2020-02-17 380 5578.329 20.056 0.36
2020-02-18 374 5609.98 31.651 0.564
2020-02-19 378 5594.226 -15.754 -0.282
2020-02-20 379 5584.81 -9.416 -0.169
2020-02-21 380 5563.41 -21.4 -0.385
2020-02-22 375 5584.403 20.993 0.376
2020-02-23 375 5584.403 0 0
2020-02-24 376 5559.613 -24.79 -0.446
2020-02-25 375 5504.419 -55.194 -1.003
2020-02-26 281 6629.824 1125.405 16.975
2020-02-27 292 6448.064 -181.76 -2.819
2020-02-28 296 6338.602 -109.462 -1.727
2020-02-29 293 6339.737 1.135 0.018
