2020-01-19 314 1215140.093 0.000
2020-02-07 313 1216993.503 -0.242
2020-02-15 311 1219351.127 0.212
2020-02-16 311 1219207.779 -0.005
2020-02-17 311 1221579.645 0.202
2020-02-18 311 1221194.814 -0.017
2020-02-19 312 1224083.693 0.018
2020-02-20 312 1224246.426 -0.063
2020-02-21 312 1222153.881 -0.214
2020-02-22 312 1221312.417 -0.037
2020-02-23 312 1220652.835 -0.122
2020-02-24 312 1208810.706 -0.882
2020-02-25 310 1196579.900 -0.659
2020-02-26 311 1190461.811 -0.631
2020-02-27 311 1180596.627 -0.856
2020-02-28 310 1166677.361 -0.905
2020-02-29 307 1160810.234 -0.393
2020-03-01 306 1160032.503 0.078
2020-03-02 306 1168457.088 0.462
2020-03-03 307 1171069.049 0.300
2020-03-04 308 1177372.949 0.230
2020-03-05 310 1176491.005 -0.311
2020-03-06 309 1162400.268 -1.015
2020-03-07 308 1161777.230 0.022
2020-03-08 308 1161185.511 -0.164
2020-03-09 308 1135108.667 -1.893
2020-03-10 300 1108695.932 -0.035
2020-03-11 302 1098896.871 -1.297
2020-03-12 299 1066046.974 -2.521
2020-03-13 294 1062901.386 -0.114
2020-03-14 296 1070492.702 0.328
2020-03-15 296 1070492.702 0.000
2020-03-16 296 1044251.588 -2.152
2020-03-17 291 1034189.133 -0.605
2020-03-18 290 1014369.331 -1.549
2020-03-19 286 1002495.132 -0.744
2020-03-20 285 999114.259 -0.108
2020-03-21 285 998042.351 -0.020
2020-03-22 285 998042.351 0.000
2020-03-23 285 982058.900 -1.243
2020-03-24 285 977904.018 -0.282
2020-03-25 285 1009170.604 2.252
2020-03-26 288 1027426.969 1.261
2020-03-27 291 1050824.467 1.521
2020-03-28 291 1042350.033 -0.556
2020-03-29 291 1042350.033 0.000
2020-03-30 291 1042350.033 0.000
2020-03-31 292 1045253.446 0.008
