2020-01-19 35 132076.236 0.000
2020-02-07 35 128129.834 -2.584
2020-02-15 35 122986.231 -2.244
2020-02-16 35 122986.231 0.000
2020-02-17 35 123117.400 0.411
2020-02-18 35 122994.332 -0.173
2020-02-19 35 123494.853 0.355
2020-02-20 35 122992.843 -0.730
2020-02-21 35 121756.035 -0.951
2020-02-22 35 121676.556 -0.100
2020-02-23 35 121676.556 0.000
2020-02-24 35 119262.033 -2.482
2020-02-25 35 117646.263 -1.266
2020-02-26 35 116461.323 -1.103
2020-02-27 34 113640.282 -1.355
2020-02-28 35 113674.470 -0.601
2020-02-29 35 113848.728 0.350
2020-03-01 32 110230.624 -0.097
2020-03-02 32 110844.311 0.587
2020-03-03 32 111332.489 -0.124
2020-03-04 32 112042.958 0.767
2020-03-05 31 110441.074 -0.678
2020-03-06 32 110465.566 -0.545
2020-03-07 32 110346.145 -0.189
2020-03-08 32 110460.235 -0.155
2020-03-09 32 107751.023 -2.884
2020-03-10 32 107842.615 0.130
2020-03-11 32 106729.907 -1.344
2020-03-12 32 103171.058 -3.346
2020-03-13 32 101549.463 -1.221
2020-03-14 31 100750.322 0.044
2020-03-15 31 100751.379 0.001
2020-03-16 31 99049.354 -2.616
2020-03-17 31 99135.955 -0.101
2020-03-18 32 98083.539 -1.933
2020-03-19 32 96235.128 -1.972
2020-03-20 32 95951.173 -0.389
2020-03-21 32 96343.000 0.182
2020-03-22 32 96343.000 0.000
2020-03-23 32 94872.701 -1.079
2020-03-24 32 94383.574 -0.480
2020-03-25 32 97883.762 2.991
2020-03-26 32 99372.174 2.003
2020-03-27 32 101536.827 1.465
2020-03-28 32 100444.567 -0.667
2020-03-29 32 100444.567 0.000
2020-03-30 32 100444.567 0.000
2020-03-31 32 100509.808 -0.004
2020-04-01 32 101565.558 1.104
2020-04-02 32 100948.912 -1.354
2020-04-03 32 100624.115 0.172
2020-04-04 32 99345.864 -0.866
2020-04-05 32 99345.864 0.000
2020-04-06 32 99345.864 0.000
2020-04-07 32 102835.474 2.891
2020-04-08 33 105531.388 1.114
2020-04-09 33 105217.357 0.079
2020-04-10 33 105673.507 0.212
2020-04-11 33 105673.507 0.000
2020-04-12 33 105673.507 0.000
2020-04-13 33 105378.603 -0.561
2020-04-14 32 104276.870 0.686
2020-04-15 32 104202.716 -0.246
2020-04-16 32 104311.059 0.107
2020-04-17 32 105141.830 1.095
2020-04-18 32 105734.300 0.373
2020-04-19 32 105734.300 0.000
2020-04-20 32 105295.327 -0.626
2020-04-21 32 104648.091 -0.739
2020-04-22 32 104648.091 0.000
2020-04-23 32 106268.806 1.166
2020-04-24 32 107591.590 0.565
2020-04-25 32 107500.956 -0.101
2020-04-26 32 107500.956 0.000
2020-04-27 32 108170.754 0.662
2020-04-28 32 109245.528 0.387
2020-04-29 32 110355.424 1.303
2020-04-30 32 110310.137 -0.019
2020-05-01 32 109723.130 -0.609
2020-05-02 32 109608.027 -0.202
2020-05-03 32 109608.027 0.000
2020-05-04 32 108668.014 -0.736
2020-05-05 32 109269.239 0.371
2020-05-06 32 110366.628 -0.059
2020-05-07 32 109728.371 0.009
2020-05-08 32 110996.396 1.104
2020-05-09 32 111647.374 0.435
2020-05-10 32 111647.374 0.000
2020-05-11 32 112245.786 0.534
2020-05-12 32 112910.037 -0.277
2020-05-13 32 112368.571 -0.218
2020-05-14 32 111059.063 -0.661
2020-05-15 32 112187.783 0.001
2020-05-16 32 112401.099 0.089
2020-05-17 32 112401.099 0.000
2020-05-18 32 112139.981 1.355
2020-05-19 32 112999.753 0.806
2020-05-20 32 113500.735 0.374
2020-05-21 32 113014.976 -0.556
2020-05-22 32 111772.010 -0.664
2020-05-23 32 111485.038 -0.295
2020-05-24 32 111485.038 0.000
2020-05-25 32 110174.340 -0.229
2020-05-26 32 110603.184 1.186
2020-05-27 32 109932.302 -0.127
2020-05-28 32 110174.788 -0.004
2020-05-29 32 110626.146 0.844
2020-05-30 32 110638.856 0.052
2020-05-31 32 110638.856 0.000
