2020-01-19 73 368856.968 0.000
2020-02-07 72 364308.889 -2.026
2020-02-15 72 364082.829 -1.348
2020-02-16 72 364082.126 -0.000
2020-02-17 72 365320.098 0.076
2020-02-18 72 365537.571 0.074
2020-02-19 72 363663.587 0.133
2020-02-20 72 362975.776 -0.032
2020-02-21 73 361017.313 -0.452
2020-02-22 72 357939.287 -0.146
2020-02-23 72 358661.792 0.379
2020-02-24 72 355713.906 -0.870
2020-02-25 70 349214.254 -1.376
2020-02-26 70 343649.495 -0.965
2020-02-27 71 340944.457 -1.308
2020-02-28 69 332764.775 -1.103
2020-02-29 69 325555.168 -1.411
2020-03-01 69 326554.856 0.554
2020-03-02 69 328600.751 0.474
2020-03-03 69 333385.137 0.576
2020-03-04 69 333541.567 0.320
2020-03-05 70 335951.573 -0.123
2020-03-06 69 328528.238 -0.959
2020-03-07 69 326731.856 0.251
2020-03-08 69 325462.438 0.257
2020-03-09 70 321217.487 -1.847
2020-03-10 67 310773.041 -0.573
2020-03-11 68 312699.525 -0.109
2020-03-12 67 296251.403 -4.105
2020-03-13 66 291081.946 -1.672
2020-03-14 66 299218.710 1.390
2020-03-15 66 299224.359 0.003
2020-03-16 66 290805.175 -2.520
2020-03-17 65 280872.585 -1.604
2020-03-18 65 280364.212 -1.448
2020-03-19 63 271716.286 -0.964
2020-03-20 64 280946.892 0.802
2020-03-21 64 279250.873 -0.602
2020-03-22 64 279247.667 -0.002
2020-03-23 64 276872.186 -0.920
2020-03-24 63 272354.274 -0.520
2020-03-25 64 289752.343 3.948
2020-03-26 64 294990.166 1.190
2020-03-27 65 306024.467 2.056
2020-03-28 65 300833.598 -1.606
2020-03-29 65 300833.598 0.000
2020-03-30 65 300833.598 0.000
2020-03-31 66 306002.438 0.277
