2020-01-19 22 77567.014 0.000
2020-02-07 22 77074.604 -0.868
2020-02-15 22 77061.568 -0.049
2020-02-16 22 77061.568 0.000
2020-02-17 22 77068.571 0.007
2020-02-18 22 77093.124 0.076
2020-02-19 22 77159.595 0.056
2020-02-20 22 77319.928 0.188
2020-02-21 22 78052.289 1.340
2020-02-22 22 78046.671 -0.006
2020-02-23 22 78046.671 0.000
2020-02-24 22 77759.608 -0.349
2020-02-25 22 77744.394 0.100
2020-02-26 22 77490.819 -0.338
2020-02-27 22 77187.487 -0.399
2020-02-28 22 77295.031 0.083
2020-02-29 22 77275.971 -0.015
2020-03-01 22 77275.971 0.000
2020-03-02 22 77385.549 0.058
2020-03-03 22 77272.922 -0.212
2020-03-04 22 77360.779 0.080
2020-03-05 22 77133.859 -0.373
2020-03-06 22 76867.816 -0.389
2020-03-07 22 76898.800 0.039
2020-03-08 22 76898.800 0.000
2020-03-09 22 76403.361 -0.753
2020-03-10 22 76847.358 0.442
2020-03-11 22 76441.868 -0.618
2020-03-12 22 75658.954 -1.323
2020-03-13 22 75762.742 0.252
2020-03-14 22 75889.179 0.135
2020-03-15 22 75889.179 0.000
2020-03-16 22 75177.281 -1.247
2020-03-17 22 75191.840 0.028
2020-03-18 22 74873.334 -0.444
2020-03-19 22 75004.985 0.326
2020-03-20 22 74862.923 -0.003
2020-03-21 22 74758.537 -0.126
2020-03-22 22 74758.537 0.000
2020-03-23 22 74846.680 0.213
2020-03-24 22 74804.264 -0.056
2020-03-25 22 75385.264 0.737
2020-03-26 22 75307.725 -0.200
2020-03-27 22 75678.935 0.490
2020-03-28 22 75503.555 -0.337
2020-03-29 22 75503.555 0.000
2020-03-30 22 75503.555 0.000
2020-03-31 22 75549.600 -0.007
