2021-04-09 1019 3100 0 0
2021-04-10 1019 3100 0 0
2021-04-11 1019 3100 0 0
2021-04-12 1007 3100 0 0
2021-04-13 1013 3100 0 0
2021-04-14 1014 3100 0 0
2021-04-15 1015 3100 0 0
2021-04-16 1013 3100 0 0
2021-04-17 1015 3100 0 0
2021-04-18 1015 3100 0 0
2021-04-19 1021 3100 0 0
2021-04-20 1020 3100 0 0
2021-04-21 1027 3100 0 0
2021-04-22 1028 3100 0 0
2021-04-23 1032 3100 0 0
2021-04-24 1032 3100 0 0
2021-04-25 1032 3100 0 0
2021-04-26 1037 3100 0 0
2021-04-27 1032 3100 0 0
2021-04-28 1036 3100 0 0
2021-04-29 1036 3100 0 0
2021-04-30 1036 3100 0 0
2021-05-01 1035 3100 0 0
