2022-09-27 808 3375 0 0
2022-09-28 806 3375 0 0
2022-09-29 806 3375 0 0
2022-09-30 802 3375 0 0
2022-10-01 807 3375 0 0
2022-10-02 804 3375 0 0
2022-10-03 806 3375 0 0
2022-10-04 819 3375 0 0
2022-10-05 830 3375 0 0
2022-10-06 821 3375 0 0
2022-10-07 815 3375 0 0
2022-10-08 813 3375 0 0
2022-10-09 813 3375 0 0
2022-10-10 808 3375 0 0
2022-10-11 793 3375 0 0
2022-10-12 797 3375 0 0
2022-10-13 798 3375 0 0
2022-10-14 799 3375 0 0
2022-10-15 801 3375 0 0
2022-10-16 800 3375 0 0
2022-10-17 805 3375 0 0
2022-10-18 811 3375 0 0
2022-10-19 808 3375 0 0
2022-10-20 801 3375 0 0
2022-10-21 805 3375 0 0
2022-10-22 803 3375 0 0
2022-10-23 801 3375 0 0
2022-10-24 791 3375 0 0
2022-10-25 801 3375 0 0
2022-10-26 814 3375 0 0
2022-10-27 819 3375 0 0
2022-10-28 817 3375 0 0
2022-10-29 815 3375 0 0
2022-10-30 814 3375 0 0
2022-10-31 812 3375 0 0
2022-11-01 814 3375 0 0
2022-11-02 813 3375 0 0
2022-11-03 812 3375 0 0
2022-11-04 809 3375 0 0
2022-11-05 817 3375 0 0
2022-11-06 817 3375 0 0
2022-11-07 816 3375 0 0
2022-11-08 818 3375 0 0
2022-11-09 816 3375 0 0
2022-11-10 815 3375 0 0
2022-11-11 828 3375 0 0
2022-11-12 843 3375 0 0
2022-11-13 843 3375 0 0
2022-11-14 838 3375 0 0
2022-11-15 843 3375 0 0
2022-11-16 842 3375 0 0
2022-11-17 838 3375 0 0
2022-11-18 836 3375 0 0
2022-11-19 837 3375 0 0
2022-11-20 837 3375 0 0
2022-11-21 835 3375 0 0
2022-11-22 835 3375 0 0
2022-11-23 835 3375 0 0
2022-11-24 838 3375 0 0
2022-11-25 839 3375 0 0
2022-11-26 839 3375 0 0
2022-11-27 841 3375 0 0
2022-11-28 837 3375 0 0
2022-11-29 845 3375 0 0
2022-11-30 850 3375 0 0
2022-12-02 850 3375 0 0
2022-12-03 850 3375 0 0
2022-12-04 849 3375 0 0
2022-12-05 851 3375 0 0
2022-12-06 849 3375 0 0
2022-12-07 844 3375 0 0
2022-12-08 849 3375 0 0
2022-12-09 849 3375 0 0
2022-12-10 851 3375 0 0
2022-12-11 850 3375 0 0
2022-12-12 847 3375 0 0
2022-12-13 849 3375 0 0
2022-12-14 852 3375 0 0
2022-12-15 850 3375 0 0
2022-12-16 848 3375 0 0
2022-12-17 848 3375 0 0
2022-12-18 848 3375 0 0
2022-12-19 843 3375 0 0
2022-12-20 841 3375 0 0
2022-12-21 840 3375 0 0
2022-12-22 845 3375 0 0
2022-12-23 840 3375 0 0
2022-12-24 839 3375 0 0
2022-12-25 839 3375 0 0
2022-12-26 843 3375 0 0
2022-12-27 841 3375 0 0
2022-12-28 842 3375 0 0
2022-12-29 843 3375 0 0
2022-12-30 843 3375 0 0
2022-12-31 843 3375 0 0
2023-01-01 843 3375 0 0
2023-01-02 843 3375 0 0
2023-01-03 843 3375 0 0
2023-01-04 845 3375 0 0
2023-01-05 851 3375 0 0
2023-01-06 851 3375 0 0
2023-01-07 854 3375 0 0
2023-01-08 854 3375 0 0
2023-01-09 850 3375 0 0
2023-01-10 859 3375 0 0
2023-01-11 858 3375 0 0
2023-01-13 866 3375 0 0
2023-01-14 870 3375 0 0
2023-01-15 870 3375 0 0
2023-01-16 870 3375 0 0
2023-01-17 868 3375 0 0
2023-01-18 864 3375 0 0
2023-01-19 860 3375 0 0
2023-01-20 861 3375 0 0
2023-01-21 861 3375 0 0
2023-01-22 861 3375 0 0
2023-01-23 864 3375 0 0
2023-01-24 863 3375 0 0
2023-01-25 863 3375 0 0
2023-01-26 871 3375 0 0
2023-01-27 877 3375 0 0
2023-01-29 878 3375 0 0
2023-01-30 872 3375 0 0
2023-01-31 870 3375 0 0
2023-02-01 875 3375 0 0
2023-02-02 885 3375 0 0
2023-02-03 890 3375 0 0
2023-02-04 890 3375 0 0
2023-02-05 886 3375 0 0
2023-02-06 874 3375 0 0
2023-02-07 866 3375 0 0
2023-02-08 872 3375 0 0
2023-02-09 867 3375 0 0
2023-02-10 861 3375 0 0
2023-02-11 859 3375 0 0
2023-02-12 859 3375 0 0
2023-02-13 861 3375 0 0
2023-02-14 863 3375 0 0
2023-02-15 866 3375 0 0
2023-02-16 861 3375 0 0
2023-02-17 859 3375 0 0
2023-02-18 860 3375 0 0
2023-02-19 859 3375 0 0
2023-02-20 858 3375 0 0
2023-02-21 850 3375 0 0
2023-02-22 848 3375 0 0
2023-02-23 846 3375 0 0
2023-02-24 844 3375 0 0
2023-02-25 840 3375 0 0
2023-02-26 839 3375 0 0
2023-02-27 840 3375 0 0
2023-02-28 837 3375 0 0
2023-03-01 844 3375 0 0
2023-03-02 843 3375 0 0
2023-03-03 845 3375 0 0
2023-03-04 844 3375 0 0
2023-03-05 844 3375 0 0
2023-03-06 845 3375 0 0
2023-03-07 840 3375 0 0
2023-03-08 840 3375 0 0
2023-03-09 835 3375 0 0
2023-03-10 830 3375 0 0
2023-03-11 833 3375 0 0
2023-03-12 834 3375 0 0
2023-03-13 827 3375 0 0
2023-03-14 831 3375 0 0
2023-03-15 830 3375 0 0
2023-03-16 828 3375 0 0
2023-03-17 826 3375 0 0
2023-03-18 826 3375 0 0
2023-03-19 826 3375 0 0
2023-03-20 826 3375 0 0
2023-03-21 834 3375 0 0
2023-03-22 827 3375 0 0
2023-03-23 827 3375 0 0
2023-03-24 838 3375 0 0
2023-03-25 832 3375 0 0
2023-03-26 832 3375 0 0
2023-03-27 831 3375 0 0
2023-03-28 796 3521.744 146.744 4.167
2023-08-20 777 3711.908 190.164 5.123
2023-08-21 789 3664.62 -47.288 -1.29
2023-08-22 789 3652.384 -12.236 -0.335
2023-08-23 793 3638.676 -13.708 -0.377
2023-08-24 798 3643.828 5.152 0.141
2023-08-25 792 3656.524 12.696 0.347
2023-08-26 791 3654.5 -2.024 -0.055
2023-08-27 791 3654.5 0 0
2023-08-28 801 3636.468 -18.032 -0.496
2023-08-29 804 3636.652 0.184 0.005
2023-08-30 810 3631.316 -5.336 -0.147
2023-08-31 812 3617.608 -13.708 -0.379
2023-09-01 823 3601.416 -16.192 -0.45
2023-09-02 826 3601.416 0 0
2023-09-03 826 3601.416 0 0
2023-09-04 825 3601.416 0 0
2023-09-05 822 3608.097 6.681 0.185
2023-09-06 824 3578.692 -29.405 -0.822
2023-09-07 820 3597.276 18.584 0.517
2023-09-08 817 3602.152 4.876 0.135
2023-09-09 938 3198.44 -403.712 -12.622
2023-09-10 935 3198.44 0 0
2023-09-11 932 3212.388 13.948 0.434
2023-09-12 929 3212.388 0 0
2023-09-13 928 3221.222 8.834 0.274
2023-09-14 932 3219.561 -1.661 -0.052
2023-09-15 936 3204.351 -15.21 -0.475
2023-09-16 936 3204.351 0 0
2023-09-17 935 3204.351 0 0
2023-09-18 933 3213.29 8.939 0.278
2023-09-19 935 3211.126 -2.164 -0.067
2023-09-20 927 3214.048 2.922 0.091
2023-09-21 925 3205.746 -8.302 -0.259
2023-09-22 923 3198.041 -7.705 -0.241
2023-09-23 925 3198.041 0 0
2023-09-24 925 3198.041 0 0
2023-09-25 930 3196.447 -1.594 -0.05
2023-09-26 922 3188.211 -8.236 -0.258
2023-09-27 927 3175.525 -12.686 -0.399
2023-09-28 921 3173.997 -1.528 -0.048
2023-09-29 926 3166.492 -7.505 -0.237
2023-09-30 929 3166.492 0 0
2023-10-01 930 3166.492 0 0
2023-10-02 932 3162.506 -3.986 -0.126
2023-10-03 925 3163.768 1.262 0.04
2023-10-04 925 3164.964 1.196 0.038
2023-10-05 916 3175.724 10.76 0.339
2023-10-06 921 3179.045 3.321 0.104
2023-10-07 920 3179.045 0 0
2023-10-08 919 3179.045 0 0
2023-10-09 919 3179.045 0 0
2023-10-10 922 3183.827 4.782 0.15
2023-10-11 931 3169.348 -14.479 -0.457
2023-10-12 931 3170.344 0.996 0.031
2023-10-13 912 3173.798 3.454 0.109
2023-10-14 912 3173.798 0 0
2023-10-15 912 3173.798 0 0
2023-10-16 913 3178.314 4.516 0.142
2023-10-17 914 3168.75 -9.564 -0.302
2023-10-18 915 3168.75 0 0
2023-10-19 920 3143.709 -25.041 -0.797
2023-10-20 917 3148.226 4.517 0.143
2023-10-21 917 3148.226 0 0
2023-10-22 917 3148.226 0 0
2023-10-23 915 3137.532 -10.694 -0.341
2023-10-24 918 3136.47 -1.062 -0.034
2023-10-25 917 3138.728 2.258 0.072
2023-10-26 914 3130.319 -8.409 -0.269
2023-10-27 925 3099.075 -31.244 -1.008
2023-10-28 928 3099.075 0 0
2023-10-29 928 3099.075 0 0
2023-10-30 926 3108.573 9.498 0.306
2023-10-31 930 3117.274 8.701 0.279
2023-11-01 923 3119.599 2.325 0.075
2023-11-02 920 3129.894 10.295 0.329
2023-11-03 924 3140.986 11.092 0.353
2023-11-04 936 3137.2 -3.786 -0.121
2023-11-05 936 3137.2 0 0
2023-11-06 940 3139.591 2.391 0.076
2023-11-07 941 3134.278 -5.313 -0.17
2023-11-08 939 3130.625 -3.653 -0.117
2023-11-09 948 3111.164 -19.461 -0.626
2023-11-10 949 3111.164 0 0
2023-11-11 945 3110.034 -1.13 -0.036
2023-11-12 945 3110.034 0 0
2023-11-13 946 3112.558 2.524 0.081
2023-11-14 952 3112.758 0.2 0.006
2023-11-15 962 3120.33 7.572 0.243
2023-11-16 956 3128.964 8.634 0.276
2023-11-17 963 3126.905 -2.059 -0.066
2023-11-18 965 3126.905 0 0
2023-11-19 965 3126.905 0 0
2023-11-20 971 3127.702 0.797 0.025
2023-11-21 970 3135.739 8.037 0.256
2023-11-22 968 3133.746 -1.993 -0.064
2023-11-23 970 3133.746 0 0
2023-11-24 964 3144.905 11.159 0.355
2023-11-25 965 3144.905 0 0
2023-11-26 965 3144.905 0 0
2023-11-27 967 3136.802 -8.103 -0.258
2023-11-28 970 3139.126 2.324 0.074
2023-11-29 973 3142.315 3.189 0.101
2023-11-30 967 3159.252 16.937 0.536
