2025-04-02 2580 1265.293 0 0
2025-04-03 2561 1265.293 0 0
2025-04-04 2548 1265.293 0 0
2025-04-05 2536 1265.293 0 0
2025-04-06 2536 1265.293 0 0
2025-04-07 2489 1265.293 0 0
2025-04-08 2484 1265.293 0 0
2025-04-09 2499 1265.293 0 0
2025-04-10 2506 1265.293 0 0
2025-04-11 2517 1265.293 0 0
2025-04-12 2534 1265.293 0 0
2025-04-13 2535 1265.293 0 0
2025-04-14 2543 1265.293 0 0
2025-04-15 2545 1265.293 0 0
2025-04-16 2540 1265.293 0 0
2025-04-17 2544 1265.293 0 0
2025-04-18 2550 1265.293 0 0
2025-04-19 2550 1265.293 0 0
2025-04-20 2550 1265.293 0 0
2025-04-21 2548 1265.293 0 0
2025-04-22 2560 1265.293 0 0
2025-04-23 2584 1265.293 0 0
2025-04-24 2577 1265.293 0 0
2025-04-25 2572 1265.293 0 0
2025-04-26 2570 1265.293 0 0
2025-04-27 2570 1265.293 0 0
2025-04-28 2575 1265.293 0 0
2025-04-29 2574 1265.293 0 0
2025-04-30 2580 1265.293 0 0
2025-05-01 2582 1265.293 0 0
2025-05-02 2585 1265.293 0 0
2025-05-03 2587 1265.293 0 0
2025-05-04 2588 1265.293 0 0
2025-05-05 2592 1265.293 0 0
2025-05-06 2595 1265.293 0 0
2025-05-07 2597 1265.293 0 0
2025-05-08 2599 1265.293 0 0
2025-05-09 2593 1265.293 0 0
2025-05-10 2592 1265.293 0 0
2025-05-11 2592 1265.293 0 0
2025-05-12 2606 1265.293 0 0
2025-05-13 2608 1265.293 0 0
2025-05-14 2616 1265.293 0 0
2025-05-15 2609 1265.293 0 0
2025-05-16 2617 1265.293 0 0
2025-05-17 2616 1265.293 0 0
2025-05-18 2617 1265.293 0 0
2025-05-19 2611 1265.293 0 0
2025-05-20 2613 1265.293 0 0
2025-05-21 2614 1265.293 0 0
2025-05-22 2612 1265.293 0 0
2025-05-23 2607 1265.293 0 0
2025-05-24 2607 1265.293 0 0
2025-05-25 2610 1265.293 0 0
2025-05-26 2608 1265.293 0 0
2025-05-27 2614 1265.293 0 0
2025-05-28 2607 1265.293 0 0
2025-05-29 2613 1265.293 0 0
2025-05-30 2602 1265.293 0 0
2025-05-31 2602 1265.293 0 0
2025-06-01 2602 1265.293 0 0
2025-06-02 2603 1265.293 0 0
2025-06-03 2612 1265.293 0 0
2025-06-04 2618 1265.293 0 0
2025-06-05 2621 1265.293 0 0
2025-06-06 2623 1265.293 0 0
2025-06-07 2621 1265.293 0 0
2025-06-08 2621 1265.293 0 0
2025-06-09 2627 1265.293 0 0
2025-06-10 2625 1265.293 0 0
2025-06-11 2622 1265.293 0 0
2025-06-12 2622 1265.293 0 0
2025-06-13 2615 1265.293 0 0
2025-06-14 2613 1265.293 0 0
2025-06-15 2612 1265.293 0 0
2025-06-16 2619 1265.293 0 0
2025-06-17 2615 1265.293 0 0
2025-06-18 2614 1265.293 0 0
2025-06-19 2607 1265.293 0 0
2025-06-20 2608 1265.293 0 0
2025-06-21 2608 1265.293 0 0
2025-06-22 2608 1265.293 0 0
2025-06-23 2608 1265.293 0 0
2025-06-24 2619 1265.293 0 0
2025-06-25 2623 1265.293 0 0
2025-06-26 2625 1265.293 0 0
2025-06-27 2624 1265.293 0 0
2025-06-28 2624 1265.293 0 0
2025-06-29 2624 1265.293 0 0
2025-06-30 2631 1265.293 0 0
2025-07-01 2629 1265.293 0 0
2025-07-02 2632 1265.293 0 0
2025-07-03 2641 1265.293 0 0
2025-07-04 2637 1265.293 0 0
2025-07-05 2637 1265.293 0 0
2025-07-06 2637 1265.293 0 0
2025-07-07 2633 1265.293 0 0
2025-07-08 2641 1265.293 0 0
2025-07-09 2643 1265.293 0 0
2025-07-10 2640 1265.293 0 0
2025-07-11 2637 1265.293 0 0
2025-07-12 2639 1265.293 0 0
2025-07-13 2639 1265.293 0 0
2025-07-14 2641 1265.293 0 0
2025-07-15 2640 1265.293 0 0
2025-07-16 2642 1265.293 0 0
2025-07-17 2650 1265.293 0 0
2025-07-18 2653 1265.293 0 0
2025-07-19 2653 1265.293 0 0
2025-07-20 2653 1265.293 0 0
2025-07-21 2660 1265.293 0 0
2025-07-22 2662 1265.293 0 0
2025-07-23 2665 1265.293 0 0
2025-07-24 2669 1265.293 0 0
2025-07-25 2672 1265.293 0 0
2025-07-26 2669 1265.293 0 0
2025-07-27 2669 1265.293 0 0
2025-07-28 2667 1265.293 0 0
2025-07-29 2666 1265.293 0 0
2025-07-30 2667 1265.293 0 0
2025-07-31 2661 1265.293 0 0
2025-08-01 2649 1265.293 0 0
2025-08-02 2650 1265.293 0 0
2025-08-03 2650 1265.293 0 0
2025-08-04 2659 1265.293 0 0
2025-08-05 2663 1265.293 0 0
2025-08-06 2673 1265.293 0 0
2025-08-07 2679 1265.293 0 0
2025-08-08 2677 1265.293 0 0
2025-08-09 2676 1265.293 0 0
2025-08-10 2676 1265.293 0 0
2025-08-11 2676 1265.293 0 0
2025-08-12 2683 1265.293 0 0
2025-08-13 2693 1265.293 0 0
2025-08-14 2689 1265.293 0 0
2025-08-15 2695 1265.293 0 0
2025-08-16 2698 1265.293 0 0
2025-08-17 2698 1265.293 0 0
2025-08-18 2701 1265.293 0 0
2025-08-19 2703 1265.293 0 0
2025-08-20 2702 1265.293 0 0
2025-08-21 2699 1265.293 0 0
2025-08-22 2713 1265.293 0 0
2025-08-23 2715 1265.293 0 0
2025-08-24 2715 1265.293 0 0
2025-08-25 2711 1265.293 0 0
2025-08-26 2711 1265.293 0 0
2025-08-27 2705 1265.293 0 0
2025-08-28 2708 1265.293 0 0
2025-08-29 2714 1265.293 0 0
2025-08-30 2716 1265.293 0 0
2025-08-31 2716 1265.293 0 0
2025-09-01 2718 1265.293 0 0
2025-09-02 2703 1265.293 0 0
2025-09-03 2708 1265.293 0 0
2025-09-04 2703 1265.293 0 0
2025-09-05 2718 1265.293 0 0
2025-09-06 2722 1265.293 0 0
2025-09-07 2722 1265.293 0 0
2025-09-08 2725 1265.293 0 0
2025-09-09 2720 1265.293 0 0
2025-09-10 2718 1265.293 0 0
2025-09-11 2727 1265.293 0 0
2025-09-12 2724 1265.293 0 0
2025-09-13 2725 1265.293 0 0
2025-09-14 2725 1265.293 0 0
2025-09-15 2726 1265.293 0 0
2025-09-16 2732 1265.293 0 0
2025-09-17 2738 1265.293 0 0
2025-09-18 2740 1265.293 0 0
2025-09-19 2742 1265.293 0 0
2025-09-20 2737 1265.293 0 0
2025-09-21 2737 1265.293 0 0
2025-09-22 2732 1265.293 0 0
2025-09-23 2728 1265.293 0 0
2025-09-24 2733 1265.293 0 0
2025-09-25 2731 1265.293 0 0
2025-09-26 2722 1265.293 0 0
2025-09-27 2723 1265.293 0 0
2025-09-28 2723 1265.293 0 0
2025-09-29 2729 1265.293 0 0
2025-09-30 2733 1265.293 0 0
2025-10-01 2733 1265.293 0 0
2025-10-02 2735 1265.293 0 0
2025-10-03 2741 1265.293 0 0
2025-10-04 2743 1265.293 0 0
2025-10-05 2743 1265.293 0 0
2025-10-06 2739 1265.293 0 0
2025-10-07 2746 1265.293 0 0
2025-10-08 2741 1265.293 0 0
2025-10-09 2740 1265.293 0 0
2025-10-10 2720 1265.293 0 0
2025-10-11 2719 1265.293 0 0
2025-10-12 2719 1265.293 0 0
2025-10-13 2724 1265.293 0 0
2025-10-14 2716 1265.293 0 0
2025-10-15 2720 1265.293 0 0
2025-10-16 2724 1265.293 0 0
2025-10-17 2709 1265.293 0 0
2025-10-18 2707 1265.293 0 0
2025-10-19 2708 1265.293 0 0
2025-10-20 2714 1265.293 0 0
2025-10-21 2726 1265.293 0 0
2025-10-22 2719 1265.293 0 0
2025-10-23 2720 1265.293 0 0
2025-10-24 2728 1265.293 0 0
2025-10-25 2726 1265.293 0 0
2025-10-26 2726 1265.293 0 0
2025-10-27 2731 1265.293 0 0
2025-10-28 2733 1265.293 0 0
2025-10-29 2733 1265.293 0 0
2025-10-30 2732 1265.293 0 0
2025-10-31 2729 1265.293 0 0
2025-11-01 2727 1265.293 0 0
2025-11-02 2727 1265.293 0 0
2025-11-03 2730 1265.293 0 0
2025-11-04 2715 1265.293 0 0
2025-11-05 2715 1265.293 0 0
2025-11-06 2715 1265.293 0 0
2025-11-07 2714 1265.293 0 0
2025-11-08 2718 1265.293 0 0
2025-11-09 2718 1265.293 0 0
2025-11-10 2722 1265.293 0 0
2025-11-11 2716 1265.293 0 0
2025-11-12 2720 1265.293 0 0
2025-11-13 2718 1265.293 0 0
2025-11-14 2716 1265.293 0 0
2025-11-15 2715 1265.293 0 0
2025-11-16 2715 1265.293 0 0
2025-11-17 2720 1265.293 0 0
2025-11-18 2704 1265.293 0 0
2025-11-19 2706 1265.293 0 0
2025-11-20 2705 1265.293 0 0
2025-11-21 2703 1265.293 0 0
2025-11-22 2702 1265.293 0 0
2025-11-23 2702 1265.293 0 0
2025-11-24 2707 1265.293 0 0
2025-11-25 2715 1265.293 0 0
2025-11-26 2727 1265.293 0 0
2025-11-27 2729 1265.293 0 0
2025-11-28 2733 1265.293 0 0
2025-11-29 2733 1265.293 0 0
2025-11-30 2733 1265.293 0 0
2025-12-01 2741 1265.293 0 0
2025-12-02 2735 1265.293 0 0
2025-12-03 2736 1265.293 0 0
2025-12-04 2736 1265.293 0 0
2025-12-05 2741 1265.293 0 0
2025-12-06 2740 1265.293 0 0
2025-12-07 2740 1265.293 0 0
2025-12-08 2745 1265.293 0 0
2025-12-09 2740 1265.293 0 0
2025-12-10 2737 1265.293 0 0
2025-12-11 2735 1265.293 0 0
2025-12-12 2738 1265.293 0 0
2025-12-13 2738 1265.293 0 0
2025-12-14 2738 1265.293 0 0
2025-12-15 2738 1265.293 0 0
2025-12-16 2729 1265.293 0 0
2025-12-17 2735 1265.293 0 0
2025-12-18 2741 1265.293 0 0
2025-12-19 2750 1265.293 0 0
2025-12-20 2750 1265.293 0 0
2025-12-21 2753 1265.293 0 0
2025-12-22 2755 1265.293 0 0
2025-12-23 2755 1265.293 0 0
2025-12-24 2763 1265.293 0 0
2025-12-25 2764 1265.293 0 0
2025-12-26 2768 1265.293 0 0
2025-12-27 2768 1265.293 0 0
2025-12-28 2768 1265.293 0 0
2025-12-29 2765 1265.293 0 0
2025-12-30 2766 1265.293 0 0
2025-12-31 2762 1265.293 0 0
2026-01-01 2762 1265.293 0 0
2026-01-02 2763 1265.293 0 0
2026-01-03 2763 1265.293 0 0
2026-01-05 2768 1265.293 0 0
2026-01-06 2780 1265.293 0 0
2026-01-07 2779 1265.293 0 0
2026-01-08 2778 1265.293 0 0
2026-01-09 2785 1265.293 0 0
2026-01-10 2786 1265.293 0 0
2026-01-11 2786 1265.293 0 0
2026-01-12 2791 1265.293 0 0
2026-01-13 2787 1265.293 0 0
2026-01-14 2788 1265.293 0 0
2026-01-15 2792 1265.293 0 0
2026-01-16 2794 1265.293 0 0
2026-01-17 2792 1265.293 0 0
2026-01-18 2791 1265.293 0 0
2026-01-19 2791 1265.293 0 0
2026-01-20 2784 1265.293 0 0
2026-01-21 2793 1265.293 0 0
2026-01-22 2800 1265.293 0 0
2026-01-23 2810 1265.293 0 0
2026-01-24 2812 1265.293 0 0
2026-01-25 2812 1265.293 0 0
2026-01-26 2805 1265.293 0 0
2026-01-27 2811 1265.293 0 0
2026-01-28 2814 1265.293 0 0
2026-01-29 2806 1265.293 0 0
2026-01-30 2799 1265.293 0 0
2026-01-31 2798 1265.293 0 0
2026-02-01 2797 1265.293 0 0
2026-02-02 2784 1265.293 0 0
2026-02-03 2789 1265.293 0 0
2026-02-04 2793 1265.293 0 0
2026-02-05 2790 1265.293 0 0
2026-02-06 2798 1265.293 0 0
2026-02-07 2799 1265.293 0 0
2026-02-08 2801 1265.293 0 0
2026-02-09 2810 1265.293 0 0
2026-02-10 2819 1265.293 0 0
2026-02-11 2818 1265.293 0 0
2026-02-12 2818 1265.293 0 0
2026-02-13 2817 1265.293 0 0
2026-02-14 2816 1265.293 0 0
2026-02-15 2815 1265.293 0 0
2026-02-16 2814 1265.293 0 0
2026-02-17 2811 1265.293 0 0
2026-02-18 2815 1265.293 0 0
2026-02-19 2808 1265.293 0 0
2026-02-20 2809 1265.293 0 0
2026-02-21 2810 1265.293 0 0
2026-02-22 2809 1264.247 -1.046 -0.083
2026-02-23 2810 1264.247 0 0
2026-02-24 2812 1264.247 0 0
2026-02-25 2819 1264.247 0 0
2026-02-26 2818 1264.247 0 0
2026-02-27 2828 1264.247 0 0
2026-02-28 2827 1264.247 0 0
2026-03-01 2828 1264.247 0 0
2026-03-02 2608 1438.057 173.81 13.748
2026-03-03 2587 1438.057 0 0
2026-03-04 2566 1438.057 0 0
2026-03-05 2574 1438.057 0 0
2026-03-06 2577 1438.057 0 0
2026-03-07 2576 1438.057 0 0
2026-03-08 2576 1438.057 0 0
2026-03-09 2563 1438.057 0 0
2026-03-10 2692 1438.057 0 0
2026-03-11 2699 1438.057 0 0
2026-03-12 2690 1438.057 0 0
2026-03-13 2676 1438.057 0 0
2026-03-14 2664 1438.057 0 0
2026-03-15 2664 1438.057 0 0
2026-03-16 2662 1438.057 0 0
2026-03-17 2666 1438.057 0 0
2026-03-18 2669 1438.057 0 0
2026-03-19 2647 1438.057 0 0
2026-03-20 2636 1438.057 0 0
2026-03-21 2635 1438.057 0 0
2026-03-22 2635 1438.057 0 0
2026-03-23 2614 1438.057 0 0
2026-03-24 2618 1438.057 0 0
2026-03-25 2633 1438.057 0 0
2026-03-27 2630 1438.057 0 0
2026-03-28 2622 1438.057 0 0
2026-03-29 2623 1438.057 0 0
2026-03-30 2622 1438.057 0 0
2026-03-31 2622 1438.057 0 0
2026-04-01 2637 1438.057 0 0
2026-04-02 2636 1438.057 0 0
2026-04-03 2637 1438.057 0 0
2026-04-04 2635 1438.057 0 0
2026-04-05 2635 1438.057 0 0
2026-04-06 2634 1438.057 0 0
2026-04-07 2639 1438.057 0 0
2026-04-08 2653 1438.057 0 0
2026-04-09 2661 1438.057 0 0
2026-04-10 2680 1438.057 0 0
2026-04-11 2683 1438.057 0 0
2026-04-12 2688 1438.057 0 0
2026-04-13 2687 1438.057 0 0
2026-04-14 2692 1438.057 0 0
2026-04-15 2701 1438.057 0 0
2026-04-16 2705 1438.057 0 0
2026-04-17 2712 1438.057 0 0
2026-04-18 2725 1438.057 0 0
2026-04-19 2727 1438.057 0 0
2026-04-20 2730 1438.057 0 0
2026-04-21 2723 1438.057 0 0
2026-04-22 2724 1438.057 0 0
2026-04-23 2717 1438.057 0 0
2026-04-24 2709 1438.057 0 0
2026-04-25 2705 1438.057 0 0
2026-04-26 2705 1438.057 0 0
2026-04-27 2707 1438.057 0 0
