2024-03-30 1487 2259.91 0 0
2024-03-31 1487 2259.91 0 0
2024-04-02 1487 2259.91 0 0
2024-04-03 1482 2259.91 0 0
2024-04-04 1483 2259.91 0 0
2024-04-05 1488 2259.91 0 0
2024-04-06 1485 2259.91 0 0
2024-04-07 1485 2259.91 0 0
2024-04-08 1485 2259.91 0 0
2024-04-09 1488 2259.91 0 0
2024-04-10 1489 2259.91 0 0
2024-04-11 1483 2259.91 0 0
2024-04-12 1478 2259.91 0 0
2024-04-13 1473 2259.91 0 0
2024-04-14 1473 2259.91 0 0
2024-04-15 1468 2259.91 0 0
2024-04-16 1460 2259.91 0 0
2024-04-17 1462 2259.91 0 0
2024-04-18 1460 2259.91 0 0
2024-04-19 1458 2259.91 0 0
2024-04-20 1459 2259.91 0 0
2024-04-21 1459 2259.91 0 0
2024-04-22 1458 2259.91 0 0
2024-04-23 1461 2259.91 0 0
2024-04-24 1465 2259.91 0 0
2024-04-25 1463 2259.91 0 0
2024-04-26 1470 2259.91 0 0
2024-04-27 1471 2259.91 0 0
2024-04-28 1471 2259.91 0 0
2024-04-29 1470 2259.91 0 0
2024-04-30 1471 2259.91 0 0
2024-05-01 1471 2259.91 0 0
2024-05-02 1470 2259.91 0 0
2024-05-03 1477 2259.91 0 0
2024-05-04 1476 2259.91 0 0
2024-05-05 1476 2259.91 0 0
2024-05-06 1478 2259.91 0 0
2024-05-07 1482 2259.91 0 0
2024-05-08 1475 2259.91 0 0
2024-05-09 1479 2259.91 0 0
2024-05-10 1479 2259.91 0 0
2024-05-11 1478 2259.91 0 0
2024-05-12 1478 2259.91 0 0
2024-05-13 1479 2259.91 0 0
2024-05-14 1479 2259.91 0 0
2024-05-15 1480 2259.91 0 0
2024-05-16 1488 2259.91 0 0
2024-05-17 1490 2259.91 0 0
2024-05-18 1489 2259.91 0 0
2024-05-19 1489 2259.91 0 0
2024-05-20 1491 2259.91 0 0
2024-05-21 1485 2259.91 0 0
2024-05-22 1488 2259.91 0 0
2024-05-23 1483 2259.91 0 0
2024-05-24 1480 2259.91 0 0
2024-05-25 1480 2259.91 0 0
2024-05-26 1480 2259.91 0 0
2024-05-27 1479 2259.91 0 0
2024-05-28 1476 2259.91 0 0
2024-05-29 1474 2259.91 0 0
2024-05-30 1471 2259.91 0 0
2024-05-31 1469 2259.91 0 0
2024-06-01 1472 2259.91 0 0
2024-06-02 1472 2259.91 0 0
2024-06-03 1470 2259.91 0 0
2024-06-04 1468 2259.91 0 0
2024-06-05 1467 2259.91 0 0
2024-06-06 1471 2259.91 0 0
2024-06-07 1472 2259.91 0 0
2024-06-09 1469 2259.91 0 0
2024-06-10 1471 2259.91 0 0
2024-06-11 1463 2259.91 0 0
2024-06-12 1461 2259.91 0 0
2024-06-13 1465 2259.91 0 0
2024-06-14 1463 2259.91 0 0
2024-06-15 1460 2259.91 0 0
2024-06-16 1460 2259.91 0 0
2024-06-17 1455 2259.91 0 0
2024-06-18 1460 2259.91 0 0
2024-06-19 1461 2259.91 0 0
2024-06-20 1461 2259.91 0 0
2024-06-21 1462 2259.91 0 0
2024-06-22 1460 2259.91 0 0
2024-06-23 1460 2259.91 0 0
2024-06-24 1458 2259.91 0 0
2024-06-25 1459 2259.91 0 0
2024-06-26 1458 2259.91 0 0
2024-06-27 1452 2259.91 0 0
2024-06-28 1451 2259.91 0 0
2024-06-29 1452 2259.91 0 0
2024-06-30 1452 2259.91 0 0
2024-07-01 1454 2259.91 0 0
2024-07-02 1446 2259.91 0 0
2024-07-03 1448 2259.91 0 0
2024-07-04 1449 2259.91 0 0
2024-07-05 1446 2259.91 0 0
2024-07-06 1447 2259.91 0 0
2024-07-07 1447 2259.91 0 0
2024-07-08 1442 2259.91 0 0
2024-07-09 1444 2259.91 0 0
2024-07-10 1449 2259.91 0 0
2024-07-11 1459 2259.91 0 0
2024-07-12 1463 2259.91 0 0
2024-07-13 1465 2259.91 0 0
2024-07-14 1464 2259.91 0 0
2024-07-15 1464 2259.91 0 0
2024-07-16 1465 2259.91 0 0
2024-07-17 1467 2259.91 0 0
2024-07-18 1472 2259.91 0 0
2024-07-19 1464 2259.91 0 0
2024-07-20 1460 2259.91 0 0
2024-07-21 1460 2259.91 0 0
2024-07-22 1462 2259.91 0 0
2024-07-23 1458 2259.91 0 0
2024-07-24 1451 2259.91 0 0
2024-07-25 1452 2259.91 0 0
2024-07-26 1457 2259.91 0 0
2024-07-27 1459 2259.91 0 0
2024-07-28 1459 2259.91 0 0
2024-07-29 1456 2259.91 0 0
2024-07-30 1454 2259.91 0 0
2024-07-31 1463 2259.91 0 0
