2023-08-02 2604 1018.194 0 0
2023-08-04 2458 1109.22 91.026 8.94
2023-08-05 2464 1110.316 1.096 0.099
2023-08-06 2464 1110.316 0 0
2023-08-07 2439 1127.225 16.909 1.523
2023-08-08 2443 1120.481 -6.744 -0.598
2023-08-09 2461 1101.232 -19.249 -1.718
2023-08-10 2447 1114.447 13.215 1.2
2023-08-11 2461 1097.959 -16.488 -1.479
2023-08-12 2462 1095.794 -2.165 -0.197
2023-08-13 2462 1095.794 0 0
2023-08-14 2505 1067.696 -28.098 -2.564
2023-08-15 2482 1071.89 4.194 0.393
2023-08-16 2476 1075.717 3.827 0.357
2023-08-17 2463 1079.764 4.047 0.376
2023-08-18 2456 1079.764 0 0
2023-08-19 2456 1079.588 -0.176 -0.016
2023-08-20 2457 1079.588 0 0
2023-08-21 2456 1073.994 -5.594 -0.518
2023-08-22 2491 1043.295 -30.699 -2.858
2023-08-23 2489 1043.976 0.681 0.065
2023-08-24 2499 1034.161 -9.815 -0.94
2023-08-26 2498 1034.161 0 0
2023-08-27 2498 1034.161 0 0
2023-08-28 2535 1011.801 -22.36 -2.162
2023-08-29 2542 1017.724 5.923 0.585
2023-08-30 2549 1019.725 2.001 0.197
2023-08-31 2547 1014.122 -5.603 -0.549
2023-09-01 2551 1016.12 1.998 0.197
2023-09-02 2555 1015.453 -0.667 -0.066
2023-09-03 2555 1015.453 0 0
2023-09-04 2561 1015.453 0 0
2023-09-05 2561 1015.453 0 0
2023-09-06 2554 1013.79 -1.663 -0.164
2023-09-07 2549 1011.967 -1.823 -0.18
2023-09-08 2546 1009.821 -2.146 -0.212
2023-09-09 2541 1009.821 0 0
2023-09-10 2540 1009.821 0 0
2023-09-12 2534 1015.4 5.579 0.552
2023-09-14 2538 1012.427 -2.973 -0.293
2023-09-15 2538 1013.416 0.989 0.098
2023-09-17 2537 1013.581 0.165 0.016
2023-09-18 2532 1013.581 0 0
2023-09-19 2536 1006.864 -6.717 -0.663
2023-09-20 2521 1017.328 10.464 1.039
2023-09-21 2432 1078.479 61.151 6.011
2023-09-22 2478 1045.463 -33.016 -3.061
2023-09-23 2479 1045.463 0 0
2023-09-24 2479 1045.463 0 0
2023-09-25 2447 1067.707 22.244 2.128
2023-09-26 2427 1071.526 3.819 0.358
2023-09-27 2453 1059.781 -11.745 -1.096
2023-09-28 2454 1057.732 -2.049 -0.193
2023-09-29 2430 1074.259 16.527 1.562
