2019-11-07 768 3197.082 0 0
2020-01-19 789 3236.499 39.417 1.233
2020-02-07 786 3206.007 -30.492 -0.942
2020-02-15 789 3199.902 -6.105 -0.19
2020-02-16 789 3199.902 0 0
2020-02-17 786 3203.048 3.146 0.098
2020-02-18 783 3217.35 14.302 0.447
2020-02-19 791 3208.837 -8.513 -0.265
2020-02-20 792 3199.236 -9.601 -0.299
2020-02-21 788 3196.979 -2.257 -0.071
2020-02-22 785 3196.979 0 0
2020-02-23 785 3196.979 0 0
2020-02-24 775 3193.272 -3.707 -0.116
2020-02-25 778 3167.563 -25.709 -0.805
2020-02-26 769 3168.607 1.044 0.033
2020-02-27 762 3154.538 -14.069 -0.444
2020-02-28 752 3173.954 19.416 0.615
2020-02-29 759 3159.021 -14.933 -0.47
