2020-01-19 1221 2154.16 0 0
2020-02-07 1248 2080.68 -73.48 -3.532
2020-02-15 1264 2067.15 -13.53 -0.655
2020-02-16 1264 2067.15 0 0
2020-02-17 1269 2067.15 0 0
2020-02-18 1271 2058.68 -8.47 -0.411
2020-02-19 1264 2063.74 5.06 0.245
2020-02-20 1277 2058.46 -5.28 -0.257
2020-02-21 1271 2050.43 -8.03 -0.392
2020-02-22 1276 2050.43 0 0
2020-02-23 1275 2050.43 0 0
2020-02-24 1276 2019.96 -30.47 -1.508
2020-02-25 1286 1996.2 -23.76 -1.19
2020-02-26 1298 1983.11 -13.09 -0.66
2020-02-27 1309 1948.02 -35.09 -1.801
2020-02-28 1275 1965.84 17.82 0.906
2020-02-29 1274 1965.84 0 0
2020-03-01 1276 1965.84 0 0
2020-03-02 1276 1992.68 26.84 1.347
2020-03-03 1296 1964.3 -28.38 -1.445
2020-03-04 1297 1976.62 12.32 0.623
2020-03-05 1314 1951.21 -25.41 -1.302
2020-03-06 1314 1924.59 -26.62 -1.383
2020-03-07 1314 1924.59 0 0
2020-03-08 1315 1924.59 0 0
2020-03-09 1321 1860.46 -64.13 -3.447
2020-03-10 1300 1877.51 17.05 0.908
2020-03-11 1299 1861.78 -15.73 -0.845
2020-03-12 1296 1808.98 -52.8 -2.919
2020-03-13 1270 1819.32 10.34 0.568
2020-03-14 1272 1819.32 0 0
2020-03-15 1273 1819.32 0 0
2020-03-16 1267 1779.39 -39.93 -2.244
2020-03-17 1234 1804.91 25.52 1.414
2020-03-18 1244 1764.32 -40.59 -2.301
2020-03-19 1228 1778.73 14.41 0.81
2020-03-20 1244 1760.14 -18.59 -1.056
2020-03-21 1250 1760.14 0 0
2020-03-22 1250 1760.14 0 0
2020-03-23 1237 1745.95 -14.19 -0.813
2020-03-24 1231 1745.95 0 0
2020-03-25 1236 1789.84 43.89 2.452
2020-03-26 1241 1810.19 20.35 1.124
2020-03-27 1242 1827.02 16.83 0.921
2020-03-28 1253 1806.45 -20.57 -1.139
2020-03-29 1253 1806.45 0 0
2020-03-30 1253 1806.45 0 0
2020-03-31 1241 1812.5 6.05 0.334
2020-04-01 1249 1817.67 5.17 0.284
2020-04-02 1235 1812.83 -4.84 -0.267
2020-04-03 1213 1844.4 31.57 1.712
2020-04-04 1217 1831.31 -13.09 -0.715
2020-04-05 1217 1831.31 0 0
2020-04-06 1217 1831.31 0 0
2020-04-07 1228 1853.64 22.33 1.205
2020-04-08 1257 1882.35 28.71 1.525
2020-04-10 1277 1874.43 -7.92 -0.423
2020-04-11 1277 1874.43 0 0
2020-04-12 1277 1874.43 0 0
2020-04-13 1276 1870.36 -4.07 -0.218
2020-04-14 1281 1866.73 -3.63 -0.194
2020-04-15 1296 1845.28 -21.45 -1.162
2020-04-17 1277 1875.42 30.14 1.607
2020-04-18 1280 1875.42 0 0
2020-04-19 1282 1875.42 0 0
2020-04-20 1296 1852.98 -22.44 -1.211
2020-04-21 1280 1850.56 -2.42 -0.131
2020-04-23 1272 1877.95 27.39 1.459
2020-04-24 1269 1881.03 3.08 0.164
2020-04-25 1264 1881.03 0 0
2020-04-26 1264 1881.03 0 0
2020-04-27 1261 1883.34 2.31 0.123
2020-04-28 1267 1894.67 11.33 0.598
2020-04-29 1260 1922.06 27.39 1.425
2020-04-30 1283 1911.17 -10.89 -0.57
2020-05-01 1304 1874.54 -36.63 -1.954
2020-05-02 1296 1874.54 0 0
2020-05-03 1296 1874.54 0 0
2020-05-04 1274 1893.68 19.14 1.011
2020-05-05 1273 1893.13 -0.55 -0.029
2020-05-06 1288 1883.89 -9.24 -0.49
2020-05-07 1276 1886.64 2.75 0.146
2020-05-08 1269 1907.98 21.34 1.118
2020-05-09 1281 1907.98 0 0
2020-05-10 1281 1907.98 0 0
2020-05-11 1291 1903.14 -4.84 -0.254
2020-05-12 1297 1885.32 -17.82 -0.945
2020-05-13 1308 1861.23 -24.09 -1.294
2020-05-14 1294 1865.3 4.07 0.218
2020-05-15 1300 1862 -3.3 -0.177
2020-05-16 1304 1862 0 0
2020-05-17 1304 1862 0 0
2020-05-18 1282 1898.74 36.74 1.935
2020-05-19 1311 1883.34 -15.4 -0.818
2020-05-20 1303 1899.07 15.73 0.828
2020-05-21 1310 1890.16 -8.91 -0.471
2020-05-22 1300 1890.6 0.44 0.023
2020-05-23 1296 1890.6 0 0
2020-05-24 1297 1890.6 0 0
2020-05-25 1301 1890.6 0 0
2020-05-26 1297 1905.01 14.41 0.756
2020-05-27 1304 1908.64 3.63 0.19
2020-05-28 1317 1895.44 -13.2 -0.696
2020-05-29 1320 1900.17 4.73 0.249
2020-05-30 1319 1900.17 0 0
2020-05-31 1319 1900.17 0 0
