2023-03-11 1286 2273.355 0 0
2023-03-12 1283 2273.355 0 0
2023-03-13 1286 2277.541 4.186 0.184
2023-03-16 1546 1878.261 -399.28 -17.531
2023-03-18 1547 1889.305 11.044 0.588
2023-03-19 1548 1889.305 0 0
2023-03-20 1547 1882.943 -6.362 -0.337
2023-03-21 1554 1878.217 -4.726 -0.251
2023-03-22 1549 1884.562 6.345 0.338
2023-03-23 1551 1883.134 -1.428 -0.076
2023-03-25 1552 1883.37 0.236 0.013
2023-03-27 1555 1874.876 -8.494 -0.451
2023-03-30 1575 1854.071 -20.805 -1.11
2023-04-01 1558 1900.82 46.749 2.521
2023-04-02 1558 1900.82 0 0
2023-04-03 1561 1896.577 -4.243 -0.223
2023-04-06 1657 1864.568 -32.009 -1.688
2023-04-07 1659 1862.394 -2.174 -0.117
2023-04-08 1658 1862.394 0 0
2023-04-09 1657 1862.394 0 0
2023-04-10 1647 1875.108 12.714 0.683
2023-04-11 1662 1857.793 -17.315 -0.923
2023-04-12 1659 1868.397 10.604 0.571
2023-04-13 1651 1876.436 8.039 0.43
2023-04-14 1667 1864.617 -11.819 -0.63
2023-04-15 1660 1870.878 6.261 0.336
2023-04-16 1660 1870.878 0 0
2023-04-17 1661 1873.007 2.129 0.114
2023-04-18 1679 1849.874 -23.133 -1.235
2023-04-19 1690 1827.967 -21.907 -1.184
2023-04-20 1697 1809.215 -18.752 -1.026
2023-04-21 1716 1788.466 -20.749 -1.147
2023-04-22 1716 1785.766 -2.7 -0.151
2023-04-23 1716 1785.766 0 0
2023-04-24 1714 1777.302 -8.464 -0.474
2023-04-25 1719 1764.545 -12.757 -0.718
2023-04-26 1716 1768.385 3.84 0.218
2023-04-27 1726 1763.022 -5.363 -0.303
2023-04-28 1696 1800.341 37.319 2.117
2023-04-29 1700 1799.094 -1.247 -0.069
