2024-12-11 2247 1427.677 0 0
2024-12-12 2303 1378.383 -49.294 -3.453
2024-12-13 2307 1371.197 -7.186 -0.521
2024-12-14 2307 1371.197 0 0
2024-12-15 2306 1371.197 0 0
2024-12-16 2205 1451.314 80.117 5.843
2024-12-17 2226 1426.347 -24.967 -1.72
2024-12-18 2343 1324.243 -102.104 -7.158
2024-12-19 2318 1347.588 23.345 1.763
2024-12-20 2202 1439.049 91.461 6.787
2024-12-21 2203 1439.049 0 0
2024-12-22 2203 1439.049 0 0
2024-12-23 2180 1454.775 15.726 1.093
2024-12-24 2197 1442.523 -12.252 -0.842
2024-12-25 2195 1442.523 0 0
2024-12-26 2179 1462.646 20.123 1.395
2024-12-27 2216 1415.102 -47.544 -3.251
2024-12-28 2217 1415.102 0 0
2024-12-29 2217 1415.102 0 0
2024-12-30 2216 1415.896 0.794 0.056
2024-12-31 2263 1368.405 -47.491 -3.354
2025-01-01 2264 1368.405 0 0
