2021-04-09 1343 2397.189 0 0
2021-04-10 1341 2397.189 0 0
2021-04-11 1342 2397.189 0 0
2021-04-12 1364 2348.082 -49.107 -2.049
2021-04-13 1363 2348.082 0 0
2021-04-14 1396 2305.108 -42.974 -1.83
2021-04-15 1363 2360.388 55.28 2.398
2021-04-16 1374 2359.34 -1.048 -0.044
2021-04-17 1377 2359.34 0 0
2021-04-18 1377 2359.34 0 0
2021-04-19 1456 2238.959 -120.381 -5.102
2021-04-20 1485 2194.762 -44.197 -1.974
2021-04-21 1460 2231.738 36.976 1.685
2021-04-22 1525 2143.578 -88.16 -3.95
2021-04-23 1524 2148.217 4.639 0.216
2021-04-24 1524 2148.217 0 0
2021-04-25 1524 2148.217 0 0
2021-04-26 1444 2278.206 129.989 6.051
2021-04-27 1458 2260.523 -17.683 -0.776
2021-04-28 1301 2516.561 256.038 11.326
2021-04-29 1364 2408.389 -108.172 -4.298
2021-04-30 1424 2310.252 -98.137 -4.075
2021-05-01 1421 2310.252 0 0
2021-05-02 1420 2310.252 0 0
2021-05-03 1495 2192.821 -117.431 -5.083
2021-05-04 1513 2157.65 -35.171 -1.604
2021-05-05 1491 2189.599 31.949 1.481
2021-05-06 1528 2132.495 -57.104 -2.608
2021-05-07 1508 2166.793 34.298 1.608
2021-05-08 1514 2166.793 0 0
2021-05-09 1514 2166.793 0 0
2021-05-10 1550 2111.746 -55.047 -2.54
2021-05-11 1511 2169.898 58.152 2.754
2021-05-12 1532 2118.85 -51.048 -2.353
2021-05-13 1563 2048.722 -70.128 -3.31
2021-05-14 1539 2121.004 72.282 3.528
2021-05-15 1540 2121.004 0 0
2021-05-16 1540 2121.004 0 0
2021-05-17 1534 2143.093 22.089 1.041
2021-05-18 1489 2214.852 71.759 3.348
2021-05-19 1450 2286.727 71.875 3.245
2021-05-20 1396 2373.121 86.394 3.778
2021-05-21 1389 2391.017 17.896 0.754
2021-05-22 1390 2391.017 0 0
2021-05-23 1390 2391.017 0 0
2021-05-24 1352 2463.436 72.419 3.029
2021-05-25 1378 2421.84 -41.596 -1.689
2021-05-26 1389 2419.569 -2.271 -0.094
2021-05-27 1387 2423.47 3.901 0.161
2021-05-28 1386 2427.411 3.941 0.163
2021-05-29 1388 2427.411 0 0
2021-05-30 1388 2427.411 0 0
2021-05-31 1391 2427.411 0 0
