2020-01-19 917 2884.429 0 0
2020-02-07 804 3142.18 257.751 8.203
2020-02-15 849 3032.392 -109.788 -3.621
2020-02-16 849 3032.392 0 0
2020-02-17 852 3030.869 -1.523 -0.05
2020-02-18 864 2994.32 -36.549 -1.221
2020-02-19 841 3038.622 44.302 1.458
2020-02-20 849 3020.959 -17.663 -0.585
2020-02-21 858 2982.778 -38.181 -1.28
2020-02-22 856 2993.059 10.281 0.343
2020-02-23 856 2993.059 0 0
2020-02-24 844 2993.059 0 0
2020-02-25 852 2950.198 -42.861 -1.453
2020-02-26 850 2927.971 -22.227 -0.759
2020-02-27 874 2836.204 -91.767 -3.236
2020-02-28 886 2782.904 -53.3 -1.915
2020-02-29 864 2837.729 54.825 1.932
2020-03-01 864 2837.729 0 0
2020-03-02 851 2891.965 54.236 1.875
2020-03-03 831 2961.599 69.634 2.351
2020-03-04 834 2971.788 10.189 0.343
2020-03-05 803 3053.907 82.119 2.689
2020-03-06 809 3008.979 -44.928 -1.493
2020-03-07 799 3046.825 37.846 1.242
2020-03-08 799 3046.825 0 0
2020-03-09 809 2930.998 -115.827 -3.952
2020-03-10 766 3074.599 143.601 4.671
2020-03-11 757 3087.221 12.622 0.409
2020-03-12 743 3037.442 -49.779 -1.639
2020-03-13 761 2921.707 -115.735 -3.961
2020-03-14 784 2881.355 -40.352 -1.4
2020-03-15 784 2881.355 0 0
2020-03-16 802 2750.332 -131.023 -4.764
2020-03-17 736 2931.89 181.558 6.193
2020-03-18 720 2946.918 15.028 0.51
2020-03-19 749 2806.104 -140.814 -5.018
2020-03-20 766 2765.947 -40.157 -1.452
2020-03-21 773 2734.149 -31.798 -1.163
2020-03-22 773 2734.149 0 0
2020-03-23 767 2716.134 -18.015 -0.663
2020-03-24 763 2715.768 -0.366 -0.013
2020-03-25 774 2784.567 68.799 2.471
2020-03-26 761 2854.815 70.248 2.461
2020-03-27 741 2988.374 133.559 4.469
2020-03-28 667 3206.172 217.798 6.793
2020-03-29 667 3206.172 0 0
2020-03-30 667 3206.172 0 0
2020-03-31 658 3249.494 43.322 1.333
2020-04-01 660 3239.472 -10.022 -0.309
2020-04-02 647 3225.865 -13.607 -0.422
2020-04-03 687 3099.55 -126.315 -4.075
2020-04-04 677 3104.436 4.886 0.157
2020-04-05 677 3104.436 0 0
2020-04-06 677 3104.436 0 0
2020-04-07 688 3141.796 37.36 1.189
2020-04-08 723 3116.55 -25.246 -0.81
2020-04-10 721 3149.11 32.56 1.034
2020-04-11 721 3149.11 0 0
2020-04-12 721 3149.11 0 0
2020-04-13 770 2973.497 -175.613 -5.906
2020-04-14 748 3058.359 84.862 2.775
2020-04-15 701 3211.794 153.435 4.777
2020-04-17 646 3414.38 202.586 5.933
2020-04-18 651 3415.65 1.27 0.037
2020-04-19 651 3415.65 0 0
2020-04-20 670 3328.598 -87.052 -2.615
2020-04-21 670 3311.22 -17.378 -0.525
2020-04-23 674 3315.455 4.235 0.128
2020-04-24 681 3288.537 -26.918 -0.819
2020-04-25 675 3294.047 5.51 0.167
2020-04-26 675 3294.047 0 0
2020-04-27 680 3286.268 -7.779 -0.237
2020-04-28 672 3348.201 61.933 1.85
2020-04-29 677 3355.871 7.67 0.229
2020-04-30 689 3332.55 -23.321 -0.7
