2021-04-09 2613 1098.1 0 0
2021-04-10 2612 1098.1 0 0
2021-04-11 2613 1098.1 0 0
2021-04-12 2587 1098.1 0 0
2021-04-13 2587 1098.1 0 0
2021-04-14 2594 1098.1 0 0
2021-04-15 2594 1098.1 0 0
2021-04-16 2594 1098.1 0 0
2021-04-17 2596 1098.1 0 0
2021-04-18 2596 1098.1 0 0
2021-04-19 2606 1098.1 0 0
2021-04-20 2609 1098.1 0 0
2021-04-21 2608 1098.1 0 0
2021-04-22 2613 1098.1 0 0
2021-04-23 2619 1098.1 0 0
2021-04-24 2619 1098.1 0 0
2021-04-25 2622 1098.1 0 0
2021-04-26 2620 1098.1 0 0
2021-04-27 2623 1098.1 0 0
2021-04-28 2624 1098.1 0 0
2021-04-29 2627 1098.1 0 0
2021-04-30 2622 1098.1 0 0
2021-05-01 2618 1098.1 0 0
2021-05-02 2617 1098.1 0 0
2021-05-03 2618 1098.1 0 0
2021-05-04 2616 1098.1 0 0
2021-05-05 2613 1098.1 0 0
2021-05-06 2611 1098.1 0 0
2021-05-07 2610 1098.1 0 0
2021-05-08 2612 1098.1 0 0
2021-05-09 2612 1098.1 0 0
2021-05-10 2606 1098.1 0 0
2021-05-11 2603 1098.1 0 0
2021-05-12 2595 1098.1 0 0
2021-05-13 2585 1098.1 0 0
2021-05-14 2594 1098.1 0 0
2021-05-15 2600 1098.1 0 0
2021-05-16 2600 1098.1 0 0
2021-05-17 2604 1098.1 0 0
2021-05-18 2609 1098.1 0 0
2021-05-19 2613 1098.1 0 0
2021-05-20 2611 1098.1 0 0
2021-05-21 2605 1098.1 0 0
2021-05-22 2605 1098.1 0 0
2021-05-24 2608 1098.1 0 0
2021-05-25 2603 1098.1 0 0
2021-05-26 2609 1098.1 0 0
2021-05-27 2611 1098.1 0 0
2021-05-28 2610 1098.1 0 0
2021-05-29 2613 1098.1 0 0
2021-05-30 2613 1098.1 0 0
2021-05-31 2613 1098.1 0 0
2021-06-01 2618 1098.1 0 0
2021-06-02 2622 1098.1 0 0
2021-06-03 2615 1098.1 0 0
2021-06-04 2615 1098.1 0 0
2021-06-05 2615 1098.1 0 0
2021-06-06 2615 1098.1 0 0
2021-06-07 2619 1098.1 0 0
2021-06-08 2620 1098.1 0 0
2021-06-09 2616 1098.1 0 0
2021-06-10 2615 1098.1 0 0
2021-06-11 2618 1098.1 0 0
2021-06-12 2616 1098.1 0 0
2021-06-13 2615 1098.1 0 0
2021-06-14 2615 1098.1 0 0
2021-06-16 2604 1098.1 0 0
2021-06-17 2606 1098.1 0 0
2021-06-18 2597 1098.1 0 0
2021-06-19 2597 1098.1 0 0
2021-06-20 2595 1098.1 0 0
2021-06-21 2600 1098.1 0 0
2021-06-22 2604 1098.1 0 0
2021-06-23 2604 1098.1 0 0
2021-06-24 2608 1098.1 0 0
2021-06-25 2610 1098.1 0 0
2021-06-26 2612 1098.1 0 0
2021-06-27 2612 1098.1 0 0
2021-06-28 2606 1098.1 0 0
2021-06-29 2614 1098.1 0 0
2021-06-30 2606 1098.1 0 0
