2020-01-19 1863 1314.9 0 0
2020-02-07 1836 1314.9 0 0
2020-02-15 1842 1314.9 0 0
2020-02-16 1842 1314.9 0 0
2020-02-17 1842 1314.9 0 0
2020-02-18 1841 1314.9 0 0
2020-02-19 1837 1314.9 0 0
2020-02-20 1834 1314.9 0 0
2020-02-21 1828 1314.9 0 0
2020-02-22 1827 1314.9 0 0
2020-02-23 1825 1314.9 0 0
2020-02-24 1820 1314.9 0 0
2020-02-25 1803 1314.9 0 0
2020-02-26 1804 1314.9 0 0
2020-02-27 1798 1314.9 0 0
2020-02-28 1783 1314.9 0 0
2020-02-29 1771 1314.9 0 0
2020-03-01 1774 1314.9 0 0
2020-03-02 1782 1314.9 0 0
2020-03-03 1791 1314.9 0 0
2020-03-04 1797 1314.9 0 0
2020-03-05 1799 1314.9 0 0
2020-03-06 1792 1314.9 0 0
2020-03-07 1792 1314.9 0 0
2020-03-08 1787 1314.9 0 0
2020-03-09 1754 1314.9 0 0
2020-03-10 1743 1314.9 0 0
2020-03-11 1727 1314.9 0 0
2020-03-12 1683 1314.9 0 0
2020-03-13 1661 1314.9 0 0
2020-03-14 1663 1314.9 0 0
2020-03-15 1662 1314.9 0 0
2020-03-16 1632 1314.9 0 0
2020-03-17 1622 1314.9 0 0
2020-03-18 1604 1314.9 0 0
2020-03-19 1582 1314.9 0 0
2020-03-20 1591 1314.9 0 0
2020-03-21 1592 1314.9 0 0
2020-03-22 1592 1314.9 0 0
2020-03-23 1563 1314.9 0 0
2020-03-24 1554 1314.9 0 0
2020-03-25 1593 1314.9 0 0
2020-03-26 1614 1314.9 0 0
2020-03-27 1641 1314.9 0 0
2020-03-28 1631 1314.9 0 0
2020-03-29 1631 1314.9 0 0
2020-03-30 1631 1314.9 0 0
2020-03-31 1623 1314.9 0 0
