2023-04-06 1020 2982.624 0 0
2023-04-07 1020 2995.353 12.729 0.425
2023-04-08 1019 2995.353 0 0
2023-04-09 1018 2995.353 0 0
2023-04-10 1026 2986.018 -9.335 -0.313
2023-04-11 1029 2992.807 6.789 0.227
2023-04-12 1027 2992.807 0 0
2023-04-13 1032 2976.683 -16.124 -0.542
2023-04-14 1038 2962.681 -14.002 -0.473
2023-04-15 1038 2962.681 0 0
2023-04-16 1038 2962.681 0 0
2023-04-17 1036 2976.259 13.578 0.456
2023-04-18 1035 2974.137 -2.122 -0.071
2023-04-19 1022 3005.961 31.824 1.059
2023-04-20 1034 2960.983 -44.978 -1.519
2023-04-21 1057 2906.67 -54.313 -1.869
2023-04-22 1057 2906.67 0 0
2023-04-23 1057 2906.67 0 0
2023-04-24 1055 2909.64 2.97 0.102
2023-04-25 1084 2840.476 -69.164 -2.435
2023-04-26 1039 2939.767 99.291 3.378
2023-04-27 1071 2885.03 -54.737 -1.897
2023-04-28 1085 2861.692 -23.338 -0.816
2023-04-29 1085 2861.692 0 0
2023-04-30 1085 2861.692 0 0
2023-05-01 1093 2843.022 -18.67 -0.657
2023-05-02 1091 2844.719 1.697 0.06
2023-05-03 1097 2830.292 -14.427 -0.51
2023-05-04 1087 2842.598 12.306 0.433
2023-05-05 1103 2830.717 -11.881 -0.42
2023-05-06 1106 2830.717 0 0
2023-05-07 1106 2830.717 0 0
2023-05-08 1107 2830.717 0 0
2023-05-09 1087 2853.63 22.913 0.803
2023-05-10 1086 2855.327 1.697 0.059
2023-05-11 1079 2882.908 27.581 0.957
2023-05-12 1075 2878.665 -4.243 -0.147
2023-05-13 1073 2878.665 0 0
2023-05-14 1074 2878.665 0 0
2023-05-15 1090 2845.143 -33.522 -1.178
2023-05-16 1077 2868.057 22.914 0.799
2023-05-17 1080 2863.814 -4.243 -0.148
2023-05-18 1077 2862.116 -1.698 -0.059
2023-05-19 1075 2862.116 0 0
2023-05-20 1085 2836.657 -25.459 -0.898
2023-05-21 1085 2836.657 0 0
2023-05-22 1087 2845.568 8.911 0.313
2023-05-23 1085 2845.568 0 0
2023-05-24 1081 2836.657 -8.911 -0.314
2023-05-25 1075 2834.96 -1.697 -0.06
2023-05-26 1080 2819.26 -15.7 -0.557
2023-05-27 1079 2819.26 0 0
2023-05-28 1079 2819.26 0 0
2023-05-29 1075 2819.26 0 0
2023-05-30 1074 2820.957 1.697 0.06
2023-05-31 1068 2823.927 2.97 0.105
2023-06-01 1062 2843.446 19.519 0.686
2023-06-02 1074 2843.022 -0.424 -0.015
2023-06-03 1077 2843.022 0 0
2023-06-04 1077 2843.022 0 0
2023-06-05 1075 2851.084 8.062 0.283
2023-06-06 1065 2870.178 19.094 0.665
2023-06-07 1063 2868.269 -1.909 -0.067
2023-06-08 1063 2863.814 -4.455 -0.156
2023-06-09 1045 2905.821 42.007 1.446
2023-06-10 1047 2905.821 0 0
2023-06-11 1048 2905.821 0 0
2023-06-12 1028 2941.465 35.644 1.212
2023-06-13 1042 2925.34 -16.125 -0.551
2023-06-14 1044 2935.1 9.76 0.333
2023-06-15 1056 2915.157 -19.943 -0.684
2023-06-16 1046 2949.951 34.794 1.179
2023-06-17 1046 2949.951 0 0
2023-06-18 1046 2949.951 0 0
2023-06-19 1040 2949.951 0 0
2023-06-20 1060 2895.638 -54.313 -1.876
2023-06-21 1062 2873.361 -22.277 -0.775
2023-06-22 1046 2910.065 36.704 1.261
2023-06-23 1054 2891.819 -18.246 -0.631
2023-06-24 1051 2891.819 0 0
2023-06-25 1051 2891.819 0 0
2023-06-26 1046 2888 -3.819 -0.132
2023-06-27 1049 2888 0 0
2023-06-28 1050 2902.427 14.427 0.497
2023-06-29 1055 2889.273 -13.154 -0.455
2023-06-30 1061 2880.362 -8.911 -0.309
