2023-04-06 2179 1335.251 0 0
2023-04-07 2188 1330.376 -4.875 -0.365
2023-04-08 2187 1330.376 0 0
2023-04-09 2186 1330.376 0 0
2023-04-10 2184 1327.714 -2.662 -0.2
2023-04-11 2186 1327.309 -0.405 -0.031
2023-04-12 2180 1334.479 7.17 0.54
2023-04-13 2188 1325.707 -8.772 -0.657
2023-04-14 2194 1329.322 3.615 0.273
2023-04-15 2195 1328.87 -0.452 -0.034
2023-04-16 2195 1328.87 0 0
2023-04-17 2206 1323.749 -5.121 -0.385
2023-04-18 2202 1320.41 -3.339 -0.252
2023-04-19 2201 1314.196 -6.214 -0.471
2023-04-20 2205 1302.275 -11.921 -0.907
2023-04-21 2197 1303.595 1.32 0.101
2023-04-22 2194 1303.595 0 0
2023-04-23 2194 1303.595 0 0
2023-04-24 2194 1303.595 0 0
2023-04-25 2190 1303.595 0 0
2023-04-26 2197 1291.017 -12.578 -0.965
2023-04-27 2218 1287.975 -3.042 -0.236
2023-04-28 2222 1286.676 -1.299 -0.101
2023-04-29 2222 1286.965 0.289 0.022
2023-05-01 2220 1286.965 0 0
2023-05-02 2199 1294.248 7.283 0.566
2023-05-03 2202 1290.611 -3.637 -0.281
2023-05-04 2202 1293.799 3.188 0.247
2023-05-06 2174 1322.476 28.677 2.216
2023-05-07 2174 1322.476 0 0
2023-05-08 2171 1322.872 0.396 0.03
2023-05-09 2165 1325.115 2.243 0.17
2023-05-10 2177 1313.893 -11.222 -0.847
2023-05-11 2180 1315.901 2.008 0.153
2023-05-12 2178 1305.014 -10.887 -0.827
2023-05-13 2184 1300.207 -4.807 -0.368
2023-05-14 2184 1300.207 0 0
2023-05-15 2203 1293.149 -7.058 -0.543
2023-05-16 2195 1290.238 -2.911 -0.225
2023-05-17 2200 1292.02 1.782 0.138
2023-05-19 2202 1285.726 -6.294 -0.487
2023-05-20 2200 1285.16 -0.566 -0.044
2023-05-21 2199 1285.16 0 0
2023-05-22 2216 1277.807 -7.353 -0.572
2023-05-23 2223 1265.42 -12.387 -0.969
2023-05-24 2228 1261.505 -3.915 -0.309
2023-05-25 2236 1248.331 -13.174 -1.044
2023-05-26 2247 1241.496 -6.835 -0.548
2023-05-27 2240 1248.107 6.611 0.533
2023-05-28 2240 1248.107 0 0
2023-05-29 2242 1244.989 -3.118 -0.25
2023-05-30 2248 1233.029 -11.96 -0.961
2023-05-31 2250 1225.069 -7.96 -0.646
2023-06-01 2251 1225.284 0.215 0.018
2023-06-02 2286 1215.222 -10.062 -0.821
2023-06-03 2276 1224.779 9.557 0.786
2023-06-04 2276 1224.779 0 0
2023-06-05 2270 1224.779 0 0
2023-06-06 2263 1231.493 6.714 0.548
2023-06-07 2272 1222.711 -8.782 -0.713
2023-06-08 2267 1225.179 2.468 0.202
2023-06-09 2280 1221.763 -3.416 -0.279
2023-06-10 2283 1222.954 1.191 0.097
2023-06-11 2287 1222.954 0 0
2023-06-12 2280 1230.567 7.613 0.623
2023-06-13 2293 1220.545 -10.022 -0.814
2023-06-14 2294 1222.889 2.344 0.192
2023-06-16 2303 1232.873 9.984 0.816
2023-06-17 2300 1237.415 4.542 0.368
2023-06-18 2300 1237.415 0 0
2023-06-19 2298 1237.224 -0.191 -0.015
2023-06-20 2292 1239.571 2.347 0.19
2023-06-21 2286 1239.951 0.38 0.031
2023-06-22 2283 1240.758 0.807 0.065
2023-06-23 2290 1229.276 -11.482 -0.925
2023-06-24 2294 1222.573 -6.703 -0.545
2023-06-25 2294 1222.573 0 0
2023-06-26 2294 1217.565 -5.008 -0.41
2023-06-27 2301 1215.277 -2.288 -0.188
2023-06-28 2294 1221.872 6.595 0.543
2023-06-29 2287 1220.434 -1.438 -0.118
2023-06-30 2298 1216.927 -3.507 -0.287
2023-07-01 2297 1217.97 1.043 0.086
2023-07-02 2297 1217.97 0 0
2023-07-03 2272 1239.229 21.259 1.745
2023-07-04 2282 1232.268 -6.961 -0.562
2023-07-06 2277 1230.26 -2.008 -0.163
2023-07-07 2278 1220.35 -9.91 -0.806
2023-07-08 2288 1218.39 -1.96 -0.161
2023-07-09 2289 1218.39 0 0
2023-07-10 2290 1220.709 2.319 0.19
2023-07-11 2301 1222.897 2.188 0.179
2023-07-12 2300 1226.179 3.282 0.268
2023-07-13 2298 1239.536 13.357 1.089
2023-07-14 2259 1272.227 32.691 2.637
2023-07-15 2237 1289.936 17.709 1.392
2023-07-16 2237 1289.936 0 0
2023-07-17 2239 1289.353 -0.583 -0.045
2023-07-18 2257 1278.08 -11.273 -0.874
2023-07-19 2270 1277.517 -0.563 -0.044
2023-07-20 2254 1280.095 2.578 0.202
2023-07-21 2245 1280.928 0.833 0.065
2023-07-22 2248 1277.137 -3.791 -0.296
2023-07-23 2248 1277.137 0 0
2023-07-24 2250 1277.137 0 0
2023-07-25 2236 1290.644 13.507 1.058
2023-07-26 2223 1300.979 10.335 0.801
2023-07-27 2214 1312.225 11.246 0.864
2023-07-28 2199 1327.584 15.359 1.17
2023-07-29 2210 1318.111 -9.473 -0.714
2023-07-30 2210 1318.111 0 0
2023-07-31 2204 1325.244 7.133 0.541
2023-08-01 2201 1326.218 0.974 0.073
2023-08-02 2187 1325.827 -0.391 -0.029
2023-08-04 2198 1312.2 -13.627 -1.028
2023-08-05 2204 1312.632 0.432 0.033
2023-08-06 2204 1312.632 0 0
2023-08-07 2193 1315.009 2.377 0.181
2023-08-08 2178 1316.81 1.801 0.137
2023-08-09 2175 1316.763 -0.047 -0.004
2023-08-10 2177 1314.76 -2.003 -0.152
2023-08-11 2168 1317.418 2.658 0.202
2023-08-12 2171 1313.11 -4.308 -0.327
2023-08-13 2171 1313.11 0 0
2023-08-14 2171 1308.388 -4.722 -0.36
2023-08-15 2160 1316.116 7.728 0.591
2023-08-16 2170 1306.324 -9.792 -0.744
2023-08-17 2175 1300.866 -5.458 -0.418
2023-08-18 2178 1287.83 -13.036 -1.002
2023-08-19 2178 1289.215 1.385 0.108
2023-08-20 2179 1289.215 0 0
2023-08-21 2175 1291.167 1.952 0.151
2023-08-22 2182 1288.938 -2.229 -0.173
2023-08-23 2197 1277.426 -11.512 -0.893
2023-08-24 2198 1274.906 -2.52 -0.197
2023-08-26 2188 1279.439 4.533 0.356
2023-08-27 2188 1279.439 0 0
2023-08-28 2194 1279.818 0.379 0.03
2023-08-29 2187 1289.414 9.596 0.75
2023-08-30 2164 1312.893 23.479 1.821
2023-08-31 2162 1312.893 0 0
2023-09-01 2160 1316.783 3.89 0.296
2023-09-02 2162 1314.658 -2.125 -0.161
2023-09-03 2162 1314.658 0 0
2023-09-04 2154 1323.979 9.321 0.709
2023-09-05 2157 1316.989 -6.99 -0.528
2023-09-06 2157 1312.752 -4.237 -0.322
2023-09-07 2152 1309.334 -3.418 -0.26
2023-09-08 2154 1308.074 -1.26 -0.096
2023-09-09 2148 1308.634 0.56 0.043
2023-09-10 2147 1308.634 0 0
2023-09-12 2153 1303.685 -4.949 -0.378
2023-09-14 2173 1285.948 -18.295 -1.403
2023-09-15 2168 1290.025 4.077 0.317
2023-09-17 2168 1289.474 -0.551 -0.043
2023-09-18 2168 1291.974 2.5 0.194
2023-09-19 2167 1290.408 -1.566 -0.121
2023-09-20 2166 1285.992 -4.416 -0.342
2023-09-21 2153 1293.308 7.316 0.569
2023-09-22 2156 1289.158 -4.15 -0.321
2023-09-23 2155 1290.259 1.101 0.085
2023-09-24 2155 1290.259 0 0
2023-09-25 2155 1285.45 -4.809 -0.373
2023-09-26 2149 1288.26 2.81 0.219
2023-09-27 2169 1275.528 -12.732 -0.988
2023-09-28 2180 1270.652 -4.876 -0.382
2023-09-29 2200 1252.623 -18.029 -1.419
2023-10-01 2197 1256.038 3.415 0.273
2023-10-02 2199 1256.038 0 0
2023-10-03 2197 1250.419 -5.619 -0.447
2023-10-04 2198 1246.034 -4.385 -0.351
2023-10-05 2203 1241.583 -4.451 -0.357
2023-10-06 2208 1240.398 -1.185 -0.095
2023-10-07 2205 1244.082 3.684 0.297
2023-10-08 2204 1244.082 0 0
2023-10-09 2199 1244.642 0.56 0.045
2023-10-10 2187 1262.662 18.02 1.448
2023-10-11 2184 1270.192 7.53 0.596
2023-10-12 2171 1281.292 11.1 0.874
2023-10-13 2165 1279.726 -1.566 -0.122
2023-10-14 2164 1276.478 -3.248 -0.254
2023-10-15 2164 1276.478 0 0
2023-10-16 2159 1276.106 -0.372 -0.029
2023-10-17 2158 1276.743 0.637 0.05
2023-10-18 2150 1274.456 -2.287 -0.179
2023-10-19 2159 1259.833 -14.623 -1.147
2023-10-21 2146 1259.221 -0.612 -0.049
2023-10-26 2134 1263.645 4.424 0.351
2023-10-27 2142 1261.824 -1.821 -0.144
2023-10-28 2145 1263.858 2.034 0.161
2023-10-29 2145 1263.858 0 0
2023-10-30 2156 1259.325 -4.533 -0.359
2023-10-31 2148 1265.83 6.505 0.517
2023-11-01 2155 1263.21 -2.62 -0.207
2023-11-02 2153 1267.503 4.293 0.34
2023-11-03 2161 1274.614 7.111 0.561
2023-11-04 2163 1280.543 5.929 0.465
2023-11-05 2163 1280.543 0 0
2023-11-06 2142 1297.316 16.773 1.31
2023-11-07 2117 1321.571 24.255 1.87
2023-11-08 2141 1304.715 -16.856 -1.275
2023-11-09 2140 1300.809 -3.906 -0.299
2023-11-10 2147 1286.212 -14.597 -1.122
2023-11-11 2159 1281.977 -4.235 -0.329
2023-11-13 2168 1281.977 0 0
2023-11-15 2171 1294.681 12.704 0.991
2023-11-16 2150 1309.883 15.202 1.174
2023-11-17 2162 1303.103 -6.78 -0.518
2023-11-18 2160 1305.47 2.367 0.182
2023-11-20 2169 1300.842 -4.628 -0.355
2023-11-21 2154 1317.305 16.463 1.266
2023-11-22 2149 1321.41 4.105 0.312
2023-11-24 2156 1309.718 -11.692 -0.885
2023-11-25 2160 1307.901 -1.817 -0.139
2023-11-26 2160 1307.901 0 0
2023-11-27 2164 1303.899 -4.002 -0.306
2023-11-28 2171 1300.811 -3.088 -0.237
2023-11-29 2164 1308.846 8.035 0.618
2023-11-30 2157 1321.798 12.952 0.99
2023-12-01 2143 1331.377 9.579 0.725
2023-12-03 2152 1327.388 -3.989 -0.3
2023-12-04 2159 1317.931 -9.457 -0.712
2023-12-05 2152 1315.672 -2.259 -0.171
2023-12-06 2147 1313.979 -1.693 -0.129
2023-12-07 2157 1314.703 0.724 0.055
2023-12-08 2159 1308.522 -6.181 -0.47
2023-12-09 2159 1311.187 2.665 0.204
2023-12-10 2159 1311.187 0 0
2023-12-12 2158 1308.272 -2.915 -0.222
2023-12-13 2152 1310.4 2.128 0.163
2023-12-14 2150 1319.272 8.872 0.677
2023-12-15 2146 1324.978 5.706 0.433
2023-12-16 2147 1325.546 0.568 0.043
2023-12-17 2147 1325.546 0 0
2023-12-18 2138 1334.821 9.275 0.7
2023-12-19 2149 1325.831 -8.99 -0.673
2023-12-20 2140 1324.744 -1.087 -0.082
2023-12-21 2158 1319.236 -5.508 -0.416
2023-12-22 2161 1315.103 -4.133 -0.313
2023-12-23 2155 1321.775 6.672 0.507
2023-12-25 2157 1321.775 0 0
2023-12-28 2160 1330.411 8.636 0.653
2023-12-29 2152 1338.778 8.367 0.629
2023-12-30 2152 1342.42 3.642 0.272
2023-12-31 2155 1342.42 0 0
2024-01-01 2155 1342.42 0 0
2024-01-02 2148 1339.872 -2.548 -0.19
2024-01-03 2143 1335.527 -4.345 -0.324
2024-01-04 2143 1333.314 -2.213 -0.166
2024-01-05 2133 1342.414 9.1 0.683
2024-01-06 2137 1336.789 -5.625 -0.419
2024-01-07 2136 1336.789 0 0
2024-01-08 2129 1345.849 9.06 0.678
2024-01-09 2117 1354.459 8.61 0.64
2024-01-10 2133 1337.799 -16.66 -1.23
2024-01-11 2073 1392.347 54.548 4.077
2024-01-12 2075 1391.188 -1.159 -0.083
2024-01-13 2078 1390.739 -0.449 -0.032
2024-01-14 2079 1390.739 0 0
2024-01-15 2059 1404.91 14.171 1.019
2024-01-16 2048 1405.667 0.757 0.054
2024-01-17 2047 1388.902 -16.765 -1.193
2024-01-18 2074 1372.398 -16.504 -1.188
2024-01-19 2061 1381.062 8.664 0.631
2024-01-20 2064 1381.208 0.146 0.011
2024-01-21 2064 1381.208 0 0
2024-01-22 2053 1378.54 -2.668 -0.193
2024-01-23 2062 1378.392 -0.148 -0.011
2024-01-24 2060 1383.014 4.622 0.335
2024-01-25 2068 1381.699 -1.315 -0.095
2024-01-26 2063 1381.699 0 0
2024-01-27 2063 1382.868 1.169 0.085
2024-01-28 2063 1382.868 0 0
2024-01-29 2049 1392.031 9.163 0.663
2024-01-30 2049 1387.832 -4.199 -0.302
2024-01-31 2038 1387.264 -0.568 -0.041
2024-02-01 2037 1386.53 -0.734 -0.053
