2024-03-30 1277 2667.142 0 0
2024-03-31 1277 2667.142 0 0
2024-04-02 1282 2647.155 -19.987 -0.749
2024-04-03 1283 2645.136 -2.019 -0.076
2024-04-04 1274 2667.844 22.708 0.858
2024-04-05 1273 2674.649 6.805 0.255
2024-04-06 1274 2662.208 -12.441 -0.465
2024-04-07 1274 2662.208 0 0
2024-04-08 1277 2653.244 -8.964 -0.337
2024-04-09 1274 2651.391 -1.853 -0.07
2024-04-10 1275 2652.543 1.152 0.043
2024-04-11 1277 2636.066 -16.477 -0.621
2024-04-12 1286 2619.778 -16.288 -0.618
2024-04-13 1295 2601.398 -18.38 -0.702
2024-04-14 1295 2601.398 0 0
2024-04-15 1290 2599.93 -1.468 -0.056
2024-04-16 1282 2596.166 -3.764 -0.145
2024-04-17 1281 2603.143 6.977 0.269
2024-04-18 1281 2608.657 5.514 0.212
2024-04-19 1273 2614.853 6.196 0.238
2024-04-20 1271 2618.481 3.628 0.139
2024-04-21 1271 2618.481 0 0
2024-04-22 1270 2625.848 7.367 0.281
2024-04-23 1278 2631.459 5.611 0.214
2024-04-24 1271 2656.227 24.768 0.941
2024-04-25 1277 2633.291 -22.936 -0.863
2024-04-26 1276 2661.691 28.4 1.078
2024-04-27 1283 2653.447 -8.244 -0.31
2024-04-28 1283 2653.447 0 0
2024-04-29 1277 2663.771 10.324 0.389
2024-04-30 1263 2683.884 20.113 0.755
