2020-01-19 460 4803.691 0 0
2020-02-07 459 4778.577 -25.114 -0.526
2020-02-15 530 4334.311 -444.266 -10.25
2020-02-16 530 4334.311 0 0
2020-02-17 532 4334.38 0.069 0.002
2020-02-18 530 4334.376 -0.004 0
2020-02-19 531 4333.842 -0.534 -0.012
2020-02-20 529 4325.169 -8.673 -0.201
2020-02-21 525 4326.164 0.995 0.023
2020-02-22 520 4340.027 13.863 0.319
2020-02-23 521 4340.027 0 0
2020-02-24 517 4340.003 -0.024 -0.001
2020-02-25 507 4340.851 0.848 0.02
2020-02-26 497 4346.63 5.779 0.133
2020-02-27 490 4341.694 -4.936 -0.114
2020-02-28 484 4365.339 23.645 0.542
2020-02-29 483 4367.219 1.88 0.043
