2022-10-22 657 4034.98 0 0
2022-10-23 655 4034.98 0 0
2022-10-24 692 3809.34 -225.64 -5.923
2022-10-25 728 3649.671 -159.669 -4.375
2022-10-26 749 3625.698 -23.973 -0.661
2022-10-27 754 3634.224 8.526 0.235
2022-10-28 917 3042.179 -592.045 -19.461
2022-10-29 916 3042.162 -0.017 -0.001
2022-10-30 916 3042.162 0 0
2022-10-31 901 3071.425 29.263 0.953
2022-11-01 884 3152.586 81.161 2.574
2022-11-02 879 3182.625 30.039 0.944
2022-11-03 878 3179.595 -3.03 -0.095
2022-11-04 847 3265.672 86.077 2.636
2022-11-05 853 3265.662 -0.01 0
2022-11-06 853 3265.662 0 0
2022-11-07 848 3286.933 21.271 0.647
2022-11-08 853 3274.575 -12.358 -0.377
2023-10-06 851 3428.515 153.94 4.49
2023-10-07 851 3428.54 0.025 0.001
2023-10-08 851 3428.54 0 0
2023-10-09 851 3432.427 3.887 0.113
2023-10-10 837 3481.603 49.176 1.412
2023-10-11 836 3509.02 27.417 0.781
2023-10-12 835 3495.718 -13.302 -0.381
2023-10-13 835 3467.602 -28.116 -0.811
2023-10-14 814 3556.557 88.955 2.501
2023-10-15 813 3556.557 0 0
2023-10-16 818 3548.19 -8.367 -0.236
2023-10-17 816 3545.026 -3.164 -0.089
2023-10-18 820 3538.984 -6.042 -0.171
2023-10-19 806 3525.577 -13.407 -0.38
2023-10-20 814 3512.989 -12.588 -0.358
2023-10-21 814 3513.101 0.112 0.003
2023-10-22 814 3513.101 0 0
2023-10-23 812 3523.76 10.659 0.302
