2024-03-30 2597 1106.765 0 0
2024-03-31 2597 1106.765 0 0
2024-04-02 2653 1072.746 -34.019 -3.074
2024-04-03 2613 1098.305 25.559 2.383
2024-04-04 2614 1096.523 -1.782 -0.162
2024-04-05 2560 1139.288 42.765 3.9
2024-04-06 2557 1141.424 2.136 0.187
2024-04-07 2557 1141.424 0 0
2024-04-08 2573 1127.86 -13.564 -1.188
2024-04-09 2623 1093.806 -34.054 -3.019
2024-04-10 2638 1081.42 -12.386 -1.132
2024-04-11 2631 1082.995 1.575 0.146
2024-04-12 2612 1087.954 4.959 0.458
2024-04-13 2615 1084.972 -2.982 -0.274
2024-04-14 2615 1084.972 0 0
2024-04-15 2648 1059.144 -25.828 -2.381
2024-04-16 2621 1071.128 11.984 1.131
2024-04-17 2616 1069.91 -1.218 -0.114
2024-04-18 2583 1098.354 28.444 2.659
2024-04-19 2625 1064.267 -34.087 -3.103
2024-04-20 2622 1065.225 0.958 0.09
2024-04-21 2622 1065.225 0 0
2024-04-22 2578 1100.936 35.711 3.352
2024-04-23 2590 1098.273 -2.663 -0.242
2024-04-24 2572 1113.034 14.761 1.344
2024-04-25 2545 1127.376 14.342 1.289
2024-04-26 2522 1152.932 25.556 2.267
2024-04-27 2521 1152.588 -0.344 -0.03
2024-04-28 2521 1152.588 0 0
2024-04-29 2353 1293.297 140.709 12.208
2024-04-30 2315 1322.991 29.694 2.296
