2021-04-09 2500 1160.277 0 0
2021-04-10 2499 1158.526 -1.751 -0.151
2021-04-11 2500 1158.526 0 0
2021-04-12 2559 1112.57 -45.956 -3.967
2021-04-13 2569 1106.157 -6.413 -0.576
2021-04-14 2620 1074.714 -31.443 -2.843
2021-04-15 2579 1106.166 31.452 2.927
2021-04-16 2613 1083.784 -22.382 -2.023
2021-04-17 2614 1085.396 1.612 0.149
2021-04-18 2614 1085.396 0 0
2021-04-19 2608 1096.142 10.746 0.99
2021-04-20 2626 1076.531 -19.611 -1.789
2021-04-21 2649 1065.137 -11.394 -1.058
2021-04-22 2686 1032.825 -32.312 -3.034
2021-04-23 2714 1016.559 -16.266 -1.575
2021-04-24 2714 1016.559 0 0
2021-04-25 2717 1015.777 -0.782 -0.077
2021-04-26 2701 1030.889 15.112 1.488
2021-04-27 2695 1036.164 5.275 0.512
2021-04-28 2722 1010.498 -25.666 -2.477
2021-04-29 2706 1022.607 12.109 1.198
2021-04-30 2713 1007.103 -15.504 -1.516
2021-05-01 2714 1006.279 -0.824 -0.082
2021-05-02 2713 1006.279 0 0
2021-05-03 2712 1006.279 0 0
2021-05-04 2709 1006.279 0 0
2021-05-05 2707 1006.279 0 0
2021-05-06 2694 1019.277 12.998 1.292
2021-05-07 2666 1041.605 22.328 2.191
2021-05-08 2668 1044.073 2.468 0.237
2021-05-09 2668 1044.073 0 0
2021-05-10 2580 1115.703 71.63 6.861
2021-05-11 2658 1051.802 -63.901 -5.727
2021-05-12 2649 1057.997 6.195 0.589
2021-05-13 2677 1022.856 -35.141 -3.321
2021-05-14 2680 1020.875 -1.981 -0.194
2021-05-15 2680 1024.049 3.174 0.311
2021-05-16 2680 1024.049 0 0
2021-05-17 2681 1027.317 3.268 0.319
2021-05-18 2685 1027.273 -0.044 -0.004
2021-05-19 2700 1019.112 -8.161 -0.794
2021-05-20  989.738 -29.374 -2.882
2021-05-26 2697 1014.189 24.451 2.47
2021-05-27 2706 1009.768 -4.421 -0.436
2021-05-28 2709 1010.388 0.62 0.061
2021-05-29 2711 1011.991 1.603 0.159
2021-05-30 2711 1011.991 0 0
2021-05-31 2713 1006.485 -5.506 -0.544
2021-06-01 2711 1009.789 3.304 0.328
2021-06-02  994.887 -14.902 -1.476
2021-08-25 2646 1022.661 27.774 2.792
2021-08-26 2628 1026.399 3.738 0.366
2021-08-27 2628 1032.447 6.048 0.589
2021-08-28 2630 1033.132 0.685 0.066
2021-08-29 2630 1033.132 0 0
2021-08-30 2635 1026.641 -6.491 -0.628
2021-08-31 2620 1040.677 14.036 1.367
2021-09-01 2659 1010.825 -29.852 -2.869
2021-09-02 2633 1031.16 20.335 2.012
2021-09-03 2638 1027.411 -3.749 -0.364
2021-09-04 2640 1028.143 0.732 0.071
2021-09-05 2641 1028.143 0 0
2021-09-06 2656 1019.458 -8.685 -0.845
2021-09-07 2628 1050.943 31.485 3.088
2021-09-08 2621 1053.563 2.62 0.249
2021-09-09 2595 1077.134 23.571 2.237
2021-09-10 2614 1058.411 -18.723 -1.738
2021-09-11 2612 1061.04 2.629 0.248
2021-09-12 2612 1061.04 0 0
2021-09-13 2551 1114.364 53.324 5.026
2021-09-14 2617 1048.026 -66.338 -5.953
2021-09-15 2612 1053.095 5.069 0.484
2021-09-16 2642 1014.039 -39.056 -3.709
2021-09-17  988.709 -25.33 -2.498
2021-11-19 2656 1022.667 33.958 3.435
2021-11-20 2657 1022.619 -0.048 -0.005
2021-11-21 2657 1022.619 0 0
2021-11-22 2622 1048.981 26.362 2.578
2021-11-23 2594 1070.589 21.608 2.06
2021-11-24 2597 1065.04 -5.549 -0.518
2021-11-25 2601 1060.05 -4.99 -0.469
2021-11-26 2586 1065.537 5.487 0.518
2021-11-27 2587 1064.954 -0.583 -0.055
2021-11-28 2587 1064.954 0 0
2021-11-29 2547 1093.469 28.515 2.678
2021-11-30 2552 1085.11 -8.359 -0.764
2021-12-01 2556 1079.333 -5.777 -0.532
2021-12-02 2577 1057.461 -21.872 -2.026
2021-12-03 2580 1053.663 -3.798 -0.359
2021-12-04 2579 1054.358 0.695 0.066
2021-12-05 2579 1054.358 0 0
2021-12-06 2595 1040.05 -14.308 -1.357
2021-12-07 2607 1017.655 -22.395 -2.153
2021-12-08 2639 1013.827 -3.828 -0.376
2021-12-09  996.297 -17.53 -1.729
2025-08-15 2930 1113.044 116.747 11.718
2025-08-16 2932 1111.68 -1.364 -0.123
2025-08-17 2932 1111.68 0 0
2025-08-18 2770 1222.946 111.266 10.009
2025-08-19 2637 1309.382 86.436 7.068
2025-08-20 2474 1439.661 130.279 9.95
2025-08-21 2657 1296.688 -142.973 -9.931
2025-08-22 2796 1204.129 -92.559 -7.138
2025-08-23 2806 1203.693 -0.436 -0.036
2025-08-24 2806 1203.693 0 0
2025-08-25 2756 1233.957 30.264 2.514
2025-08-26 2666 1300.621 66.664 5.402
2025-08-27 2756 1233.229 -67.392 -5.182
2025-08-28 2713 1261.666 28.437 2.306
2025-08-29 2813 1202.005 -59.661 -4.729
2025-08-30 2810 1202.915 0.91 0.076
2025-08-31 2810 1202.915 0 0
2025-09-01 2842 1191.122 -11.793 -0.98
2025-09-02 2885 1157.707 -33.415 -2.805
2025-09-03 2944 1111.115 -46.592 -4.025
2025-09-04 2988 1077.953 -33.162 -2.985
2025-09-05 2943 1112.313 34.36 3.188
2025-09-06 2947 1112.687 0.374 0.034
2025-09-07 2947 1112.687 0 0
2025-09-08 2907 1141.167 28.48 2.56
2025-09-09 2944 1114.637 -26.53 -2.325
2025-09-10 2944 1117.685 3.048 0.273
2025-09-11 2888 1165.352 47.667 4.265
2025-09-12 2801 1219.246 53.894 4.625
2025-09-13 2803 1219.435 0.189 0.016
2025-09-14 2803 1219.435 0 0
2025-09-15 2851 1192.861 -26.574 -2.179
2025-09-16 2819 1215.447 22.586 1.893
2025-09-17 2776 1245.036 29.589 2.434
2025-09-18 2853 1196.584 -48.452 -3.892
2025-09-19 2921 1150.947 -45.637 -3.814
2025-09-20 2922 1150.106 -0.841 -0.073
2025-09-21 2922 1150.106 0 0
2025-09-22 2911 1159.961 9.855 0.857
2025-09-23 2954 1118.27 -41.691 -3.594
2025-09-24 2962 1122.448 4.178 0.374
2025-09-25 2881 1176.245 53.797 4.793
2025-09-26 2854 1187.456 11.211 0.953
2025-09-27 2855 1185.925 -1.531 -0.129
2025-09-28 2855 1185.925 0 0
2025-09-29 2881 1170.205 -15.72 -1.326
2025-09-30 2806 1219.829 49.624 4.241
2025-10-01 2810 1220.086 0.257 0.021
2025-10-02 2813 1220.086 0 0
2025-10-03 2812 1220.086 0 0
2025-10-04 2812 1220.086 0 0
2025-10-05 2813 1220.086 0 0
2025-10-06 2809 1220.086 0 0
2025-10-07 2819 1220.086 0 0
2025-10-08 2813 1220.086 0 0
2025-10-09 2649 1327.422 107.336 8.797
2025-10-10 2769 1240.582 -86.84 -6.542
2025-10-11 2766 1240.948 0.366 0.03
2025-10-12 2766 1240.948 0 0
2025-10-13 2694 1289.169 48.221 3.886
2025-10-14 2779 1224.433 -64.736 -5.022
2025-10-15 2783 1227.039 2.606 0.213
2025-10-16 2846 1187.64 -39.399 -3.211
2025-10-17 2836 1191.442 3.802 0.32
2025-10-18 2835 1191.191 -0.251 -0.021
2025-10-19 2836 1191.191 0 0
2025-10-20 2860 1172.502 -18.689 -1.569
2025-10-21 2873 1171.028 -1.474 -0.126
2025-10-22 2939 1123.818 -47.21 -4.032
2025-10-23 2944 1121.62 -2.198 -0.196
2025-10-24 2924 1136.793 15.173 1.353
2025-10-25 2925 1136.617 -0.176 -0.015
2025-10-26 2926 1136.617 0 0
2025-10-27 2883 1170.076 33.459 2.944
2025-10-28 2911 1150.478 -19.598 -1.675
2025-10-29 2873 1174.788 24.31 2.113
2025-10-30 2919 1147.388 -27.4 -2.332
2025-10-31 2919 1140.571 -6.817 -0.594
2025-11-01 2920 1140.154 -0.417 -0.037
2025-11-02 2919 1140.154 0 0
2025-11-03 2956 1115.518 -24.636 -2.161
2025-11-04 2988 1084.705 -30.813 -2.762
2025-11-05 2984 1093.364 8.659 0.798
2025-11-06 2966 1102.942 9.578 0.876
2025-11-07 2983 1091.503 -11.439 -1.037
2025-11-08 2982 1091.488 -0.015 -0.001
2025-11-09 2982 1091.488 0 0
2025-11-10 2987 1094.44 2.952 0.27
2025-11-11 2995 1088.284 -6.156 -0.562
2025-11-12 3030 1061.215 -27.069 -2.487
2025-11-13 2998 1086.345 25.13 2.368
2025-11-14 3017 1070.836 -15.509 -1.428
2025-11-15 3014 1070.188 -0.648 -0.061
2025-11-16 3014 1070.188 0 0
2025-11-17 3032 1058.341 -11.847 -1.107
2025-11-18 3067 1029.987 -28.354 -2.679
2025-11-19 3085 1018.146 -11.841 -1.15
2025-11-20 3088 1016.503 -1.643 -0.161
2025-11-21  967.267 -49.236 -4.844
2025-11-26  999.979 32.712 3.382
2025-11-27 3112 1001.928 1.949 0.195
2025-11-28 3101 1010.838 8.91 0.889
2025-11-29 3107 1010.981 0.143 0.014
2025-11-30 3107 1010.981 0 0
2025-12-01 3084 1027.814 16.833 1.665
2025-12-02 3108 1009 -18.814 -1.83
2025-12-03 3105 1013.13 4.13 0.409
2025-12-04 3097 1024.788 11.658 1.151
2025-12-05 3043 1054.102 29.314 2.86
2025-12-06 3043 1053.849 -0.253 -0.024
2025-12-07 3044 1053.849 0 0
2025-12-08 3037 1062.771 8.922 0.847
2025-12-09 3084 1028.977 -33.794 -3.18
2025-12-10 3098 1020.315 -8.662 -0.842
2025-12-11 3103 1016.205 -4.11 -0.403
2025-12-12 3075 1038.846 22.641 2.228
2025-12-13 3075 1039.244 0.398 0.038
2025-12-14 3075 1039.244 0 0
2025-12-15 3097 1018.38 -20.864 -2.008
2025-12-16  992.271 -26.109 -2.564
2025-12-18 3091 1022.752 30.481 3.072
2025-12-19 3081 1032.292 9.54 0.933
2025-12-20 3085 1032.38 0.088 0.009
2025-12-21 3089 1032.38 0 0
2025-12-22 3063 1054.282 21.902 2.122
2025-12-23 3074 1049.766 -4.516 -0.428
2025-12-24 3044 1072.083 22.317 2.126
2025-12-25 3050 1072.011 -0.072 -0.007
2025-12-26 3044 1078.005 5.994 0.559
2025-12-27 3045 1079.22 1.215 0.113
2025-12-28 3045 1079.22 0 0
2025-12-29 3035 1084.221 5.001 0.463
2025-12-30 3031 1086.098 1.877 0.173
2025-12-31 3036 1083.11 -2.988 -0.275
2026-01-01 3032 1083.343 0.233 0.022
2026-01-02 3029 1083.343 0 0
2026-01-03 3029 1083.343 0 0
2026-01-05 3040 1083.343 0 0
2026-01-06 3007 1110.599 27.256 2.516
2026-01-07 3008 1113.548 2.949 0.266
2026-01-08 3024 1108.947 -4.601 -0.413
2026-01-09 3005 1131.67 22.723 2.049
2026-01-10 3003 1131.427 -0.243 -0.021
2026-01-11 3003 1131.427 0 0
2026-01-12 3013 1129.42 -2.007 -0.177
2026-01-13 3028 1114.698 -14.722 -1.304
2026-01-14 3033 1112.257 -2.441 -0.219
2026-01-15 3028 1118.814 6.557 0.59
2026-01-16 3025 1117.461 -1.353 -0.121
2026-01-17 3027 1117.589 0.128 0.011
2026-01-18 3026 1117.589 0 0
2026-01-19 3015 1126.643 9.054 0.81
2026-01-20 2978 1147.767 21.124 1.875
2026-01-21 2944 1171.259 23.492 2.047
2026-01-22 2864 1216.747 45.488 3.884
2026-01-23 2877 1218.138 1.391 0.114
2026-01-24 2881 1217.911 -0.227 -0.019
2026-01-25 2881 1217.911 0 0
2026-01-26 2842 1243.074 25.163 2.066
2026-01-27 2867 1229.194 -13.88 -1.117
2026-01-28 2810 1270.503 41.309 3.361
2026-01-29 2867 1230.291 -40.212 -3.165
2026-01-30 2912 1201.893 -28.398 -2.308
2026-01-31 2912 1201.512 -0.381 -0.032
2026-02-01 2909 1201.512 0 0
2026-02-02 2996 1123.833 -77.679 -6.465
2026-02-03 2947 1170.708 46.875 4.171
2026-02-04 2860 1229.173 58.465 4.994
2026-02-05 2926 1179.708 -49.465 -4.024
2026-02-06 2918 1181.166 1.458 0.124
2026-02-07 2918 1181.285 0.119 0.01
2026-02-08 2920 1181.285 0 0
2026-02-09 2897 1207.972 26.687 2.259
2026-02-10 2933 1192.585 -15.387 -1.274
2026-02-11 2911 1203.503 10.918 0.915
2026-02-12 2854 1239.785 36.282 3.015
2026-02-13 2903 1201.31 -38.475 -3.103
2026-02-14 2903 1199.659 -1.651 -0.137
2026-02-15 2902 1199.659 0 0
2026-02-16 2903 1199.659 0 0
2026-02-17 2908 1199.659 0 0
2026-02-18 2911 1199.659 0 0
2026-02-19 2903 1199.659 0 0
2026-02-20 2903 1199.659 0 0
2026-02-21 2903 1199.659 0 0
2026-02-22 2902 1199.659 0 0
2026-02-23 2903 1199.659 0 0
2026-02-24 2889 1212.027 12.368 1.031
2026-02-25 2828 1258.026 45.999 3.795
2026-02-26 2831 1257.156 -0.87 -0.069
2026-02-27 2792 1295.464 38.308 3.047
2026-02-28 2798 1292.478 -2.986 -0.23
2026-03-01 2799 1292.478 0 0
2026-03-02 2793 1299.751 7.273 0.563
2026-03-03 2867 1218.62 -81.131 -6.242
2026-03-04 2867 1210.076 -8.544 -0.701
2026-03-05 2880 1204.708 -5.368 -0.444
2026-03-06 2903 1191.23 -13.478 -1.119
2026-03-07 2903 1191.541 0.311 0.026
2026-03-08 2902 1191.541 0 0
2026-03-09 2965 1139.909 -51.632 -4.333
2026-03-10 3133 1160.329 20.42 1.791
2026-03-11 3144 1159.77 -0.559 -0.048
2026-03-12 3131 1160.158 0.388 0.033
2026-03-13 3166 1131.355 -28.803 -2.483
2026-03-14 3164 1126.831 -4.524 -0.4
2026-03-15 3163 1126.831 0 0
2026-03-16 3204 1102.063 -24.768 -2.198
2026-03-17 3226 1089.057 -13.006 -1.18
2026-03-18 3227 1093.187 4.13 0.379
2026-03-19 3274 1054.496 -38.691 -3.539
2026-03-20 3267 1047.625 -6.871 -0.652
2026-03-21 3260 1050.533 2.908 0.278
2026-03-22 3259 1050.533 0 0
2026-03-23  977.039 -73.494 -6.996
2026-03-25 3289 1033.055 56.016 5.733
2026-03-27 3253 1050.636 17.581 1.702
2026-03-28 3256 1047.2 -3.436 -0.327
2026-03-29 3256 1047.2 0 0
2026-03-30 3239 1056.478 9.278 0.886
2026-03-31 3163 1100.437 43.959 4.161
2026-04-01 3217 1082.609 -17.828 -1.62
2026-04-02 3252 1059.969 -22.64 -2.091
2026-04-03 3265 1045.65 -14.319 -1.351
2026-04-04 3265 1045.65 0 0
2026-04-05 3265 1045.65 0 0
2026-04-06 3267 1045.65 0 0
2026-04-07 3267 1046.683 1.033 0.099
2026-04-08 3210 1097.318 50.635 4.838
2026-04-09 3216 1099.595 2.277 0.208
2026-04-10 3221 1098.434 -1.161 -0.106
2026-04-11 3222 1099.656 1.222 0.111
2026-04-12 3222 1099.656 0 0
2026-04-13 3207 1110.08 10.424 0.948
2026-04-14 3192 1121.498 11.418 1.029
2026-04-15 3214 1120.164 -1.334 -0.119
2026-04-16 3189 1139.735 19.571 1.747
2026-04-17 3163 1161.42 21.685 1.903
2026-04-18 3166 1160.246 -1.174 -0.101
2026-04-19 3166 1160.246 0 0
2026-04-20 3110 1189.464 29.218 2.518
2026-04-21 3111 1184.4 -5.064 -0.426
2026-04-22 3097 1190.251 5.851 0.494
2026-04-23 3150 1153.736 -36.515 -3.068
2026-04-24 3191 1126.743 -26.993 -2.34
2026-04-25 3188 1126.627 -0.116 -0.01
2026-04-26 3188 1126.627 0 0
2026-04-27 3197 1121.416 -5.211 -0.463
2026-04-28 3236 1098.087 -23.329 -2.08
2026-04-29 3187 1123.155 25.068 2.283
2026-04-30 3232 1097.619 -25.536 -2.274
2026-05-01 3238 1097.555 -0.064 -0.006
2026-05-02 3240 1097.555 0 0
2026-05-04 3240 1097.555 0 0
2026-05-05 3241 1097.555 0 0
2026-05-06 3222 1109.021 0 0
2026-05-07 3214 1118.403 0 0
2026-05-08 3244 1108.977 0 0
2026-05-09 3221 1126.824 0 0
2026-05-10 3221 1126.774 0 0
2026-05-11 3059 1214.747 0 0
2026-05-12 2880 1337.281 0 0
2026-05-13 2841 1363.699 0 0
2026-05-14 2724 1446.727 0 0
2026-05-15 2733 1436.018 0 0
2026-05-16 2761 1405.395 0 0
2026-05-17 2762 1401.575 0 0
2026-05-18 2717 1432.979 0 0
2026-05-19 2774 1394.247 0 0
2026-05-20 2625 1506.716 0 0
2026-05-21 2675 1474.044 0 0
2026-05-22 2650 1493.432 0 0
2026-05-23 2657 1492.385 0 0
2026-05-24 2653 1494.889 0 0
2026-05-25 2700 1452.953 0 0
2026-05-26 2653 1492.792 0 0
2026-05-27 2740 1417.308 0 0
2026-05-28 2749 1408.358 0 0
2026-05-29 2865 1325.508 0 0
2026-05-30 2843 1338.409 0 0
2026-05-31 2840 1340.683 0 0
2026-06-01 2838 1340.683 0 0
2026-06-02 2814 1370.151 0 0
2026-06-03 2639 1500.355 0 0
2026-06-04 2694 1449.402 0 0
2026-06-05 2767 1395.576 0 0
2026-06-06 2788 1369.625 0 0
2026-06-07 2789 1370.738 0 0
2026-06-09 2867 1305.509 0 0
2026-06-10 2944 1250.357 0 0
2026-06-11 2946 1249.86 0 0
2026-06-12 2790 1359.903 0 0
2026-06-13 2790 1359.944 0 0
2026-06-14 2792 1363.182 0 0
2026-06-16 2792 1380.039 0 0
2026-06-17 2846 1331.349 0 0
2026-06-18 2805 1367.131 0 0
2026-06-19 2740 1411.531 0 0
2026-06-20 2738 1410.467 0 0
2026-06-21 2738 1410.467 0 0
2026-06-22 2834 1337.778 0 0
2026-06-23 2830 1340.938 0 0
2026-06-24 2951 1252.976 0 0
2026-06-25 2987 1226.896 0 0
2026-06-26 3130 1135.765 0 0
2026-06-27 3141 1128.236 0 0
2026-06-28 3142 1128.037 0 0
2026-06-29 3150 1128.037 0 0
2026-06-30 3136 1140.607 0 0
2026-07-01 3004 1220.497 0 0
2026-07-02 2932 1272.274 0 0
2026-07-03 3013 1222.487 0 0
2026-07-04 3000 1240.542 0 0
2026-07-05 3000 1240.542 0 0
2026-07-06 3007 1232.145 0 0
2026-07-07 3046 1204.854 0 0
2026-07-08 3137 1148.209 0 0
2026-07-09 3205 1093.193 0 0
2026-07-10 3081 1183.728 0 0
2026-07-11 3117 1162.719 0 0
2026-07-12 3112 1165.309 0 0
2026-07-13 3128 1153.75 0 0
2026-07-14 3187 1106.46 0 0
2026-07-15 3182 1115.424 0 0
2026-07-16 3175 1124.458 0 0
2026-07-17 3221 1089.801 0 0
