2020-04-08 2013 1102.213 0 0
2020-04-10 1989 1125.917 23.704 2.105
2020-04-11 1989 1125.917 0 0
2020-04-12 1989 1125.917 0 0
2020-04-13 1986 1125.917 0 0
2020-04-14 2005 1122.126 -3.791 -0.338
2020-04-15 1982 1131.32 9.194 0.813
2020-04-17 2004 1115.79 -15.53 -1.392
2020-04-18 2005 1117.535 1.745 0.156
2020-04-19 2005 1117.535 0 0
2020-04-20 2007 1117.535 0 0
2020-04-21 1999 1114.184 -3.351 -0.301
2020-04-23 2028 1098.069 -16.115 -1.468
2020-04-24 2003 1114.643 16.574 1.487
2020-04-25 2003 1113.2 -1.443 -0.13
2020-04-26 2003 1113.2 0 0
2020-04-27 2010 1113.2 0 0
2020-04-28 2013 1113.425 0.225 0.02
2020-04-29 2016 1115.992 2.567 0.23
2020-04-30 2012 1126.63 10.638 0.944
