2026-05-21 2450 1660.191 0 0
2026-05-22 2491 1607.538 0 0
2026-05-23 2484 1622.735 0 0
2026-05-24 2482 1625.457 0 0
2026-05-25 2475 1641.598 0 0
2026-05-26 2545 1573.361 0 0
2026-05-27 2437 1680.253 0 0
2026-05-28 2488 1623.079 0 0
2026-05-29 2465 1637.046 0 0
2026-05-30 2460 1633.95 0 0
2026-05-31 2461 1636.726 0 0
2026-06-01 2534 1583.675 0 0
2026-06-02 2583 1543.67 0 0
2026-06-03 2465 1640.958 0 0
2026-06-04 2409 1687.098 0 0
2026-06-05 2525 1583.088 0 0
2026-06-06 2566 1547.558 0 0
2026-06-07 2562 1548.815 0 0
2026-06-09 2600 1510.471 0 0
2026-06-10 2586 1516.652 0 0
2026-06-11 2623 1490.384 0 0
2026-06-12 2506 1587.491 0 0
2026-06-13 2575 1533.022 0 0
2026-06-14 2576 1536.672 0 0
2026-06-16 2493 1613.97 0 0
2026-06-17 2493 1621.046 0 0
2026-06-18 2385 1719.639 0 0
2026-06-19 2388 1713.719 0 0
2026-06-20 2385 1712.427 0 0
2026-06-21 2385 1712.427 0 0
2026-06-22 2304 1782.895 0 0
2026-06-23 2257 1836.054 0 0
2026-06-24 2301 1772.741 0 0
2026-06-25 2130 1932.489 0 0
2026-06-26 2133 1924.321 0 0
2026-06-27 2075 1986.169 0 0
2026-06-28 2075 1985.818 0 0
2026-06-29 2011 2043.931 0 0
2026-06-30 1994 2069.178 0 0
2026-07-01 2001 2078.169 0 0
2026-07-02 2260 1829.165 0 0
2026-07-03 2268 1829.853 0 0
2026-07-04 2274 1818.283 0 0
2026-07-05 2274 1818.283 0 0
2026-07-06 2043 2033.488 0 0
2026-07-07 2245 1851.327 0 0
2026-07-08 2279 1809.356 0 0
2026-07-09 2348 1738.243 0 0
2026-07-10 2303 1796.561 0 0
2026-07-11 2364 1731.741 0 0
2026-07-12 2356 1735.599 0 0
2026-07-13 2482 1628.844 0 0
2026-07-14 2541 1567.949 0 0
2026-07-15 2608 1523.758 0 0
