2020-07-10 2228 1004.437 0 0
2020-07-11 2235 1002.508 -1.929 -0.192
2020-07-12 2235 1002.508 0 0
2020-07-13 2229 1008.149 5.641 0.563
2020-07-14  991.787 -16.362 -1.623
2020-09-19 2257 1006.842 15.055 1.518
2020-09-21  994.091 -12.751 -1.266
2020-10-10 2235 1024.125 30.034 3.021
2020-10-11 2237 1024.125 0 0
2020-10-12 2211 1051.385 27.26 2.662
2020-10-13 2229 1037.447 -13.938 -1.326
2020-10-14 2229 1031.883 -5.564 -0.536
2020-10-16 2223 1034.822 2.939 0.285
2020-10-17 2223 1034.822 0 0
2020-10-18 2223 1034.822 0 0
2020-10-19 2226 1034.081 -0.741 -0.072
2020-10-20 2230 1034.387 0.306 0.03
2020-10-21 2243 1020.469 -13.918 -1.346
2020-10-22 2231 1031.616 11.147 1.092
2020-10-23 2239 1029.727 -1.889 -0.183
2020-10-24 2239 1029.712 -0.015 -0.001
2020-10-25 2238 1029.712 0 0
2020-10-26 2227 1034.8 5.088 0.494
2020-10-27 2230 1027.659 -7.141 -0.69
2020-10-28 2241 1011.382 -16.277 -1.584
2020-10-29 2239 1012.875 1.493 0.148
2020-10-30  982.916 -29.959 -2.958
2020-11-03 2227 1022.064 39.148 3.983
2020-11-04 2247 1010.543 -11.521 -1.127
2020-11-05 2242 1023.357 12.814 1.268
2020-11-06 2249 1026.292 2.935 0.287
2020-11-07 2246 1028.459 2.167 0.211
2020-11-08 2246 1028.459 0 0
2020-11-09 2225 1054.292 25.833 2.512
2020-11-10 2233 1056.204 1.912 0.181
2020-11-12 2241 1043.572 -12.632 -1.196
2020-11-13 2256 1033.988 -9.584 -0.918
2020-11-14 2244 1035.73 1.742 0.168
2020-11-15 2244 1035.73 0 0
2021-03-09  989.497 -46.233 -4.464
2021-03-12 2299 1073.029 83.532 8.442
2021-03-13 2304 1071.301 -1.728 -0.161
2021-03-14 2305 1071.301 0 0
2021-03-15 2294 1086.145 14.844 1.386
2021-03-16 2291 1095.315 9.17 0.844
2021-03-18 2278 1101.651 6.336 0.578
2021-03-19 2278 1101.651 0 0
2021-03-20 2280 1102.728 1.077 0.098
2021-03-21 2280 1102.728 0 0
2021-03-22 2225 1152.807 50.079 4.541
2021-03-23 2221 1148.514 -4.293 -0.372
2021-03-24 2256 1117.581 -30.933 -2.693
2021-03-25 2254 1118.898 1.317 0.118
2021-03-26 2261 1115.229 -3.669 -0.328
2021-03-27 2259 1112.896 -2.333 -0.209
2021-03-28 2259 1112.896 0 0
2021-03-29 2261 1116.735 3.839 0.345
2021-03-30 2273 1103.002 -13.733 -1.23
2021-03-31 2280 1087.339 -15.663 -1.42
