2021-04-09 2635 1073.31 0 0
2021-04-10 2632 1073.31 0 0
2021-04-11 2633 1073.31 0 0
2021-04-12 2653 1046.14 -27.17 -2.531
2021-04-13 2647 1046.14 0 0
2021-04-14 2639 1061.53 15.39 1.471
2021-04-15 2616 1076.35 14.82 1.396
2021-04-16 2623 1077.87 1.52 0.141
2021-04-17 2627 1077.87 0 0
2021-04-18 2627 1077.87 0 0
2021-04-19 2659 1049.18 -28.69 -2.662
2021-04-20 2687 1031.7 -17.48 -1.666
2021-04-21 2627 1080.91 49.21 4.77
2021-04-22 2612 1098.96 18.05 1.67
2021-04-23 2563 1136.2 37.24 3.389
2021-04-24 2563 1136.2 0 0
2021-04-25 2566 1136.2 0 0
2021-04-26 2583 1128.03 -8.17 -0.719
2021-04-27 2674 1051.84 -76.19 -6.754
2021-04-28 2692 1036.26 -15.58 -1.481
2021-04-29  965.58 -70.68 -6.821
