2019-11-07 1511 1647.178 0 0
2020-01-19 1350 1929.327 282.149 17.129
2020-02-07 1350 1905.265 -24.062 -1.247
2020-02-15 1332 1961.586 56.321 2.956
2020-02-16 1333 1961.586 0 0
2020-02-17 1338 1956.816 -4.77 -0.243
2020-02-18 1338 1951.092 -5.724 -0.293
2020-02-19 1338 1953.379 2.287 0.117
2020-02-20 1355 1925.285 -28.094 -1.438
2020-02-21 1361 1906.754 -18.531 -0.963
2020-02-22 1358 1918.367 11.613 0.609
2020-02-23 1357 1918.367 0 0
2020-02-24 1387 1865.804 -52.563 -2.74
2020-02-25 1397 1835.399 -30.405 -1.63
2020-02-26 1387 1845.755 10.356 0.564
2020-02-27 1447 1721.221 -124.534 -6.747
2020-02-28 1512 1613.856 -107.365 -6.238
2020-02-29 1519 1601.281 -12.575 -0.779
