2022-04-05 2243 1350 0 0
2022-04-06 2236 1350 0 0
2022-04-07 2222 1350 0 0
2022-04-08 2218 1350 0 0
2022-04-09 2219 1350 0 0
2022-04-10 2219 1350 0 0
2022-04-11 2193 1350 0 0
2022-04-12 2187 1350 0 0
2022-04-13 2183 1350 0 0
2022-04-14 2183 1350 0 0
2022-04-15 2179 1350 0 0
2022-04-16 2179 1350 0 0
2022-04-17 2179 1350 0 0
2022-04-18 2176 1350 0 0
2022-04-19 2178 1350 0 0
2022-04-20 2175 1350 0 0
2022-04-21 2159 1350 0 0
2022-04-22 2144 1350 0 0
2022-04-23 2137 1350 0 0
2022-04-24 2137 1350 0 0
2022-04-25 2109 1350 0 0
2022-04-26 2096 1350 0 0
2022-04-27 2096 1350 0 0
2022-04-28 2100 1350 0 0
2022-04-29 2108 1350 0 0
2022-04-30 2111 1350 0 0
2022-05-01 2111 1350 0 0
2022-05-02 2108 1350 0 0
2022-05-03 2107 1350 0 0
2022-05-04 2109 1350 0 0
2022-05-05 2101 1350 0 0
2022-05-06 2085 1350 0 0
2022-05-07 2078 1350 0 0
2022-05-08 2077 1350 0 0
2022-05-09 2066 1350 0 0
2022-05-10 2057 1350 0 0
2022-05-11 2065 1350 0 0
2022-05-12 2061 1350 0 0
2022-05-13 2072 1350 0 0
2022-05-14 2071 1350 0 0
2022-05-15 2072 1350 0 0
2022-05-16 2070 1350 0 0
2022-05-17 2078 1350 0 0
2022-05-18 2079 1350 0 0
2022-05-19 2083 1350 0 0
2022-05-20 2090 1350 0 0
2022-05-21 2098 1350 0 0
2022-05-22 2097 1350 0 0
2022-05-23 2100 1350 0 0
2022-05-24 2083 1350 0 0
2022-05-25 2080 1350 0 0
2022-05-26 2087 1350 0 0
2022-05-27 2102 1350 0 0
2022-05-28 2106 1350 0 0
2022-05-29 2107 1350 0 0
2022-05-30 2114 1350 0 0
2022-05-31 2129 1350 0 0
