2019-11-07 265 6949 0 0
2020-01-19 285 6949 0 0
2020-02-07 279 6949 0 0
2020-02-15 283 6949 0 0
2020-02-16 282 6949 0 0
2020-02-17 282 6949 0 0
2020-02-18 281 6949 0 0
2020-02-19 283 6949 0 0
2020-02-20 284 6949 0 0
2020-02-21 275 6949 0 0
2020-02-22 276 6949 0 0
2020-02-23 276 6949 0 0
2020-02-24 274 6949 0 0
2020-02-25 265 6949 0 0
2020-02-26 264 6949 0 0
2020-02-27 261 6949 0 0
2020-02-28 255 6949 0 0
2020-02-29 254 6949 0 0
2020-03-01 256 6949 0 0
2020-03-02 260 6949 0 0
2020-03-03 261 6949 0 0
2020-03-04 265 6949 0 0
2020-03-05 264 6949 0 0
2020-03-06 259 6949 0 0
2020-03-07 256 6949 0 0
2020-03-08 256 6949 0 0
2020-03-09 248 6949 0 0
2020-03-10 242 6949 0 0
2020-03-11 245 6949 0 0
2020-03-12 233 6949 0 0
2020-03-13 221 6949 0 0
2020-03-14 225 6949 0 0
2020-03-15 225 6949 0 0
2020-03-16 221 6949 0 0
2020-03-17 221 6949 0 0
2020-03-18 213 6949 0 0
2020-03-19 213 6949 0 0
2020-03-20 221 6949 0 0
2020-03-21 221 6949 0 0
2020-03-22 221 6949 0 0
2020-03-23 213 6949 0 0
2020-03-24 212 6949 0 0
2020-03-25 219 6949 0 0
2020-03-26 226 6949 0 0
2020-03-27 231 6949 0 0
2020-03-28 233 6949 0 0
2020-03-29 233 6949 0 0
2020-03-30 233 6949 0 0
2020-03-31 232 6949 0 0
