2020-01-19 1505 1731.364 0 0
2020-02-07 1502 1695.641 -35.723 -2.107
2020-02-15 1513 1691.701 -3.94 -0.233
2020-02-16 1515 1691.701 0 0
2020-02-17 1521 1687.838 -3.863 -0.229
2020-02-18 1519 1686.313 -1.525 -0.09
2020-02-19 1523 1685.872 -0.441 -0.026
2020-02-20 1529 1681.222 -4.65 -0.277
2020-02-21 1521 1686.102 4.88 0.289
2020-02-22 1531 1674.303 -11.799 -0.705
2020-02-23 1529 1674.303 0 0
2020-02-24 1522 1668.068 -6.235 -0.374
2020-02-25 1506 1667.299 -0.769 -0.046
2020-02-26 1497 1677.808 10.509 0.626
