2020-01-19 380 5606.83 0 0
2020-02-07 366 5665.121 58.291 1.029
2020-02-15 366 5695.624 30.503 0.536
2020-02-16 366 5695.624 0 0
2020-02-17 365 5697.511 1.887 0.033
2020-02-18 364 5697.511 0 0
2020-02-19 366 5671.712 -25.799 -0.455
2020-02-20 366 5658.535 -13.177 -0.233
2020-02-21 364 5695.111 36.576 0.642
2020-02-22 367 5656.237 -38.874 -0.687
2020-02-23 367 5656.237 0 0
2020-02-24 367 5656.237 0 0
2020-02-25 367 5541.595 -114.642 -2.069
2020-02-26 376 5405.78 -135.815 -2.512
2020-02-27 377 5329.74 -76.04 -1.427
2020-02-28 378 5235.639 -94.101 -1.797
2020-02-29 378 5215.583 -20.056 -0.385
2020-03-01 380 5215.583 0 0
2020-03-02 385 5215.583 0 0
2020-03-03 381 5297.917 82.334 1.554
2020-03-04 382 5273.229 -24.688 -0.468
2020-03-05 380 5364.608 91.379 1.703
2020-03-06 386 5248.256 -116.352 -2.217
2020-03-07 391 5134.13 -114.126 -2.223
2020-03-08 395 5134.13 0 0
2020-03-09 380 5134.13 0 0
2020-03-10 418 4811.973 -322.157 -6.695
2020-03-11 392 4961.412 149.439 3.012
2020-03-12 403 4737.437 -223.975 -4.728
2020-03-13 441 4344.993 -392.444 -9.032
2020-03-14 423 4540.48 195.487 4.305
2020-03-15 423 4540.48 0 0
2020-03-16 407 4540.48 0 0
2020-03-17 467 4033.399 -507.081 -12.572
2020-03-18 468 3977.227 -56.172 -1.412
2020-03-19 507 3699.039 -278.188 -7.521
2020-03-20 487 3860.809 161.77 4.19
2020-03-21 508 3743.001 -117.808 -3.147
2020-03-22 508 3743.001 0 0
2020-03-23 497 3743.001 0 0
2020-03-24 519 3600.738 -142.263 -3.951
2020-03-25 500 3790.773 190.035 5.013
2020-03-26 487 3951.933 161.16 4.078
2020-03-27 462 4141.74 189.807 4.583
2020-03-28 473 4059.009 -82.731 -2.038
2020-03-29 473 4059.009 0 0
2020-03-30 473 4059.009 0 0
2020-03-31 468 4094.074 35.065 0.856
2020-04-01 482 3998.381 -95.693 -2.393
2020-04-02 498 3835.443 -162.938 -4.248
2020-04-03 504 3831.336 -4.107 -0.107
2020-04-04 515 3752.457 -78.879 -2.102
2020-04-05 515 3752.457 0 0
2020-04-06 515 3752.457 0 0
2020-04-07 503 3929.728 177.271 4.511
2020-04-08 499 4025.103 95.375 2.37
2020-04-10 461 4281.985 256.882 5.999
2020-04-11 461 4281.985 0 0
2020-04-12 461 4281.985 0 0
2020-04-13 463 4281.985 0 0
2020-04-14 487 4185.742 -96.243 -2.299
2020-04-15 477 4222.259 36.517 0.865
2020-04-17 497 4087.767 -134.492 -3.29
2020-04-18 492 4160.499 72.732 1.748
2020-04-19 492 4160.499 0 0
2020-04-20 484 4160.499 0 0
2020-04-21 499 4057.442 -103.057 -2.54
2020-04-23 517 3982.66 -74.782 -1.878
2020-04-24 512 4005.215 22.555 0.563
2020-04-25 508 4018.959 13.744 0.342
2020-04-26 508 4018.959 0 0
2020-04-27 514 4018.959 0 0
2020-04-28 497 4121.513 102.554 2.488
2020-04-29 495 4168.699 47.186 1.132
2020-04-30 479 4314.061 145.362 3.369
