2024-02-13 2258 1217.166 0 0
2024-02-14 2258 1214.755 -2.411 -0.198
2024-02-15 2261 1217.654 2.899 0.239
2024-02-16 2264 1219.275 1.621 0.133
2024-02-17 2267 1219.275 0 0
2024-02-18 2270 1219.275 0 0
2024-02-19 2277 1216.695 -2.58 -0.212
2024-02-20 2278 1214.115 -2.58 -0.212
2024-02-21 2280 1214.978 0.863 0.071
2024-02-22 2279 1218.853 3.875 0.319
2024-02-23 2277 1220.332 1.479 0.121
2024-02-24 2279 1220.332 0 0
2024-02-25 2278 1220.332 0 0
2024-02-26 2284 1218.726 -1.606 -0.132
2024-02-27 2284 1217.737 -0.989 -0.081
2024-02-28 2276 1214.883 -2.854 -0.234
2024-02-29 2291 1211.431 -3.452 -0.284
2024-03-01 2297 1207.473 -3.958 -0.327
2024-03-02 2296 1208.406 0.933 0.077
2024-03-03 2297 1208.406 0 0
2024-03-04 2300 1204.531 -3.875 -0.321
2024-03-05 2309 1198.618 -5.913 -0.491
2024-03-06 2309 1198.377 -0.241 -0.02
2024-03-07 2298 1201.869 3.492 0.291
2024-03-08 2294 1208.069 6.2 0.516
2024-03-09 2295 1212.763 4.694 0.389
2024-03-10 2303 1212.763 0 0
2024-03-11 2304 1210.151 -2.612 -0.215
2024-03-12 2311 1209.949 -0.202 -0.017
2024-03-13 2311 1209.525 -0.424 -0.035
2024-03-14 2304 1209.269 -0.256 -0.021
2024-03-15 2296 1206.927 -2.342 -0.194
2024-03-16 2295 1205.674 -1.253 -0.104
2024-03-17 2295 1205.674 0 0
2024-03-18 2301 1206.972 1.298 0.108
2024-03-19 2306 1201.048 -5.924 -0.491
2024-03-20 2306 1201.454 0.406 0.034
2024-03-21 2306 1204.991 3.537 0.294
2024-03-22 2307 1203.161 -1.83 -0.152
2024-03-23 2313 1194.951 -8.21 -0.682
2024-03-24 2313 1194.951 0 0
2024-03-25 2309 1194.951 0 0
2024-03-26 2313 1193.262 -1.689 -0.141
2024-03-27 2309 1196.323 3.061 0.257
2024-03-28 2317 1194.615 -1.708 -0.143
2024-03-29 2319 1194.355 -0.26 -0.022
2024-03-30 2494 1194.355 0 0
2024-03-31 2494 1194.355 0 0
2024-04-01 2321 1194.355 0 0
