2024-04-18 1601 2034.516 0 0
2024-04-19 1595 2038.201 3.685 0.181
2024-04-20 1592 2041.029 2.828 0.139
2024-04-21 1592 2041.029 0 0
2024-04-22 1594 2041.029 0 0
2024-04-23 1599 2036.249 -4.78 -0.234
2024-04-24 1596 2046.269 10.02 0.492
2024-04-25 1594 2044.519 -1.75 -0.086
2024-04-26 1594 2049.338 4.819 0.236
2024-04-27 1600 2042.99 -6.348 -0.31
2024-04-28 1600 2042.99 0 0
2024-04-29 1603 2042.99 0 0
2024-04-30 1592 2049.338 6.348 0.311
2024-05-01 1593 2045.393 -3.945 -0.193
2024-05-02 1602 2043.645 -1.748 -0.085
2024-05-03 1607 2044.519 0.874 0.043
2024-05-04 1598 2059.709 15.19 0.743
2024-05-05 1598 2059.709 0 0
2024-05-06 1603 2059.709 0 0
2024-05-07 1605 2062.152 2.443 0.119
2024-05-08 1605 2061.707 -0.445 -0.022
2024-05-09 1605 2056.167 -5.54 -0.269
2024-05-10 1610 2061.485 5.318 0.259
2024-05-11 1611 2059.044 -2.441 -0.118
2024-05-12 1611 2059.044 0 0
2024-05-13 1612 2059.044 0 0
2024-05-14 1609 2066.608 7.564 0.367
2024-05-15 1612 2070.634 4.026 0.195
2024-05-16 1610 2076.704 6.07 0.293
2024-05-17 1614 2079.187 2.483 0.12
2024-05-18 1612 2080.318 1.131 0.054
2024-05-19 1612 2080.318 0 0
2024-05-20 1613 2080.318 0 0
2024-05-21 1606 2078.283 -2.035 -0.098
2024-05-22 1608 2077.381 -0.902 -0.043
2024-05-23 1606 2072.429 -4.952 -0.238
2024-05-24 1606 2070.859 -1.57 -0.076
2024-05-25 1604 2074.677 3.818 0.184
2024-05-26 1604 2074.677 0 0
2024-05-27 1601 2074.677 0 0
2024-05-28 1600 2074.677 0 0
2024-05-29 1598 2080.091 5.414 0.261
2024-05-30 1600 2068.619 -11.472 -0.552
2024-05-31 1594 2073.777 5.158 0.249
