2020-01-19 823 3126.618 0 0
2020-02-07 835 3044.745 -81.873 -2.689
2020-02-15 1007 2587.524 -457.221 -17.67
2020-02-16 1007 2587.524 0 0
2020-02-17 1008 2580.978 -6.546 -0.254
2020-02-18 1007 2582.741 1.763 0.068
2020-02-19 1015 2564.878 -17.863 -0.696
2020-02-20 1018 2551.466 -13.412 -0.526
2020-02-21 1024 2510.259 -41.207 -1.642
2020-02-22 1020 2516.905 6.646 0.264
2020-02-23 1021 2516.905 0 0
2020-02-24 1020 2516.905 0 0
2020-02-25 1016 2512.604 -4.301 -0.171
2020-02-26 1014 2483.189 -29.415 -1.185
2020-02-27 1000 2482.695 -0.494 -0.02
2020-02-28 1001 2445.266 -37.429 -1.531
2020-02-29 1006 2425.701 -19.565 -0.807
2020-03-01 1009 2425.701 0 0
2020-03-02 1018 2425.46 -0.241 -0.01
2020-03-03 1024 2428.553 3.093 0.127
2020-03-04 1013 2454.236 25.683 1.046
2020-03-05 1038 2398.396 -55.84 -2.328
2020-03-06 1077 2322.291 -76.105 -3.277
2020-03-07 1067 2337.633 15.342 0.656
2020-03-08 1064 2337.633 0 0
2020-03-09 1046 2309.2 -28.433 -1.231
2020-03-10 1061 2267.894 -41.306 -1.821
2020-03-11 1050 2265.128 -2.766 -0.122
2020-03-12 1048 2200.324 -64.804 -2.945
2020-03-13 1039 2177.123 -23.201 -1.066
2020-03-14 1008 2219.551 42.428 1.912
2020-03-15 1008 2219.551 0 0
2020-03-16 1024 2162.429 -57.122 -2.642
2020-03-17 1049 2091.336 -71.093 -3.399
2020-03-18 1072 2031.606 -59.73 -2.94
2020-03-19 1076 2002.625 -28.981 -1.447
2020-03-20 1115 1966.777 -35.848 -1.823
2020-03-21 1073 2025.09 58.313 2.88
2020-03-22 1073 2025.09 0 0
2020-03-23 1074 1994.725 -30.365 -1.522
2020-03-24 1097 1944.915 -49.81 -2.561
2020-03-25 1107 1983.853 38.938 1.963
2020-03-26 1113 2015.023 31.17 1.547
2020-03-27 1100 2068.521 53.498 2.586
2020-03-28 1124 2004.064 -64.457 -3.216
2020-03-29 1124 2004.064 0 0
2020-03-30 1124 2004.064 0 0
2020-03-31 1117 2004.153 0.089 0.004
2020-04-01 1141 1973.473 -30.68 -1.555
2020-04-02 1154 1928.388 -45.085 -2.338
2020-04-03 1163 1921.618 -6.77 -0.352
2020-04-04 1178 1890.107 -31.511 -1.667
2020-04-05 1178 1890.107 0 0
2020-04-06 1178 1890.107 0 0
2020-04-07 1161 1956.817 66.71 3.409
2020-04-08 1189 1971.054 14.237 0.722
2020-04-10 1163 2039.43 68.376 3.353
2020-04-11 1163 2039.43 0 0
2020-04-12 1163 2039.43 0 0
2020-04-13 1159 2040.503 1.073 0.053
2020-04-14 1204 1984.149 -56.354 -2.84
2020-04-15 1199 1976.209 -7.94 -0.402
2020-04-17 1210 1953.464 -22.745 -1.164
2020-04-18 1227 1942.534 -10.93 -0.563
2020-04-19 1227 1942.534 0 0
2020-04-20 1225 1940.476 -2.058 -0.106
2020-04-21 1221 1932.631 -7.845 -0.406
2020-04-23 1270 1881.919 -50.712 -2.695
2020-04-24 1288 1839.995 -41.924 -2.278
2020-04-25 1326 1769.029 -70.966 -4.012
2020-04-26 1326 1769.029 0 0
2020-04-27 1330 1773.606 4.577 0.258
2020-04-28 1310 1822.81 49.204 2.699
2020-04-29 1312 1844.501 21.691 1.176
2020-04-30 1295 1891.46 46.959 2.483
