2020-01-19 572 4121.314 0 0
2020-02-07 552 4178.095 56.781 1.359
2020-02-15 532 4316.065 137.97 3.197
2020-02-16 532 4316.065 0 0
2020-02-17 539 4305.405 -10.66 -0.248
2020-02-18 535 4305.405 0 0
2020-02-19 536 4296.971 -8.434 -0.196
2020-02-20 536 4288.575 -8.396 -0.196
2020-02-21 528 4301.191 12.616 0.293
2020-02-22 530 4296.058 -5.133 -0.119
2020-02-23 530 4296.058 0 0
2020-02-24 524 4296.058 0 0
2020-02-25 535 4194.961 -101.097 -2.41
2020-02-26 557 4061.041 -133.92 -3.298
2020-02-27 548 4040.901 -20.14 -0.498
2020-02-28 559 3951.701 -89.2 -2.257
2020-02-29 585 3838.585 -113.116 -2.947
2020-03-01 586 3838.585 0 0
2020-03-02 592 3838.585 0 0
2020-03-03 545 4063.931 225.346 5.545
2020-03-04 582 3934.333 -129.598 -3.294
2020-03-05 533 4151.781 217.448 5.237
2020-03-06 551 4003.16 -148.621 -3.713
2020-03-07 587 3861.549 -141.611 -3.667
2020-03-08 584 3861.549 0 0
2020-03-09 563 3861.549 0 0
2020-03-10 609 3678.195 -183.354 -4.985
2020-03-11 595 3691.045 12.85 0.348
2020-03-12 605 3495.749 -195.296 -5.587
2020-03-13 705 3089.501 -406.248 -13.149
2020-03-14 652 3310.223 220.722 6.668
2020-03-15 652 3310.223 0 0
2020-03-16 628 3310.223 0 0
2020-03-17 769 2818.544 -491.679 -17.444
2020-03-18 737 2895.257 76.713 2.65
2020-03-19 851 2472.511 -422.746 -17.098
2020-03-20 828 2569.608 97.097 3.779
2020-03-21 849 2497.634 -71.974 -2.882
2020-03-22 849 2497.634 0 0
2020-03-23 840 2497.634 0 0
2020-03-24 871 2385.693 -111.941 -4.692
2020-03-25 804 2676.188 290.495 10.855
2020-03-26 778 2805.224 129.036 4.6
2020-03-27 723 3035.067 229.843 7.573
2020-03-28 765 2889.146 -145.921 -5.051
2020-03-29 765 2889.146 0 0
2020-03-30 765 2889.146 0 0
2020-03-31 737 2969.833 80.687 2.717
