2019-11-07 146 10863.276 0 0
2020-01-19 168 10096.866 -766.41 -7.055
2020-02-07 161 10310.044 213.178 2.111
2020-02-15 167 10216.986 -93.058 -0.903
2020-02-16 166 10216.986 0 0
2020-02-17 165 10216.986 0 0
2020-02-18 173 10073.037 -143.949 -1.409
2020-02-19 168 10103.572 30.535 0.303
2020-02-20 169 10074.491 -29.081 -0.288
2020-02-21 172 10013.422 -61.069 -0.606
2020-02-22 171 10013.422 0 0
2020-02-23 171 10013.422 0 0
2020-02-24 177 9661.547 -351.875 -3.514
2020-02-25 180 9440.535 -221.012 -2.288
2020-02-26 179 9463.799 23.264 0.246
2020-02-27 182 9255.873 -207.926 -2.197
2020-02-28 181 9186.08 -69.793 -0.754
2020-02-29 173 9186.08 0 0
2020-03-01 176 9186.08 0 0
2020-03-02 164 9527.777 341.697 3.72
2020-03-03 178 9238.425 -289.352 -3.037
2020-03-04 169 9612.11 373.685 4.045
2020-03-05 174 9625.197 13.087 0.136
2020-03-06 161 9876.744 251.547 2.613
2020-03-07 160 9876.744 0 0
2020-03-08 159 9876.744 0 0
2020-03-09 161 9575.76 -300.984 -3.047
2020-03-10 158 9680.45 104.69 1.093
2020-03-11 163 9231.155 -449.295 -4.641
2020-03-12 172 8496.87 -734.285 -7.954
2020-03-13 154 9248.603 751.733 8.847
2020-03-14 155 9248.603 0 0
2020-03-15 155 9248.603 0 0
2020-03-16 151 9087.206 -161.397 -1.745
2020-03-17 141 9744.427 657.221 7.232
2020-03-18 133 10211.17 466.743 4.79
2020-03-19 142 9591.754 -619.416 -6.066
2020-03-20 150 9282.046 -309.708 -3.229
2020-03-21 149 9282.046 0 0
2020-03-22 149 9282.046 0 0
2020-03-23 150 8873.464 -408.582 -4.402
2020-03-24 149 8873.464 0 0
2020-03-25 152 9111.925 238.461 2.687
2020-03-26 168 8557.94 -553.985 -6.08
2020-03-27 160 9172.994 615.054 7.187
2020-03-28 161 8930.171 -242.823 -2.647
2020-03-29 161 8930.171 0 0
2020-03-30 161 8930.171 0 0
2020-03-31 158 9098.838 168.667 1.889
2020-04-01 156 9184.626 85.788 0.943
2020-04-02 161 8789.13 -395.496 -4.306
2020-04-03 170 8395.088 -394.042 -4.483
2020-04-04 167 8453.25 58.162 0.693
2020-04-05 167 8453.25 0 0
2020-04-06 167 8453.25 0 0
2020-04-07 168 8757.142 303.892 3.595
2020-04-08 173 8797.854 40.712 0.465
2020-04-09 172 8927.263 129.409 1.471
2020-04-10 172 8927.263 0 0
2020-04-11 172 8927.263 0 0
2020-04-12 172 8927.263 0 0
2020-04-13 170 8946.165 18.902 0.212
2020-04-14 171 9276.23 330.065 3.689
2020-04-15 172 8848.745 -427.485 -4.608
2020-04-16 172 8818.211 -30.534 -0.345
2020-04-17 170 9002.872 184.661 2.094
2020-04-18 171 9002.872 0 0
2020-04-19 171 9002.872 0 0
2020-04-20 174 8762.958 -239.914 -2.665
2020-04-21 175 8719.337 -43.621 -0.498
2020-04-23 173 8857.469 138.132 1.584
2020-04-24 173 8892.366 34.897 0.394
2020-04-25 173 8892.366 0 0
2020-04-26 173 8892.366 0 0
2020-04-27 175 8992.694 100.328 1.128
2020-04-28 172 9024.683 31.989 0.356
2020-04-29 172 9127.919 103.236 1.144
2020-04-30 179 8826.935 -300.984 -3.297
