2020-01-19 2019 1146.242 0 0
2020-02-07 2010 1125.88 -20.362 -1.809
2020-02-15 2047 1097.056 -28.824 -2.627
2020-02-16 2049 1097.056 0 0
2020-02-17 2076 1081.524 -15.532 -1.436
2020-02-18 2076 1078.602 -2.922 -0.271
2020-02-19 2043 1105.995 27.393 2.477
2020-02-20 2039 1112.158 6.163 0.554
2020-02-21 2038 1110.8 -1.358 -0.122
2020-02-22 2040 1110.8 0 0
2020-02-23 2040 1110.8 0 0
2020-02-24 2019 1118.119 7.319 0.655
2020-02-25 1982 1140.605 22.486 1.971
2020-02-26 1970 1151.763 11.158 0.969
2020-02-27 1966 1142.235 -9.528 -0.834
2020-02-28 1999 1100.964 -41.271 -3.749
2020-02-29 1996 1091.945 -9.019 -0.826
