2025-07-01 2126 1697.211 0 0
2025-07-02 2123 1703.555 6.344 0.374
2025-07-03 2095 1739.544 35.989 2.113
2025-07-04 2115 1707.669 -31.875 -1.832
2025-07-05 2115 1707.669 0 0
2025-07-06 2114 1707.669 0 0
2025-07-07 2109 1716.815 9.146 0.536
2025-07-08 2103 1726.765 9.95 0.58
2025-07-09 2117 1710.582 -16.183 -0.937
2025-07-10 2087 1745.058 34.476 2.015
2025-07-11 2100 1726.845 -18.213 -1.044
2025-07-12 2097 1728.663 1.818 0.105
2025-07-13 2097 1728.663 0 0
2025-07-14 2104 1727.243 -1.42 -0.082
2025-07-15 2103 1727.825 0.582 0.034
2025-07-16 2116 1708.127 -19.698 -1.14
2025-07-17 2087 1746.904 38.777 2.27
2025-07-18 2112 1720.974 -25.93 -1.484
2025-07-19 2109 1729.793 8.819 0.512
2025-07-20 2109 1729.793 0 0
2025-07-21 2108 1732.51 2.717 0.157
2025-07-22 2130 1707.15 -25.36 -1.464
2025-07-23 2165 1677.049 -30.101 -1.763
2025-07-24 2217 1639.228 -37.821 -2.255
2025-07-25 2230 1627.673 -11.555 -0.705
2025-07-26 2232 1622.709 -4.964 -0.305
2025-07-27 2232 1622.709 0 0
2025-07-28 2209 1642.209 19.5 1.202
2025-07-29 2222 1628.711 -13.498 -0.822
2025-07-30 2190 1643.159 14.448 0.887
2025-07-31 2223 1606.973 -36.186 -2.202
2025-08-01 2209 1612.727 5.754 0.358
2025-08-02 2193 1628.006 15.279 0.947
2025-08-03 2193 1628.006 0 0
2025-08-04 2196 1632.094 4.088 0.251
2025-08-05 2171 1654.148 22.054 1.351
2025-08-06 2215 1620.338 -33.81 -2.044
2025-08-07 2209 1636.123 15.785 0.974
2025-08-08 2192 1645.514 9.391 0.574
2025-08-09 2191 1650.309 4.795 0.291
2025-08-10 2191 1650.309 0 0
2025-08-11 2195 1646.794 -3.515 -0.213
2025-08-12 2180 1664.938 18.144 1.102
2025-08-13 2192 1664.828 -0.11 -0.007
2025-08-14 2168 1673.238 8.41 0.505
2025-08-15 2188 1665.992 -7.246 -0.433
2025-08-16 2176 1673.407 7.415 0.445
2025-08-17 2176 1673.407 0 0
2025-08-18 2197 1670.31 -3.097 -0.185
2025-08-19 2198 1668.669 -1.641 -0.098
2025-08-20 2211 1660.699 -7.97 -0.478
2025-08-21 2213 1652.814 -7.885 -0.475
2025-08-22 2198 1671.136 18.322 1.109
2025-08-23 2183 1685.626 14.49 0.867
2025-08-24 2183 1685.626 0 0
2025-08-25 2187 1686.789 1.163 0.069
2025-08-26 2186 1683.941 -2.848 -0.169
2025-08-27 2210 1657.867 -26.074 -1.548
2025-08-28 2209 1665.113 7.246 0.437
2025-08-29 2224 1656.721 -8.392 -0.504
2025-08-30 2213 1661.763 5.042 0.304
2025-08-31 2213 1661.763 0 0
2025-09-01 2218 1659.012 -2.751 -0.166
2025-09-02 2241 1636.873 -22.139 -1.334
2025-09-03 2277 1605.349 -31.524 -1.926
2025-09-04 2259 1620.752 15.403 0.959
2025-09-05 2261 1625.571 4.819 0.297
2025-09-06 2250 1639.881 14.31 0.88
2025-09-07 2250 1639.881 0 0
2025-09-08 2238 1652.89 13.009 0.793
2025-09-09 2250 1647.876 -5.014 -0.303
2025-09-10 2269 1633.409 -14.467 -0.878
2025-09-11 2294 1622.013 -11.396 -0.698
2025-09-12 2296 1608.583 -13.43 -0.828
2025-09-13 2295 1608.583 0 0
2025-09-14 2295 1608.583 0 0
2025-09-15 2308 1601.233 -7.35 -0.457
2025-09-16 2320 1595.837 -5.396 -0.337
2025-09-17 2310 1608.225 12.388 0.776
2025-09-18 2273 1649.391 41.166 2.56
2025-09-19 2277 1639.884 -9.507 -0.576
2025-09-20 2277 1637.378 -2.506 -0.153
2025-09-21 2277 1637.378 0 0
2025-09-22 2247 1655.809 18.431 1.126
2025-09-23 2206 1687.609 31.8 1.921
2025-09-24 2195 1692.225 4.616 0.274
2025-09-25 2208 1680.608 -11.617 -0.686
2025-09-26 2233 1652.916 -27.692 -1.648
2025-09-27 2228 1655.042 2.126 0.129
2025-09-28 2228 1655.042 0 0
2025-09-29 2231 1657.943 2.901 0.175
2025-09-30 2238 1660.618 2.675 0.161
2025-10-01 2248 1657.293 -3.325 -0.2
2025-10-02 2217 1685.554 28.261 1.705
2025-10-03 2211 1680.489 -5.065 -0.3
2025-10-04 2210 1684.238 3.749 0.223
2025-10-05 2210 1684.238 0 0
2025-10-06 2219 1685.581 1.343 0.08
2025-10-07 2250 1663.269 -22.312 -1.324
2025-10-08 2280 1634.547 -28.722 -1.727
2025-10-09 2293 1622.634 -11.913 -0.729
2025-10-10 2320 1592.047 -30.587 -1.885
2025-10-11 2313 1591.678 -0.369 -0.023
2025-10-12 2313 1591.678 0 0
2025-10-13 2290 1610.032 18.354 1.153
2025-10-14 2317 1577.442 -32.59 -2.024
2025-10-15 2297 1602.477 25.035 1.587
2025-10-16 2293 1604.658 2.181 0.136
2025-10-17 2317 1580.726 -23.932 -1.491
2025-10-18 2319 1579.435 -1.291 -0.082
2025-10-19 2319 1579.435 0 0
2025-10-20 2299 1601.569 22.134 1.401
2025-10-21 2292 1614.035 12.466 0.778
2025-10-22 2351 1572.589 -41.446 -2.568
2025-10-23 2371 1563.428 -9.161 -0.583
2025-10-24 2373 1565.88 2.452 0.157
2025-10-25 2372 1567.518 1.638 0.105
2025-10-26 2373 1567.518 0 0
2025-10-27 2365 1572.025 4.507 0.288
2025-10-28 2384 1565.025 -7 -0.445
2025-10-29 2325 1605.309 40.284 2.574
2025-10-30 2319 1609.367 4.058 0.253
2025-10-31 2413 1526.448 -82.919 -5.152
2025-11-01 2416 1523.629 -2.819 -0.185
2025-11-02 2416 1523.629 0 0
2025-11-03 2445 1500.206 -23.423 -1.537
2025-11-04 2463 1477.075 -23.131 -1.542
2025-11-05 2513 1435.728 -41.347 -2.799
2025-11-06 2525 1417.559 -18.169 -1.265
2025-11-07 2512 1431.422 13.863 0.978
2025-11-08 2512 1435.563 4.141 0.289
2025-11-09 2512 1435.563 0 0
2025-11-10 2512 1443.884 8.321 0.58
2025-11-11 2521 1433.922 -9.962 -0.69
2025-11-12 2534 1425.312 -8.61 -0.6
2025-11-13 2525 1429.272 3.96 0.278
2025-11-14 2519 1427.501 -1.771 -0.124
2025-11-15 2524 1424.186 -3.315 -0.232
2025-11-16 2524 1424.186 0 0
2025-11-17 2548 1413.085 -11.101 -0.779
2025-11-18 2569 1388.642 -24.443 -1.73
2025-11-19 2567 1389.321 0.679 0.049
2025-11-20 2601 1353.275 -36.046 -2.595
2025-11-21 2606 1343.786 -9.489 -0.701
2025-11-22 2606 1340.85 -2.936 -0.218
2025-11-23 2606 1340.85 0 0
2025-11-24 2619 1336.177 -4.673 -0.349
2025-11-25 2614 1344.33 8.153 0.61
2025-11-26 2598 1366.341 22.011 1.637
2025-11-27 2579 1386.657 20.316 1.487
2025-11-28 2570 1396.649 9.992 0.721
2025-11-29 2571 1398.432 1.783 0.128
2025-11-30 2571 1398.432 0 0
2025-12-01 2561 1409.187 10.755 0.769
2025-12-02 2559 1408.79 -0.397 -0.028
2025-12-03 2511 1444.348 35.558 2.524
2025-12-04 2438 1510.548 66.2 4.583
2025-12-05 2428 1522.001 11.453 0.758
2025-12-06 2428 1518.632 -3.369 -0.221
2025-12-07 2428 1518.632 0 0
2025-12-08 2470 1488.336 -30.296 -1.995
2025-12-09 2474 1484.221 -4.115 -0.276
2025-12-10 2480 1478.296 -5.925 -0.399
2025-12-11 2477 1476.127 -2.169 -0.147
2025-12-12 2479 1483.319 7.192 0.487
2025-12-13 2481 1481.055 -2.264 -0.153
2025-12-14 2481 1481.055 0 0
2025-12-15 2486 1475.737 -5.318 -0.359
2025-12-16 2489 1467.258 -8.479 -0.575
2025-12-17 2498 1455.684 -11.574 -0.789
2025-12-18 2506 1455.71 0.026 0.002
2025-12-19 2509 1462.015 6.305 0.433
2025-12-20 2510 1459.789 -2.226 -0.152
2025-12-21 2510 1459.789 0 0
2025-12-22 2518 1454.467 -5.322 -0.365
2025-12-23 2510 1468.358 13.891 0.955
2025-12-24 2513 1469.933 1.575 0.107
2025-12-25 2517 1470.453 0.52 0.035
2025-12-26 2518 1470.453 0 0
2025-12-27 2518 1470.28 -0.173 -0.012
2025-12-28 2518 1470.28 0 0
2025-12-29 2515 1473.797 3.517 0.239
2025-12-30 2507 1477.739 3.942 0.267
2025-12-31 2505 1480.225 2.486 0.168
2026-01-01 2507 1478.313 -1.912 -0.129
2026-01-02 2489 1497.363 19.05 1.289
2026-01-03 2487 1498.243 0.88 0.059
2026-01-05 2467 1526.329 28.086 1.875
2026-01-06 2455 1538.161 11.832 0.775
2026-01-07 2455 1538.021 -0.14 -0.009
2026-01-08 2473 1522.726 -15.295 -0.994
2026-01-09 2455 1542.962 20.236 1.329
2026-01-10 2457 1539.728 -3.234 -0.21
2026-01-11 2457 1539.728 0 0
2026-01-12 2470 1535.596 -4.132 -0.268
2026-01-13 2446 1550.141 14.545 0.947
2026-01-14 2446 1548.405 -1.736 -0.112
2026-01-15 2401 1582.542 34.137 2.205
2026-01-16 2427 1565.926 -16.616 -1.05
2026-01-17 2426 1565.018 -0.908 -0.058
2026-01-18 2425 1565.018 0 0
2026-01-19 2467 1530.845 -34.173 -2.184
2026-01-20 2480 1517.667 -13.178 -0.861
2026-01-21 2435 1553.504 35.837 2.361
2026-01-22 2424 1568.997 15.493 0.997
2026-01-23 2456 1553.973 -15.024 -0.958
2026-01-24 2454 1557.261 3.288 0.212
2026-01-25 2454 1557.261 0 0
2026-01-26 2467 1542.328 -14.933 -0.959
2026-01-27 2419 1576.06 33.732 2.187
2026-01-28 2393 1598.23 22.17 1.407
2026-01-29 2447 1565.797 -32.433 -2.029
2026-01-30 2425 1575.136 9.339 0.596
2026-01-31 2431 1570.827 -4.309 -0.274
2026-02-01 2427 1570.827 0 0
2026-02-02 2433 1566.055 -4.772 -0.304
2026-02-03 2504 1510.04 -56.015 -3.577
2026-02-04 2554 1461.137 -48.903 -3.239
2026-02-05 2615 1405.547 -55.59 -3.805
2026-02-06 2624 1399.866 -5.681 -0.404
2026-02-07 2623 1403.01 3.144 0.225
2026-02-08 2623 1403.01 0 0
2026-02-09 2596 1434.342 31.332 2.233
2026-02-10 2568 1474.64 40.298 2.81
2026-02-11 2574 1466.264 -8.376 -0.568
2026-02-12 2586 1446.509 -19.755 -1.347
2026-02-13 2576 1452.307 5.798 0.401
2026-02-14 2574 1448.004 -4.303 -0.296
2026-02-15 2573 1448.004 0 0
2026-02-16 2572 1450.286 2.282 0.158
2026-02-17 2575 1448.13 -2.156 -0.149
2026-02-18 2548 1482.759 34.629 2.391
2026-02-19 2558 1467.606 -15.153 -1.022
2026-02-20 2566 1461.631 -5.975 -0.407
2026-02-21 2568 1464.733 3.102 0.212
2026-02-22 2568 1464.733 0 0
2026-02-23 2573 1455.187 -9.546 -0.652
2026-02-24 2557 1476.59 21.403 1.471
2026-02-25 2574 1459.638 -16.952 -1.148
2026-02-26 2572 1468.154 8.516 0.583
2026-02-27 2571 1458.545 -9.609 -0.654
2026-02-28 2570 1459.579 1.034 0.071
2026-03-01 2570 1459.579 0 0
2026-03-02 2589 1452.445 -7.134 -0.489
2026-03-03 2615 1412.084 -40.361 -2.779
2026-03-04 2597 1413.069 0.985 0.07
2026-03-05 2631 1391.522 -21.547 -1.525
2026-03-06 2641 1384.667 -6.855 -0.493
2026-03-07 2641 1384.186 -0.481 -0.035
2026-03-08 2641 1384.186 0 0
2026-03-09 2638 1380.405 -3.781 -0.273
2026-03-10 2719 1410.754 30.349 2.199
2026-03-11 2734 1412.833 2.079 0.147
2026-03-12 2751 1398.356 -14.477 -1.025
2026-03-13 2766 1383.235 -15.121 -1.081
2026-03-14 2773 1373.895 -9.34 -0.675
2026-03-15 2773 1373.895 0 0
2026-03-16 2760 1379.308 5.413 0.394
2026-03-17 2760 1378.999 -0.309 -0.022
2026-03-18 2758 1378.966 -0.033 -0.002
2026-03-19 2791 1344.326 -34.64 -2.512
2026-03-20 2773 1345.794 1.468 0.109
2026-03-21 2770 1349.368 3.574 0.266
2026-03-22 2770 1349.368 0 0
2026-03-23 2749 1356.64 7.272 0.539
2026-03-24 2739 1364.316 7.676 0.566
2026-03-25 2695 1399.795 35.479 2.6
2026-03-27 2742 1362.514 -37.281 -2.663
2026-03-28 2747 1355.765 -6.749 -0.495
2026-03-29 2747 1355.765 0 0
2026-03-30 2729 1362.801 7.036 0.519
2026-03-31 2714 1370.313 7.512 0.551
2026-04-01 2676 1408.313 38 2.773
2026-04-02 2687 1405.206 -3.107 -0.221
2026-04-03 2701 1396.44 -8.766 -0.624
2026-04-04 2701 1396.44 0 0
2026-04-05 2701 1396.44 0 0
2026-04-06 2704 1396.44 0 0
2026-04-07 2717 1387.24 -9.2 -0.659
2026-04-08 2674 1433.994 46.754 3.37
2026-04-09 2672 1438.359 4.365 0.304
2026-04-10 2648 1466.338 27.979 1.945
2026-04-11 2645 1471.841 5.503 0.375
2026-04-12 2645 1471.841 0 0
2026-04-13 2649 1467.589 -4.252 -0.289
2026-04-14 2626 1493.158 25.569 1.742
2026-04-15 2611 1512.238 19.08 1.278
2026-04-16 2588 1542.567 30.329 2.006
2026-04-17 2528 1591.493 48.926 3.172
2026-04-18 2525 1597.133 5.64 0.354
2026-04-19 2525 1597.133 0 0
2026-04-20 2521 1603.261 6.128 0.384
2026-04-21 2504 1622.062 18.801 1.173
2026-04-22 2495 1628.803 6.741 0.416
2026-04-23 2453 1663.491 34.688 2.13
2026-04-24 2428 1685.445 21.954 1.32
2026-04-25 2428 1684.656 -0.789 -0.047
2026-04-26 2428 1684.656 0 0
2026-04-27 2417 1696.827 12.171 0.722
2026-04-28 2423 1684.09 -12.737 -0.751
2026-04-29 2449 1656.746 -27.344 -1.624
2026-04-30 2433 1679.287 22.541 1.361
2026-05-01 2433 1683.621 4.334 0.258
2026-05-02 2429 1688.97 5.349 0.318
2026-05-04 2410 1704.074 15.104 0.894
2026-05-05 2408 1708.144 0 0
2026-05-06 2394 1724.258 0 0
2026-05-07 2354 1760.001 0 0
2026-05-08 2345 1768.499 0 0
2026-05-09 2326 1794.262 0 0
2026-05-10 2326 1793.839 0 0
2026-05-11 2329 1793.839 0 0
2026-05-12 2286 1830.245 0 0
2026-05-13 2328 1783.564 0 0
2026-05-14 2257 1835.026 0 0
2026-05-15 2260 1847.496 0 0
2026-05-16 2261 1838.547 0 0
2026-05-17 2265 1830.849 0 0
2026-05-18 2263 1830.849 0 0
2026-05-19 2312 1772.094 0 0
2026-05-20 2361 1740.634 0 0
2026-05-21 2317 1788.773 0 0
2026-05-22 2330 1777.498 0 0
2026-05-23 2270 1847.093 0 0
2026-05-24 2276 1843.666 0 0
2026-05-25 2275 1843.666 0 0
2026-05-26 2249 1867.873 0 0
2026-05-27 2222 1880.503 0 0
2026-05-28 2094 1999.262 0 0
2026-05-29 2081 2002.384 0 0
2026-05-30 2142 1956.567 0 0
2026-05-31 2145 1960.448 0 0
