2021-04-09 2369 1254.218 0 0
2021-04-10 2365 1253.323 -0.895 -0.071
2021-04-11 2366 1253.323 0 0
2021-04-12 2368 1239.022 -14.301 -1.141
2021-04-13 2335 1274.52 35.498 2.865
2021-04-14 2368 1252.086 -22.434 -1.76
2021-04-15 2373 1251.033 -1.053 -0.084
2021-04-16 2381 1246.19 -4.843 -0.387
2021-04-17 2385 1247.086 0.896 0.072
2021-04-18 2388 1247.086 0 0
2021-04-19 2447 1203.601 -43.485 -3.487
2021-04-20 2471 1188.288 -15.313 -1.272
2021-04-21 2499 1167.86 -20.428 -1.719
2021-04-22 2450 1212.398 44.538 3.814
2021-04-23 2488 1196.321 -16.077 -1.326
2021-04-24 2488 1196.321 0 0
2021-04-25 2485 1199.06 2.739 0.229
2021-04-26 2436 1230.119 31.059 2.59
2021-04-27 2423 1241.324 11.205 0.911
2021-04-28 2438 1231.572 -9.752 -0.786
2021-04-29 2404 1246.599 15.027 1.22
2021-04-30 2398 1257.34 10.741 0.862
2021-05-01 2403 1249.621 -7.719 -0.614
2021-05-02 2402 1249.621 0 0
2021-05-03 2382 1263.325 13.704 1.097
2021-05-04 2421 1233.422 -29.903 -2.367
2021-05-05 2369 1272.539 39.117 3.171
2021-05-06 2475 1190.73 -81.809 -6.429
2021-05-07 2420 1229.714 38.984 3.274
2021-05-08 2420 1238.225 8.511 0.692
2021-05-09 2420 1238.225 0 0
2021-05-10 2447 1216.317 -21.908 -1.769
2021-05-11 2512 1157.758 -58.559 -4.814
2021-05-12 2628 1075.354 -82.404 -7.118
2021-05-13 2622 1066.006 -9.348 -0.869
2021-05-14 2642 1054.984 -11.022 -1.034
2021-05-15 2641 1060.104 5.12 0.485
2021-05-16 2641 1060.104 0 0
2021-05-17 2617 1083.56 23.456 2.213
2021-05-18 2624 1083.308 -0.252 -0.023
2021-05-19 2632 1079.691 -3.617 -0.334
2021-05-20 2622 1085.987 6.296 0.583
2021-05-21 2596 1112.752 26.765 2.465
2021-05-22 2597 1110.31 -2.442 -0.219
2021-05-23 2597 1110.31 0 0
2021-05-24 2596 1110.31 0 0
2021-05-25 2467 1205.09 94.78 8.536
2021-05-26 2490 1195.032 -10.058 -0.835
2021-05-27 2519 1172.197 -22.835 -1.911
2021-05-28 2518 1175.079 2.882 0.246
2021-05-29 2519 1173.218 -1.861 -0.158
2021-05-30 2519 1173.218 0 0
2021-05-31 2511 1183.685 10.467 0.892
