2020-01-19 1978 1192.858 0 0
2020-02-07 1897 1238.265 45.407 3.667
2020-02-15 1922 1223.282 -14.983 -1.225
2020-02-16 1922 1223.282 0 0
2020-02-17 1934 1212.894 -10.388 -0.856
2020-02-18 1921 1221.404 8.51 0.697
2020-02-19 1919 1224.93 3.526 0.288
2020-02-20 1923 1220.963 -3.967 -0.325
2020-02-21 1916 1219.471 -1.492 -0.122
2020-02-22 1916 1219.471 0 0
2020-02-23 1915 1219.471 0 0
2020-02-24 1918 1207.583 -11.888 -0.984
2020-02-25 1914 1200.143 -7.44 -0.62
2020-02-26 1884 1218.979 18.836 1.545
2020-02-27 1858 1232.975 13.996 1.135
2020-02-28 1873 1210.797 -22.178 -1.832
2020-02-29 1871 1200.878 -9.919 -0.826
2020-03-01 1874 1200.878 0 0
2020-03-02 1884 1204.384 3.506 0.291
2020-03-03 1873 1214.37 9.986 0.822
2020-03-04 1873 1222.602 8.232 0.673
2020-03-05 1865 1231.587 8.985 0.73
2020-03-06 1904 1191.695 -39.892 -3.348
2020-03-07 1911 1184.344 -7.351 -0.621
2020-03-08 1907 1184.344 0 0
2020-03-09 1918 1146.075 -38.269 -3.339
2020-03-10 1913 1141.048 -5.027 -0.441
2020-03-11 1880 1153.001 11.953 1.037
2020-03-12 1922 1088.641 -64.36 -5.912
2020-03-13 1914 1071.504 -17.137 -1.599
2020-03-14 1912 1075.925 4.421 0.411
2020-03-15 1912 1075.925 0 0
2020-03-16 1935 1035.274 -40.651 -3.927
2020-03-17 1932 1026.325 -8.949 -0.872
2020-03-18 1952 992.96 -33.365 -3.36
2020-03-21 1878 1044.15 51.19 4.903
2020-03-22 1878 1044.15 0 0
2020-03-23 1940 943.83 -100.32 -10.629
2020-03-27 1958 1006.652 62.822 6.241
2020-03-28 1961 1003.993 -2.659 -0.265
2020-03-29 1961 1003.993 0 0
2020-03-30 1961 1003.993 0 0
2020-03-31 1959 1003.532 -0.461 -0.046
2020-04-01 1916 1049.837 46.305 4.411
2020-04-02 1939 1017.75 -32.087 -3.153
2020-04-03 1939 1017.75 0 0
2020-04-08 1976 1129.171 111.421 9.868
2020-04-10 2009 1113.769 -15.402 -1.383
2020-04-11 2009 1113.769 0 0
2020-04-12 2009 1113.769 0 0
2020-04-13 2022 1102.162 -11.607 -1.053
2020-04-14 2026 1102.414 0.252 0.023
2020-04-15 1960 1150.411 47.997 4.172
2020-04-17 2011 1113.364 -37.047 -3.327
2020-04-18 2001 1120.489 7.125 0.636
2020-04-19 2001 1120.489 0 0
2020-04-20 1988 1128.668 8.179 0.725
2020-04-21 1964 1136.482 7.814 0.688
2020-04-23 1980 1136.564 0.082 0.007
2020-04-24 1966 1145.413 8.849 0.773
2020-04-25 1969 1139.532 -5.881 -0.516
2020-04-26 1969 1139.532 0 0
2020-04-27 1991 1124.33 -15.202 -1.352
2020-04-28 2007 1119.093 -5.237 -0.468
2020-04-29 2032 1101.294 -17.799 -1.616
2020-04-30 2009 1131.161 29.867 2.64
