2020-01-19 1005 2600.06 0 0
2020-02-07 993 2600.06 0 0
2020-02-15 1003 2600.06 0 0
2020-02-16 1003 2600.06 0 0
2020-02-17 1001 2600.06 0 0
2020-02-18 1001 2600.06 0 0
2020-02-19 998 2600.06 0 0
2020-02-20 996 2600.06 0 0
2020-02-21 997 2600.06 0 0
2020-02-22 999 2600.06 0 0
2020-02-23 999 2600.06 0 0
2020-02-24 988 2600.06 0 0
2020-02-25 974 2600.06 0 0
2020-02-26 961 2600.06 0 0
2020-02-27 946 2600.06 0 0
2020-02-28 947 2600.06 0 0
2020-02-29 946 2600.06 0 0
2020-03-01 950 2600.06 0 0
2020-03-02 958 2600.06 0 0
2020-03-03 956 2600.06 0 0
2020-03-04 962 2600.06 0 0
2020-03-05 953 2600.06 0 0
2020-03-06 947 2600.06 0 0
2020-03-07 945 2600.06 0 0
2020-03-08 945 2600.06 0 0
2020-03-09 916 2600.06 0 0
2020-03-10 912 2600.06 0 0
2020-03-11 898 2600.06 0 0
2020-03-12 874 2600.06 0 0
2020-03-13 869 2600.06 0 0
2020-03-14 874 2600.06 0 0
2020-03-15 874 2600.06 0 0
2020-03-16 851 2600.06 0 0
2020-03-17 835 2600.06 0 0
2020-03-18 817 2600.06 0 0
2020-03-19 812 2600.06 0 0
2020-03-20 811 2600.06 0 0
2020-03-21 815 2600.06 0 0
2020-03-22 815 2600.06 0 0
2020-03-23 806 2600.06 0 0
2020-03-24 805 2600.06 0 0
2020-03-25 821 2600.06 0 0
2020-03-26 833 2600.06 0 0
2020-03-27 853 2600.06 0 0
2020-03-28 844 2600.06 0 0
2020-03-29 844 2600.06 0 0
2020-03-30 844 2600.06 0 0
2020-03-31 843 2600.06 0 0
