2022-03-08 546 4999.988 0 0
2022-03-09 544 5003.223 3.235 0.065
2022-03-10 563 5001.561 -1.662 -0.033
2022-03-11 563 4997.139 -4.422 -0.088
2022-03-12 907 3299.446 -1697.693 -51.454
2022-03-13 908 3299.446 0 0
2022-03-14 898 3299.446 0 0
2022-03-15 886 3299.443 -0.003 0
2022-03-16 902 3299.448 0.005 0
2022-03-17 919 3299.458 0.01 0
2022-03-18 926 3299.463 0.005 0
2022-03-19 927 3299.453 -0.01 0
2022-03-20 927 3299.453 0 0
2022-03-21 926 3299.453 0 0
2022-03-22 930 3299.451 -0.002 0
2022-03-23 932 3299.449 -0.002 0
2022-03-24 928 3299.451 0.002 0
2022-03-25 926 3299.453 0.002 0
2022-03-26 928 3299.447 -0.006 0
2022-03-27 928 3299.447 0 0
2022-03-28 925 3299.447 0 0
2022-03-29 924 3299.444 -0.003 0
2022-03-30 935 3299.446 0.002 0
2022-04-01 936 3299.447 0.001 0
2022-04-02 937 3299.437 -0.01 0
2022-04-03 937 3299.437 0 0
2022-04-05 964 3299.437 0 0
2022-04-06 962 3299.436 -0.001 0
2022-04-07 953 3299.433 -0.003 0
2022-04-08 954 3299.432 -0.001 0
2022-04-09 952 3299.43 -0.002 0
2022-04-10 952 3299.43 0 0
2022-04-11 939 3299.43 0 0
2022-04-12 940 3299.432 0.002 0
2022-04-13 940 3299.434 0.002 0
2022-04-14 947 3299.429 -0.005 0
2022-04-15 949 3299.425 -0.004 0
2022-04-16 949 3299.425 0 0
2022-04-17 949 3299.425 0 0
2022-04-18 948 3299.425 0 0
2022-04-19 947 3299.424 -0.001 0
2022-04-20 941 3299.426 0.002 0
2022-04-21 934 3299.423 -0.003 0
2022-04-22 925 3299.421 -0.002 0
2022-04-23 923 3299.421 0 0
2022-04-24 923 3299.421 0 0
2022-04-25 910 3299.421 0 0
2022-04-26 905 3299.417 -0.004 0
2022-04-27 909 3299.419 0.002 0
2022-04-28 910 3299.42 0.001 0
2022-04-29 910 3299.419 -0.001 0
2022-04-30 912 3299.42 0.001 0
2022-05-01 912 3299.42 0 0
2022-05-02 911 3299.42 0 0
2022-05-03 908 3299.417 -0.003 0
2022-05-04 911 3299.417 0 0
2022-05-05 911 3299.416 -0.001 0
2022-05-06 902 3299.415 -0.001 0
2022-05-07 897 3299.414 -0.001 0
2022-05-08 898 3299.414 0 0
2022-05-09 887 3299.414 0 0
2022-05-10 874 3299.414 0 0
2022-05-11 880 3299.414 0 0
2022-05-12 883 3299.414 0 0
2022-05-13 888 3299.414 0 0
2022-05-14 891 3299.414 0 0
2022-05-15 891 3299.414 0 0
2022-05-16 886 3299.414 0 0
2022-05-17 890 3299.414 0 0
2022-05-18 892 3299.414 0 0
2022-05-19 889 3299.415 0.001 0
2022-05-20 888 3299.418 0.003 0
2022-05-21 895 3299.416 -0.002 0
2022-05-22 895 3299.416 0 0
2022-05-23 893 3299.416 0 0
2022-05-24 891 3299.414 -0.002 0
2022-05-25 892 3299.415 0.001 0
2022-05-26 898 3299.414 -0.001 0
2022-05-27 903 3299.415 0.001 0
2022-05-28 904 3299.415 0 0
2022-05-29 904 3299.415 0 0
2022-05-30 909 3299.415 0 0
2022-05-31 908 3299.415 0 0
