2026-04-10 2693 1430.221 0 0
2026-04-11 2697 1428.85 0 0
2026-04-12 2691 1434.439 0 0
2026-04-13 2690 1434.439 0 0
2026-04-14 2698 1431.976 0 0
2026-04-15 2691 1443.853 0 0
2026-04-16 2686 1458.982 0 0
2026-04-17 2670 1474.936 0 0
2026-04-18 2602 1526.429 0 0
2026-04-19 2594 1536.172 0 0
2026-04-20 2597 1536.172 0 0
2026-04-21 2549 1581.027 0 0
2026-04-22 2587 1546.56 0 0
2026-04-23 2588 1544.721 0 0
2026-04-24 2606 1521.178 0 0
2026-04-25 2605 1519.861 0 0
2026-04-26 2604 1518.094 0 0
2026-04-27 2610 1518.094 0 0
2026-04-28 2625 1503.342 0 0
2026-04-29 2643 1496.159 0 0
2026-04-30 2624 1500.581 0 0
2026-05-01 2614 1510.971 0 0
