2020-04-08 2100 1030.285 0 0
2020-04-10 2100 1035.582 5.297 0.511
2020-04-11 2100 1035.582 0 0
2020-04-12 2100 1035.582 0 0
2020-04-13 2097 1035.582 0 0
2020-04-14 2111 1031.97 -3.612 -0.35
2020-04-15 2102 1038.421 6.451 0.621
2020-04-17 2123 1027.155 -11.266 -1.097
2020-04-18 2119 1030.846 3.691 0.358
2020-04-19 2119 1030.846 0 0
2020-04-20 2123 1030.846 0 0
2020-04-21 2112 1030.173 -0.673 -0.065
2020-04-23 2119 1025.042 -5.131 -0.501
2020-04-24 2120 1025.153 0.111 0.011
2020-04-25 2118 1023.601 -1.552 -0.152
2020-04-26 2118 1023.601 0 0
2020-04-27 2128 1023.601 0 0
2020-04-28 2126 1026.264 2.663 0.259
2020-04-29 2135 1025.486 -0.778 -0.076
2020-04-30 2147 1027.49 2.004 0.195
