2019-11-07 1034 2419.72 0 0
2020-01-19 1080 2419.72 0 0
2020-02-07 1064 2419.72 0 0
2020-02-15 1077 2419.72 0 0
2020-02-16 1077 2419.72 0 0
2020-02-17 1078 2419.72 0 0
2020-02-18 1070 2419.72 0 0
2020-02-19 1069 2419.72 0 0
2020-02-20 1065 2419.72 0 0
2020-02-21 1063 2419.72 0 0
2020-02-22 1062 2419.72 0 0
2020-02-23 1061 2419.72 0 0
2020-02-24 891 2868.01 448.29 18.527
2020-02-25 878 2868.01 0 0
2020-02-26 866 2868.01 0 0
2020-02-27 856 2868.01 0 0
2020-02-28 848 2868.01 0 0
2020-02-29 852 2868.01 0 0
2020-03-01 854 2868.01 0 0
2020-03-02 858 2868.01 0 0
2020-03-03 870 2868.01 0 0
2020-03-04 866 2868.01 0 0
2020-03-05 868 2868.01 0 0
2020-03-06 858 2868.01 0 0
2020-03-07 855 2868.01 0 0
2020-03-08 855 2868.01 0 0
2020-03-09 1226 2014.135 -853.875 -29.772
2020-03-10 1211 2014.135 0 0
2020-03-11 1204 2014.135 0 0
2020-03-12 1170 2014.135 0 0
2020-03-13 1154 2014.135 0 0
2020-03-14 1155 2014.135 0 0
2020-03-15 1155 2014.135 0 0
2020-03-16 1123 2014.135 0 0
2020-03-17 1103 2014.135 0 0
2020-03-18 1086 2014.135 0 0
2020-03-19 1249 1734.56 -279.575 -13.881
2020-03-20 1260 1734.56 0 0
2020-03-21 1264 1734.56 0 0
2020-03-22 1264 1734.56 0 0
2020-03-23 1247 1734.56 0 0
2020-03-24 1237 1734.56 0 0
2020-03-25 1267 1734.56 0 0
2020-03-26 1283 1734.56 0 0
2020-03-27 1295 1734.56 0 0
2020-03-28 1292 1734.56 0 0
2020-03-29 1292 1734.56 0 0
2020-03-30 1292 1734.56 0 0
2020-03-31 1282 1734.56 0 0
