2019-11-07 235 7633.175 0 0
2020-01-19 251 7633.175 0 0
2020-02-07 243 7633.175 0 0
2020-02-15 245 7633.175 0 0
2020-02-16 244 7633.175 0 0
2020-02-17 244 7633.175 0 0
2020-02-18 245 7633.175 0 0
2020-02-19 248 7633.175 0 0
2020-02-20 247 7633.175 0 0
2020-02-21 245 7633.175 0 0
2020-02-22 245 7633.175 0 0
2020-02-23 245 7633.175 0 0
2020-02-24 240 7633.175 0 0
2020-02-25 236 7633.175 0 0
2020-02-26 227 7633.175 0 0
2020-02-27 225 7633.175 0 0
2020-02-28 222 7633.175 0 0
2020-02-29 222 7633.175 0 0
2020-03-01 223 7633.175 0 0
2020-03-02 226 7633.175 0 0
2020-03-03 226 7633.175 0 0
2020-03-04 227 7633.175 0 0
2020-03-05 228 7633.175 0 0
2020-03-06 224 7633.175 0 0
2020-03-07 223 7633.175 0 0
2020-03-08 224 7633.175 0 0
2020-03-09 218 7633.175 0 0
2020-03-10 217 7633.175 0 0
2020-03-11 213 7633.175 0 0
2020-03-12 204 7633.175 0 0
2020-03-13 202 7633.175 0 0
2020-03-14 202 7633.175 0 0
2020-03-15 202 7633.175 0 0
2020-03-16 194 7633.175 0 0
2020-03-17 194 7633.175 0 0
2020-03-18 190 7633.175 0 0
2020-03-19 190 7633.175 0 0
2020-03-20 190 7633.175 0 0
2020-03-21 188 7633.175 0 0
2020-03-22 188 7633.175 0 0
2020-03-23 185 7633.175 0 0
2020-03-24 184 7633.175 0 0
2020-03-25 197 7633.175 0 0
2020-03-26 200 7633.175 0 0
2020-03-27 206 7633.175 0 0
2020-03-28 201 7633.175 0 0
2020-03-29 201 7633.175 0 0
2020-03-30 201 7633.175 0 0
2020-03-31 202 7633.175 0 0
2020-04-01 209 7633.175 0 0
2020-04-02 199 7633.175 0 0
2020-04-03 206 7633.175 0 0
2020-04-04 203 7633.175 0 0
2020-04-05 203 7633.175 0 0
2020-04-06 203 7633.175 0 0
2020-04-07 212 7633.175 0 0
2020-04-08 215 7633.175 0 0
2020-04-09 217 7633.175 0 0
2020-04-10 220 7633.175 0 0
2020-04-11 220 7633.175 0 0
2020-04-12 220 7633.175 0 0
2020-04-13 218 7633.175 0 0
2020-04-14 219 7633.175 0 0
2020-04-15 221 7633.175 0 0
2020-04-16 216 7633.175 0 0
2020-04-17 218 7633.175 0 0
2020-04-18 220 7633.175 0 0
2020-04-19 220 7633.175 0 0
2020-04-20 221 7633.175 0 0
2020-04-21 217 7633.175 0 0
2020-04-23 218 7633.175 0 0
2020-04-24 217 7633.175 0 0
2020-04-25 217 7633.175 0 0
2020-04-26 217 7633.175 0 0
2020-04-27 217 7633.175 0 0
2020-04-28 220 7633.175 0 0
2020-04-29 223 7633.175 0 0
2020-04-30 221 7633.175 0 0
2020-05-01 226 7633.175 0 0
2020-05-02 224 7633.175 0 0
2020-05-03 224 7633.175 0 0
2020-05-04 222 7633.175 0 0
2020-05-05 220 7633.175 0 0
2020-05-06 221 7633.175 0 0
2020-05-07 220 7633.175 0 0
2020-05-08 222 7633.175 0 0
2020-05-09 224 7633.175 0 0
2020-05-10 224 7633.175 0 0
2020-05-11 224 7633.175 0 0
2020-05-12 222 7633.175 0 0
2020-05-13 225 7633.175 0 0
2020-05-14 219 7633.175 0 0
2020-05-15 219 7633.175 0 0
2020-05-16 219 7633.175 0 0
2020-05-17 219 7633.175 0 0
2020-05-18 222 7633.175 0 0
2020-05-19 226 7633.175 0 0
2020-05-20 226 7633.175 0 0
2020-05-21 225 7633.175 0 0
2020-05-23 224 7633.175 0 0
2020-05-24 224 7633.175 0 0
2020-05-25 224 7633.175 0 0
2020-05-26 223 7633.175 0 0
2020-05-27 224 7633.175 0 0
2020-05-28 227 7633.175 0 0
2020-05-29 229 7633.175 0 0
2020-05-30 228 7633.175 0 0
2020-05-31 228 7633.175 0 0
2020-06-01 233 7633.175 0 0
2020-06-02 235 7633.175 0 0
2020-06-03 237 7633.175 0 0
2020-06-04 241 7633.175 0 0
2020-06-05 243 7633.175 0 0
2020-06-06 246 7633.175 0 0
2020-06-07 246 7633.175 0 0
2020-06-08 246 7633.175 0 0
2020-06-09 247 7633.175 0 0
2020-06-10 244 7633.175 0 0
2020-06-11 239 7633.175 0 0
2020-06-12 234 7633.175 0 0
2020-06-13 235 7633.175 0 0
2020-06-14 235 7633.175 0 0
2020-06-15 236 7633.175 0 0
2020-06-16 240 7633.175 0 0
2020-06-17 243 7633.175 0 0
2020-06-18 247 7633.175 0 0
2020-06-19 244 7633.175 0 0
2020-06-20 243 7633.175 0 0
2020-06-21 243 7633.175 0 0
2020-06-22 248 7633.175 0 0
2020-06-23 245 7633.175 0 0
2020-06-24 245 7633.175 0 0
2020-06-25 246 7633.175 0 0
2020-06-26 247 7633.175 0 0
2020-06-27 246 7633.175 0 0
2020-06-28 246 7633.175 0 0
2020-06-29 245 7633.175 0 0
2020-06-30 248 7633.175 0 0
2020-07-01 246 7633.175 0 0
2020-07-07 251 7633.175 0 0
2020-07-08 252 7633.175 0 0
2020-07-09 256 7633.175 0 0
2020-07-10 253 7633.175 0 0
2020-07-11 253 7633.175 0 0
2020-07-12 253 7633.175 0 0
2020-07-13 258 7633.175 0 0
2020-07-14 256 7633.175 0 0
2020-07-15 256 7633.175 0 0
2020-07-16 253 7633.175 0 0
2020-07-17 252 7633.175 0 0
2020-07-18 252 7633.175 0 0
2020-07-20 256 7633.175 0 0
2020-07-21 255 7633.175 0 0
2020-07-22 257 7629 -4.175 -0.055
2020-07-23 259 7629 0 0
2020-07-24 252 7629 0 0
2020-07-25 278 7178 -451 -5.912
2020-07-26 274 7178 0 0
2020-07-27 275 7178 0 0
2020-07-28 274 7178 0 0
2020-07-29 275 7178 0 0
2020-07-30 280 7178 0 0
2020-07-31 280 7178 0 0
2020-08-04 285 7178 0 0
2020-08-05 284 7178 0 0
2020-08-06 285 7178 0 0
2020-08-07 282 7178 0 0
2020-08-08 280 7178 0 0
2020-08-09 280 7178 0 0
2020-08-10 282 7178 0 0
2020-08-12 279 7178 0 0
2020-08-13 282 7178 0 0
2020-08-14 279 7178 0 0
2020-08-15 279 7178 0 0
2020-08-16 279 7178 0 0
2020-08-17 281 7178 0 0
2020-08-18 286 7178 0 0
2020-08-19 286 7178 0 0
2020-08-20 284 7178 0 0
2020-08-21 286 7178 0 0
2020-08-22 285 7178 0 0
2020-08-23 285 7178 0 0
2020-08-24 287 7178 0 0
2020-08-25 288 7178 0 0
2020-08-26 290 7178 0 0
2020-08-27 291 7178 0 0
2020-08-28 291 7178 0 0
2020-08-29 292 7178 0 0
2020-08-30 292 7178 0 0
2020-08-31 293 7178 0 0
2020-09-01 296 7178 0 0
2020-09-02 296 7178 0 0
2020-09-03 293 7178 0 0
2020-09-04 292 7178 0 0
2020-09-05 292 7178 0 0
2020-09-06 292 7178 0 0
2020-09-07 292 7178 0 0
2020-09-09 287 7178 0 0
2020-09-10 287 7178 0 0
2020-09-11 291 7178 0 0
2020-09-12 291 7178 0 0
2020-09-13 292 7178 0 0
2020-09-14 294 7178 0 0
2020-09-15 294 7178 0 0
2020-09-16 294 7178 0 0
2020-09-17 294 7178 0 0
2020-09-18 293 7178 0 0
2020-09-19 293 7178 0 0
2020-09-21 292 7178 0 0
2020-09-22 290 7178 0 0
2020-09-23 294 7178 0 0
2020-09-24 288 7178 0 0
2020-09-25 288 7178 0 0
2020-09-26 289 7178 0 0
2020-09-27 289 7178 0 0
2020-09-28 295 7178 0 0
2020-09-29 293 7178 0 0
2020-09-30 291 7178 0 0
2020-10-01 294 7178 0 0
2020-10-03 295 7178 0 0
2020-10-04 295 7178 0 0
2020-10-05 295 7178 0 0
2020-10-06 296 7178 0 0
2020-10-07 296 7178 0 0
2020-10-08 297 7178 0 0
2020-10-09 300 7178 0 0
2020-10-10 302 7178 0 0
2020-10-11 302 7178 0 0
2020-10-12 304 7178 0 0
2020-10-13 305 7178 0 0
2020-10-14 299 7178 0 0
2020-10-16 299 7178 0 0
2020-10-17 299 7178 0 0
2020-10-18 299 7178 0 0
2020-10-19 299 7178 0 0
2020-10-20 299 7178 0 0
2020-10-21 302 7178 0 0
2020-10-22 302 7178 0 0
2020-10-23 301 7178 0 0
2020-10-24 299 7178 0 0
2020-10-25 298 7178 0 0
2020-10-26 298 7178 0 0
2020-10-27 298 7178 0 0
2020-10-28 299 7178 0 0
2020-10-29 299 7178 0 0
2020-10-30 297 7178 0 0
2020-10-31 297 7178 0 0
2020-11-01 297 7178 0 0
2020-11-02 300 7178 0 0
2020-11-03 303 7178 0 0
2020-11-04 308 7178 0 0
2020-11-05 311 7178 0 0
2020-11-06 314 7178 0 0
2020-11-07 313 7178 0 0
2020-11-08 313 7178 0 0
2020-11-09 314 7178 0 0
2020-11-10 314 7178 0 0
2020-11-12 316 7178 0 0
2020-11-13 313 7178 0 0
2020-11-14 309 7178 0 0
2020-11-15 309 7178 0 0
2020-11-17 309 7178 0 0
2020-11-18 311 7178 0 0
2020-11-19 312 7178 0 0
2020-11-20 313 7178 0 0
2020-11-21 313 7178 0 0
2020-11-22 313 7178 0 0
2020-11-23 311 7178 0 0
2020-11-24 312 7178 0 0
2020-11-25 311 7178 0 0
2020-11-26 311 7178 0 0
2020-11-27 315 7178 0 0
2020-11-28 314 7178 0 0
2020-11-30 314 7178 0 0
2020-12-01 313 7178 0 0
2020-12-02 315 7178 0 0
2020-12-03 313 7178 0 0
2020-12-04 312 7178 0 0
2020-12-05 313 7178 0 0
2020-12-06 313 7178 0 0
2020-12-07 316 7178 0 0
2020-12-08 315 7178 0 0
2020-12-09 320 7178 0 0
2020-12-10 320 7178 0 0
2020-12-11 319 7178 0 0
2020-12-12 319 7178 0 0
2020-12-13 319 7178 0 0
2020-12-14 318 7178 0 0
2020-12-15 321 7178 0 0
2020-12-16 323 7178 0 0
2020-12-17 323 7178 0 0
2020-12-18 326 7178 0 0
2020-12-19 326 7178 0 0
2020-12-20 326 7178 0 0
2020-12-21 324 7178 0 0
2020-12-22 327 7178 0 0
2020-12-23 328 7178 0 0
2020-12-24 327 7178 0 0
2020-12-25 327 7178 0 0
2020-12-26 327 7178 0 0
2020-12-27 327 7178 0 0
2020-12-28 326 7178 0 0
2020-12-29 323 7178 0 0
2020-12-31 327 7178 0 0
2021-01-01 327 7178 0 0
2021-01-02 327 7178 0 0
2021-01-03 327 7178 0 0
2021-01-04 329 7178 0 0
2021-01-05 332 7178 0 0
2021-01-06 334 7178 0 0
2021-01-07 336 7178 0 0
2021-01-08 335 7178 0 0
2021-01-09 334 7178 0 0
2021-01-10 334 7178 0 0
2021-01-11 336 7178 0 0
2021-01-12 334 7178 0 0
2021-01-13 331 7178 0 0
2021-01-14 333 7178 0 0
2021-01-15 331 7178 0 0
2021-01-16 330 7178 0 0
2021-01-17 330 7178 0 0
2021-01-18 326 7178 0 0
2021-01-19 330 7178 0 0
2021-01-20 338 7178 0 0
2021-01-21 338 7178 0 0
2021-01-22 338 7178 0 0
2021-01-23 338 7178 0 0
2021-01-24 338 7178 0 0
2021-01-25 333 7178 0 0
2021-01-26 335 7178 0 0
2021-01-27 334 7178 0 0
2021-01-28 332 7178 0 0
2021-01-29 327 7178 0 0
2021-01-30 328 7178 0 0
2021-01-31 328 7178 0 0
2021-02-01 332 7178 0 0
2021-02-02 336 7178 0 0
2021-02-03 339 7178 0 0
2021-02-04 340 7178 0 0
2021-02-05 337 7178 0 0
2021-02-06 338 7178 0 0
2021-02-07 338 7178 0 0
2021-02-08 345 7178 0 0
2021-02-09 351 7178 0 0
2021-02-10 354 7178 0 0
2021-02-11 357 7178 0 0
2021-02-12 358 7178 0 0
2021-02-13 358 7178 0 0
2021-02-14 358 7178 0 0
2021-02-15 360 7178 0 0
2021-02-16 359 7178 0 0
2021-02-17 357 7178 0 0
2021-02-18 350 7178 0 0
2021-02-19 350 7178 0 0
2021-02-20 351 7178 0 0
2021-02-21 352 7178 0 0
2021-02-22 351 7178 0 0
2021-02-23 353 7178 0 0
2021-02-24 351 7178 0 0
2021-02-25 347 7178 0 0
2021-02-26 342 7178 0 0
2021-02-27 341 7178 0 0
2021-02-28 341 7178 0 0
2021-03-01 350 7178 0 0
2021-03-02 350 7178 0 0
2021-03-03 351 7178 0 0
2021-03-04 363 7010 -168 -2.34
2021-03-05 360 7010 0 0
2021-03-06 364 6998 -12 -0.171
2021-03-07 366 6998 0 0
2021-03-08 358 6998 0 0
2021-03-09 358 6998 0 0
2021-03-11 367 6998 0 0
2021-03-12 371 6998 0 0
2021-03-13 370 6998 0 0
2021-03-14 371 6998 0 0
2021-03-15 370 6998 0 0
2021-03-16 371 6998 0 0
2021-03-18 367 6998 0 0
2021-03-19 367 6998 0 0
2021-03-20 369 6998 0 0
2021-03-21 369 6998 0 0
2021-03-22 369 6998 0 0
2021-03-23 369 6998 0 0
2021-03-24 365 6998 0 0
2021-03-25 365 6998 0 0
2021-03-26 373 6998 0 0
2021-03-27 373 6998 0 0
2021-03-28 373 6998 0 0
2021-03-29 368 6998 0 0
2021-03-30 373 6998 0 0
2021-03-31 372 6998 0 0
2021-04-01 374 6998 0 0
2021-04-02 374 6998 0 0
2021-04-03 374 6998 0 0
2021-04-04 374 6998 0 0
2021-04-05 374 6998 0 0
2021-04-06 377 6998 0 0
2021-04-07 376 6998 0 0
2021-04-08 378 6998 0 0
2021-04-09 389 6998 0 0
2021-04-10 389 6998 0 0
2021-04-11 389 6998 0 0
2021-04-12 380 6998 0 0
2021-04-13 380 6998 0 0
2021-04-14 384 6998 0 0
2021-04-15 384 6998 0 0
2021-04-16 385 6998 0 0
2021-04-17 387 6998 0 0
2021-04-18 387 6998 0 0
2021-04-19 386 6998 0 0
2021-04-20 385 6998 0 0
2021-04-21 386 6998 0 0
2021-04-22 385 6998 0 0
2021-04-23 390 6998 0 0
2021-04-24 390 6998 0 0
2021-04-25 390 6998 0 0
2021-04-26 390 6998 0 0
2021-04-27 390 6998 0 0
2021-04-28 389 6998 0 0
2021-04-29 390 6998 0 0
2021-04-30 388 6998 0 0
2021-05-01 387 6998 0 0
2021-05-02 387 6998 0 0
2021-05-03 388 6998 0 0
2021-05-04 389 6998 0 0
2021-05-05 386 6998 0 0
2021-05-06 386 6998 0 0
2021-05-07 385 6998 0 0
2021-05-08 389 6998 0 0
2021-05-09 389 6998 0 0
2021-05-10 386 6998 0 0
2021-05-11 386 6998 0 0
2021-05-12 385 6998 0 0
2021-05-13 385 6998 0 0
2021-05-14 385 6998 0 0
2021-05-15 385 6998 0 0
2021-05-16 385 6998 0 0
2021-05-17 385 6998 0 0
2021-05-18 386 6998 0 0
2021-05-19 389 6998 0 0
2021-05-20 387 6998 0 0
2021-05-21 389 6998 0 0
2021-05-22 389 6998 0 0
2021-05-23 389 6998 0 0
2021-05-24 395 6998 0 0
2021-05-25 394 6998 0 0
2021-05-26 397 6998 0 0
2021-05-27 400 6998 0 0
2021-05-28 398 6998 0 0
2021-05-29 399 6998 0 0
2021-05-30 399 6998 0 0
2021-05-31 400 6998 0 0
