2019-11-07 68 17521.125 0 0
2020-01-19 72 17276.484 -244.641 -1.396
2020-02-07 69 17087.443 -189.041 -1.094
2020-02-15 70 17456.258 368.815 2.158
2020-02-16 70 17456.258 0 0
2020-02-17 69 17456.258 0 0
2020-02-18 70 17545.218 88.96 0.51
2020-02-19 70 17643.445 98.227 0.56
2020-02-20 70 17797.273 153.828 0.872
2020-02-21 70 17674.952 -122.321 -0.687
2020-02-22 70 17674.952 0 0
2020-02-23 70 17674.952 0 0
2020-02-24 68 17610.085 -64.867 -0.367
2020-02-25 73 16911.376 -698.709 -3.968
2020-02-26 75 16989.216 77.84 0.46
2020-02-27 76 16625.962 -363.254 -2.138
2020-02-28 76 16676.002 50.04 0.301
2020-02-29 75 16676.002 0 0
2020-03-01 75 16676.002 0 0
2020-03-02 73 17028.136 352.134 2.112
2020-03-03 75 16746.429 -281.707 -1.654
2020-03-04 76 16716.775 -29.654 -0.177
2020-03-05 79 16392.441 -324.334 -1.94
2020-03-06 79 16144.093 -248.348 -1.515
2020-03-07 79 16144.093 0 0
2020-03-08 79 16144.093 0 0
2020-03-09 80 15245.223 -898.87 -5.568
2020-03-10 78 15882.772 637.549 4.182
2020-03-11 80 15341.597 -541.175 -3.407
2020-03-12 85 14320.407 -1021.19 -6.656
2020-03-13 76 15172.943 852.536 5.953
2020-03-14 77 15172.943 0 0
2020-03-15 77 15172.943 0 0
2020-03-16 78 14242.566 -930.377 -6.132
2020-03-17 73 14537.247 294.681 2.069
2020-03-18 79 13755.138 -782.109 -5.38
2020-03-19 81 13308.483 -446.655 -3.247
2020-03-20 89 12824.761 -483.722 -3.635
2020-03-21 90 12824.761 0 0
2020-03-22 90 12824.761 0 0
2020-03-23 103 11731.291 -1093.47 -8.526
2020-03-24 104 11731.291 0 0
2020-03-25 91 13061.989 1330.698 11.343
2020-03-26 82 13790.351 728.362 5.576
2020-03-27 79 14333.38 543.029 3.938
2020-03-28 81 14157.313 -176.067 -1.228
2020-03-29 81 14157.313 0 0
2020-03-30 81 14157.313 0 0
2020-03-31 81 13988.659 -168.654 -1.191
