2021-03-31 2353 997.314 0 0
2021-04-02 2304 1063.029 65.715 6.182
2021-04-03 2304 1063.029 0 0
2021-04-04 2305 1063.029 0 0
2021-04-05 2306 1063.029 0 0
2021-04-06 2338 1025.061 -37.968 -3.704
2021-04-07 2336 1027.781 2.72 0.265
2021-04-08 2309 1063.379 35.598 3.348
2021-04-09 2680 1036.706 -26.673 -2.573
2021-04-10 2677 1035.15 -1.556 -0.15
2021-04-11 2678 1035.15 0 0
2021-04-12 2698 1009.157 -25.993 -2.576
2021-04-13 2688 1011.29 2.133 0.211
2021-04-14 2659 1042.78 31.49 3.02
2021-04-15 2674 1034.365 -8.415 -0.814
2021-04-16 2678 1031.039 -3.326 -0.323
2021-04-17 2680 1032.559 1.52 0.147
2021-04-18 2680 1032.559 0 0
2021-04-19 2696 1023.81 -8.749 -0.855
2021-04-20 2661 1049.3 25.49 2.429
2021-04-21 2523 1153.038 103.738 8.997
2021-04-22 2376 1265.337 112.299 8.875
2021-04-23 2421 1233.876 -31.461 -2.55
2021-04-24 2421 1233.876 0 0
2021-04-25 2425 1232.931 -0.945 -0.077
2021-04-26 2412 1247.43 14.499 1.162
2021-04-27 2274 1370.553 123.123 8.983
2021-04-28 2101 1504.798 134.245 8.921
2021-04-29 2181 1445.953 -58.845 -4.07
2021-04-30 2086 1515.328 69.375 4.578
2021-05-01 2081 1514.089 -1.239 -0.082
