2019-11-07 711 3391.893 0 0
2020-01-19 720 3508.861 116.968 3.448
2020-02-07 756 3312.268 -196.593 -5.603
2020-02-15 661 3686.588 374.32 11.301
2020-02-16 661 3686.588 0 0
2020-02-17 660 3664.98 -21.608 -0.586
2020-02-18 663 3652.483 -12.497 -0.341
2020-02-19 671 3624.77 -27.713 -0.759
2020-02-20 677 3609.889 -14.881 -0.411
2020-02-21 680 3585.884 -24.005 -0.665
2020-02-22 677 3600.357 14.473 0.404
2020-02-23 677 3600.357 0 0
2020-02-24 680 3545.409 -54.948 -1.526
2020-02-25 697 3444.695 -100.714 -2.841
2020-02-26 698 3420.634 -24.061 -0.698
2020-02-27 696 3396.495 -24.139 -0.706
2020-02-28 701 3346.358 -50.137 -1.476
2020-02-29 705 3329.688 -16.67 -0.498
2020-03-01 705 3329.688 0 0
2020-03-02 709 3334.964 5.276 0.158
2020-03-03 694 3418.197 83.233 2.496
2020-03-04 686 3462.235 44.038 1.288
2020-03-05 702 3403.177 -59.058 -1.706
2020-03-06 707 3359.398 -43.779 -1.286
2020-03-07 701 3375.315 15.917 0.474
2020-03-08 705 3375.315 0 0
2020-03-09 696 3303.217 -72.098 -2.136
2020-03-10 706 3257.528 -45.689 -1.383
2020-03-11 720 3216.274 -41.254 -1.266
2020-03-12 742 3039.591 -176.683 -5.493
2020-03-13 819 2730.597 -308.994 -10.166
2020-03-14 823 2749.686 19.089 0.699
2020-03-15 823 2749.686 0 0
2020-03-16 807 2734.323 -15.363 -0.559
2020-03-17 798 2693.386 -40.937 -1.497
2020-03-18 822 2591.922 -101.464 -3.767
2020-03-19 819 2583.411 -8.511 -0.328
2020-03-20 803 2637.519 54.108 2.094
2020-03-21 810 2618.79 -18.729 -0.71
2020-03-22 810 2618.79 0 0
2020-03-23 820 2556.064 -62.726 -2.395
2020-03-24 824 2522.436 -33.628 -1.316
2020-03-25 803 2676.691 154.255 6.115
2020-03-26 793 2755.742 79.051 2.953
2020-03-27 769 2865.553 109.811 3.985
2020-03-28 784 2784.749 -80.804 -2.82
2020-03-29 784 2784.749 0 0
2020-03-30 784 2784.749 0 0
2020-03-31 782 2789.138 4.389 0.158
