2026-04-16 2106 2000 0 0
2026-04-17 2114 2000 0 0
2026-04-18 2114 2000 0 0
2026-04-19 2114 2000 0 0
2026-04-20 2295 1812.035 -187.965 -9.398
2026-04-21 2487 1641.974 -170.061 -9.385
2026-04-22 2403 1721.054 79.08 4.816
2026-04-23 2409 1706.753 -14.301 -0.831
2026-04-24 2333 1764.488 57.735 3.383
2026-04-25 2334 1764.082 -0.406 -0.023
2026-04-26 2334 1764.082 0 0
2026-04-27 2442 1667.088 -96.994 -5.498
2026-04-28 2490 1608.717 -58.371 -3.501
2026-04-29 2326 1772.745 164.028 10.196
2026-04-30 2380 1727.114 -45.631 -2.574
2026-05-01 2381 1727.82 0.706 0.041
2026-05-02 2386 1727.467 -0.353 -0.02
2026-05-04 2430 1688.068 -39.399 -2.281
2026-05-05 2432 1688.068 0 0
2026-05-06 2375 1738.562 0 0
