2022-01-16 1516 2186.59 0 0
2022-01-17 1488 2217.326 30.736 1.386
2022-01-18 1519 2181.933 -35.393 -1.622
2022-01-19 1537 2115.731 -66.202 -3.129
2022-01-20 1551 2077.399 -38.332 -1.845
2022-01-22 1551 2054.569 -22.83 -1.111
2022-01-23 1551 2054.569 0 0
2022-01-24 1572 2020.088 -34.481 -1.707
2022-01-25 1554 2018.876 -1.212 -0.06
2022-01-26 1524 2068.586 49.71 2.403
2022-01-27 1521 2048.88 -19.706 -0.962
2022-01-28 1528 2040.961 -7.919 -0.388
2022-01-29 1528 2040.608 -0.353 -0.017
2022-01-30 1527 2040.608 0 0
2022-01-31 1538 2040.608 0 0
