2019-11-07 1590 1543.515 0 0
2020-01-19 1631 1574.976 31.461 2.038
2020-02-07 1631 1543.295 -31.681 -2.012
2020-02-15 1639 1547.65 4.355 0.282
2020-02-16 1640 1547.65 0 0
2020-02-17 1640 1547.65 0 0
2020-02-18 1641 1547.65 0 0
2020-02-19 1643 1542.193 -5.457 -0.353
2020-02-20 1644 1544.641 2.448 0.159
2020-02-21 1641 1539.885 -4.756 -0.308
2020-02-22 1645 1534.765 -5.12 -0.332
2020-02-23 1645 1534.765 0 0
2020-02-24 1633 1534.765 0 0
2020-02-25 1617 1536.184 1.419 0.092
2020-02-26 1613 1539.665 3.481 0.227
2020-02-27 1599 1539.534 -0.131 -0.009
2020-02-28 1575 1539.709 0.175 0.011
2020-02-29 1564 1545.436 5.727 0.372
2020-03-01 1573 1545.436 0 0
2020-03-02 1587 1545.436 0 0
2020-03-03 1583 1552.588 7.152 0.463
2020-03-04 1594 1547.451 -5.137 -0.331
2020-03-05 1583 1558.052 10.601 0.685
2020-03-06 1570 1556.122 -1.93 -0.124
2020-03-07 1567 1556.571 0.449 0.029
2020-03-08 1564 1556.571 0 0
2020-03-09 1537 1556.571 0 0
2020-03-10 1519 1554.13 -2.441 -0.157
2020-03-11 1509 1554.957 0.827 0.053
2020-03-12 1467 1554.353 -0.604 -0.039
2020-03-13 1462 1546.52 -7.833 -0.504
2020-03-14 1468 1544.862 -1.658 -0.107
2020-03-15 1468 1544.862 0 0
2020-03-16 1425 1544.862 0 0
2020-03-17 1417 1543.714 -1.148 -0.074
2020-03-18 1391 1540.719 -2.995 -0.194
2020-03-19 1383 1537.518 -3.201 -0.208
2020-03-20 1398 1523.424 -14.094 -0.917
2020-03-21 1395 1528.814 5.39 0.354
2020-03-22 1395 1528.814 0 0
2020-03-23 1372 1528.814 0 0
2020-03-24 1371 1517.517 -11.297 -0.739
2020-03-25 1410 1526.438 8.921 0.588
2020-03-26 1438 1521.45 -4.988 -0.327
2020-03-27 1461 1522.565 1.115 0.073
2020-03-28 1450 1523.574 1.009 0.066
2020-03-29 1450 1523.574 0 0
2020-03-30 1450 1523.574 0 0
2020-03-31 1448 1522.308 -1.266 -0.083
2020-04-01 1452 1522.973 0.665 0.044
2020-04-02 1431 1520.251 -2.722 -0.179
2020-04-03 1433 1521.922 1.671 0.11
2020-04-04 1424 1523.574 1.652 0.109
2020-04-05 1424 1523.574 0 0
2020-04-06 1424 1523.574 0 0
2020-04-07 1461 1523.574 0 0
2020-04-08 1516 1531.198 7.624 0.5
2020-04-09 1531 1528.338 -2.86 -0.187
2020-04-10 1534 1530.417 2.079 0.136
2020-04-11 1534 1530.417 0 0
2020-04-12 1535 1530.417 0 0
2020-04-13 1536 1530.417 0 0
2020-04-14 1537 1532.653 2.236 0.146
2020-04-15 1535 1530.005 -2.648 -0.173
2020-04-16 1530 1529.528 -0.477 -0.031
2020-04-17 1534 1527.171 -2.357 -0.154
2020-04-18 1545 1526.567 -0.604 -0.04
2020-04-19 1545 1526.567 0 0
2020-04-20 1548 1526.567 0 0
2020-04-21 1525 1526.848 0.281 0.018
2020-04-23 1549 1524.908 -1.94 -0.127
2020-04-24 1549 1526.136 1.228 0.081
2020-04-25 1545 1525.252 -0.884 -0.058
2020-04-26 1545 1525.252 0 0
2020-04-27 1550 1525.252 0 0
2020-04-28 1565 1525.016 -0.236 -0.015
2020-04-29 1571 1524.736 -0.28 -0.018
2020-04-30 1580 1526.912 2.176 0.143
