2020-01-19 2178 1015.6 0 0
2021-03-09 1956 1436.891 421.291 29.32
2021-03-11 1967 1438.352 1.461 0.102
2021-03-12 1975 1440.582 2.23 0.155
2021-03-13 1974 1440.136 -0.446 -0.031
2021-03-14 1975 1440.136 0 0
2021-03-15 1974 1439.215 -0.921 -0.064
2021-03-16 1968 1438.663 -0.552 -0.038
2021-03-18 1973 1436.225 -2.438 -0.17
2021-03-19 1973 1436.225 0 0
2021-03-20 1976 1437.606 1.381 0.096
2021-03-21 1976 1437.606 0 0
2021-03-22 1980 1435.768 -1.838 -0.128
2021-03-23 1972 1437.872 2.104 0.146
2021-03-24 1963 1436.403 -1.469 -0.102
2021-03-26 1965 1438.722 2.319 0.161
2021-03-27 1962 1439.144 0.422 0.029
2021-03-28 1962 1439.144 0 0
2021-03-29 1962 1439.326 0.182 0.013
2021-03-30 1953 1443.347 4.021 0.279
2021-03-31 1963 1432.306 -11.041 -0.771
