2026-03-10 889 4753 0 0
2026-03-11 883 4753 0 0
2026-03-12 879 4753 0 0
2026-03-13 875 4753 0 0
2026-03-14 876 4753 0 0
2026-03-15 876 4753 0 0
2026-03-16 877 4753 0 0
2026-03-17 877 4753 0 0
2026-03-18 873 4753 0 0
2026-03-19 871 4753 0 0
2026-03-20 867 4753 0 0
2026-03-21 867 4753 0 0
2026-03-22 867 4753 0 0
2026-03-23 867 4753 0 0
2026-03-24 865 4753 0 0
2026-03-25 868 4753 0 0
2026-03-27 865 4753 0 0
2026-03-28 862 4753 0 0
2026-03-29 862 4753 0 0
2026-03-30 861 4753 0 0
2026-03-31 860 4753 0 0
2026-04-01 864 4753.0 0 0
2026-04-02 863 4753.0 0 0
2026-04-03 864 4753.0 0 0
2026-04-04 865 4753.0 0 0
