2021-03-06 2263 1132.053 0 0
2021-03-07 2261 1132.053 0 0
2021-03-08 2259 1132.053 0 0
2021-03-09 2252 1128.382 -3.671 -0.325
2021-03-11 2245 1133.546 5.164 0.456
2021-03-12 2249 1133.546 0 0
2021-03-13 2247 1135.415 1.869 0.165
2021-03-14 2248 1135.415 0 0
2021-03-15 2244 1135.415 0 0
2021-03-16 2242 1140.469 5.054 0.443
2021-03-18 2241 1139.367 -1.102 -0.097
2021-03-19 2241 1139.367 0 0
2021-03-20 2241 1139.701 0.334 0.029
2021-03-21 2241 1139.701 0 0
2021-03-22 2240 1139.701 0 0
2021-03-23 2234 1142.064 2.363 0.207
2021-03-24 2229 1141.294 -0.77 -0.067
2021-03-26 2235 1139.015 -2.279 -0.2
2021-03-27 2234 1139.838 0.823 0.072
2021-03-28 2234 1139.838 0 0
2021-03-29 2235 1139.838 0 0
2021-03-30 2235 1139.838 0 0
2021-03-31 2242 1126.325 -13.513 -1.2
2021-04-01 2240 1130.486 4.161 0.368
2021-04-02 2241 1130.486 0 0
2021-04-03 2241 1130.486 0 0
2021-04-04 2242 1130.486 0 0
2021-04-05 2242 1130.486 0 0
2021-04-06 2248 1127.497 -2.989 -0.265
2021-04-07 2249 1125.731 -1.766 -0.157
2021-04-08 2251 1125.731 0 0
2021-04-09 2591 1108.529 -17.202 -1.552
2021-04-10 2592 1105.85 -2.679 -0.242
2021-04-11 2593 1105.85 0 0
2021-04-12 2571 1105.85 0 0
2021-04-13 2571 1105.85 0 0
2021-04-14 2585 1101.136 -4.714 -0.428
2021-04-15 2587 1101.136 0 0
2021-04-16 2587 1103.156 2.02 0.183
2021-04-17 2577 1111.725 8.569 0.771
2021-04-18 2577 1111.725 0 0
2021-04-19 2584 1111.725 0 0
2021-04-20 2596 1103.856 -7.869 -0.713
2021-04-21 2599 1103.672 -0.184 -0.017
2021-04-22 2603 1103.672 0 0
2021-04-23 2610 1102.871 -0.801 -0.073
2021-04-24 2610 1102.871 0 0
2021-04-25 2613 1101.805 -1.066 -0.097
2021-04-26 2614 1101.805 0 0
2021-04-27 2611 1106.035 4.23 0.382
2021-04-28 2610 1107.035 1 0.09
2021-04-29 2611 1111.464 4.429 0.398
2021-04-30 2594 1116.343 4.879 0.437
2021-05-01 2593 1115.853 -0.49 -0.044
