2019-11-07 317 6177.082 0 0
2020-01-19 323 6357.798 180.716 2.926
2020-02-07 318 6306.779 -51.019 -0.802
2020-02-15 316 6362.581 55.802 0.885
2020-02-16 316 6362.581 0 0
2020-02-17 316 6363.101 0.52 0.008
2020-02-18 314 6380.478 17.377 0.273
2020-02-19 317 6388.283 7.805 0.122
2020-02-20 319 6360.487 -27.796 -0.435
2020-02-21 319 6315.471 -45.016 -0.708
2020-02-22 321 6316.35 0.879 0.014
2020-02-23 321 6316.35 0 0
2020-02-24 323 6269.865 -46.485 -0.736
2020-02-25 315 6230.613 -39.252 -0.626
2020-02-26 317 6225.525 -5.088 -0.082
2020-02-27 311 6204.326 -21.199 -0.341
2020-02-28 316 6157.705 -46.621 -0.751
2020-02-29 343 5681.185 -476.52 -7.739
2020-03-01 345 5681.185 0 0
2020-03-02 343 5702.167 20.982 0.369
2020-03-03 353 5654.693 -47.474 -0.833
2020-03-04 347 5692.099 37.406 0.662
2020-03-05 356 5682.111 -9.988 -0.175
2020-03-06 355 5655.85 -26.261 -0.462
2020-03-07 349 5658.845 2.995 0.053
2020-03-08 351 5658.845 0 0
2020-03-09 348 5660.083 1.238 0.022
2020-03-10 339 5690.301 30.218 0.534
2020-03-11 336 5634.15 -56.151 -0.987
2020-03-12 320 5628.655 -5.495 -0.098
2020-03-13 319 5628.487 -0.168 -0.003
2020-03-14 319 5628.4 -0.087 -0.002
2020-03-15 319 5628.4 0 0
2020-03-16 305 5548.26 -80.14 -1.424
2020-03-17 300 5584.469 36.209 0.653
2020-03-18 303 5539.139 -45.33 -0.812
2020-03-19 288 5589.498 50.359 0.909
2020-03-20 294 5547.7 -41.798 -0.748
2020-03-21 294 5547.352 -0.348 -0.006
2020-03-22 294 5547.352 0 0
2020-03-23 291 5524.676 -22.676 -0.409
2020-03-24 286 5525.395 0.719 0.013
2020-03-25 300 5563.043 37.648 0.681
2020-03-26 310 5574.609 11.566 0.208
2020-03-27 310 5632.173 57.564 1.033
2020-03-28 309 5609.26 -22.913 -0.407
2020-03-29 309 5609.26 0 0
2020-03-30 309 5609.26 0 0
2020-03-31 307 5648.867 39.607 0.706
2020-04-01 311 5627.302 -21.565 -0.382
2020-04-02 305 5601.199 -26.103 -0.464
2020-04-03 308 5616.594 15.395 0.275
2020-04-04 309 5588.978 -27.616 -0.492
2020-04-05 309 5588.978 0 0
2020-04-06 309 5588.978 0 0
2020-04-07 320 5597.257 8.279 0.148
2020-04-08 321 5644.974 47.717 0.853
2020-04-09 326 5648.654 3.68 0.065
2020-04-10 328 5649.827 1.173 0.021
2020-04-11 328 5649.827 0 0
2020-04-12 328 5649.827 0 0
2020-04-13 325 5639.977 -9.85 -0.174
2020-04-14 327 5652.436 12.459 0.221
2020-04-15 326 5634.812 -17.624 -0.312
2020-04-16 323 5644.286 9.474 0.168
2020-04-17 324 5675.552 31.266 0.554
2020-04-18 326 5676.219 0.667 0.012
2020-04-19 326 5676.219 0 0
2020-04-20 325 5699.142 22.923 0.404
2020-04-21 324 5667.803 -31.339 -0.55
2020-04-23 326 5687.484 19.681 0.347
2020-04-24 326 5687.117 -0.367 -0.006
2020-04-25 329 5686.756 -0.361 -0.006
2020-04-26 329 5686.756 0 0
2020-04-27 332 5693.832 7.076 0.124
2020-04-28 333 5683.172 -10.66 -0.187
2020-04-29 335 5688.872 5.7 0.1
2020-04-30 341 5618.828 -70.044 -1.231
