2024-03-30 2359 1291.65 0 0
2024-03-31 2359 1291.65 0 0
2024-04-02 2362 1291.65 0 0
2024-04-03 2358 1291.65 0 0
2024-04-04 2362 1291.65 0 0
2024-04-05 2361 1291.65 0 0
2024-04-06 2360 1291.65 0 0
2024-04-07 2360 1291.65 0 0
2024-04-08 2360 1291.65 0 0
2024-04-09 2371 1291.65 0 0
2024-04-10 2361 1291.65 0 0
2024-04-11 2356 1291.65 0 0
2024-04-12 2348 1291.65 0 0
2024-04-13 2344 1291.65 0 0
2024-04-14 2344 1291.65 0 0
2024-04-15 2340 1291.65 0 0
2024-04-16 2325 1291.65 0 0
2024-04-17 2325 1291.65 0 0
2024-04-18 2332 1291.65 0 0
2024-04-19 2328 1291.65 0 0
2024-04-20 2327 1291.65 0 0
2024-04-21 2327 1291.65 0 0
2024-04-22 2331 1291.65 0 0
2024-04-23 2341 1291.65 0 0
2024-04-24 2346 1291.65 0 0
2024-04-25 2337 1291.65 0 0
2024-04-26 2344 1291.65 0 0
2024-04-27 2344 1291.65 0 0
2024-04-28 2344 1291.65 0 0
2024-04-29 2360 1291.65 0 0
2024-04-30 2354 1291.65 0 0
2024-05-01 2353 1291.65 0 0
2024-05-02 2358 1291.65 0 0
2024-05-03 2360 1291.65 0 0
2024-05-04 2362 1291.65 0 0
2024-05-05 2362 1291.65 0 0
2024-05-06 2364 1291.65 0 0
2024-05-07 2365 1291.65 0 0
2024-05-08 2360 1291.65 0 0
2024-05-09 2361 1291.65 0 0
2024-05-10 2367 1291.65 0 0
2024-05-11 2365 1291.65 0 0
2024-05-12 2365 1291.65 0 0
2024-05-13 2363 1291.65 0 0
2024-05-14 2364 1291.65 0 0
2024-05-15 2365 1291.65 0 0
2024-05-16 2371 1291.65 0 0
2024-05-17 2374 1291.65 0 0
2024-05-18 2374 1291.65 0 0
2024-05-19 2374 1291.65 0 0
2024-05-20 2374 1291.65 0 0
2024-05-21 2369 1291.65 0 0
2024-05-22 2366 1291.65 0 0
2024-05-23 2360 1291.65 0 0
2024-05-24 2360 1291.65 0 0
2024-05-25 2360 1291.65 0 0
2024-05-26 2359 1291.65 0 0
2024-05-27 2364 1291.65 0 0
2024-05-28 2360 1291.65 0 0
2024-05-29 2361 1291.65 0 0
2024-05-30 2354 1291.65 0 0
2024-05-31 2348 1291.65 0 0
