2019-11-07 1615 1516.955 0 0
2020-01-19 1695 1488.988 -27.967 -1.844
2020-02-07 1618 1559.245 70.257 4.718
2020-02-15 1634 1555.008 -4.237 -0.272
2020-02-16 1635 1555.008 0 0
2020-02-17 1627 1559.872 4.864 0.313
2020-02-18 1630 1559.753 -0.119 -0.008
2020-02-19 1627 1561.923 2.17 0.139
2020-02-20 1659 1530.715 -31.208 -1.998
2020-02-21 1647 1531.482 0.767 0.05
2020-02-22 1643 1538.296 6.814 0.445
2020-02-23 1643 1538.296 0 0
2020-02-24 1693 1468.66 -69.636 -4.527
2020-02-25 1689 1461.376 -7.284 -0.496
2020-02-26 1684 1457.4 -3.976 -0.272
2020-02-27 1696 1426.731 -30.669 -2.104
2020-02-28 1721 1388.139 -38.592 -2.705
2020-02-29 1719 1387.834 -0.305 -0.022
2020-03-01 1724 1387.834 0 0
2020-03-02 1729 1380.163 -7.671 -0.553
2020-03-03 1717 1407.002 26.839 1.945
2020-03-04 1709 1419.385 12.383 0.88
2020-03-05 1715 1403.377 -16.008 -1.128
2020-03-06 1757 1352.522 -50.855 -3.624
2020-03-07 1740 1367.208 14.686 1.086
2020-03-08 1733 1367.208 0 0
2020-03-09 1816 1245.481 -121.727 -8.903
2020-03-10 1868 1189.81 -55.671 -4.47
2020-03-11 1876 1155.988 -33.822 -2.843
2020-03-12  983.314 -172.674 -14.937
2020-03-14 2005 1002.289 18.975 1.93
2020-03-15 2005 1002.289 0 0
2020-03-16  934.587 -67.702 -6.755
2020-03-25 1908 1022.941 88.354 9.454
2020-03-26 1906 1042.949 20.008 1.956
2020-03-27 1872 1086.794 43.845 4.204
2020-03-28 1904 1055.47 -31.324 -2.882
2020-03-29 1904 1055.47 0 0
2020-03-30 1904 1055.47 0 0
2020-03-31 1936 1017.593 -37.877 -3.589
