2020-01-19 873 2979.736 0 0
2020-02-07 934 2791.646 -188.09 -6.738
2020-02-15 871 2982.41 190.764 6.396
2020-02-16 871 2982.41 0 0
2020-02-17 850 3035.133 52.723 1.737
2020-02-18 825 3104.333 69.2 2.229
2020-02-19 855 3009.655 -94.678 -3.146
2020-02-20 847 3022.653 12.998 0.43
2020-02-21 817 3121.543 98.89 3.168
2020-02-22 819 3111.166 -10.377 -0.334
2020-02-23 819 3111.166 0 0
2020-02-24 783 3176.522 65.356 2.057
2020-02-25 792 3115.677 -60.845 -1.953
2020-02-26 847 2937.518 -178.159 -6.065
2020-02-27 779 3122.471 184.953 5.923
2020-02-28 846 2880.231 -242.24 -8.41
2020-02-29 846 2890.944 10.713 0.371
