2019-11-07 1468 1698.406 0 0
2020-01-19 1427 1825.172 126.766 7.464
2020-02-07 1379 1862.526 37.354 2.047
2020-02-15 1383 1867.919 5.393 0.29
2020-02-16 1384 1867.919 0 0
2020-02-17 1380 1880.662 12.743 0.682
2020-02-18 1381 1878.65 -2.012 -0.107
2020-02-19 1384 1883.284 4.634 0.247
2020-02-20 1393 1854.976 -28.308 -1.503
2020-02-21 1391 1857.982 3.006 0.162
2020-02-22 1391 1866.249 8.267 0.445
2020-02-23 1390 1866.249 0 0
2020-02-24 1401 1829.342 -36.907 -1.978
2020-02-25 1408 1808.989 -20.353 -1.113
2020-02-26 1401 1806.334 -2.655 -0.147
2020-02-27 1419 1770.583 -35.751 -1.979
2020-02-28 1414 1756.602 -13.981 -0.79
2020-02-29 1411 1756.216 -0.386 -0.022
2020-03-01 1412 1756.216 0 0
2020-03-02 1392 1789.497 33.281 1.895
2020-03-03 1372 1844.029 54.532 3.047
2020-03-04 1363 1865.686 21.657 1.174
2020-03-05 1368 1856.695 -8.991 -0.482
2020-03-06 1387 1807.715 -48.98 -2.638
2020-03-07 1373 1827.344 19.629 1.086
2020-03-08 1369 1827.344 0 0
2020-03-09 1391 1750.757 -76.587 -4.191
2020-03-10 1387 1746.873 -3.884 -0.222
2020-03-11 1386 1715.585 -31.288 -1.791
2020-03-12 1430 1605.103 -110.482 -6.44
2020-03-13 1403 1610.754 5.651 0.352
2020-03-14 1406 1608.971 -1.783 -0.111
2020-03-15 1405 1608.971 0 0
2020-03-16 1420 1550.961 -58.01 -3.605
2020-03-17 1398 1567.35 16.389 1.057
2020-03-18 1455 1469.67 -97.68 -6.232
2020-03-19 1441 1468.794 -0.876 -0.06
2020-03-20 1438 1482.134 13.34 0.908
2020-03-21 1444 1480.392 -1.742 -0.118
2020-03-22 1444 1480.392 0 0
2020-03-23 1436 1463.536 -16.856 -1.139
2020-03-24 1416 1473.142 9.606 0.656
2020-03-25 1421 1521.294 48.152 3.269
2020-03-26 1382 1582.002 60.708 3.991
2020-03-27 1363 1648.081 66.079 4.177
2020-03-28 1350 1644.637 -3.444 -0.209
2020-03-29 1350 1644.637 0 0
2020-03-30 1350 1644.637 0 0
2020-03-31 1366 1611.981 -32.656 -1.986
2020-04-01 1368 1618.255 6.274 0.389
2020-04-02 1384 1578.084 -40.171 -2.482
2020-04-03 1402 1564.974 -13.11 -0.831
2020-04-04 1407 1542.157 -22.817 -1.458
2020-04-05 1407 1542.157 0 0
2020-04-06 1407 1542.157 0 0
2020-04-07 1378 1619.182 77.025 4.995
2020-04-08 1427 1622.207 3.025 0.187
2020-04-09 1426 1643.571 21.364 1.317
2020-04-10 1427 1654.897 11.326 0.689
2020-04-11 1427 1654.897 0 0
2020-04-12 1427 1654.897 0 0
2020-04-13 1423 1654.897 0 0
2020-04-14 1413 1684.174 29.277 1.769
2020-04-15 1422 1673 -11.174 -0.663
2020-04-16 1424 1656.587 -16.413 -0.981
2020-04-17 1430 1653.507 -3.08 -0.186
2020-04-18 1436 1659.448 5.941 0.359
2020-04-19 1436 1659.448 0 0
2020-04-20 1438 1648.675 -10.773 -0.649
2020-04-21 1432 1633.133 -15.542 -0.943
2020-04-23 1440 1626.338 -6.795 -0.416
2020-04-24 1468 1601.404 -24.934 -1.533
2020-04-25 1473 1598.98 -2.424 -0.151
2020-04-26 1474 1598.98 0 0
2020-04-27 1484 1593.966 -5.014 -0.314
2020-04-28 1476 1609.508 15.542 0.975
2020-04-29 1468 1630.056 20.548 1.277
2020-04-30 1481 1631.899 1.843 0.113
2020-05-01 1467 1646.913 15.014 0.92
2020-05-02 1452 1655.253 8.34 0.506
2020-05-03 1451 1655.253 0 0
2020-05-04 1470 1625.301 -29.952 -1.81
2020-05-05 1460 1632.068 6.767 0.416
2020-05-06 1480 1613.53 -18.538 -1.136
2020-05-07 1491 1602.25 -11.28 -0.699
2020-05-08 1467 1643.791 41.541 2.593
2020-05-09 1463 1658.267 14.476 0.881
2020-05-10 1463 1658.267 0 0
2020-05-11 1480 1637.09 -21.177 -1.277
2020-05-12 1459 1657.446 20.356 1.243
2020-05-13 1449 1668.042 10.596 0.639
2020-05-14 1473 1622.739 -45.303 -2.716
2020-05-15 1478 1619.213 -3.526 -0.217
2020-05-16 1484 1620.088 0.875 0.054
2020-05-17 1484 1620.088 0 0
2020-05-18 1481 1630.458 10.37 0.64
2020-05-19 1490 1631.936 1.478 0.091
2020-05-20 1484 1649.734 17.798 1.091
2020-05-21 1486 1653.567 3.833 0.232
2020-05-23 1483 1637.249 -16.318 -0.987
2020-05-24 1483 1637.249 0 0
2020-05-25 1454 1682.033 44.784 2.735
2020-05-26 1459 1686.411 4.378 0.26
2020-05-27 1458 1699.841 13.43 0.796
2020-05-28 1440 1718.518 18.677 1.099
2020-05-29 1453 1717.765 -0.753 -0.044
2020-05-30 1445 1728.274 10.509 0.612
2020-05-31 1445 1728.274 0 0
2020-06-01 1440 1740.655 12.381 0.716
2020-06-02 1424 1766.547 25.892 1.487
2020-06-03 1428 1789.762 23.215 1.314
2020-06-04 1428 1785.872 -3.89 -0.217
2020-06-05 1417 1818.002 32.13 1.799
2020-06-06 1426 1813.066 -4.936 -0.272
2020-06-07 1426 1813.066 0 0
2020-06-08 1422 1813.766 0.7 0.039
2020-06-09 1428 1804.728 -9.038 -0.498
2020-06-10 1431 1801.75 -2.978 -0.165
2020-06-11 1448 1771.156 -30.594 -1.698
2020-06-12 1439 1774.535 3.379 0.191
2020-06-13 1453 1753.581 -20.954 -1.181
2020-06-14 1453 1753.581 0 0
2020-06-15 1446 1761.23 7.649 0.436
2020-06-16 1432 1794.181 32.951 1.871
2020-06-17 1459 1772.7 -21.481 -1.197
2020-06-18 1455 1771.657 -1.043 -0.059
2020-06-19 1457 1766.793 -4.864 -0.275
2020-06-20 1461 1761.063 -5.73 -0.324
2020-06-21 1461 1761.063 0 0
2020-06-22 1469 1760.026 -1.037 -0.059
2020-06-23 1469 1771.364 11.338 0.644
2020-06-24 1469 1771.364 0 0
2020-06-25 1467 1758.128 -13.236 -0.747
2020-06-26 1474 1736.334 -21.794 -1.24
2020-06-27 1477 1734.583 -1.751 -0.101
2020-06-28 1479 1734.583 0 0
2020-06-29 1479 1724.886 -9.697 -0.559
2020-06-30 1494 1722.287 -2.599 -0.151
2020-07-01 1498 1722.397 0.11 0.006
2020-07-07 1507 1733.161 10.764 0.625
2020-07-08 1532 1718.194 -14.967 -0.864
2020-07-09 1541 1714.46 -3.734 -0.217
2020-07-10 1539 1712.375 -2.085 -0.122
2020-07-11 1538 1716.251 3.876 0.226
2020-07-12 1538 1716.251 0 0
2020-07-13 1536 1727.099 10.848 0.632
2020-07-14 1537 1721.049 -6.05 -0.35
2020-07-15 1525 1737.543 16.494 0.958
2020-07-16 1516 1737.543 0 0
2020-07-17 1526 1723.423 -14.12 -0.813
2020-07-18 1526 1723.423 0 0
2020-07-20 1532 1717.808 -5.615 -0.326
2020-07-21 1537 1717.808 0 0
2020-07-22 1520 1746.854 29.046 1.691
2020-07-23 1514 1749.949 3.095 0.177
2020-07-24 1507 1729.202 -20.747 -1.186
2020-07-25 1504 1733.423 4.221 0.244
2020-07-26 1502 1733.423 0 0
2020-07-27 1522 1719.048 -14.375 -0.829
2020-07-28 1515 1735.169 16.121 0.938
2020-07-29 1521 1734.573 -0.596 -0.034
2020-07-30 1546 1715.466 -19.107 -1.102
2020-07-31 1543 1719.106 3.64 0.212
2020-08-04 1558 1707.457 -11.649 -0.678
2020-08-05 1541 1738.084 30.627 1.794
2020-08-06 1542 1748.428 10.344 0.595
2020-08-07 1529 1752.15 3.722 0.213
2020-08-08 1531 1744.094 -8.056 -0.46
2020-08-09 1531 1744.094 0 0
2020-08-10 1523 1766.327 22.233 1.275
2020-08-12 1505 1777.261 10.934 0.619
2020-08-13 1511 1776.494 -0.767 -0.043
2020-08-14 1528 1771.815 -4.679 -0.263
2020-08-15 1525 1770.558 -1.257 -0.071
2020-08-16 1525 1770.558 0 0
2020-08-17 1528 1771.655 1.097 0.062
2020-08-18 1511 1785.615 13.96 0.788
2020-08-19 1491 1804.547 18.932 1.06
2020-08-20 1499 1787.559 -16.988 -0.941
2020-08-21 1509 1779.767 -7.792 -0.436
2020-08-22 1517 1770.542 -9.225 -0.518
2020-08-23 1517 1770.542 0 0
2020-08-24 1506 1787.66 17.118 0.967
2020-08-25 1503 1790.537 2.877 0.161
2020-08-26 1500 1791.288 0.751 0.042
2020-08-27 1504 1787.152 -4.136 -0.231
2020-08-28 1510 1780.387 -6.765 -0.379
2020-08-29 1500 1796.697 16.31 0.916
2020-08-30 1500 1796.697 0 0
2020-08-31 1519 1773.523 -23.174 -1.29
2020-09-01 1513 1784.861 11.338 0.639
2020-09-02 1513 1807.694 22.833 1.279
2020-09-03 1516 1791.27 -16.424 -0.909
2020-09-04 1524 1778.037 -13.233 -0.739
2020-09-05 1535 1772.163 -5.874 -0.33
2020-09-06 1535 1772.163 0 0
2020-09-07 1509 1794.049 21.886 1.235
2020-09-09 1519 1762.212 -31.837 -1.775
2020-09-10 1531 1740.612 -21.6 -1.226
2020-09-11 1538 1740.895 0.283 0.016
2020-09-12 1545 1735.128 -5.767 -0.331
2020-09-13 1545 1735.128 0 0
2020-09-14 1543 1746.102 10.974 0.632
2020-09-15 1540 1768.631 22.529 1.29
2020-09-16 1535 1772.449 3.818 0.216
2020-09-17 1540 1774.215 1.766 0.1
2020-09-18 1552 1758.295 -15.92 -0.897
2020-09-19 1548 1766.01 7.715 0.439
2020-09-21 1551 1738.51 -27.5 -1.557
2020-09-22 1558 1718.094 -20.416 -1.174
2020-09-23 1555 1723.883 5.789 0.337
2020-09-24 1542 1721.42 -2.463 -0.143
2020-09-25 1575 1685.46 -35.96 -2.089
2020-09-26 1577 1682.327 -3.133 -0.186
2020-09-27 1578 1682.327 0 0
2020-09-28 1567 1706.036 23.709 1.409
2020-09-29 1577 1691.286 -14.75 -0.865
2020-09-30 1578 1689.64 -1.646 -0.097
