2021-04-09 2012 1554.793 0 0
2021-04-10 2009 1554.733 -0.06 -0.004
2021-04-11 2010 1554.733 0 0
2021-04-12 2034 1523.735 -30.998 -2.034
2021-04-13 2094 1479.174 -44.561 -3.013
2021-04-14 2067 1503.216 24.042 1.599
2021-04-15 2092 1490.816 -12.4 -0.832
2021-04-16 2094 1496.867 6.051 0.404
2021-04-17 2095 1496.251 -0.616 -0.041
2021-04-18 2095 1496.251 0 0
2021-04-19 2052 1527.282 31.031 2.032
2021-04-20 2074 1510.702 -16.58 -1.098
2021-04-21 2110 1484.241 -26.461 -1.783
2021-04-22 2078 1503.346 19.105 1.271
2021-04-23 2049 1535.175 31.829 2.073
2021-04-24 2049 1535.175 0 0
2021-04-25 2049 1535.037 -0.138 -0.009
2021-04-26 2069 1519.502 -15.535 -1.022
2021-04-27 2049 1546.848 27.346 1.768
2021-04-28 2087 1515.305 -31.543 -2.082
2021-04-29 2053 1540.366 25.061 1.627
2021-04-30 2067 1534.404 -5.962 -0.389
2021-05-01 2065 1533.713 -0.691 -0.045
