2023-02-12 1144 2627.344 0 0
2023-02-13 1146 2634.608 7.264 0.276
2023-02-14 1142 2630.226 -4.382 -0.166
2023-02-15 1201 2539.431 -90.795 -3.452
2023-02-16 1205 2516.974 -22.457 -0.884
2023-02-17 1205 2493.95 -23.024 -0.915
2023-02-18 1206 2493.95 0 0
2023-02-19 1207 2493.95 0 0
2023-02-20 1156 2605.421 111.471 4.47
2023-02-21 1159 2596.329 -9.092 -0.349
2023-02-22 1172 2561.951 -34.378 -1.324
2023-02-23 1174 2556.561 -5.39 -0.21
2023-02-24 1162 2570.767 14.206 0.556
2023-02-25 1166 2554.318 -16.449 -0.64
2023-02-27 1149 2585.998 31.68 1.24
