2019-11-07 363 5628.917 0 0
2020-01-19 368 5697.133 68.216 1.212
2020-02-07 365 5675.685 -21.448 -0.376
2020-02-15 367 5689.719 14.034 0.247
2020-02-16 367 5689.719 0 0
2020-02-17 367 5689.719 0 0
2020-02-18 365 5689.719 0 0
2020-02-19 363 5700.104 10.385 0.183
2020-02-20 365 5662.453 -37.651 -0.661
2020-02-21 367 5631.092 -31.361 -0.554
2020-02-22 365 5665.388 34.296 0.609
2020-02-23 365 5665.388 0 0
2020-02-24 363 5665.388 0 0
2020-02-25 355 5650.743 -14.645 -0.258
2020-02-26 293 6565.795 915.052 16.193
2020-02-27 288 6470.938 -94.857 -1.445
2020-02-28 289 6449.279 -21.659 -0.335
2020-02-29 289 6399.029 -50.25 -0.779
2020-03-01 289 6399.029 0 0
2020-03-02 298 6399.029 0 0
2020-03-03 296 6385.164 -13.865 -0.217
2020-03-04 296 6421.174 36.01 0.564
2020-03-05 296 6421.174 0 0
2020-03-06 288 6473.446 52.272 0.814
2020-03-07 287 6529.128 55.682 0.86
2020-03-08 286 6529.128 0 0
2020-03-09 278 6529.128 0 0
2020-03-10 274 6564.203 35.075 0.537
2020-03-11 275 6481.822 -82.381 -1.255
2020-03-12 258 6455.096 -26.726 -0.412
2020-03-13 260 6282.669 -172.427 -2.671
2020-03-14 273 6212.55 -70.119 -1.116
2020-03-15 273 6212.55 0 0
2020-03-16 263 6212.55 0 0
2020-03-17 259 6150.767 -61.783 -0.994
2020-03-18 271 6017.055 -133.712 -2.174
2020-03-19 271 5893.189 -123.866 -2.059
2020-03-20 274 5841.651 -51.538 -0.875
2020-03-21 273 5883.5 41.849 0.716
2020-03-22 273 5883.5 0 0
2020-03-23 271 5883.5 0 0
2020-03-24 271 5756.406 -127.094 -2.16
2020-03-25 276 5902.215 145.809 2.533
2020-03-26 283 5891.803 -10.412 -0.176
2020-03-27 282 6079.854 188.051 3.192
2020-03-28 272 6188.758 108.904 1.791
2020-03-29 272 6188.758 0 0
2020-03-30 272 6188.758 0 0
2020-03-31 271 6218.719 29.961 0.484
