2019-11-07 1026 2441.114 0 0
2020-01-19 1044 2493.847 52.733 2.16
2020-02-07 1043 2465.941 -27.906 -1.119
2020-02-15 1295 2008.128 -457.813 -18.565
2020-02-16 1296 2008.128 0 0
2020-02-17 1289 2030.363 22.235 1.107
2020-02-18 1288 2030.363 0 0
2020-02-19 1302 2005.921 -24.442 -1.204
2020-02-20 1311 2005.578 -0.343 -0.017
2020-02-21 1315 2001.323 -4.255 -0.212
2020-02-22 1328 1980.577 -20.746 -1.037
2020-02-23 1328 1980.577 0 0
2020-02-24 1312 1980.577 0 0
2020-02-25 1340 1935.226 -45.351 -2.29
2020-02-26 1345 1912.485 -22.741 -1.175
2020-02-27 1329 1911.545 -0.94 -0.049
2020-02-28 1366 1831.801 -79.744 -4.172
2020-02-29 1393 1776.927 -54.874 -2.996
2020-03-01 1395 1776.927 0 0
2020-03-02 1401 1776.927 0 0
2020-03-03 1385 1821.591 44.664 2.514
2020-03-04 1354 1887.068 65.477 3.594
2020-03-05 1352 1882.492 -4.576 -0.242
2020-03-06 1371 1833.269 -49.223 -2.615
2020-03-07 1409 1777.742 -55.527 -3.029
2020-03-08 1405 1777.742 0 0
2020-03-09 1382 1777.742 0 0
2020-03-10 1497 1587.58 -190.162 -10.697
2020-03-11 1482 1581.287 -6.293 -0.396
2020-03-12 1499 1512.302 -68.985 -4.363
2020-03-13 1601 1379.487 -132.815 -8.782
2020-03-14 1510 1494.234 114.747 8.318
2020-03-15 1510 1494.234 0 0
2020-03-16 1469 1494.234 0 0
2020-03-17 1546 1403.339 -90.895 -6.083
2020-03-18 1550 1374.761 -28.578 -2.036
2020-03-19 1595 1303.773 -70.988 -5.164
2020-03-20 1606 1295.066 -8.707 -0.668
2020-03-21 1597 1312.014 16.948 1.309
2020-03-22 1597 1312.014 0 0
2020-03-23 1572 1312.014 0 0
2020-03-24 1625 1244.411 -67.603 -5.153
2020-03-25 1622 1288.155 43.744 3.515
2020-03-26 1612 1316.045 27.89 2.165
2020-03-27 1570 1388.573 72.528 5.511
2020-03-28 1616 1333.881 -54.692 -3.939
2020-03-29 1616 1333.881 0 0
2020-03-30 1616 1333.881 0 0
2020-03-31 1637 1302.74 -31.141 -2.335
