2020-04-08 1999 1115.362 0 0
2020-04-10 1946 1160.514 45.152 3.891
2020-04-11 1946 1160.514 0 0
2020-04-12 1946 1160.514 0 0
2020-04-13 1886 1204.872 44.358 3.682
2020-04-14 1855 1230.793 25.921 2.106
2020-04-15 1911 1190.35 -40.443 -3.398
2020-04-17 1912 1189.892 -0.458 -0.038
2020-04-18 1919 1189.422 -0.47 -0.04
2020-04-19 1919 1189.422 0 0
2020-04-20 1895 1207.082 17.66 1.463
2020-04-21 1917 1186.534 -20.548 -1.732
2020-04-23 1886 1209.259 22.725 1.879
2020-04-24 1899 1202.278 -6.981 -0.581
2020-04-25 1897 1201.582 -0.696 -0.058
2020-04-26 1897 1201.582 0 0
2020-04-27 1785 1302.991 101.409 7.783
2020-04-28 1771 1323.533 20.542 1.552
2020-04-29 1801 1308.946 -14.587 -1.114
2020-04-30 1839 1282.281 -26.665 -2.079
2020-05-01 1829 1286.408 4.127 0.321
2020-05-02 1828 1286.408 0 0
2020-05-03 1828 1286.408 0 0
2020-05-04 1824 1286.408 0 0
2020-05-05 1824 1286.408 0 0
2020-05-06 1817 1297.314 10.906 0.841
2020-05-07 1796 1306.853 9.539 0.73
2020-05-08 1787 1320.509 13.656 1.034
2020-05-09 1793 1322.748 2.239 0.169
2020-05-10 1793 1322.748 0 0
2020-05-11 1833 1295.008 -27.74 -2.142
2020-05-12 1792 1322.622 27.614 2.088
2020-05-13 1647 1454.123 131.501 9.043
2020-05-14 1619 1474.76 20.637 1.399
2020-05-15 1683 1413.098 -61.662 -4.364
2020-05-16 1685 1411.964 -1.134 -0.08
2020-05-17 1685 1411.964 0 0
2020-05-18 1631 1466.122 54.158 3.694
2020-05-19 1641 1470.551 4.429 0.301
2020-05-20 1665 1455.734 -14.817 -1.018
2020-05-21 1673 1455.174 -0.56 -0.038
2020-05-22 1688 1432.656 -22.518 -1.572
2020-05-23 1692 1424.491 -8.165 -0.573
2020-05-24 1692 1424.491 0 0
2020-05-25 1674 1440.356 15.865 1.101
2020-05-26 1635 1487.374 47.018 3.161
2020-05-27 1660 1477.592 -9.782 -0.662
2020-05-28 1688 1449.544 -28.048 -1.935
2020-05-29 1571 1571.969 122.425 7.788
2020-05-30 1571 1574.96 2.991 0.19
2020-05-31 1571 1574.96 0 0
