2019-11-07 1937 1170.139 0 0
2020-01-19 1950 1211.926 41.787 3.571
2020-02-07 2006 1133.72 -78.206 -6.453
2020-02-15 1991 1159.295 25.575 2.256
2020-02-16 1993 1159.295 0 0
2020-02-17 1991 1162.534 3.239 0.279
2020-02-18 1987 1162.741 0.207 0.018
2020-02-19 1988 1164.819 2.078 0.179
2020-02-20 1988 1161.558 -3.261 -0.28
2020-02-21 1991 1155.759 -5.799 -0.499
2020-02-22 1993 1153.189 -2.57 -0.222
2020-02-23 1992 1153.189 0 0
2020-02-24 1985 1144.498 -8.691 -0.754
2020-02-25 1989 1135.793 -8.705 -0.761
2020-02-26 1980 1139.756 3.963 0.349
2020-02-27 1974 1138.152 -1.604 -0.141
2020-02-28 1961 1131.174 -6.978 -0.613
2020-02-29 1948 1133.779 2.605 0.23
2020-03-01 1949 1133.779 0 0
2020-03-02 1957 1131.304 -2.475 -0.218
2020-03-03 1959 1136.993 5.689 0.503
2020-03-04 1964 1140.359 3.366 0.296
2020-03-05 1955 1147.243 6.884 0.604
2020-03-06 1961 1141.245 -5.998 -0.523
2020-03-07 1960 1141.565 0.32 0.028
2020-03-08 1957 1141.565 0 0
2020-03-09 1935 1125.095 -16.47 -1.443
2020-03-10 1923 1132.734 7.639 0.679
2020-03-11 1916 1124.798 -7.936 -0.701
2020-03-12 1854 1142.954 18.156 1.614
2020-03-13 1868 1120.044 -22.91 -2.004
2020-03-14 1870 1120.068 0.024 0.002
2020-03-15 1871 1120.068 0 0
2020-03-16 1840 1117.857 -2.211 -0.197
2020-03-17 1832 1113.11 -4.747 -0.425
2020-03-18 1841 1084.349 -28.761 -2.584
2020-03-19 1849 1056.878 -27.471 -2.533
2020-03-20 1858 1057.263 0.385 0.036
2020-03-21 1863 1059.853 2.59 0.245
2020-03-22 1863 1059.853 0 0
2020-03-23 1848 1050.958 -8.895 -0.839
2020-03-24 1844 1046.096 -4.862 -0.463
2020-03-25 1852 1065.712 19.616 1.875
2020-03-26 1870 1077.514 11.802 1.107
2020-03-27 1875 1084.8 7.286 0.676
2020-03-28 1882 1077.907 -6.893 -0.635
2020-03-29 1882 1077.907 0 0
2020-03-30 1882 1077.907 0 0
2020-03-31 1872 1078.355 0.448 0.042
