2025-04-02 125 16582.806 0 0
2025-04-03 121 16610.921 28.115 0.17
2025-04-04 128 15897.656 -713.265 -4.294
2025-04-05 128 15896.106 -1.55 -0.01
2025-04-06 128 15896.106 0 0
2025-04-07 127 15655.304 -240.802 -1.515
2025-04-08 129 15567.388 -87.916 -0.562
2025-04-09 124 16188.213 620.825 3.988
2025-04-10 130 15986.809 -201.404 -1.244
2025-04-11 122 16377.088 390.279 2.441
2025-04-12 125 16379.845 2.757 0.017
2025-04-13 126 16379.845 0 0
2025-04-14 124 16645.509 265.664 1.622
2025-04-15 117 17030.426 384.917 2.312
2025-04-16 122 16925.762 -104.664 -0.615
2025-04-17 119 17048.905 123.143 0.728
2025-04-18 119 17049.005 0.1 0.001
2025-04-19 119 17049.005 0 0
2025-04-20 119 17049.005 0 0
2025-04-21 119 16919.661 -129.344 -0.759
2025-04-22 120 17072.224 152.563 0.902
2025-04-23 121 17054.103 -18.121 -0.106
2025-04-24 122 17055.044 0.941 0.006
2025-04-25 121 17027.705 -27.339 -0.16
2025-04-26 121 17027.859 0.154 0.001
2025-04-27 121 17027.859 0 0
2025-04-28 120 17082.014 54.155 0.318
2025-04-29 119 17218.682 136.668 0.8
2025-04-30 118 17339.805 121.123 0.703
2025-05-01 119 17322.178 -17.627 -0.102
2025-05-02 121 17233.196 -88.982 -0.514
2025-05-03 121 17233.852 0.656 0.004
2025-05-04 121 17233.852 0 0
2025-05-05 121 17322.481 88.629 0.514
2025-05-06 120 17342.089 19.608 0.113
2025-05-07 118 17525.424 183.335 1.057
2025-05-08 119 17416.571 -108.853 -0.621
2025-05-09 120 17441.948 25.377 0.146
2025-05-10 120 17441.693 -0.255 -0.001
2025-05-11 120 17441.693 0 0
2025-05-12 125 17251.324 -190.369 -1.091
2025-05-13 126 17214.601 -36.723 -0.213
2025-05-14 126 17274.582 59.981 0.348
2025-05-15 123 17603.198 328.616 1.902
2025-05-16 123 17716.699 113.501 0.645
2025-05-17 123 17716.823 0.124 0.001
2025-05-18 123 17716.823 0 0
2025-05-19 119 17915.09 198.267 1.119
2025-05-20 119 18066.271 151.181 0.844
2025-05-21 119 18000.961 -65.31 -0.362
2025-05-22 122 17929.732 -71.229 -0.396
2025-05-23 117 17997.77 68.038 0.379
2025-05-24 117 17997.77 0 0
2025-05-25 117 17998.843 1.073 0.006
2025-05-26 119 17998.735 -0.108 -0.001
2025-05-27 120 17977.331 -21.404 -0.119
2025-05-28 118 18098.111 120.78 0.672
2025-05-29 119 18090.036 -8.075 -0.045
2025-05-30 118 18252.809 162.773 0.9
2025-05-31 118 18253.359 0.55 0.003
2025-06-01 118 18253.359 0 0
2025-06-02 118 18165.559 -87.8 -0.481
2025-06-03 122 17976.054 -189.505 -1.043
2025-06-04 119 18045.898 69.844 0.389
2025-06-05 120 18012.938 -32.96 -0.183
2025-06-06 122 17991.37 -21.568 -0.12
2025-06-07 122 17991.053 -0.317 -0.002
2025-06-08 122 17991.053 0 0
2025-06-09 125 17822.707 -168.346 -0.936
2025-06-10 124 17779.247 -43.46 -0.244
2025-06-11 123 17976.756 197.509 1.111
2025-06-12 120 18143.865 167.109 0.93
2025-06-13 122 18007.197 -136.668 -0.753
2025-06-14 122 18007.358 0.161 0.001
2025-06-15 122 18007.358 0 0
2025-06-16 124 18081.11 73.752 0.41
2025-06-17 123 18067.412 -13.698 -0.076
2025-06-18 124 18061.534 -5.878 -0.033
2025-06-19 119 18060.359 -1.175 -0.007
2025-06-20 125 17908.15 -152.209 -0.843
2025-06-21 125 17908.15 0 0
2025-06-22 125 17907.78 -0.37 -0.002
2025-06-23 121 18055.05 147.27 0.822
2025-06-24 121 18148.776 93.726 0.519
2025-06-25 123 18043.817 -104.959 -0.578
2025-06-26 123 18149.573 105.756 0.586
2025-06-27 124 18202.832 53.259 0.293
2025-06-28 124 18202.635 -0.197 -0.001
2025-06-29 124 18202.635 0 0
2025-06-30 121 18433.607 230.972 1.269
2025-07-01 120 18472.67 39.063 0.212
2025-07-02 125 18257.705 -214.965 -1.164
2025-07-03 121 18430.713 173.008 0.948
2025-07-04 120 18431.249 0.536 0.003
2025-07-05 120 18431.249 0 0
2025-07-06 120 18431.249 0 0
2025-07-07 120 18436.404 5.155 0.028
2025-07-08 122 18378.178 -58.226 -0.316
2025-07-09 121 18354.632 -23.546 -0.128
2025-07-10 118 18467.938 113.306 0.617
2025-07-11 120 18293.989 -173.949 -0.942
2025-07-12 120 18293.932 -0.057 0
2025-07-13 120 18293.932 0 0
2025-07-14 112 19378.389 1084.457 5.928
2025-07-15 113 19103.37 -275.019 -1.419
2025-07-16 112 19163.927 60.557 0.317
2025-07-17 112 19022.168 -141.759 -0.74
2025-07-18 112 19022.941 0.773 0.004
2025-07-19 112 19023.288 0.347 0.002
2025-07-20 112 19023.288 0 0
2025-07-21 121 18601.076 -422.212 -2.219
2025-07-22 121 18543.144 -57.932 -0.311
2025-07-23 122 18607.379 64.235 0.346
2025-07-24 121 18754.6 147.221 0.791
2025-07-25 122 18603.756 -150.844 -0.804
2025-07-26 122 18602.946 -0.81 -0.004
2025-07-27 122 18602.946 0 0
2025-07-28 126 18410.103 -192.843 -1.037
2025-07-29 124 18368.036 -42.067 -0.228
2025-07-30 122 18336.373 -31.663 -0.172
2025-07-31 119 18418.106 81.733 0.446
2025-08-01 117 18430.407 12.301 0.067
2025-08-02 117 18430.741 0.334 0.002
2025-08-03 117 18430.741 0 0
2025-08-04 116 18628.287 197.546 1.072
2025-08-05 119 18339.833 -288.454 -1.548
2025-08-06 142 16908.369 -1431.464 -7.805
2025-08-07 140 17023.853 115.484 0.683
2025-08-08 143 16909.124 -114.729 -0.674
2025-08-09 143 16909.18 0.056 0
2025-08-10 143 16909.18 0 0
2025-08-11 152 16535.055 -374.125 -2.213
2025-08-12 155 16213.323 -321.732 -1.946
2025-08-13 159 16172.32 -41.003 -0.253
2025-08-14 157 16034.425 -137.895 -0.853
2025-08-15 153 16287.485 253.06 1.578
2025-08-16 153 16287.352 -0.133 -0.001
2025-08-17 153 16287.352 0 0
2025-08-18 154 16404.074 116.722 0.717
2025-08-19 151 16549.654 145.58 0.887
2025-08-20 150 16607.961 58.307 0.352
2025-08-21 149 16631.027 23.066 0.139
2025-08-22 145 16807.641 176.614 1.062
2025-08-23 148 16808.222 0.581 0.003
2025-08-24 148 16808.222 0 0
2025-08-25 149 16673.184 -135.038 -0.803
2025-08-26 151 16558.942 -114.242 -0.685
2025-08-27 150 16543.036 -15.906 -0.096
2025-08-28 143 16786.428 243.392 1.471
2025-08-29 147 16740.293 -46.135 -0.275
2025-08-30 148 16740.644 0.351 0.002
2025-08-31 148 16740.644 0 0
2025-09-01 148 16740.644 0 0
2025-09-02 146 16743.033 2.389 0.014
2025-09-03 146 16731.731 -11.302 -0.068
2025-09-04 141 16823.315 91.584 0.547
2025-09-05 149 16525.418 -297.897 -1.771
2025-09-06 150 16525.53 0.112 0.001
2025-09-07 150 16525.53 0 0
2025-09-08 151 16447.2 -78.33 -0.474
2025-09-09 149 16597.848 150.648 0.916
2025-09-10 154 16225.788 -372.06 -2.242
2025-09-11 150 16443.426 217.638 1.341
2025-09-12 152 16405.827 -37.599 -0.229
2025-09-13 152 16405.753 -0.074 0
2025-09-14 152 16405.753 0 0
2025-09-15 155 16277.469 -128.284 -0.782
2025-09-16 155 16168.624 -108.845 -0.669
2025-09-17 155 16133.26 -35.364 -0.219
2025-09-18 167 15512.691 -620.569 -3.847
2025-09-19 166 15649.389 136.698 0.881
2025-09-20 166 15649.649 0.26 0.002
2025-09-21 166 15649.649 0 0
2025-09-22 164 15691.39 41.741 0.267
2025-09-23 166 15525.501 -165.889 -1.057
2025-09-24 169 15303.217 -222.284 -1.432
2025-09-25 169 15319.934 16.717 0.109
2025-09-26 168 15252.666 -67.268 -0.439
2025-09-27 168 15252.466 -0.2 -0.001
2025-09-28 168 15252.466 0 0
2025-09-29 171 15192.053 -60.413 -0.396
2025-09-30 173 15131.06 -60.993 -0.401
2025-10-01 174 14932.312 -198.748 -1.314
2025-10-02 177 14856.114 -76.198 -0.51
2025-10-03 176 14961.234 105.12 0.708
2025-10-04 175 14961.425 0.191 0.001
2025-10-05 175 14961.425 0 0
2025-10-06 178 14892.71 -68.715 -0.459
2025-10-07 180 14857.505 -35.205 -0.236
2025-10-08 182 14869.063 11.558 0.078
2025-10-09 184 14754.043 -115.02 -0.774
2025-10-10 178 14849.234 95.191 0.645
2025-10-11 177 14849.27 0.036 0
2025-10-12 177 14849.27 0 0
2025-10-13 176 14930.74 81.47 0.549
2025-10-14 172 15083.416 152.676 1.023
2025-10-15 167 15416.773 333.357 2.21
2025-10-16 169 15205.613 -211.16 -1.37
2025-10-17 167 15361.924 156.311 1.028
2025-10-18 167 15361.797 -0.127 -0.001
2025-10-19 167 15361.797 0 0
2025-10-20 167 15528.645 166.848 1.086
2025-10-21 167 15541.876 13.231 0.085
2025-10-22 165 15693.446 151.57 0.975
2025-10-23 166 15716.557 23.111 0.147
2025-10-24 166 15655.262 -61.295 -0.39
2025-10-25 166 15654.936 -0.326 -0.002
2025-10-26 166 15654.936 0 0
2025-10-27 166 15638.697 -16.239 -0.104
2025-10-28 166 15602.886 -35.811 -0.229
2025-10-29 178 14951.624 -651.262 -4.174
2025-10-30 174 15070.605 118.981 0.796
2025-10-31 174 14966.485 -104.12 -0.691
2025-11-01 174 14966.224 -0.261 -0.002
2025-11-02 174 14966.224 0 0
2025-11-03 172 15157.854 191.63 1.28
2025-11-04 181 14499.46 -658.394 -4.344
2025-11-05 181 14330.038 -169.422 -1.168
2025-11-06 185 13949.881 -380.157 -2.653
2025-11-07 188 13848.763 -101.118 -0.725
2025-11-08 188 13849.252 0.489 0.004
2025-11-09 188 13849.252 0 0
2025-11-10 197 13706.182 -143.07 -1.033
2025-11-11 194 13826.825 120.643 0.88
2025-11-12 195 13900.499 73.674 0.533
2025-11-13 188 14063.974 163.475 1.176
2025-11-14 185 14106.075 42.101 0.299
2025-11-15 186 14105.913 -0.162 -0.001
2025-11-16 186 14105.913 0 0
2025-11-17 191 13818.549 -287.364 -2.037
2025-11-18 192 13712.427 -106.122 -0.768
2025-11-19 194 13614.377 -98.05 -0.715
2025-11-20 197 13426.244 -188.133 -1.382
2025-11-21 192 13664.128 237.884 1.772
2025-11-22 192 13663.575 -0.553 -0.004
2025-11-23 192 13663.575 0 0
2025-11-24 197 13483.284 -180.291 -1.32
2025-11-25 196 13571.283 87.999 0.653
2025-11-26 198 13587.321 16.038 0.118
2025-11-27 198 13587.89 0.569 0.004
2025-11-28 196 13695.445 107.555 0.792
2025-11-29 196 13696.496 1.051 0.008
2025-11-30 196 13696.496 0 0
2025-12-01 203 13536.432 -160.064 -1.169
2025-12-02 203 13544.148 7.716 0.057
2025-12-03 203 13614.184 70.036 0.517
2025-12-04 204 13569.472 -44.712 -0.328
2025-12-05 208 13551.363 -18.109 -0.133
2025-12-06 209 13552.079 0.716 0.005
2025-12-07 209 13552.079 0 0
2025-12-08 214 13282.983 -269.096 -1.986
2025-12-09 215 13207.872 -75.111 -0.565
2025-12-10 216 13294.358 86.486 0.655
2025-12-11 213 13442.959 148.601 1.118
2025-12-12 218 13356.91 -86.049 -0.64
2025-12-13 218 13356.705 -0.205 -0.002
2025-12-14 218 13356.705 0 0
2025-12-15 214 13435.911 79.206 0.593
2025-12-16 210 13475.4 39.489 0.294
2025-12-17 211 13455.922 -19.478 -0.145
2025-12-18 210 13411.277 -44.645 -0.332
2025-12-19 214 13422.985 11.708 0.087
2025-12-20 214 13422.808 -0.177 -0.001
2025-12-21 214 13422.808 0 0
2025-12-22 210 13521.348 98.54 0.734
2025-12-23 211 13525.241 3.893 0.029
2025-12-24 211 13522.195 -3.046 -0.023
2025-12-25 211 13522.598 0.403 0.003
2025-12-26 213 13537.738 15.14 0.112
2025-12-27 213 13537.823 0.085 0.001
2025-12-28 213 13537.823 0 0
2025-12-29 212 13539.032 1.209 0.009
2025-12-30 212 13510.316 -28.716 -0.212
2025-12-31 214 13443.531 -66.785 -0.494
