2019-11-07 1236 2031.614 0 0
2020-01-19 1137 2306.156 274.542 13.513
2020-02-07 1132 2295.793 -10.363 -0.449
2020-02-15 1174 2231.8 -63.993 -2.787
2020-02-16 1174 2231.8 0 0
2020-02-17 1168 2247.482 15.682 0.703
2020-02-18 1165 2247.482 0 0
2020-02-19 1173 2241.82 -5.662 -0.252
2020-02-20 1169 2243.368 1.548 0.069
2020-02-21 1164 2245.261 1.893 0.084
2020-02-22 1157 2254.948 9.687 0.431
2020-02-23 1157 2254.948 0 0
2020-02-24 1147 2254.948 0 0
2020-02-25 1152 2232.405 -22.543 -1
2020-02-26 1142 2227.026 -5.379 -0.241
2020-02-27 1136 2226.046 -0.98 -0.044
2020-02-28 1108 2234.04 7.994 0.359
2020-02-29 1100 2239.066 5.026 0.225
