2019-11-07 127 11911.044 0 0
2020-01-19 132 12308.581 397.537 3.338
2020-02-07 130 12180.221 -128.36 -1.043
2020-02-15 133 12204.083 23.862 0.196
2020-02-16 133 12204.083 0 0
2020-02-17 121 12968.613 764.53 6.265
2020-02-18 118 13165.965 197.352 1.522
2020-02-19 121 12991.006 -174.959 -1.329
2020-02-20 120 13048.722 57.716 0.444
2020-02-21 124 12872.493 -176.229 -1.351
2020-02-22 123 12901.172 28.679 0.223
2020-02-23 123 12901.172 0 0
2020-02-24 115 13096.356 195.184 1.513
2020-02-25 116 12972.932 -123.424 -0.942
2020-02-26 114 12875.714 -97.218 -0.749
2020-02-27 115 12826.736 -48.978 -0.38
2020-02-28 117 12345.915 -480.821 -3.749
2020-02-29 119 12232.537 -113.378 -0.918
2020-03-01 119 12232.537 0 0
2020-03-02 125 12116.351 -116.186 -0.95
2020-03-03 125 12295.766 179.415 1.481
2020-03-04 121 12476.217 180.451 1.468
2020-03-05 124 12581.28 105.063 0.842
2020-03-06 128 12058.436 -522.844 -4.156
2020-03-07 131 11903.749 -154.687 -1.283
2020-03-08 131 11903.749 0 0
2020-03-09 135 11220.13 -683.619 -5.743
2020-03-10 142 10664.674 -555.456 -4.951
2020-03-11 145 10422.768 -241.906 -2.268
2020-03-12 143 10042.82 -379.948 -3.645
2020-03-13 150 9543.813 -499.007 -4.969
2020-03-14 148 9819.305 275.492 2.887
2020-03-15 148 9819.305 0 0
2020-03-16 144 9600.1 -219.205 -2.232
2020-03-17 147 9311.29 -288.81 -3.008
2020-03-18 156 8791.858 -519.432 -5.579
2020-03-19 156 8615.627 -176.231 -2.004
2020-03-20 176 8009.97 -605.657 -7.03
2020-03-21 174 8089.234 79.264 0.99
2020-03-22 174 8089.234 0 0
2020-03-23 156 8449.705 360.471 4.456
2020-03-24 161 8300.785 -148.92 -1.762
2020-03-25 168 8372.729 71.944 0.867
2020-03-26 169 8542.536 169.807 2.028
2020-03-27 163 9129.128 586.592 6.867
2020-03-28 156 9131.73 2.602 0.029
2020-03-29 156 9131.73 0 0
2020-03-30 156 9131.73 0 0
2020-03-31 160 9092.739 -38.991 -0.427
2020-04-01 158 9075.541 -17.198 -0.189
2020-04-02 155 9012.759 -62.782 -0.692
2020-04-03 153 9177.334 164.575 1.826
2020-04-04 151 9240.232 62.898 0.685
2020-04-05 151 9240.232 0 0
2020-04-06 151 9240.232 0 0
2020-04-07 157 9279.489 39.257 0.425
2020-04-08 155 9421.273 141.784 1.528
2020-04-09 156 9476.194 54.921 0.583
2020-04-10 160 9443.168 -33.026 -0.349
2020-04-11 160 9443.168 0 0
2020-04-12 160 9443.168 0 0
2020-04-13 159 9448.018 4.85 0.051
2020-04-14 164 9329.429 -118.589 -1.255
2020-04-15 170 9131.834 -197.595 -2.118
2020-04-16 158 9558.624 426.79 4.674
2020-04-17 165 9358.396 -200.228 -2.095
2020-04-18 166 9230.378 -128.018 -1.368
2020-04-19 166 9230.378 0 0
2020-04-20 171 8854.69 -375.688 -4.07
2020-04-21 163 9283.433 428.743 4.842
2020-04-23 168 9084.176 -199.257 -2.146
2020-04-24 170 9099.462 15.286 0.168
2020-04-25 170 9070.354 -29.108 -0.32
2020-04-26 170 9070.354 0 0
2020-04-27 171 9051.159 -19.195 -0.212
2020-04-28 180 8695.839 -355.32 -3.926
2020-04-29 183 8643.538 -52.301 -0.601
2020-04-30 172 9169.324 525.786 6.083
