2025-07-01 2387 1486.09 0 0
2025-07-02 2389 1491.166 5.076 0.342
2025-07-03 2396 1489.762 -1.404 -0.094
2025-07-04 2393 1487.836 -1.926 -0.129
2025-07-05 2393 1487.836 0 0
2025-07-06 2393 1487.836 0 0
2025-07-07 2388 1487.836 0 0
2025-07-08 2392 1486.09 -1.746 -0.117
2025-07-09 2398 1480.355 -5.735 -0.386
2025-07-10 2399 1483.13 2.775 0.187
2025-07-11 2401 1478.799 -4.331 -0.292
2025-07-12 2398 1480.355 1.556 0.105
2025-07-13 2398 1480.355 0 0
2025-07-14 2402 1480.355 0 0
2025-07-15 2408 1479.145 -1.21 -0.082
2025-07-16 2411 1470.896 -8.249 -0.558
2025-07-17 2413 1468.167 -2.729 -0.186
2025-07-18 2413 1466.976 -1.191 -0.081
2025-07-19 2409 1474.493 7.517 0.512
2025-07-20 2409 1474.493 0 0
2025-07-21 2413 1474.493 0 0
2025-07-22 2408 1480.875 6.382 0.433
2025-07-23 2408 1484.174 3.299 0.223
2025-07-24 2411 1485.567 1.393 0.094
2025-07-25 2405 1489.587 4.02 0.271
2025-07-26 2411 1485.044 -4.543 -0.305
2025-07-27 2411 1485.044 0 0
2025-07-28 2402 1485.044 0 0
2025-07-29 2412 1473.292 -11.752 -0.791
2025-07-30 2426 1458.693 -14.599 -0.991
2025-07-31 2422 1453.335 -5.358 -0.367
