2022-04-05 2610 1059.849 0 0
2022-04-06 2594 1069.713 9.864 0.931
2022-04-07 2571 1071.966 2.253 0.211
2022-04-08 2601 1044.897 -27.069 -2.525
2022-04-09 2596 1045.482 0.585 0.056
2022-04-10 2597 1045.482 0 0
2022-04-11 2573 1056.915 11.433 1.094
2022-04-12 2569 1059.786 2.871 0.272
2022-04-13 2583 1046.881 -12.905 -1.218
2022-04-14 2586 1046.245 -0.636 -0.061
2022-04-15 2587 1046.245 0 0
2022-04-16 2587 1046.245 0 0
2022-04-17 2587 1046.245 0 0
2022-04-18 2566 1056.585 10.34 0.988
2022-04-19 2604 1028.619 -27.966 -2.647
2022-04-20 2583 1037.61 8.991 0.874
2022-04-21 2579 1028.731 -8.879 -0.856
2022-04-22  999.397 -29.334 -2.851
2022-04-27 2550 1003.799 4.402 0.44
2022-04-28 2550 1009.107 5.308 0.529
2022-04-29 2547 1009.214 0.107 0.011
2022-04-30 2561 1009.833 0.619 0.061
2022-05-01 2561 1009.833 0 0
2022-05-02 2560 1005.014 -4.819 -0.477
2022-05-03 2567 1004.168 -0.846 -0.084
2022-05-04  985.625 -18.543 -1.847
2022-06-01  995.526 9.901 1.005
2022-08-03 2521 1007.348 11.822 1.188
2022-08-04 2495 1032.855 25.507 2.532
2022-08-05 2519 1019.424 -13.431 -1.3
2022-08-06 2519 1021.947 2.523 0.247
2022-08-07 2519 1021.947 0 0
2022-08-08 2526 1017.347 -4.6 -0.45
2022-08-09 2521 1012.654 -4.693 -0.461
2022-08-10 2512 1020.85 8.196 0.809
2022-08-11 2536 1022.654 1.804 0.177
2022-08-12 2555 1011.191 -11.463 -1.121
2022-08-13 2557 1010.739 -0.452 -0.045
2022-08-14 2556 1010.739 0 0
2022-08-15 2552 1010.739 0 0
2022-08-16 2538 1016.69 5.951 0.589
2022-08-17 2543 1009.045 -7.645 -0.752
2022-08-18 2535 1017.771 8.726 0.865
2022-08-19 2514 1013.271 -4.5 -0.442
2022-08-20 2512 1011.905 -1.366 -0.135
2022-08-21 2512 1011.905 0 0
2022-08-22 2515 1004.774 -7.131 -0.705
2022-08-23 2485 1020.136 15.362 1.529
2022-08-24 2487 1017.425 -2.711 -0.266
2022-08-25 2501 1006.976 -10.449 -1.027
2022-08-26 2517 1001.385 -5.591 -0.555
2022-08-27 2519 1001.581 0.196 0.02
2022-08-28 2518 1001.581 0 0
2022-08-29  998.202 -3.379 -0.337
2022-08-31 2458 1023.922 25.72 2.577
