2021-01-20 2261 1122.066 0 0
2021-01-21 2272 1112.411 -9.655 -0.868
2021-01-22 2266 1115.382 2.971 0.266
2021-01-23 2266 1113.081 -2.301 -0.207
2021-01-24 2266 1113.081 0 0
2021-01-25 2329 1032.277 -80.804 -7.828
2021-01-26 2355 956.928 -75.349 -7.874
2021-11-16 2702 996.571 39.643 3.978
2021-11-20 2642 1034.427 37.856 3.66
2021-11-21 2642 1034.427 0 0
2021-11-22 2634 1038.567 4.14 0.399
2021-11-23 2544 1114.692 76.125 6.829
2021-11-24 2567 1095.834 -18.858 -1.721
2021-11-25 2568 1088.055 -7.779 -0.715
2021-11-26 2578 1070.818 -17.237 -1.61
2021-11-27 2575 1070.235 -0.583 -0.054
2021-11-28 2575 1070.235 0 0
2021-11-29 2573 1071.411 1.176 0.11
2021-11-30 2589 1053.356 -18.055 -1.714
2021-12-01 2581 1054.315 0.959 0.091
2021-12-02 2590 1043.976 -10.339 -0.99
2021-12-03 2595 1043.403 -0.573 -0.055
2021-12-04 2591 1044.087 0.684 0.066
2021-12-05 2591 1044.087 0 0
2021-12-06 2642 989.861 -54.226 -5.478
2021-12-10 2641 1007.917 18.056 1.791
2021-12-11 2648 1004.017 -3.9 -0.388
2021-12-12 2642 1004.017 0 0
2021-12-13 2651 1003.6 -0.417 -0.042
2021-12-14 2664 983.249 -20.351 -2.07
