2025-04-03 2940 1010.865 0 0
2025-04-04  854.249 -156.616 -15.493
2025-07-01 2905 1092.968 238.719 27.945
2025-07-02 2956 1060.541 -32.427 -2.967
2025-07-03 2928 1077.79 17.249 1.626
2025-07-04 2929 1077.79 0 0
2025-07-05 2929 1077.79 0 0
2025-07-06 2930 1077.79 0 0
2025-07-07 2914 1085.034 7.244 0.672
2025-07-08 2873 1112.287 27.253 2.512
2025-07-09 2862 1119.531 7.244 0.651
2025-07-10 2932 1073.995 -45.536 -4.067
2025-07-11 2924 1075.72 1.725 0.161
2025-07-12 2926 1075.72 0 0
2025-07-13 2927 1075.72 0 0
2025-07-14 2986 1045.017 -30.703 -2.854
2025-07-15 3004 1032.598 -12.419 -1.188
2025-07-16  998.791 -33.807 -3.274
2025-07-18  994.307 -4.484 -0.449
2025-07-22 3023 1030.529 36.222 3.643
