2020-01-19 46 22732.88 0 0
2020-02-07 52 20509.062 -2223.818 -10.843
2020-02-15 57 19815.442 -693.62 -3.5
2020-02-16 57 19815.442 0 0
2020-02-17 54 20270.976 455.534 2.247
2020-02-18 52 21060.681 789.705 3.75
2020-02-19 51 21204.514 143.833 0.678
2020-02-20 51 21175.83 -28.684 -0.135
2020-02-21 51 20918.411 -257.419 -1.231
2020-02-22 51 20884.654 -33.757 -0.162
2020-02-23 51 20884.654 0 0
2020-02-24 49 20884.654 0 0
2020-02-25 51 20063.143 -821.511 -4.095
2020-02-26 54 19977.089 -86.054 -0.431
2020-02-27 55 19592.638 -384.451 -1.962
2020-02-28 55 18974.749 -617.889 -3.256
2020-02-29 55 18982.498 7.749 0.041
2020-03-01 55 18982.498 0 0
2020-03-02 56 19326.35 343.852 1.779
2020-03-03 55 19527.639 201.289 1.031
2020-03-04 55 19741.172 213.533 1.082
2020-03-05 57 19476.226 -264.946 -1.36
2020-03-06 58 19028.23 -447.996 -2.354
2020-03-07 59 18758.905 -269.325 -1.436
2020-03-08 59 18758.905 0 0
2020-03-09 58 18758.905 0 0
2020-03-10 63 17611.17 -1147.735 -6.517
2020-03-11 62 17521.386 -89.784 -0.512
2020-03-12 65 16332.94 -1188.446 -7.276
2020-03-13 69 15988.26 -344.68 -2.156
2020-03-14 65 16172.511 184.251 1.139
2020-03-15 65 16172.511 0 0
2020-03-16 61 16348.944 176.433 1.079
2020-03-17 63 15944.531 -404.413 -2.536
2020-03-18 67 15059.681 -884.85 -5.876
2020-03-19 65 15422.896 363.215 2.355
2020-03-20 66 15019.298 -403.598 -2.687
2020-03-21 67 15047.898 28.6 0.19
2020-03-22 67 15047.898 0 0
2020-03-23 66 15264.55 216.652 1.419
2020-03-24 67 15179.72 -84.83 -0.559
2020-03-25 64 15886.577 706.857 4.449
2020-03-26 62 16413.432 526.855 3.21
2020-03-27 63 16670.142 256.71 1.54
2020-03-28 67 15904.935 -765.207 -4.811
2020-03-29 67 15904.935 0 0
2020-03-30 67 15904.935 0 0
2020-03-31 67 15790.703 -114.232 -0.723
