2022-02-16 981 3288.41 0 0
2022-02-17 978 3288.41 0 0
2022-02-18 972 3288.41 0 0
2023-03-08 1009 2916.021 -372.389 -12.77
2023-03-09 1000 2916.021 0 0
2023-03-10 995 2916.021 0 0
2023-03-11 1029 2836.076 -79.945 -2.819
2023-03-12 1026 2836.076 0 0
2023-03-13 1025 2836.076 0 0
2023-03-14 1017 2836.076 0 0
2023-03-15 1019 2836.076 0 0
2023-03-16 1014 2836.076 0 0
2023-03-17 1018 2836.076 0 0
2023-03-18 1020 2836.076 0 0
2023-03-19 1020 2836.076 0 0
2023-03-20 1017 2836.076 0 0
2023-03-21 1025 2836.076 0 0
2023-03-22 1023 2836.076 0 0
2023-03-23 1029 2836.076 0 0
2023-03-24 1033 2836.076 0 0
2023-03-25 1027 2836.076 0 0
2023-03-26 1027 2836.076 0 0
2023-03-27 1023 2836.076 0 0
2023-03-28 1018 2836.076 0 0
2023-03-29 1025 2836.076 0 0
2023-03-30 1033 2836.076 0 0
2023-03-31 1039 2836.076 0 0
2023-04-01 1039 2836.076 0 0
2023-04-02 1038 2836.076 0 0
2023-04-03 1038 2836.076 0 0
2023-04-04 1039 2836.076 0 0
2023-04-05 1037 2836.076 0 0
2023-04-06 1094 2836.076 0 0
2023-04-07 1095 2836.076 0 0
2023-04-08 1094 2836.076 0 0
2023-04-09 1093 2836.076 0 0
2023-04-10 1098 2836.076 0 0
2023-04-11 1098 2836.076 0 0
2023-04-12 1097 2836.076 0 0
2023-04-13 1101 2836.076 0 0
2023-04-14 1103 2836.076 0 0
2023-04-15 1103 2836.076 0 0
2023-04-16 1103 2836.076 0 0
2023-04-17 1101 2836.076 0 0
2023-04-18 1098 2836.076 0 0
2023-04-19 1092 2836.076 0 0
2023-04-20 1093 2836.076 0 0
2023-04-21 1086 2836.076 0 0
2023-04-22 1085 2836.076 0 0
2023-04-23 1085 2836.076 0 0
2023-04-24 1086 2836.076 0 0
2023-04-25 1087 2836.076 0 0
2023-04-26 1084 2836.076 0 0
2023-04-27 1093 2836.076 0 0
2023-04-28 1094 2836.076 0 0
2023-04-29 1096 2836.076 0 0
2023-04-30 1096 2836.076 0 0
2023-05-01 1097 2836.076 0 0
2023-05-02 1094 2836.076 0 0
2023-05-03 1095 2836.076 0 0
2023-05-04 1090 2836.076 0 0
2023-05-05 1095 2836.076 0 0
2023-05-06 1098 2836.076 0 0
2023-05-07 1098 2836.076 0 0
2023-05-08 1103 2836.076 0 0
2023-05-09 1098 2836.076 0 0
2023-05-10 1091 2836.076 0 0
2023-05-11 1096 2836.076 0 0
2023-05-12 1088 2836.076 0 0
2023-05-13 1085 2836.076 0 0
2023-05-14 1086 2836.076 0 0
2023-05-15 1092 2836.076 0 0
2023-05-16 1092 2836.076 0 0
2023-05-17 1088 2836.076 0 0
2023-05-18 1088 2836.076 0 0
2023-05-19 1085 2836.076 0 0
2023-05-20 1086 2836.076 0 0
2023-05-21 1086 2836.076 0 0
2023-05-22 1090 2836.076 0 0
2023-05-23 1088 2836.076 0 0
2023-05-24 1082 2836.076 0 0
2023-05-25 1073 2836.076 0 0
2023-05-26 1071 2836.076 0 0
2023-05-27 1071 2836.076 0 0
2023-05-28 1071 2836.076 0 0
2023-05-29 1069 2836.076 0 0
2023-05-30 1065 2836.076 0 0
2023-05-31 1065 2836.076 0 0
2023-06-01 1065 2836.076 0 0
2023-06-02 1076 2836.076 0 0
2023-06-03 1078 2836.076 0 0
2023-06-04 1078 2836.076 0 0
2023-06-05 1082 2836.076 0 0
2023-06-06 1078 2836.076 0 0
2023-06-07 1081 2836.076 0 0
2023-06-08 1079 2836.076 0 0
2023-06-09 1079 2836.076 0 0
2023-06-10 1078 2836.076 0 0
2023-06-11 1079 2836.076 0 0
2023-06-12 1079 2836.076 0 0
2023-06-13 1081 2836.076 0 0
2023-06-14 1080 2836.076 0 0
2023-06-15 1086 2836.076 0 0
2023-06-16 1087 2836.076 0 0
2023-06-17 1087 2836.076 0 0
2023-06-18 1087 2836.076 0 0
2023-06-19 1086 2836.076 0 0
2023-06-20 1082 2836.076 0 0
2023-06-21 1073 2836.076 0 0
2023-06-22 1076 2836.076 0 0
2023-06-23 1072 2836.076 0 0
2023-06-24 1069 2836.076 0 0
2023-06-25 1069 2836.076 0 0
2023-06-26 1064 2836.076 0 0
2023-06-27 1064 2836.076 0 0
2023-06-28 1075 2836.076 0 0
2023-06-29 1073 2836.076 0 0
2023-06-30 1082 2836.076 0 0
2023-07-01 1082 2836.076 0 0
2023-07-02 1082 2836.076 0 0
2023-07-03 1083 2836.076 0 0
2023-07-04 1085 2836.076 0 0
2023-07-05 1082 2836.076 0 0
2023-07-06 1071 2836.076 0 0
2023-07-07 1071 2836.076 0 0
2023-07-08 1072 2836.076 0 0
2023-07-09 1072 2836.076 0 0
2023-07-10 1072 2836.076 0 0
2023-07-11 1082 2836.076 0 0
2023-07-12 1086 2836.076 0 0
2023-07-13 1097 2836.076 0 0
2023-07-14 1101 2836.076 0 0
2023-07-15 1101 2836.076 0 0
2023-07-16 1101 2836.076 0 0
2023-07-17 1101 2836.076 0 0
2023-07-18 1100 2836.076 0 0
2023-07-19 1105 2836.076 0 0
2023-07-20 1096 2836.076 0 0
2023-07-21 1097 2836.076 0 0
2023-07-22 1097 2836.076 0 0
2023-07-23 1097 2836.076 0 0
2023-07-24 1096 2836.076 0 0
2023-07-25 1094 2836.076 0 0
2023-07-26 1095 2836.076 0 0
2023-07-27 1101 2836.076 0 0
2023-07-28 1103 2836.076 0 0
2023-07-29 1104 2836.076 0 0
2023-07-30 1104 2836.076 0 0
2023-07-31 1105 2836.076 0 0
2023-08-01 1103 2836.076 0 0
2023-08-02 1088 2836.076 0 0
2023-08-03 1084 2836.076 0 0
2023-08-04 1084 2836.076 0 0
2023-08-05 1090 2836.076 0 0
2023-08-06 1090 2836.076 0 0
2023-08-07 1090 2836.076 0 0
2023-08-08 1084 2836.076 0 0
2023-08-09 1085 2836.076 0 0
2023-08-10 1088 2836.076 0 0
2023-08-11 1085 2836.076 0 0
2023-08-12 1083 2836.076 0 0
2023-08-13 1083 2836.076 0 0
2023-08-14 1084 2836.076 0 0
2023-08-15 1073 2836.076 0 0
2023-08-16 1071 2836.076 0 0
2023-08-17 1068 2836.076 0 0
2023-08-18 1060 2836.076 0 0
2023-08-19 1060 2836.076 0 0
2023-08-20 1061 2836.076 0 0
2023-08-21 1063 2836.076 0 0
2023-08-22 1061 2836.076 0 0
2023-08-23 1068 2836.076 0 0
2023-08-24 1067 2836.076 0 0
2023-08-25 1069 2836.076 0 0
2023-08-26 1068 2836.076 0 0
2023-08-27 1068 2836.076 0 0
2023-08-28 1073 2836.076 0 0
2023-08-29 1083 2836.076 0 0
2023-08-30 1089 2836.076 0 0
2023-08-31 1088 2836.076 0 0
