2021-04-09 2486 1172.507 0 0
2021-04-10 2489 1170.737 -1.77 -0.151
2021-04-11 2490 1170.737 0 0
2021-04-12 2527 1132.888 -37.849 -3.341
2021-04-13 2498 1147.897 15.009 1.308
2021-04-14 2451 1194.147 46.25 3.873
2021-04-15 2447 1200.838 6.691 0.557
2021-04-16 2481 1176.106 -24.732 -2.103
2021-04-17 2482 1177.855 1.749 0.148
2021-04-18 2482 1177.855 0 0
2021-04-19 2430 1221.162 43.307 3.546
2021-04-20 2444 1208.839 -12.323 -1.019
2021-04-21 2450 1207.844 -0.995 -0.082
2021-04-22 2472 1198.693 -9.151 -0.763
2021-04-23 2478 1200.535 1.842 0.153
2021-04-24 2478 1200.535 0 0
2021-04-25 2483 1199.611 -0.924 -0.077
2021-04-26 2462 1219.384 19.773 1.622
2021-04-27 2461 1217.873 -1.511 -0.124
2021-04-28 2472 1208.954 -8.919 -0.738
2021-04-29 2454 1215.815 6.861 0.564
2021-04-30 2455 1215.984 0.169 0.014
2021-05-01 2454 1214.988 -0.996 -0.082
