2020-01-19 1109 2350.651 0 0
2020-02-07 1097 2355.195 4.544 0.193
2020-02-15 1102 2367.934 12.739 0.538
2020-02-16 1103 2367.934 0 0
2020-02-17 1064 2437.058 69.124 2.836
2020-02-18 1052 2457.172 20.114 0.819
2020-02-19 1042 2476.359 19.187 0.775
2020-02-20 1046 2460.92 -15.439 -0.627
2020-02-21 1031 2486.824 25.904 1.042
2020-02-22 1031 2493.614 6.79 0.272
2020-02-23 1031 2493.614 0 0
2020-02-24 1028 2494.448 0.834 0.033
2020-02-25 1029 2470.737 -23.711 -0.96
2020-02-26 1017 2468.82 -1.917 -0.078
2020-02-27 1015 2448.816 -20.004 -0.817
2020-02-28 1037 2361.892 -86.924 -3.68
2020-02-29 1040 2354.179 -7.713 -0.328
2020-03-01 1043 2354.179 0 0
2020-03-02 1038 2376.8 22.621 0.952
2020-03-03 1029 2411.149 34.349 1.425
2020-03-04 1017 2443.424 32.275 1.321
2020-03-05 1016 2441.773 -1.651 -0.068
2020-03-06 994 2452.146 10.373 0.423
2020-03-07 990 2461.437 9.291 0.377
2020-03-08 992 2461.437 0 0
2020-03-09 969 2467.732 6.295 0.255
2020-03-10 954 2468.133 0.401 0.016
2020-03-11 947 2457.293 -10.84 -0.441
2020-03-12 950 2359.465 -97.828 -4.146
2020-03-13 940 2359.337 -0.128 -0.005
2020-03-14 947 2348.317 -11.02 -0.469
2020-03-15 947 2348.317 0 0
2020-03-16 948 2258.073 -90.244 -3.997
2020-03-17 937 2282.47 24.397 1.069
2020-03-18 948 2216.654 -65.816 -2.969
2020-03-19 980 2159.494 -57.16 -2.647
2020-03-20 939 2247.977 88.483 3.936
2020-03-21 937 2254.252 6.275 0.278
2020-03-22 937 2254.252 0 0
2020-03-23 942 2227.781 -26.471 -1.188
2020-03-24 943 2209.294 -18.487 -0.837
2020-03-25 902 2373.144 163.85 6.904
2020-03-26 936 2335.023 -38.121 -1.633
2020-03-27 927 2392.334 57.311 2.396
2020-03-28 919 2405.837 13.503 0.561
2020-03-29 919 2405.837 0 0
2020-03-30 919 2405.837 0 0
2020-03-31 889 2472.397 66.56 2.692
