2021-04-09 456 6000 0 0
2021-04-10 456 6000 0 0
2021-04-11 456 6000 0 0
2021-04-12 455 6000 0 0
2021-04-13 455 6000 0 0
2021-04-14 460 6000 0 0
2021-04-15 462 6000 0 0
2021-04-16 461 6000 0 0
2021-04-17 462 6000 0 0
2021-04-18 462 6000 0 0
2021-04-19 463 6000 0 0
2021-04-20 464 6000 0 0
2021-04-21 464 6000 0 0
2021-04-22 464 6000 0 0
2021-04-23 473 6000 0 0
2021-04-24 473 6000 0 0
2021-04-25 473 6000 0 0
2021-04-26 474 6000 0 0
2021-04-27 477 6000 0 0
2021-04-28 478 6000 0 0
2021-04-29 473 6000 0 0
2021-04-30 473 6000 0 0
2021-05-01 472 6000 0 0
