2019-11-07 424 4941 0 0
2020-01-19 438 4941 0 0
2020-02-07 431 4941 0 0
2020-02-15 434 4941 0 0
2020-02-16 433 4941 0 0
2020-02-17 434 4941 0 0
2020-02-18 435 4941 0 0
2020-02-19 403 5246 305 6.173
2020-02-20 406 5246 0 0
2020-02-21 401 5246 0 0
2020-02-22 401 5246 0 0
2020-02-23 401 5246 0 0
2020-02-24 395 5246 0 0
2020-02-25 417 4957 -289 -5.509
2020-02-26 415 4957 0 0
2020-02-27 414 4957 0 0
2020-02-28 407 4957 0 0
2020-02-29 405 4957 0 0
2020-03-01 405 4957 0 0
2020-03-02 409 4957 0 0
2020-03-03 413 4957 0 0
2020-03-04 416 4957 0 0
2020-03-05 418 4957 0 0
2020-03-06 407 4957 0 0
2020-03-07 410 4957 0 0
2020-03-08 411 4957 0 0
2020-03-09 403 4957 0 0
2020-03-10 401 4957 0 0
2020-03-11 394 4957 0 0
2020-03-12 376 4957 0 0
2020-03-13 367 4957 0 0
2020-03-14 368 4957 0 0
2020-03-15 368 4957 0 0
2020-03-16 357 4957 0 0
2020-03-17 355 4957 0 0
2020-03-18 346 4957 0 0
2020-03-19 341 4957 0 0
2020-03-20 347 4957 0 0
2020-03-21 348 4957 0 0
2020-03-22 348 4957 0 0
2020-03-23 335 4957 0 0
2020-03-24 332 4957 0 0
2020-03-25 352 4957 0 0
2020-03-26 363 4957 0 0
2020-03-27 371 4957 0 0
2020-03-28 367 4957 0 0
2020-03-29 367 4957 0 0
2020-03-30 367 4957 0 0
2020-03-31 370 4957 0 0
2020-04-01 367 4957 0 0
2020-04-02 363 4957 0 0
2020-04-03 361 4957 0 0
2020-04-04 354 4957 0 0
2020-04-05 354 4957 0 0
2020-04-06 354 4957 0 0
2020-04-07 371 4957 0 0
2020-04-08 376 4957 0 0
2020-04-09 382 4957 0 0
2020-04-10 386 4957 0 0
2020-04-11 386 4957 0 0
2020-04-12 386 4957 0 0
2020-04-13 386 4957 0 0
2020-04-14 383 4957 0 0
2020-04-15 388 4957 0 0
2020-04-16 383 4957 0 0
2020-04-17 387 4957 0 0
2020-04-18 391 4957 0 0
2020-04-19 391 4957 0 0
2020-04-20 392 4957 0 0
2020-04-21 389 4957 0 0
2020-04-23 388 4957 0 0
2020-04-24 387 4957 0 0
2020-04-25 386 4957 0 0
2020-04-26 386 4957 0 0
2020-04-27 389 4957 0 0
2020-04-28 393 4957 0 0
2020-04-29 396 4957 0 0
2020-04-30 403 4957 0 0
