2019-11-07 1341 1856 0 0
2020-01-19 1402 1856 0 0
2020-02-07 1386 1856 0 0
2020-02-15 1053 2460 604 32.543
2020-02-16 1053 2460 0 0
2020-02-17 1053 2460 0 0
2020-02-18 1049 2460 0 0
2020-02-19 1053 2460 0 0
2020-02-20 1047 2460 0 0
2020-02-21 1040 2460 0 0
2020-02-22 1041 2460 0 0
2020-02-23 1041 2460 0 0
2020-02-24 1039 2460 0 0
2020-02-25 1036 2460 0 0
2020-02-26 1018 2460 0 0
2020-02-27 1012 2460 0 0
2020-02-28 994 2460 0 0
2020-02-29 993 2460 0 0
2020-03-01 996 2460 0 0
2020-03-02 1003 2460 0 0
2020-03-03 1006 2460 0 0
2020-03-04 1010 2460 0 0
2020-03-05 1004 2460 0 0
2020-03-06 991 2460 0 0
2020-03-07 993 2460 0 0
2020-03-08 1288 1967 -493 -20.041
2020-03-09 1253 1967 0 0
2020-03-10 1249 1967 0 0
2020-03-11 1232 1967 0 0
2020-03-12 1198 1967 0 0
2020-03-13 1187 1967 0 0
2020-03-14 1191 1967 0 0
2020-03-15 1191 1967 0 0
2020-03-16 1157 1967 0 0
2020-03-17 1147 1967 0 0
2020-03-18 1122 1967 0 0
2020-03-19 1105 1967 0 0
2020-03-20 1114 1967 0 0
2020-03-21 1116 1967 0 0
2020-03-22 1116 1967 0 0
2020-03-23 1095 1967 0 0
2020-03-24 1083 1967 0 0
2020-03-25 1119 1967 0 0
2020-03-26 1143 1967 0 0
2020-03-27 1159 1967 0 0
2020-03-28 1145 1967 0 0
2020-03-29 1145 1967 0 0
2020-03-30 1145 1967 0 0
2020-03-31 1138 1967 0 0
