2025-07-31 1144 3407.456 0 0
2025-08-01 1138 3407.363 -0.093 -0.003
2025-08-02 1137 3407.363 0 0
2025-08-03 1137 3407.363 0 0
2025-08-04 1135 3407.363 0 0
2025-08-05 1132 3407.363 0 0
2025-08-06 1138 3407.363 0 0
2025-08-07 1144 3407.456 0.093 0.003
2025-08-08 1145 3407.456 0 0
2025-08-09 1144 3407.456 0 0
2025-08-10 1144 3407.456 0 0
2025-08-11 1145 3407.456 0 0
2025-08-12 1150 3407.456 0 0
2025-08-13 1156 3407.456 0 0
2025-08-14 1155 3407.549 0.093 0.003
2025-08-15 1153 3407.549 0 0
2025-08-16 1155 3407.456 -0.093 -0.003
2025-08-17 1155 3407.456 0 0
2025-08-18 1159 3407.456 0 0
2025-08-19 1157 3407.456 0 0
2025-08-20 1158 3407.549 0.093 0.003
2025-08-21 1161 3407.549 0 0
2025-08-22 1164 3407.549 0 0
2025-08-23 1170 3407.642 0.093 0.003
2025-08-24 1170 3407.642 0 0
2025-08-25 1168 3407.642 0 0
2025-08-26 1167 3407.549 -0.093 -0.003
2025-08-27 1159 3407.549 0 0
2025-08-28 1166 3407.549 0 0
2025-08-29 1170 3407.456 -0.093 -0.003
2025-08-30 1168 3407.456 0 0
2025-08-31 1170 3407.456 0 0
2025-09-01 1176 3407.456 0 0
2025-09-02 1167 3407.456 0 0
2025-09-03 1176 3407.456 0 0
2025-09-04 1171 3407.456 0 0
2025-09-05 1171 3407.456 0 0
2025-09-06 1177 3407.456 0 0
2025-09-07 1177 3407.456 0 0
2025-09-08 1175 3407.456 0 0
2025-09-09 1181 3407.456 0 0
2025-09-10 1183 3407.456 0 0
2025-09-11 1184 3407.456 0 0
2025-09-12 1185 3407.456 0 0
2025-09-13 1185 3407.456 0 0
2025-09-14 1185 3407.456 0 0
2025-09-15 1188 3407.456 0 0
2025-09-16 1184 3407.456 0 0
2025-09-17 1189 3407.456 0 0
2025-09-18 1189 3407.456 0 0
2025-09-19 1193 3407.456 0 0
2025-09-20 1191 3407.456 0 0
2025-09-21 1191 3407.456 0 0
2025-09-22 1191 3407.456 0 0
2025-09-23 1180 3407.456 0 0
2025-09-24 1186 3407.456 0 0
2025-09-25 1179 3407.456 0 0
2025-09-26 1177 3407.456 0 0
2025-09-27 1176 3407.456 0 0
2025-09-28 1176 3407.456 0 0
2025-09-29 1180 3407.456 0 0
2025-09-30 1185 3407.456 0 0
2025-10-01 1183 3407.456 0 0
2025-10-02 1186 3407.456 0 0
2025-10-03 1186 3407.456 0 0
2025-10-04 1188 3407.827 0.371 0.011
2025-10-05 1188 3407.827 0 0
2025-10-06 1188 3407.827 0 0
2025-10-07 1191 3407.456 -0.371 -0.011
2025-10-08 1192 3407.456 0 0
2025-10-09 1197 3407.456 0 0
2025-10-10 1185 3407.456 0 0
2025-10-11 1185 3407.456 0 0
2025-10-12 1184 3407.456 0 0
2025-10-13 1184 3407.456 0 0
2025-10-14 1187 3407.456 0 0
2025-10-15 1189 3407.456 0 0
2025-10-16 1185 3407.456 0 0
2025-10-17 1183 3407.456 0 0
2025-10-18 1183 3407.456 0 0
2025-10-19 1184 3407.456 0 0
2025-10-20 1186 3407.456 0 0
2025-10-21 1190 3407.456 0 0
2025-10-22 1186 3407.456 0 0
2025-10-23 1189 3407.456 0 0
2025-10-24 1189 3407.456 0 0
2025-10-25 1189 3407.456 0 0
2025-10-26 1189 3407.456 0 0
2025-10-27 1190 3407.456 0 0
2025-10-28 1193 3407.456 0 0
2025-10-29 1191 3407.456 0 0
2025-10-30 1188 3407.456 0 0
2025-10-31 1187 3407.456 0 0
2025-11-01 1185 3407.456 0 0
2025-11-02 1185 3407.456 0 0
2025-11-03 1180 3407.456 0 0
2025-11-04 1180 3407.456 0 0
2025-11-05 1178 3407.456 0 0
2025-11-06 1173 3407.456 0 0
2025-11-07 1176 3407.456 0 0
2025-11-08 1177 3407.456 0 0
2025-11-09 1177 3407.456 0 0
2025-11-10 1185 3407.456 0 0
2025-11-11 1182 3407.456 0 0
2025-11-12 1181 3407.456 0 0
2025-11-13 1179 3407.456 0 0
2025-11-14 1178 3407.456 0 0
2025-11-15 1178 3407.456 0 0
2025-11-16 1178 3407.456 0 0
2025-11-17 1178 3407.456 0 0
2025-11-18 1169 3407.456 0 0
2025-11-19 1167 3407.456 0 0
2025-11-20 1166 3407.456 0 0
2025-11-21 1165 3407.456 0 0
2025-11-22 1164 3407.456 0 0
2025-11-23 1164 3407.456 0 0
2025-11-24 1164 3407.456 0 0
2025-11-25 1172 3407.456 0 0
2025-11-26 1174 3407.456 0 0
2025-11-27 1175 3407.642 0.186 0.005
2025-11-28 1176 3407.642 0 0
2025-11-29 1175 3407.642 0 0
2025-11-30 1175 3407.642 0 0
2025-12-01 1180 3407.642 0 0
2025-12-02 1175 3407.642 0 0
2025-12-03 1176 3407.549 -0.093 -0.003
2025-12-04 1182 3407.549 0 0
2025-12-05 1183 3407.642 0.093 0.003
2025-12-06 1183 3407.642 0 0
2025-12-07 1183 3407.642 0 0
2025-12-08 1183 3407.642 0 0
2025-12-09 1184 3407.642 0 0
2025-12-10 1184 3407.642 0 0
2025-12-11 1187 3407.642 0 0
2025-12-12 1187 3407.642 0 0
2025-12-13 1187 3407.456 -0.186 -0.005
2025-12-14 1187 3407.456 0 0
2025-12-15 1185 3407.456 0 0
2025-12-16 1182 3407.642 0.186 0.005
2025-12-17 1188 3407.642 0 0
2025-12-18 1189 3407.642 0 0
2025-12-19 1197 3407.549 -0.093 -0.003
2025-12-20 1197 3407.642 0.093 0.003
2025-12-21 1197 3407.642 0 0
2025-12-22 1203 3407.642 0 0
2025-12-23 1201 3407.642 0 0
2025-12-24 1201 3407.642 0 0
2025-12-25 1203 3407.827 0.185 0.005
2025-12-26 1201 3407.827 0 0
2025-12-27 1200 3407.549 -0.278 -0.008
2025-12-28 1200 3407.549 0 0
2025-12-29 1197 3407.549 0 0
2025-12-30 1194 3407.642 0.093 0.003
2025-12-31 1194 3407.827 0.185 0.005
2026-01-01 1194 3407.549 -0.278 -0.008
2026-01-02 1194 3407.549 0 0
2026-01-03 1194 3407.642 0.093 0.003
2026-01-05 1204 3407.642 0 0
2026-01-06 1214 3407.456 -0.186 -0.005
2026-01-07 1210 3407.456 0 0
2026-01-08 1209 3407.456 0 0
2026-01-09 1207 3407.456 0 0
2026-01-10 1208 3407.456 0 0
2026-01-11 1208 3407.456 0 0
2026-01-12 1212 3407.456 0 0
2026-01-13 1214 3407.456 0 0
2026-01-14 1215 3407.456 0 0
2026-01-15 1220 3407.456 0 0
2026-01-16 1224 3407.456 0 0
2026-01-17 1224 3407.549 0.093 0.003
2026-01-18 1223 3407.549 0 0
2026-01-19 1218 3407.549 0 0
2026-01-20 1216 3407.549 0 0
2026-01-21 1221 3407.456 -0.093 -0.003
2026-01-22 1228 3407.456 0 0
2026-01-23 1229 3407.456 0 0
2026-01-24 1228 3407.456 0 0
2026-01-25 1228 3407.456 0 0
2026-01-26 1225 3407.456 0 0
2026-01-27 1229 3407.456 0 0
2026-01-28 1239 3407.456 0 0
2026-01-29 1240 3407.456 0 0
2026-01-30 1233 3407.456 0 0
2026-01-31 1229 3407.827 0.371 0.011
2026-02-01 1227 3407.827 0 0
2026-02-02 1224 3407.827 0 0
2026-02-03 1219 3407.456 -0.371 -0.011
2026-02-04 1227 3407.827 0.371 0.011
2026-02-05 1222 3407.456 -0.371 -0.011
2026-02-06 1226 3407.456 0 0
2026-02-07 1228 3407.456 0 0
2026-02-08 1228 3407.456 0 0
2026-02-09 1237 3407.456 0 0
2026-02-10 1237 3407.456 0 0
2026-02-11 1240 3407.456 0 0
2026-02-12 1238 3407.456 0 0
2026-02-13 1234 3407.456 0 0
2026-02-14 1233 3407.456 0 0
2026-02-15 1232 3407.456 0 0
2026-02-16 1232 3407.456 0 0
2026-02-17 1232 3407.456 0 0
2026-02-18 1232 3407.456 0 0
2026-02-19 1230 3407.456 0 0
2026-02-20 1233 3407.456 0 0
2026-02-21 1236 3407.456 0 0
2026-02-22 1237 3407.456 0 0
2026-02-23 1239 3407.456 0 0
2026-02-24 1240 3407.456 0 0
2026-02-25 1244 3407.456 0 0
2026-02-26 1240 3407.456 0 0
2026-02-27 1235 3407.456 0 0
2026-02-28 1239 3407.827 0.371 0.011
2026-03-01 1244 3407.827 0 0
2026-03-02 1246 3407.827 0 0
2026-03-03 1236 3407.363 -0.464 -0.014
2026-03-04 1234 3407.456 0.093 0.003
2026-03-05 1237 3407.456 0 0
2026-03-06 1233 3407.92 0.464 0.014
2026-03-07 1233 3407.363 -0.557 -0.016
2026-03-08 1233 3407.363 0 0
2026-03-09 1230 3407.363 0 0
2026-03-10 1246 3407.363 0 0
2026-03-11 1243 3407.456 0.093 0.003
2026-03-12 1233 3407.363 -0.093 -0.003
2026-03-13 1226 3407.827 0.464 0.014
2026-03-14 1224 3407.363 -0.464 -0.014
2026-03-15 1225 3407.363 0 0
2026-03-16 1230 3407.363 0 0
2026-03-17 1232 3407.271 -0.092 -0.003
2026-03-18 1232 3407.271 0 0
2026-03-19 1227 3407.271 0 0
2026-03-20 1225 3407.085 -0.186 -0.005
2026-03-21 1224 3407.271 0.186 0.005
2026-03-22 1224 3407.271 0 0
2026-03-23 1218 3407.271 0 0
2026-03-24 1220 3407.271 0 0
2026-03-25 1227 3407.271 0 0
2026-03-27 1213 3407.271 0 0
2026-03-28 1211 3407.549 0.278 0.008
2026-03-29 1211 3407.549 0 0
2026-03-30 1207 3407.549 0 0
2026-03-31 1211 3407.271 -0.278 -0.008
2026-04-01 1217 3407.178 -0.093 -0.003
2026-04-02 1218 3407.549 0.371 0.011
2026-04-03 1218 3407.271 -0.278 -0.008
2026-04-04 1218 3407.271 0 0
2026-04-05 1218 3407.271 0 0
2026-04-06 1221 3407.271 0 0
2026-04-07 1220 3407.271 0 0
2026-04-08 1232 3407.271 0 0
2026-04-09 1238 3407.271 0 0
2026-04-10 1238 3407.549 0.278 0.008
2026-04-11 1243 3407.178 -0.371 -0.011
2026-04-12 1243 3407.178 0 0
2026-04-13 1242 3407.178 0 0
2026-04-14 1247 3407.271 0.093 0.003
2026-04-15 1246 3407.178 -0.093 -0.003
2026-04-16 1252 3407.363 0.185 0.005
2026-04-17 1253 3407.363 0 0
2026-04-18 1256 3407.363 0 0
2026-04-19 1256 3407.363 0 0
2026-04-20 1257 3407.363 0 0
2026-04-21 1253 3407.178 -0.185 -0.005
2026-04-22 1255 3407.271 0.093 0.003
2026-04-23 1249 3407.271 0 0
2026-04-24 1251 3407.271 0 0
2026-04-25 1250 3407.271 0 0
2026-04-26 1250 3407.271 0 0
2026-04-27 1249 3407.271 0 0
2026-04-28 1252 3407.363 0.092 0.003
2026-04-29 1253 3407.363 0 0
2026-04-30 1249 3407.271 -0.092 -0.003
2026-05-01 1250 3407.549 0.278 0.008
2026-05-02 1251 3407.549 0 0
2026-05-04 1258 3407.549 0 0
2026-05-05 1259 3407.549 0 0
2026-05-06 1258 3407.549 0 0
2026-05-07 1263 3407.549 0 0
2026-05-08 1270 3407.549 0 0
2026-05-09 1268 3407.642 0 0
2026-05-10 1268 3407.642 0 0
2026-05-11 1274 3407.642 0 0
2026-05-12 1268 3407.642 0 0
2026-05-13 1264 3407.642 0 0
2026-05-14 1263 3407.271 0 0
2026-05-15 1265 3407.363 0 0
2026-05-16 1263 3407.549 0 0
2026-05-17 1258 3407.734 0 0
2026-05-18 1255 3407.734 0 0
2026-05-19 1258 3407.734 0 0
2026-05-20 1258 3407.363 0 0
2026-05-21 1266 3407.734 0 0
2026-05-22 1266 3407.642 0 0
2026-05-23 1268 3407.642 0 0
2026-05-24 1271 3407.734 0 0
2026-05-25 1268 3407.734 0 0
2026-05-26 1275 3407.734 0 0
2026-05-27 1272 3407.734 0 0
2026-05-28 1264 3407.642 0 0
