2024-03-30 1136 2970.764 0 0
2024-03-31 1136 2970.764 0 0
2024-04-02 1136 2971.464 0.7 0.024
2024-04-03 1139 2970.914 -0.55 -0.019
2024-04-04 1140 2970.496 -0.418 -0.014
2024-04-05 1144 2969.953 -0.543 -0.018
2024-04-06 1143 2970.5 0.547 0.018
2024-04-07 1143 2970.5 0 0
2024-04-08 1144 2970.5 0 0
2024-04-09 1148 2969.869 -0.631 -0.021
2024-04-10 1147 2969.892 0.023 0.001
2024-04-11 1139 2970.854 0.962 0.032
2024-04-12 1134 2971.335 0.481 0.016
2024-04-13 1129 2972.167 0.832 0.028
2024-04-14 1129 2972.167 0 0
2024-04-15 1130 2972.167 0 0
2024-04-16 1125 2972.057 -0.11 -0.004
2024-04-17 1122 2972.339 0.282 0.009
2024-04-18 1120 2972.697 0.358 0.012
2024-04-19 1118 2972.358 -0.339 -0.011
2024-04-20 1117 2972.138 -0.22 -0.007
2024-04-21 1117 2972.138 0 0
2024-04-22 1120 2972.138 0 0
2024-04-23 1128 2972.193 0.055 0.002
2024-04-24 1134 2971.678 -0.515 -0.017
2024-04-25 1133 2972.025 0.347 0.012
2024-04-26 1140 2972.183 0.158 0.005
2024-04-27 1140 2972.398 0.215 0.007
2024-04-28 1140 2972.398 0 0
2024-04-29 1143 2972.398 0 0
2024-04-30 1136 2972.286 -0.112 -0.004
2024-05-01 1132 2972.574 0.288 0.01
2024-05-02 1142 2972.591 0.017 0.001
2024-05-03 1144 2972.184 -0.407 -0.014
2024-05-04 1146 2971.54 -0.644 -0.022
2024-05-05 1146 2971.54 0 0
2024-05-06 1153 2971.54 0 0
2024-05-07 1145 2971.414 -0.126 -0.004
2024-05-08 1142 2971.576 0.162 0.005
2024-05-09 1146 2972.052 0.476 0.016
2024-05-10 1147 2971.826 -0.226 -0.008
2024-05-11 1147 2971.809 -0.017 -0.001
2024-05-12 1147 2971.809 0 0
2024-05-13 1149 2971.809 0 0
2024-05-14 1150 2971.608 -0.201 -0.007
2024-05-15 1152 2971.589 -0.019 -0.001
2024-05-16 1157 2970.912 -0.677 -0.023
2024-05-17 1156 2970.837 -0.075 -0.003
2024-05-18 1153 2970.861 0.024 0.001
2024-05-19 1153 2970.861 0 0
2024-05-20 1153 2970.861 0 0
2024-05-21 1154 2970.78 -0.081 -0.003
2024-05-22 1147 2970.757 -0.023 -0.001
2024-05-23 1142 2971.015 0.258 0.009
2024-05-24 1136 2970.995 -0.02 -0.001
2024-05-25 1137 2970.509 -0.486 -0.016
2024-05-26 1137 2970.509 0 0
2024-05-27 1143 2970.509 0 0
2024-05-28 1139 2970.509 0 0
2024-05-29 1141 2969.791 -0.718 -0.024
2024-05-30 1133 2970.493 0.702 0.024
2024-05-31 1135 2970.111 -0.382 -0.013
