2020-01-19 57 20444.455 0 0
2020-02-07 63 18863.03 -1581.425 -8.384
2020-02-15 63 19246.72 383.69 1.994
2020-02-16 63 19246.72 0 0
2020-02-17 63 19246.72 0 0
2020-02-18 64 18894.14 -352.58 -1.866
2020-02-19 63 19251.905 357.765 1.858
2020-02-20 64 18831.92 -419.985 -2.23
2020-02-21 68 17924.545 -907.375 -5.062
2020-02-22 69 17924.545 0 0
2020-02-23 69 17924.545 0 0
2020-02-24 71 17183.09 -741.455 -4.315
2020-02-25 71 17006.8 -176.29 -1.037
2020-02-26 68 17903.805 897.005 5.01
2020-02-27 63 18240.83 337.025 1.848
2020-02-28 57 18555.866 315.036 1.698
2020-02-29 59 18555.866 0 0
2020-03-01 59 18555.866 0 0
2020-03-02 53 19453.061 897.195 4.612
2020-03-03 61 18561.052 -892.009 -4.806
2020-03-04 59 18820.357 259.305 1.378
2020-03-05 62 18732.193 -88.164 -0.471
2020-03-06 57 19064.104 331.911 1.741
2020-03-07 57 19064.104 0 0
2020-03-08 57 19064.104 0 0
2020-03-09 57 18934.451 -129.653 -0.685
2020-03-10 53 19546.411 611.96 3.131
2020-03-11 59 18182.467 -1363.944 -7.501
2020-03-12 60 17015.594 -1166.873 -6.858
2020-03-13 57 17508.274 492.68 2.814
2020-03-14 56 17508.274 0 0
2020-03-15 56 17508.274 0 0
2020-03-16 56 16694.056 -814.218 -4.877
2020-03-17 53 17316.388 622.332 3.594
2020-03-18 56 16476.24 -840.148 -5.099
2020-03-19 48 17529.018 1052.778 6.006
2020-03-20 52 17409.738 -119.28 -0.685
2020-03-21 50 17409.738 0 0
2020-03-22 50 17409.738 0 0
2020-03-23 47 17684.601 274.863 1.554
2020-03-24 47 17684.601 0 0
2020-03-25 47 18695.891 1011.29 5.409
2020-03-26 47 19323.409 627.518 3.247
2020-03-27 49 19193.756 -129.653 -0.675
2020-03-28 51 18317.305 -876.451 -4.785
2020-03-29 51 18317.305 0 0
2020-03-30 51 18317.305 0 0
2020-03-31 51 18478.074 160.769 0.87
2020-04-01 52 18685.518 207.444 1.11
2020-04-02 51 18618.099 -67.419 -0.362
2020-04-03 48 18815.171 197.072 1.047
2020-04-04 48 19136.709 321.538 1.68
2020-04-05 48 19136.709 0 0
2020-04-06 48 19136.709 0 0
2020-04-07 41 21071.124 1934.415 9.18
2020-04-08 44 20594.003 -477.121 -2.317
2020-04-10 46 21283.754 689.751 3.241
2020-04-11 46 21283.754 0 0
2020-04-12 46 21283.754 0 0
2020-04-13 43 21480.826 197.072 0.917
2020-04-14 40 22315.788 834.962 3.742
2020-04-15 40 22761.793 446.005 1.959
2020-04-17 41 23057.401 295.608 1.282
2020-04-18 41 23057.401 0 0
2020-04-19 41 23057.401 0 0
2020-04-20 34 25987.547 2930.146 11.275
2020-04-21 33 26417.993 430.446 1.629
2020-04-23 35 25500.054 -917.939 -3.6
2020-04-24 35 25707.498 207.444 0.807
2020-04-25 35 25707.498 0 0
2020-04-26 35 25707.498 0 0
2020-04-27 34 26547.646 840.148 3.165
2020-04-28 35 24924.397 -1623.249 -6.513
2020-04-29 35 25339.285 414.888 1.637
2020-04-30 37 24602.858 -736.427 -2.993
