2019-11-07 1628 1500.792 0 0
2020-01-19 1689 1498.959 -1.833 -0.122
2020-02-07 1699 1459.978 -38.981 -2.601
2020-02-15 1721 1442.213 -17.765 -1.217
2020-02-16 1721 1442.213 0 0
2020-02-17 1726 1440.998 -1.215 -0.084
2020-02-18 1730 1435.739 -5.259 -0.365
2020-02-19 1738 1428.387 -7.352 -0.512
2020-02-20 1739 1423.586 -4.801 -0.336
2020-02-21 1737 1418.137 -5.449 -0.383
2020-02-22 1738 1416.685 -1.452 -0.102
2020-02-23 1688 1494.52 77.835 5.494
2020-02-24 1682 1480.765 -13.755 -0.92
2020-02-25 1687 1461.893 -18.872 -1.274
2020-02-26 1687 1450.4 -11.493 -0.786
2020-02-27 1687 1437.988 -12.412 -0.856
2020-02-28 1672 1430.795 -7.193 -0.5
2020-02-29 1682 1418.157 -12.638 -0.883
2020-03-01 1687 1418.157 0 0
2020-03-02 1679 1432.018 13.861 0.977
2020-03-03 1671 1453.534 21.516 1.502
2020-03-04 1651 1474.609 21.075 1.45
2020-03-05 1655 1473.053 -1.556 -0.106
2020-03-06 1664 1445.871 -27.182 -1.845
2020-03-07 1661 1453.646 7.775 0.538
2020-03-08 1654 1453.646 0 0
2020-03-09 1647 1424.292 -29.354 -2.019
2020-03-10 1650 1401.021 -23.271 -1.634
2020-03-11 1636 1405.719 4.698 0.335
2020-03-12 1640 1365.668 -40.051 -2.849
2020-03-13 1640 1340.056 -25.612 -1.875
2020-03-14 1632 1354.21 14.154 1.056
2020-03-15 1632 1354.21 0 0
2020-03-16 1625 1325.223 -28.987 -2.141
2020-03-17 1648 1284.996 -40.227 -3.035
2020-03-18 1638 1276.179 -8.817 -0.686
2020-03-19 1626 1274.387 -1.792 -0.14
2020-03-20 1640 1259.654 -14.733 -1.156
2020-03-21 1649 1245.103 -14.551 -1.155
2020-03-22 1649 1245.103 0 0
2020-03-23 1633 1244.077 -1.026 -0.082
2020-03-24 1635 1235.641 -8.436 -0.678
2020-03-25 1630 1281.796 46.155 3.735
2020-03-26 1645 1286.985 5.189 0.405
2020-03-27 1647 1308.032 21.047 1.635
2020-03-28 1663 1280.849 -27.183 -2.078
2020-03-29 1663 1280.849 0 0
2020-03-30 1663 1280.849 0 0
2020-03-31 1669 1266.509 -14.34 -1.12
