2020-01-19 1445 1802.003 0 0
2020-02-07 1227 2113.011 311.008 14.719
2020-02-15 1259 2072.887 -40.124 -1.936
2020-02-16 1259 2072.887 0 0
2020-02-17 1264 2073.745 0.858 0.041
2020-02-18 1279 2047.268 -26.477 -1.293
2020-02-19 1281 2047.621 0.353 0.017
2020-02-20 1282 2051.195 3.574 0.174
2020-02-21 1274 2049.596 -1.599 -0.078
2020-02-22 1265 2067.609 18.013 0.871
2020-02-23 1264 2067.609 0 0
2020-02-24 1340 1945.33 -122.279 -6.286
2020-02-25 1355 1910.738 -34.592 -1.81
2020-02-26 1354 1903.715 -7.023 -0.369
2020-02-27 1381 1815.967 -87.748 -4.832
2020-02-28 1406 1767.195 -48.772 -2.76
2020-02-29 1407 1759.232 -7.963 -0.453
