2021-04-09 1744 1851.41 0 0
2021-04-10 1740 1851.338 -0.072 -0.004
2021-04-11 1740 1851.338 0 0
2021-04-12 1734 1846.21 -5.128 -0.278
2021-04-13 1739 1843.646 -2.564 -0.139
2021-04-14 1746 1836.921 -6.725 -0.366
2021-04-15 1736 1851.202 14.281 0.771
2021-04-16 1719 1879.735 28.533 1.518
2021-04-17 1722 1878.961 -0.774 -0.041
2021-04-18 1722 1878.961 0 0
2021-04-19 1740 1858.426 -20.535 -1.105
2021-04-20 1671 1936.554 78.128 4.034
2021-04-21 1726 1875.807 -60.747 -3.238
2021-04-22 1715 1888.265 12.458 0.66
2021-04-23 1578 2076.851 188.586 9.08
2021-04-24 1578 2076.851 0 0
2021-04-25 1579 2076.663 -0.188 -0.009
2021-04-26 1636 2009.84 -66.823 -3.325
2021-04-27 1598 2048.603 38.763 1.892
2021-04-28 1547 2135.336 86.733 4.062
2021-04-29 1556 2117.103 -18.233 -0.861
2021-04-30 1517 2168.294 51.191 2.361
2021-05-01 1514 2167.317 -0.977 -0.045
2021-05-02 1513 2167.317 0 0
2021-05-03 1474 2226.379 59.062 2.653
2021-05-04 1393 2352.327 125.948 5.354
2021-05-05 1500 2185.011 -167.316 -7.657
2021-05-06 1512 2156.296 -28.715 -1.332
2021-05-07 1596 2028.284 -128.012 -6.311
2021-05-08 1604 2028.702 0.418 0.021
2021-05-09 1604 2028.702 0 0
2021-05-10 1594 2036.406 7.704 0.378
2021-05-11 1639 1987.947 -48.459 -2.438
2021-05-12 1682 1920.624 -67.323 -3.505
2021-05-13 1745 1836.245 -84.379 -4.595
2021-05-14 1761 1835.702 -0.543 -0.03
2021-05-15 1763 1836.151 0.449 0.024
2021-05-16 1763 1836.151 0 0
2021-05-17 1753 1859.263 23.112 1.243
2021-05-18 1773 1848.943 -10.32 -0.558
2021-05-19 1761 1849.205 0.262 0.014
2021-05-20 1735 1885.405 36.2 1.92
2021-05-21 1698 1926.777 41.372 2.147
2021-05-22 1699 1926.404 -0.373 -0.019
2021-05-24 1681 1957.227 30.823 1.575
2021-05-25 1701 1936.679 -20.548 -1.061
2021-05-26 1735 1901.38 -35.299 -1.856
2021-05-27 1658 2001.794 100.414 5.016
2021-05-28 1655 2012.721 10.927 0.543
2021-05-29 1659 2012.047 -0.674 -0.033
2021-05-30 1659 2012.047 0 0
2021-05-31 1574 2132.821 120.774 5.663
2021-06-01 1558 2158.518 25.697 1.19
2021-06-02 1570 2136.162 -22.356 -1.047
2021-06-03 1606 2082.045 -54.117 -2.599
2021-06-04 1616 2064.345 -17.7 -0.857
2021-06-05 1619 2064.691 0.346 0.017
2021-06-06 1619 2064.691 0 0
2021-06-07 1661 2015.838 -48.853 -2.423
2021-06-08 1690 1989.612 -26.226 -1.318
2021-06-09 1616 2074.173 84.561 4.077
2021-06-10 1649 2043.304 -30.869 -1.511
2021-06-11 1537 2205.056 161.752 7.336
2021-06-12 1535 2205.085 0.029 0.001
2021-06-13 1535 2205.085 0 0
2021-06-14 1541 2205.085 0 0
2021-06-16 1535 2199.463 -5.622 -0.256
2021-06-17 1464 2307.499 108.036 4.682
2021-06-18 1373 2440.458 132.959 5.448
2021-06-19 1373 2440.458 0 0
2021-06-20 1366 2440.678 0.22 0.009
2021-06-21 1365 2463.8 23.122 0.938
2021-06-22 1421 2358.04 -105.76 -4.485
2021-06-23 1489 2260.082 -97.958 -4.334
2021-06-24 1509 2234.629 -25.453 -1.139
2021-06-25 1498 2263.233 28.604 1.264
2021-06-26 1499 2263.903 0.67 0.03
2021-06-27 1499 2263.903 0 0
2021-06-28 1489 2289.6 25.697 1.122
2021-06-29 1585 2153.268 -136.332 -6.331
2021-06-30 1615 2096.225 -57.043 -2.721
2021-07-01 1608 2095.658 -0.567 -0.027
2021-07-02 1617 2070.083 -25.575 -1.235
2021-07-03 1617 2069.63 -0.453 -0.022
2021-07-04 1617 2069.63 0 0
2021-07-05 1699 1979.757 -89.873 -4.54
2021-07-06 1737 1918.131 -61.626 -3.213
2021-07-07 1676 1995.19 77.059 3.862
2021-07-08 1694 1966.792 -28.398 -1.444
2021-07-09 1683 1979.273 12.481 0.631
2021-07-10 1684 1979.528 0.255 0.013
2021-07-11 1684 1979.528 0 0
2021-07-12 1621 2074.525 94.997 4.579
2021-07-13 1621 2077.36 2.835 0.136
2021-07-14 1600 2100.767 23.407 1.114
2021-07-15 1607 2092.686 -8.081 -0.386
2021-07-16 1616 2064.308 -28.378 -1.375
2021-07-17 1615 2064.414 0.106 0.005
2021-07-18 1615 2064.414 0 0
2021-07-19 1677 1969.41 -95.004 -4.824
2021-07-20 1685 1955.691 -13.719 -0.701
2021-07-21 1701 1944.949 -10.742 -0.552
2021-07-22 1708 1939.468 -5.481 -0.283
2021-07-23 1693 1950.783 11.315 0.58
2021-07-24 1694 1951.034 0.251 0.013
2021-07-25 1694 1951.034 0 0
2021-07-26 1795 1817.543 -133.491 -7.345
2021-07-27 2086 1482.153 -335.39 -22.629
2021-07-28 1911 1665.475 183.322 11.007
2021-07-29 1853 1738.358 72.883 4.193
2021-07-30 1882 1704.018 -34.34 -2.015
2021-07-31 1882 1704.127 0.109 0.006
