2026-03-10 1989 2100 0 0
2026-03-11 1991 2100 0 0
2026-03-12 1981 2100 0 0
2026-03-13 1965 2100 0 0
2026-03-14 1959 2100 0 0
2026-03-15 1959 2100 0 0
2026-03-16 1964 2100 0 0
2026-03-17 1963 2100 0 0
2026-03-18 1962 2100 0 0
2026-03-19 1954 2100 0 0
2026-03-20 1941 2100 0 0
2026-03-21 1938 2100 0 0
2026-03-22 1938 2100 0 0
2026-03-23 1930 2100 0 0
2026-03-24 1941 2100 0 0
2026-03-25 1951 2100 0 0
2026-03-27 1932 2100 0 0
2026-03-28 1929 2100 0 0
2026-03-29 1930 2100 0 0
2026-03-30 1926 2100 0 0
2026-03-31 1926 2100 0 0
2026-04-01 1943 2100 0 0
2026-04-02 1941 2100 0 0
2026-04-03 1941 2100 0 0
2026-04-04 1941 2100 0 0
2026-04-05 1941 2100 0 0
2026-04-06 1940 2100 0 0
2026-04-07 1938 2100 0 0
2026-04-08 1960 2100 0 0
2026-04-09 1969 2100 0 0
2026-04-10 1970 2100 0 0
2026-04-11 1973 2100 0 0
2026-04-12 1973 2100 0 0
2026-04-13 1970 2100 0 0
2026-04-14 1983 2100 0 0
2026-04-15 1996 2100 0 0
2026-04-16 1997 2100 0 0
2026-04-17 2001 2100 0 0
2026-04-18 2010 2100 0 0
2026-04-19 2010 2100 0 0
2026-04-20 2002 2100 0 0
2026-04-21 2006 2100 0 0
2026-04-22 2002 2100 0 0
2026-04-23 1990 2100 0 0
2026-04-24 1992 2100 0 0
2026-04-25 1992 2100 0 0
2026-04-26 1992 2100 0 0
2026-04-27 1985 2100 0 0
2026-04-28 1983 2100 0 0
2026-04-29 1984 2100 0 0
2026-04-30 1979 2100 0 0
2026-05-01 1987 2100 0 0
2026-05-02 1990 2100 0 0
2026-05-04 1997 2100 0 0
2026-05-05 2001 2100.0 0 0
2026-05-06 1998 2100.0 0 0
2026-05-07 2009 2100.0 0 0
2026-05-08 2015 2100.0 0 0
2026-05-09 2017 2100.0 0 0
2026-05-10 2014 2100.0 0 0
2026-05-11 2017 2100.0 0 0
2026-05-12 2011 2100.0 0 0
2026-05-13 2004 2100.0 0 0
2026-05-14 1999 2100.0 0 0
2026-05-15 2003 2100.0 0 0
2026-05-16 1997 2100.0 0 0
2026-05-17 1992 2100.0 0 0
2026-05-18 1982 2100.0 0 0
2026-05-19 1988 2100.0 0 0
2026-05-20 1989 2100.0 0 0
2026-05-21 1993 2100.0 0 0
2026-05-22 1999 2100.0 0 0
2026-05-23 2000 2100.0 0 0
2026-05-24 2001 2100.0 0 0
2026-05-25 1999 2100.0 0 0
2026-05-26 2003 2100.0 0 0
2026-05-27 2001 2100.0 0 0
2026-05-28 1995 2100.0 0 0
2026-05-29 2000 2100.0 0 0
2026-05-30 2005 2100.0 0 0
2026-05-31 2007 2100.0 0 0
2026-06-01 2007 2100.0 0 0
2026-06-02 1996 2100.0 0 0
2026-06-03 1997 2100.0 0 0
2026-06-04 1976 2100.0 0 0
2026-06-05 1986 2100.0 0 0
2026-06-06 1978 2100.0 0 0
2026-06-07 1978 2100.0 0 0
2026-06-09 1968 2100.0 0 0
2026-06-10 1972 2100.0 0 0
2026-06-11 1969 2100.0 0 0
2026-06-12 1979 2100.0 0 0
2026-06-13 1975 2100.0 0 0
2026-06-14 1980 2100.0 0 0
2026-06-16 1991 2100.0 0 0
2026-06-17 1992 2100.0 0 0
2026-06-18 1991 2100.0 0 0
2026-06-19 1990 2100.0 0 0
2026-06-20 1988 2100.0 0 0
2026-06-21 1989 2100.0 0 0
2026-06-22 1983 2100.0 0 0
2026-06-23 1984 2100.0 0 0
2026-06-24 1975 2100.0 0 0
2026-06-25 1968 2100.0 0 0
2026-06-26 1958 2100.0 0 0
2026-06-27 1962 2100.0 0 0
2026-06-28 1961 2100.0 0 0
2026-06-29 1965 2100.0 0 0
2026-06-30 1971 2100.0 0 0
2026-07-01 1978 2100.0 0 0
2026-07-02 1983 2100.0 0 0
2026-07-03 1992 2100.0 0 0
2026-07-04 1996 2100.0 0 0
2026-07-05 1996 2100.0 0 0
2026-07-06 1994 2100.0 0 0
2026-07-07 1982 2100.0 0 0
2026-07-08 1969 2100.0 0 0
2026-07-09 1961 2100.0 0 0
2026-07-10 1975 2100.0 0 0
2026-07-11 1973 2100.0 0 0
2026-07-12 1973 2100.0 0 0
2026-07-13 1969 2100.0 0 0
2026-07-14 1961 2100.0 0 0
2026-07-15 1968 2100.0 0 0
2026-07-16 1973 2100.0 0 0
2026-07-17 1971 2100.0 0 0
2026-07-18 1956 2100.0 0 0
2026-07-19 1954 2100.0 0 0
2026-07-20 1953 2100.0 0 0
