2021-04-09 1007 3153.547 0 0
2021-04-10 1007 3153.547 0 0
2021-04-11 1007 3153.547 0 0
2021-04-12 1055 2975.743 -177.804 -5.975
2021-04-13 1058 2975.743 0 0
2021-04-14 1124 2844.14 -131.603 -4.627
2021-04-15 1137 2831.54 -12.6 -0.445
2021-04-16 1146 2811.939 -19.601 -0.697
2021-04-17 1148 2811.939 0 0
2021-04-18 1148 2811.939 0 0
2021-04-19 1213 2666.336 -145.603 -5.461
2021-04-20 1221 2656.536 -9.8 -0.369
2021-04-21 1208 2688.737 32.201 1.198
2021-04-22 1179 2769.938 81.201 2.932
2021-04-23 1133 2872.141 102.203 3.558
2021-04-24 1133 2872.141 0 0
2021-04-25 1133 2872.141 0 0
2021-04-26 1108 2939.342 67.201 2.286
2021-04-27 1056 3034.544 95.202 3.137
2021-04-28 1055 3038.744 4.2 0.138
2021-04-29 1111 2957.542 -81.202 -2.746
2021-04-30 1161 2824.54 -133.002 -4.709
2021-05-01 1151 2824.54 0 0
2021-05-02 1150 2824.54 0 0
2021-05-03 1208 2715.337 -109.203 -4.022
2021-05-04 1242 2610.335 -105.002 -4.023
2021-05-05 1236 2614.535 4.2 0.161
2021-05-06 1336 2428.331 -186.204 -7.668
2021-05-07 1526 2138.525 -289.806 -13.552
2021-05-08 1535 2138.525 0 0
2021-05-09 1535 2138.525 0 0
2021-05-10 1662 1964.921 -173.604 -8.835
2021-05-11 1729 1880.919 -84.002 -4.466
2021-05-12 1798 1792.717 -88.202 -4.92
2021-05-13 1826 1740.916 -51.801 -2.976
2021-05-14 1717 1879.519 138.603 7.374
2021-05-15 1721 1879.519 0 0
2021-05-16 1721 1879.519 0 0
2021-05-17 1727 1879.519 0 0
2021-05-18 1693 1932.72 53.201 2.753
2021-05-19 1648 1984.522 51.802 2.61
2021-05-20 1653 1987.322 2.8 0.141
2021-05-21 1655 1984.522 -2.8 -0.141
2021-05-22 1656 1984.522 0 0
2021-05-24 1610 2034.923 50.401 2.477
2021-05-25 1532 2153.925 119.002 5.525
2021-05-26 1465 2282.728 128.803 5.643
2021-05-27 1449 2307.928 25.2 1.092
2021-05-28 1391 2419.931 112.003 4.628
2021-05-29 1394 2419.931 0 0
2021-05-30 1394 2419.931 0 0
2021-05-31 1396 2419.931 0 0
2021-06-01 1510 2230.927 -189.004 -8.472
2021-06-02 1524 2214.126 -16.801 -0.759
2021-06-03 1570 2125.925 -88.201 -4.149
2021-06-04 1691 1978.921 -147.004 -7.428
2021-06-05 1691 1978.921 0 0
2021-06-06 1691 1978.921 0 0
2021-06-07 1696 1980.321 1.4 0.071
2021-06-08 1704 1976.821 -3.5 -0.177
2021-06-09 1558 2156.725 179.904 8.342
2021-06-10 1721 1960.721 -196.004 -9.997
2021-06-11 1679 2005.357 44.636 2.226
2021-06-12 1679 2005.357 0 0
2021-06-13 1679 2005.357 0 0
2021-06-14 1660 2027.755 22.398 1.105
2021-06-16 1737 1907.363 -120.392 -6.312
2021-06-17 1764 1880.764 -26.599 -1.414
2021-06-18 1779 1859.766 -20.998 -1.129
2021-06-19 1779 1859.766 0 0
2021-06-20 1772 1859.766 0 0
2021-06-21 1763 1880.764 20.998 1.116
2021-06-22 1796 1840.167 -40.597 -2.206
2021-06-23 1757 1894.763 54.596 2.881
2021-06-24 1782 1865.365 -29.398 -1.576
2021-06-25 1782 1872.365 7 0.374
2021-06-26 1784 1872.365 0 0
2021-06-27 1784 1872.365 0 0
2021-06-28 1794 1862.566 -9.799 -0.526
2021-06-29 1793 1862.566 0 0
2021-06-30 1804 1845.767 -16.799 -0.91
2021-07-01 1814 1823.368 -22.399 -1.228
2021-07-02 1851 1771.571 -51.797 -2.924
2021-07-03 1851 1771.571 0 0
2021-07-04 1851 1771.571 0 0
2021-07-05 1850 1771.571 0 0
2021-07-06 1851 1774.371 2.8 0.158
2021-07-07 1814 1819.168 44.797 2.462
2021-07-08 1798 1835.967 16.799 0.915
2021-07-09 1792 1841.567 5.6 0.304
2021-07-10 1796 1841.567 0 0
2021-07-11 1796 1841.567 0 0
2021-07-12 1842 1789.77 -51.797 -2.894
2021-07-13 1885 1736.573 -53.197 -3.063
2021-07-14 1874 1740.773 4.2 0.241
2021-07-15 1879 1728.174 -12.599 -0.729
2021-07-16 1905 1691.776 -36.398 -2.151
2021-07-17 1904 1691.776 0 0
2021-07-18 1904 1691.776 0 0
2021-07-19 1922 1672.178 -19.598 -1.172
2021-07-20 1917 1676.377 4.199 0.25
2021-07-21 1943 1652.579 -23.798 -1.44
2021-07-22 1987 1617.581 -34.998 -2.164
2021-07-23 1991 1603.582 -13.999 -0.873
2021-07-24 1993 1603.582 0 0
2021-07-25 1993 1603.582 0 0
2021-07-26 1986 1586.783 -16.799 -1.059
2021-07-27 2023 1544.786 -41.997 -2.719
2021-07-28 1990 1572.784 27.998 1.78
2021-07-29 2032 1540.586 -32.198 -2.09
2021-07-30 2085 1498.588 -41.998 -2.803
2021-07-31 2088 1498.588 0 0
2021-08-01 2088 1498.588 0 0
2021-08-02 2065 1529.387 30.799 2.014
2021-08-03 2215 1389.395 -139.992 -10.076
2021-08-04 2262 1354.398 -34.997 -2.584
2021-08-05 2273 1350.198 -4.2 -0.311
2021-08-06 2237 1369.797 19.599 1.431
2021-08-07 2233 1369.797 0 0
2021-08-08 2233 1369.797 0 0
2021-08-09 2167 1428.593 58.796 4.116
2021-08-10 2157 1441.192 12.599 0.874
2021-08-11 2110 1476.19 34.998 2.371
2021-08-13 2336 1299.801 -176.389 -13.57
2021-08-14 2340 1299.801 0 0
2021-08-15 2340 1299.801 0 0
2021-08-16 2414 1227.006 -72.795 -5.933
2021-08-17 2403 1227.006 0 0
2021-08-18 2410 1217.206 -9.8 -0.805
2021-08-19 2406 1214.406 -2.8 -0.231
2021-08-20 2425 1193.408 -20.998 -1.759
2021-08-21 2421 1193.408 0 0
2021-08-22 2421 1193.408 0 0
2021-08-23 2372 1234.005 40.597 3.29
2021-08-24 2389 1234.005 0 0
2021-08-25 2425 1211.607 -22.398 -1.849
2021-08-26 2418 1213.006 1.399 0.115
2021-08-27 2412 1214.406 1.4 0.115
2021-08-28 2414 1214.406 0 0
2021-08-29 2414 1214.406 0 0
2021-08-30 2423 1208.807 -5.599 -0.463
2021-08-31 2436 1199.007 -9.8 -0.817
2021-09-01 2451 1182.208 -16.799 -1.421
2021-09-02 2471 1166.809 -15.399 -1.32
2021-09-03 2490 1154.21 -12.599 -1.092
2021-09-04 2491 1154.21 0 0
2021-09-05 2494 1154.21 0 0
2021-09-06 2504 1154.21 0 0
2021-09-07 2517 1140.211 -13.999 -1.228
2021-09-08 2552 1119.212 -20.999 -1.876
2021-09-09 2548 1117.812 -1.4 -0.125
2021-09-10 2579 1094.014 -23.798 -2.175
2021-09-11 2580 1094.014 0 0
2021-09-12 2580 1094.014 0 0
2021-09-13 2608 1061.816 -32.198 -3.032
2021-09-14 2606 1059.016 -2.8 -0.264
2021-09-15 2575 1087.014 27.998 2.576
2021-09-16 2575 1087.014 0 0
2021-09-17 2598 1061.816 -25.198 -2.373
2021-09-18 2597 1061.816 0 0
2021-09-19 2596 1061.816 0 0
2021-09-20 2622 1035.218 -26.598 -2.569
2021-09-21 2634 1018.419 -16.799 -1.65
2021-09-22 2632 1018.419 0 0
2021-09-23 2635 1024.018 5.599 0.547
2021-09-24 2644 1010.019 -13.999 -1.386
2021-09-25 2648 1010.019 0 0
2021-09-26 2649 1010.019 0 0
2021-09-27 2584 1067.416 57.397 5.377
2021-09-28 2619 1028.218 -39.198 -3.812
2021-09-29 2643 1003.02 -25.198 -2.512
2021-09-30 2650 994.62 -8.4 -0.845
2021-11-02 2631 1049.217 54.597 5.204
2021-11-03 2688 1003.02 -46.197 -4.606
2021-11-04 2687 1003.02 0 0
2021-11-09 2648 1046.417 43.397 4.147
2021-11-10 2643 1046.417 0 0
2021-11-11 2647 1040.817 -5.6 -0.538
2021-11-12 2648 1046.417 5.6 0.535
2021-11-13 2648 1046.417 0 0
2021-11-14 2648 1046.417 0 0
2021-11-15 2667 1025.418 -20.999 -2.048
2021-11-16 2679 1015.619 -9.799 -0.965
2021-11-17 2695 994.62 -20.999 -2.111
