2021-04-09 2176 1423.1 0 0
2021-04-10 2173 1420.952 -2.148 -0.151
2021-04-11 2174 1420.952 0 0
2021-04-12 2197 1382.269 -38.683 -2.799
2021-04-13 2215 1367.446 -14.823 -1.084
2021-04-14 2189 1395.306 27.86 1.997
2021-04-15 2216 1376.392 -18.914 -1.374
2021-04-16 2220 1373.92 -2.472 -0.18
2021-04-17 2223 1375.963 2.043 0.148
2021-04-18 2223 1375.963 0 0
2021-04-19 2205 1394.26 18.297 1.312
2021-04-20 2194 1403.499 9.239 0.658
2021-04-21 2201 1399.39 -4.109 -0.294
2021-04-22 2194 1406.777 7.387 0.525
2021-04-23 2176 1431.309 24.532 1.714
2021-04-24 2176 1431.309 0 0
2021-04-25 2176 1430.207 -1.102 -0.077
2021-04-26 2224 1397.343 -32.864 -2.352
2021-04-27 2215 1411.915 14.572 1.032
2021-04-28 2104 1501.609 89.694 5.973
2021-04-29 2069 1530.942 29.333 1.916
2021-04-30 2110 1498.651 -32.291 -2.155
2021-05-01 2105 1497.424 -1.227 -0.082
2021-05-02 2104 1497.424 0 0
2021-05-03 2100 1497.424 0 0
2021-05-04 2103 1497.424 0 0
2021-05-05 2105 1497.424 0 0
2021-05-06 2184 1425.364 -72.06 -5.056
2021-05-07 2223 1396.956 -28.408 -2.034
2021-05-08 2225 1400.265 3.309 0.236
2021-05-09 2225 1400.265 0 0
2021-05-10 2269 1356.21 -44.055 -3.248
2021-05-11 2275 1356.457 0.247 0.018
2021-05-12 2246 1379.935 23.478 1.701
2021-05-13 2220 1393.856 13.921 0.999
2021-05-14 2166 1442.956 49.1 3.403
2021-05-15 2166 1447.441 4.485 0.31
2021-05-16 2166 1447.441 0 0
2021-05-17 2167 1458.251 10.81 0.741
2021-05-18 2189 1441.551 -16.7 -1.158
2021-05-19 2140 1484.165 42.614 2.871
2021-05-20 2079 1537.75 53.585 3.485
2021-05-21 2116 1509.391 -28.359 -1.879
2021-05-22 2114 1509.837 0.446 0.03
2021-05-24 2151 1480.968 -28.869 -1.949
2021-05-25 2148 1483.425 2.457 0.166
2021-05-26 2101 1520.84 37.415 2.46
2021-05-27 2115 1515.669 -5.171 -0.341
2021-05-28 2099 1532.297 16.628 1.085
2021-05-29 2099 1534.728 2.431 0.158
2021-05-30 2099 1534.728 0 0
2021-05-31 2033 1596.687 61.959 3.88
