2019-11-07 640 3640.089 0 0
2020-01-19 582 4044.929 404.84 11.122
2020-02-07 617 3852.983 -191.946 -4.745
2020-02-15 645 3743.59 -109.393 -2.839
2020-02-16 645 3743.59 0 0
2020-02-17 653 3703.224 -40.366 -1.078
2020-02-18 659 3684.924 -18.3 -0.494
2020-02-19 664 3663.977 -20.947 -0.568
2020-02-20 663 3682.946 18.969 0.518
2020-02-21 677 3599.699 -83.247 -2.26
2020-02-22 674 3605.433 5.734 0.159
2020-02-23 674 3605.433 0 0
2020-02-24 726 3396.452 -208.981 -5.796
2020-02-25 723 3355.358 -41.094 -1.21
2020-02-26 715 3341.328 -14.03 -0.418
2020-02-27 750 3190.722 -150.606 -4.507
2020-02-28 732 3234.33 43.608 1.367
2020-02-29 735 3209.676 -24.654 -0.762
