2025-05-26 2961 1031.325 0 0
2025-05-27 2961 1031.325 0 0
2025-05-28 2960 1031.325 0 0
2025-05-29 2964 1031.325 0 0
2025-05-30 2954 1031.325 0 0
2025-05-31 2955 1031.325 0 0
2025-06-01 2954 1031.325 0 0
2025-06-02 2954 1031.325 0 0
2025-06-03 2960 1031.325 0 0
2025-06-04 2968 1031.325 0 0
2025-06-05 2966 1031.325 0 0
2025-06-06 2973 1031.325 0 0
2025-06-07 2973 1031.325 0 0
2025-06-08 2973 1031.325 0 0
2025-06-09 2982 1031.325 0 0
2025-06-10 2980 1031.325 0 0
2025-06-11 2984 1031.325 0 0
2025-06-12 2985 1031.325 0 0
2025-06-13 2975 1031.325 0 0
2025-06-14 2971 1031.325 0 0
2025-06-15 2970 1031.325 0 0
2025-06-16 2969 1031.325 0 0
2025-06-17 2965 1031.325 0 0
2025-06-18 2960 1031.325 0 0
2025-06-19 2954 1031.325 0 0
2025-06-20 2950 1031.325 0 0
2025-06-21 2948 1031.325 0 0
2025-06-22 2948 1031.325 0 0
2025-06-23 2949 1031.325 0 0
2025-06-24 2961 1031.325 0 0
2025-06-25 2972 1031.325 0 0
2025-06-26 2975 1031.325 0 0
2025-06-27 2986 1031.325 0 0
2025-06-28 2985 1031.325 0 0
2025-06-29 2985 1031.325 0 0
2025-06-30 2991 1031.325 0 0
2025-07-01 2995 1031.325 0 0
2025-07-02 3002 1031.325 0 0
2025-07-03 3005 1031.325 0 0
2025-07-04 3000 1031.325 0 0
2025-07-05 3000 1031.325 0 0
2025-07-06 3000 1031.325 0 0
2025-07-07 2994 1031.325 0 0
2025-07-08 2998 1031.325 0 0
2025-07-09 3006 1031.325 0 0
2025-07-10 3011 1031.325 0 0
2025-07-11 3005 1031.325 0 0
2025-07-12 3005 1031.325 0 0
2025-07-13 3005 1031.325 0 0
2025-07-14 3012 1031.325 0 0
2025-07-15 3008 1031.325 0 0
2025-07-16 3015 1031.325 0 0
2025-07-17 3016 1031.325 0 0
2025-07-18 3016 1031.325 0 0
2025-07-19 3020 1031.325 0 0
2025-07-20 3020 1031.325 0 0
2025-07-21 3022 1031.325 0 0
2025-07-22 3019 1031.325 0 0
2025-07-23 3025 1031.325 0 0
2025-07-24 3022 1031.325 0 0
2025-07-25 3023 1031.325 0 0
2025-07-26 3022 1031.325 0 0
2025-07-27 3021 1031.325 0 0
2025-07-28 3017 1031.325 0 0
2025-07-29 3019 1031.325 0 0
2025-07-30 3018 1031.325 0 0
2025-07-31 3015 1031.325 0 0
2025-08-01 3005 1031.325 0 0
2025-08-02 3004 1031.325 0 0
2025-08-03 3004 1031.325 0 0
2025-08-04 3009 1031.325 0 0
2025-08-05 3015 1031.325 0 0
2025-08-06 3021 1031.325 0 0
2025-08-07 3018 1031.325 0 0
2025-08-08 3027 1031.325 0 0
2025-08-09 3026 1031.325 0 0
2025-08-10 3026 1031.325 0 0
2025-08-11 3028 1031.325 0 0
2025-08-12 3033 1031.325 0 0
2025-08-13 3042 1031.325 0 0
2025-08-14 3038 1031.325 0 0
2025-08-15 3045 1031.325 0 0
2025-08-16 3046 1031.325 0 0
2025-08-17 3047 1031.325 0 0
2025-08-18 3046 1031.325 0 0
2025-08-19 3045 1031.325 0 0
2025-08-20 3049 1031.325 0 0
2025-08-21 3046 1031.325 0 0
2025-08-22 3053 1031.325 0 0
2025-08-23 3056 1031.325 0 0
2025-08-24 3056 1031.325 0 0
2025-08-25 3057 1031.325 0 0
2025-08-26 3060 1031.325 0 0
2025-08-27 3050 1031.325 0 0
2025-08-28 3056 1031.325 0 0
2025-08-29 3057 1031.325 0 0
2025-08-30 3057 1031.325 0 0
2025-08-31 3056 1031.325 0 0
2025-09-01 3064 1031.325 0 0
2025-09-02 3056 1031.325 0 0
2025-09-03 3051 1031.325 0 0
2025-09-04 3047 1031.325 0 0
2025-09-05 3054 1031.325 0 0
2025-09-06 3059 1031.325 0 0
2025-09-07 3059 1031.325 0 0
2025-09-08 3067 1031.325 0 0
2025-09-09 3064 1031.325 0 0
2025-09-10 3054 1031.325 0 0
2025-09-11 3064 1031.325 0 0
2025-09-12 3062 1031.325 0 0
2025-09-13 3066 1031.325 0 0
2025-09-14 3065 1031.325 0 0
2025-09-15 3064 1031.325 0 0
2025-09-16 3067 1031.325 0 0
2025-09-17 3079 1031.325 0 0
2025-09-18 3085 1031.325 0 0
2025-09-19 3080 1031.325 0 0
2025-09-20 3079 1031.325 0 0
2025-09-21 3080 1031.325 0 0
2025-09-22 3081 1031.325 0 0
2025-09-23 3079 1031.325 0 0
2025-09-24 3083 1031.325 0 0
2025-09-25 3073 1031.325 0 0
2025-09-26 3068 1031.325 0 0
2025-09-27 3069 1031.325 0 0
2025-09-28 3069 1031.325 0 0
2025-09-29 3071 1031.325 0 0
2025-09-30 3076 1031.325 0 0
2025-10-01 3077 1031.325 0 0
2025-10-02 3084 1031.325 0 0
2025-10-03 3081 1031.325 0 0
2025-10-04 3083 1031.325 0 0
2025-10-05 3084 1031.325 0 0
2025-10-06 3077 1031.325 0 0
2025-10-07 3080 1031.325 0 0
2025-10-08 3077 1031.325 0 0
2025-10-09 3075 1031.325 0 0
2025-10-10 3072 1031.325 0 0
2025-10-11 3069 1031.325 0 0
2025-10-12 3068 1031.325 0 0
2025-10-13 3068 1031.325 0 0
2025-10-14 3054 1031.325 0 0
2025-10-15 3061 1031.325 0 0
2025-10-16 3061 1031.325 0 0
2025-10-17 3057 1031.325 0 0
2025-10-18 3054 1031.325 0 0
2025-10-19 3055 1031.325 0 0
2025-10-20 3062 1031.325 0 0
2025-10-21 3072 1031.325 0 0
2025-10-22 3068 1031.325 0 0
2025-10-23 3068 1031.325 0 0
2025-10-24 3070 1031.325 0 0
2025-10-25 3071 1031.325 0 0
2025-10-26 3071 1031.325 0 0
2025-10-27 3079 1031.325 0 0
2025-10-28 3080 1031.325 0 0
2025-10-29 3082 1031.325 0 0
2025-10-30 3082 1031.325 0 0
2025-10-31 3082 1031.325 0 0
2025-11-01 3081 1031.325 0 0
2025-11-02 3081 1031.325 0 0
2025-11-03 3076 1031.325 0 0
2025-11-04 3070 1031.325 0 0
2025-11-05 3064 1031.325 0 0
2025-11-06 3065 1031.325 0 0
2025-11-07 3069 1031.325 0 0
2025-11-08 3071 1031.325 0 0
2025-11-09 3071 1031.325 0 0
2025-11-10 3076 1031.325 0 0
2025-11-11 3078 1031.325 0 0
2025-11-12 3080 1031.325 0 0
2025-11-13 3082 1031.325 0 0
2025-11-14 3074 1031.325 0 0
2025-11-15 3074 1031.325 0 0
2025-11-16 3074 1031.325 0 0
2025-11-17 3075 1031.325 0 0
2025-11-18 3065 1031.325 0 0
2025-11-19 3068 1031.325 0 0
2025-11-20 3068 1031.325 0 0
2025-11-21 3051 1031.325 0 0
2025-11-22 3044 1031.325 0 0
2025-11-23 3044 1031.325 0 0
2025-11-24 3047 1031.325 0 0
2025-11-25 3055 1031.325 0 0
2025-11-26 3063 1031.325 0 0
2025-11-27 3068 1031.325 0 0
2025-11-28 3069 1031.325 0 0
2025-11-29 3069 1031.325 0 0
2025-11-30 3068 1031.325 0 0
2025-12-01 3076 1031.325 0 0
2025-12-02 3075 1031.325 0 0
2025-12-03 3075 1031.325 0 0
2025-12-04 3082 1031.325 0 0
2025-12-05 3089 1031.325 0 0
2025-12-06 3084 1031.325 0 0
2025-12-07 3085 1031.325 0 0
2025-12-08 3082 1031.325 0 0
2025-12-09 3081 1031.325 0 0
2025-12-10 3081 1031.325 0 0
2025-12-11 3079 1031.325 0 0
2025-12-12 3085 1031.325 0 0
2025-12-13 3084 1031.325 0 0
2025-12-14 3084 1031.325 0 0
2025-12-15 3078 1031.325 0 0
2025-12-16 3069 1031.325 0 0
2025-12-17 3072 1031.325 0 0
2025-12-18 3079 1031.325 0 0
2025-12-19 3083 1031.325 0 0
2025-12-20 3087 1031.325 0 0
2025-12-21 3091 1031.325 0 0
2025-12-22 3097 1031.325 0 0
2025-12-23 3093 1031.325 0 0
2025-12-24 3099 1031.325 0 0
2025-12-25 3105 1031.325 0 0
2025-12-26 3106 1031.325 0 0
2025-12-27 3108 1031.325 0 0
2025-12-28 3108 1031.325 0 0
2025-12-29 3099 1031.325 0 0
2025-12-30 3101 1031.325 0 0
2025-12-31 3104 1031.325 0 0
2026-01-01 3104 1031.325 0 0
2026-01-02 3106 1031.325 0 0
2026-01-03 3107 1031.325 0 0
2026-01-05 3111 1031.325 0 0
2026-01-06 3121 1031.325 0 0
2026-01-07 3130 1031.325 0 0
2026-01-08 3126 1031.325 0 0
2026-01-09 3134 1031.325 0 0
2026-01-10 3139 1031.325 0 0
2026-01-11 3139 1031.325 0 0
2026-01-12 3136 1031.325 0 0
2026-01-13 3132 1031.325 0 0
2026-01-14 3130 1031.325 0 0
2026-01-15 3138 1031.325 0 0
2026-01-16 3137 1031.325 0 0
2026-01-17 3135 1031.325 0 0
2026-01-18 3134 1031.325 0 0
2026-01-19 3136 1031.325 0 0
2026-01-20 3135 1031.325 0 0
2026-01-21 3133 1031.325 0 0
2026-01-22 3143 1031.325 0 0
2026-01-23 3148 1031.325 0 0
2026-01-24 3150 1031.325 0 0
2026-01-25 3150 1031.325 0 0
2026-01-26 3149 1031.325 0 0
2026-01-27 3151 1031.325 0 0
2026-01-28 3150 1031.325 0 0
2026-01-29 3151 1031.325 0 0
2026-01-30 3140 1031.325 0 0
2026-01-31 3139 1031.325 0 0
2026-02-01 3139 1031.325 0 0
2026-02-02 3136 1031.325 0 0
2026-02-03 3134 1031.325 0 0
2026-02-04 3141 1031.325 0 0
2026-02-05 3131 1031.325 0 0
2026-02-06 3132 1031.325 0 0
2026-02-07 3137 1031.325 0 0
2026-02-08 3138 1031.325 0 0
2026-02-09 3142 1031.325 0 0
2026-02-10 3156 1031.325 0 0
2026-02-11 3155 1031.325 0 0
2026-02-12 3148 1031.325 0 0
2026-02-13 3145 1031.325 0 0
2026-02-14 3145 1031.325 0 0
2026-02-15 3145 1031.325 0 0
2026-02-16 3142 1031.325 0 0
2026-02-17 3142 1031.325 0 0
2026-02-18 3148 1031.325 0 0
2026-02-19 3145 1031.325 0 0
2026-02-20 3142 1031.325 0 0
2026-02-21 3142 1031.325 0 0
2026-02-22 3140 1031.325 0 0
2026-02-23 3141 1031.325 0 0
2026-02-24 3144 1031.325 0 0
2026-02-25 3151 1031.325 0 0
2026-02-26 3150 1031.325 0 0
2026-02-27 3145 1031.325 0 0
2026-02-28 3144 1031.325 0 0
2026-03-01 3136 1031.325 0 0
2026-03-02 3125 1031.325 0 0
2026-03-03 3103 1031.325 0 0
2026-03-04 3099 1031.325 0 0
2026-03-05 3102 1031.325 0 0
2026-03-06 3100 1031.325 0 0
2026-03-07 3100 1031.325 0 0
2026-03-08 3100 1031.325 0 0
2026-03-09 3095 1031.325 0 0
2026-03-10 3319 1031.325 0 0
2026-03-11 3325 1031.325 0 0
2026-03-12 3320 1031.325 0 0
2026-03-13 3316 1031.325 0 0
2026-03-14 3311 1031.325 0 0
2026-03-15 3311 1031.325 0 0
2026-03-16 3310 1031.325 0 0
2026-03-17 3311 1031.325 0 0
2026-03-18 3312 1031.325 0 0
2026-03-19 3302 1031.325 0 0
2026-03-20 3288 1031.325 0 0
2026-03-21 3288 1031.325 0 0
2026-03-22 3288 1031.325 0 0
2026-03-23 3277 1031.325 0 0
2026-03-24 3279 1031.325 0 0
2026-03-25 3291 1031.325 0 0
2026-03-27 3280 1031.325 0 0
2026-03-28 3279 1031.325 0 0
2026-03-29 3279 1031.325 0 0
2026-03-30 3274 1031.325 0 0
2026-03-31 3280 1031.325 0 0
2026-04-01 3296 1031.325 0 0
2026-04-02 3304 1031.325 0 0
2026-04-03 3291 1031.325 0 0
2026-04-04 3291 1031.325 0 0
2026-04-05 3291 1031.325 0 0
2026-04-06 3290 1031.325 0 0
2026-04-07 3286 1031.325 0 0
2026-04-08 3312 1031.325 0 0
2026-04-09 3321 1031.325 0 0
2026-04-10 3324 1031.325 0 0
2026-04-11 3327 1031.325 0 0
2026-04-12 3327 1031.325 0 0
2026-04-13 3321 1031.325 0 0
2026-04-14 3332 1031.325 0 0
2026-04-15 3348 1031.325 0 0
2026-04-16 3350 1031.325 0 0
2026-04-17 3352 1031.325 0 0
2026-04-18 3354 1031.325 0 0
2026-04-19 3354 1031.325 0 0
2026-04-20 3353 1031.325 0 0
2026-04-21 3350 1031.325 0 0
2026-04-22 3350 1031.325 0 0
2026-04-23 3344 1031.325 0 0
2026-04-24 3332 1031.325 0 0
2026-04-25 3333 1031.325 0 0
2026-04-26 3333 1031.325 0 0
2026-04-27 3340 1031.325 0 0
2026-04-28 3330 1031.325 0 0
2026-04-29 3331 1031.325 0 0
2026-04-30 3327 1031.325 0 0
2026-05-01 3331 1031.325 0 0
2026-05-02 3331 1031.325 0 0
2026-05-04 3327 1031.325 0 0
2026-05-05 3327 1031.325 0 0
2026-05-06 3332 1031.325 0 0
2026-05-07 3343 1031.325 0 0
2026-05-08 3352 1031.325 0 0
2026-05-09 3360 1031.325 0 0
2026-05-10 3358 1031.325 0 0
2026-05-11 3356 1031.325 0 0
2026-05-12 3348 1031.325 0 0
2026-05-13 3349 1031.325 0 0
2026-05-14 3348 1031.325 0 0
2026-05-15 3348 1031.325 0 0
2026-05-16 3341 1031.325 0 0
2026-05-17 3341 1031.325 0 0
2026-05-18 3338 1031.325 0 0
2026-05-19 3336 1031.325 0 0
2026-05-20 3333 1031.325 0 0
2026-05-21 3343 1031.325 0 0
2026-05-22 3345 1031.325 0 0
2026-05-23 3345 1031.325 0 0
2026-05-24 3349 1031.325 0 0
2026-05-25 3349 1031.325 0 0
2026-05-26 3346 1031.325 0 0
2026-05-27 3344 1031.325 0 0
2026-05-28 3346 1031.325 0 0
2026-05-29 3347 1031.325 0 0
2026-05-30 3340 1031.325 0 0
2026-05-31 3343 1031.325 0 0
2026-06-01 3345 1031.325 0 0
2026-06-02 3334 1031.325 0 0
2026-06-03 3336 1031.325 0 0
2026-06-04 3327 1031.325 0 0
2026-06-05 3331 1031.325 0 0
2026-06-06 3314 1031.325 0 0
2026-06-07 3313 1031.325 0 0
2026-06-09 3307 1031.325 0 0
2026-06-10 3297 1031.325 0 0
2026-06-11 3294 1031.325 0 0
2026-06-12 3299 1031.325 0 0
2026-06-13 3305 1031.325 0 0
2026-06-14 3311 1031.325 0 0
2026-06-16 3319 1031.325 0 0
2026-06-17 3328 1031.325 0 0
2026-06-18 3318 1031.325 0 0
2026-06-19 3321 1031.325 0 0
2026-06-20 3317 1031.325 0 0
2026-06-21 3317 1031.325 0 0
2026-06-22 3315 1031.325 0 0
2026-06-23 3315 1031.325 0 0
2026-06-24 3304 1031.325 0 0
2026-06-25 3300 1031.325 0 0
2026-06-26 3289 1031.325 0 0
2026-06-27 3294 1031.325 0 0
2026-06-28 3296 1031.325 0 0
2026-06-29 3293 1031.325 0 0
2026-06-30 3302 1031.325 0 0
2026-07-01 3310 1031.325 0 0
2026-07-02 3311 1031.325 0 0
2026-07-03 3317 1031.325 0 0
2026-07-04 3322 1031.325 0 0
2026-07-05 3322 1031.325 0 0
2026-07-06 3321 1031.325 0 0
2026-07-07 3313 1031.325 0 0
2026-07-08 3315 1031.325 0 0
2026-07-09 3299 1031.325 0 0
