2020-01-19 1281 2038.961 0 0
2020-02-07 1207 2155.285 116.324 5.397
2020-02-15 1260 2072.813 -82.472 -3.979
2020-02-16 1260 2072.813 0 0
2020-02-17 1246 2104.781 31.968 1.519
2020-02-18 1226 2134.192 29.411 1.378
2020-02-19 1220 2150.861 16.669 0.775
2020-02-20 1236 2117.563 -33.298 -1.572
2020-02-21 1241 2108.855 -8.708 -0.413
2020-02-22 1237 2115.421 6.566 0.31
2020-02-23 1236 2115.421 0 0
2020-02-24 1274 2020.303 -95.118 -4.708
2020-02-25 1297 1995.476 -24.827 -1.244
2020-02-26 1305 1974.97 -20.506 -1.038
2020-02-27 1369 1844.949 -130.021 -7.047
2020-02-28 1375 1806.546 -38.403 -2.126
2020-02-29 1377 1801.964 -4.582 -0.254
