2020-11-10 2273 1016.38 0 0
2020-11-11 2281 1007.94 -8.44 -0.837
2020-11-12 2280 1003.668 -4.272 -0.426
2020-11-17 2277 1004.509 0.841 0.084
2020-11-18 2268 1023.834 19.325 1.888
2020-11-19 2277 1005.302 -18.532 -1.843
2020-11-21 2281 1001.159 -4.143 -0.414
2020-11-22 2281 1001.159 0 0
2020-11-23 2277 1005.481 4.322 0.43
2020-11-24 2270 1021.078 15.597 1.528
2020-11-25 2303 987.298 -33.78 -3.421
2020-11-28 2289 1001.214 13.916 1.39
2020-11-29 2289 1001.214 0 0
2020-11-30 2280 1004.193 2.979 0.297
