2019-11-07 430 4905.357 0 0
2020-01-19 391 5466.233 560.876 11.434
2020-02-07 401 5191.724 -274.509 -5.022
2020-02-15 409 5123.056 -68.668 -1.323
2020-02-16 406 5137.185 14.129 0.276
2020-02-17 406 5136.571 -0.614 -0.012
2020-02-18 408 5129.49 -7.081 -0.138
2020-02-19 405 5184.876 55.386 1.08
2020-02-20 414 5134.561 -50.315 -0.97
2020-02-21 414 5106.655 -27.906 -0.543
2020-02-22 412 5110.926 4.271 0.084
2020-02-23 416 5083.196 -27.73 -0.543
2020-02-24 430 4922.867 -160.329 -3.154
2020-02-25 430 4852.715 -70.152 -1.425
2020-02-26 438 4771.534 -81.181 -1.673
2020-02-27 445 4673.916 -97.618 -2.046
2020-02-28 443 4716.926 43.01 0.92
2020-02-29 440 4701.138 -15.788 -0.335
