2025-04-02 2886 1065.637 0 0
2025-04-03 2866 1065.637 0 0
2025-04-04 2856 1065.637 0 0
2025-04-05 2856 1065.637 0 0
2025-04-06 2856 1065.637 0 0
2025-04-07 2808 1065.637 0 0
2025-04-08 2796 1065.637 0 0
2025-04-09 2814 1065.637 0 0
2025-04-10 2819 1065.637 0 0
2025-04-11 2826 1065.637 0 0
2025-04-12 2836 1065.637 0 0
2025-04-13 2836 1065.637 0 0
2025-04-14 2836 1065.637 0 0
2025-04-15 2842 1065.637 0 0
2025-04-16 2833 1065.637 0 0
2025-04-17 2838 1065.637 0 0
2025-04-18 2843 1065.637 0 0
2025-04-19 2843 1065.637 0 0
2025-04-20 2843 1065.637 0 0
2025-04-21 2846 1065.637 0 0
2025-04-22 2854 1065.637 0 0
2025-04-23 2864 1065.637 0 0
2025-04-24 2865 1065.637 0 0
2025-04-25 2864 1065.637 0 0
2025-04-26 2864 1065.637 0 0
2025-04-27 2864 1065.637 0 0
2025-04-28 2862 1065.637 0 0
2025-04-29 2865 1065.637 0 0
2025-04-30 2872 1065.637 0 0
2025-05-01 2873 1065.637 0 0
2025-05-02 2880 1065.637 0 0
2025-05-03 2886 1065.637 0 0
2025-05-04 2886 1065.637 0 0
2025-05-05 2887 1065.637 0 0
2025-05-06 2885 1065.637 0 0
2025-05-07 2894 1065.637 0 0
2025-05-08 2893 1065.637 0 0
2025-05-09 2889 1065.637 0 0
2025-05-10 2891 1065.637 0 0
2025-05-11 2891 1065.637 0 0
2025-05-12 2909 1065.637 0 0
2025-05-13 2910 1065.637 0 0
2025-05-14 2915 1065.637 0 0
2025-05-15 2912 1065.637 0 0
2025-05-16 2916 1065.637 0 0
2025-05-17 2914 1065.637 0 0
2025-05-18 2914 1065.637 0 0
2025-05-19 2910 1065.637 0 0
2025-05-20 2913 1065.637 0 0
2025-05-21 2910 1065.637 0 0
2025-05-22 2911 1065.637 0 0
2025-05-23 2901 1065.637 0 0
2025-05-24 2901 1065.637 0 0
2025-05-25 2903 1065.637 0 0
2025-05-26 2906 1065.637 0 0
2025-05-27 2912 1065.637 0 0
2025-05-28 2914 1065.637 0 0
2025-05-29 2917 1065.637 0 0
2025-05-30 2911 1065.637 0 0
2025-05-31 2907 1065.637 0 0
2025-06-01 2907 1065.637 0 0
2025-06-02 2900 1065.637 0 0
2025-06-03 2909 1065.637 0 0
2025-06-04 2915 1065.637 0 0
2025-06-05 2923 1065.637 0 0
2025-06-06 2921 1065.637 0 0
2025-06-07 2920 1065.637 0 0
2025-06-08 2920 1065.637 0 0
2025-06-09 2928 1065.637 0 0
2025-06-10 2926 1065.637 0 0
2025-06-11 2930 1065.637 0 0
2025-06-12 2926 1065.637 0 0
2025-06-13 2922 1065.637 0 0
2025-06-14 2920 1065.637 0 0
2025-06-15 2919 1065.637 0 0
2025-06-16 2918 1065.637 0 0
2025-06-17 2916 1065.637 0 0
2025-06-18 2916 1065.637 0 0
2025-06-19 2902 1065.637 0 0
2025-06-20 2899 1065.637 0 0
2025-06-21 2897 1065.637 0 0
2025-06-22 2897 1065.637 0 0
2025-06-23 2901 1065.637 0 0
2025-06-24 2913 1065.637 0 0
2025-06-25 2925 1065.637 0 0
2025-06-26 2923 1065.637 0 0
2025-06-27 2938 1065.637 0 0
2025-06-28 2938 1065.637 0 0
2025-06-29 2937 1065.637 0 0
2025-06-30 2946 1065.637 0 0
2025-07-01 2946 1065.637 0 0
2025-07-02 2946 1065.637 0 0
2025-07-03 2950 1065.637 0 0
2025-07-04 2945 1065.637 0 0
2025-07-05 2945 1065.637 0 0
2025-07-06 2946 1065.637 0 0
2025-07-07 2945 1065.637 0 0
2025-07-08 2949 1065.637 0 0
2025-07-09 2941 1065.637 0 0
2025-07-10 2944 1065.637 0 0
2025-07-11 2943 1065.637 0 0
2025-07-12 2943 1065.637 0 0
2025-07-13 2943 1065.637 0 0
2025-07-14 2944 1065.637 0 0
2025-07-15 2952 1065.637 0 0
2025-07-16 2950 1065.637 0 0
2025-07-17 2964 1065.637 0 0
2025-07-18 2960 1065.637 0 0
2025-07-19 2962 1065.637 0 0
2025-07-20 2961 1065.637 0 0
2025-07-21 2965 1065.637 0 0
2025-07-22 2967 1065.637 0 0
2025-07-23 2966 1065.637 0 0
2025-07-24 2967 1065.637 0 0
2025-07-25 2970 1065.637 0 0
2025-07-26 2967 1065.637 0 0
2025-07-27 2967 1065.637 0 0
2025-07-28 2969 1065.637 0 0
2025-07-29 2966 1065.637 0 0
2025-07-30 2964 1065.637 0 0
2025-07-31 2951 1065.637 0 0
2025-08-01 2948 1065.637 0 0
2025-08-02 2948 1065.637 0 0
2025-08-03 2948 1065.637 0 0
2025-08-04 2963 1065.637 0 0
2025-08-05 2965 1065.637 0 0
2025-08-06 2967 1065.637 0 0
2025-08-07 2971 1065.637 0 0
2025-08-08 2970 1065.637 0 0
2025-08-09 2971 1065.637 0 0
2025-08-10 2971 1065.637 0 0
2025-08-11 2976 1065.637 0 0
2025-08-12 2978 1065.637 0 0
2025-08-13 2988 1065.637 0 0
2025-08-14 2992 1065.637 0 0
2025-08-15 2994 1065.637 0 0
2025-08-16 2993 1065.637 0 0
2025-08-17 2993 1065.637 0 0
2025-08-18 2999 1065.637 0 0
2025-08-19 2999 1065.637 0 0
2025-08-20 2998 1065.637 0 0
2025-08-21 2998 1065.637 0 0
2025-08-22 3013 1065.637 0 0
2025-08-23 3017 1065.637 0 0
2025-08-24 3016 1065.637 0 0
2025-08-25 3011 1065.637 0 0
2025-08-26 3010 1065.637 0 0
2025-08-27 3005 1065.637 0 0
2025-08-28 3010 1065.637 0 0
2025-08-29 3013 1065.637 0 0
2025-08-30 3013 1065.637 0 0
2025-08-31 3013 1065.637 0 0
2025-09-01 3015 1065.637 0 0
2025-09-02 3006 1065.637 0 0
2025-09-03 3004 1065.637 0 0
2025-09-04 3005 1065.637 0 0
2025-09-05 3011 1065.637 0 0
2025-09-06 3014 1065.637 0 0
2025-09-07 3014 1065.637 0 0
2025-09-08 3020 1065.637 0 0
2025-09-09 3012 1065.637 0 0
2025-09-10 3014 1065.637 0 0
2025-09-11 3019 1065.637 0 0
2025-09-12 3019 1065.637 0 0
2025-09-13 3020 1065.637 0 0
2025-09-14 3020 1065.637 0 0
2025-09-15 3020 1065.637 0 0
2025-09-16 3023 1065.637 0 0
2025-09-17 3030 1065.637 0 0
2025-09-18 3034 1065.637 0 0
2025-09-19 3028 1065.637 0 0
2025-09-20 3028 1065.637 0 0
2025-09-21 3030 1065.637 0 0
2025-09-22 3033 1065.637 0 0
2025-09-23 3025 1065.637 0 0
2025-09-24 3032 1065.637 0 0
2025-09-25 3025 1065.637 0 0
2025-09-26 3020 1065.637 0 0
2025-09-27 3018 1065.637 0 0
2025-09-28 3018 1065.637 0 0
2025-09-29 3021 1065.637 0 0
2025-09-30 3022 1065.637 0 0
2025-10-01 3026 1065.637 0 0
2025-10-02 3032 1065.637 0 0
2025-10-03 3032 1065.637 0 0
2025-10-04 3033 1065.637 0 0
2025-10-05 3033 1065.637 0 0
2025-10-06 3026 1065.637 0 0
2025-10-07 3029 1065.637 0 0
2025-10-08 3028 1065.637 0 0
2025-10-09 3028 1065.637 0 0
2025-10-10 3021 1065.637 0 0
2025-10-11 3021 1065.637 0 0
2025-10-12 3021 1065.637 0 0
2025-10-13 3017 1065.637 0 0
2025-10-14 3010 1065.637 0 0
2025-10-15 3014 1065.637 0 0
2025-10-16 3009 1065.637 0 0
2025-10-17 3008 1065.637 0 0
2025-10-18 3003 1065.637 0 0
2025-10-19 3005 1065.637 0 0
2025-10-20 3011 1065.637 0 0
2025-10-21 3018 1065.637 0 0
2025-10-22 3018 1065.637 0 0
2025-10-23 3019 1065.637 0 0
2025-10-24 3027 1065.637 0 0
2025-10-25 3027 1065.637 0 0
2025-10-26 3028 1065.637 0 0
2025-10-27 3030 1065.637 0 0
2025-10-28 3025 1065.637 0 0
2025-10-29 3025 1065.637 0 0
2025-10-30 3025 1065.637 0 0
2025-10-31 3025 1065.637 0 0
2025-11-01 3023 1065.637 0 0
2025-11-02 3023 1065.637 0 0
2025-11-03 3026 1065.637 0 0
2025-11-04 3016 1065.637 0 0
2025-11-05 3019 1065.637 0 0
2025-11-06 3016 1065.637 0 0
2025-11-07 3021 1065.637 0 0
2025-11-08 3019 1065.637 0 0
2025-11-09 3019 1065.637 0 0
2025-11-10 3022 1065.637 0 0
2025-11-11 3026 1065.637 0 0
2025-11-12 3025 1065.637 0 0
2025-11-13 3029 1065.637 0 0
2025-11-14 3022 1065.637 0 0
2025-11-15 3021 1065.637 0 0
2025-11-16 3021 1065.637 0 0
2025-11-17 3019 1065.637 0 0
2025-11-18 3013 1065.637 0 0
2025-11-19 3013 1065.637 0 0
2025-11-20 3006 1065.637 0 0
2025-11-21 3001 1065.637 0 0
2025-11-22 2998 1065.637 0 0
2025-11-23 2997 1065.637 0 0
2025-11-24 3001 1065.637 0 0
2025-11-25 3005 1065.637 0 0
2025-11-26 3016 1065.637 0 0
2025-11-27 3019 1065.637 0 0
2025-11-28 3024 1065.637 0 0
2025-11-29 3024 1065.637 0 0
2025-11-30 3024 1065.637 0 0
2025-12-01 3023 1065.637 0 0
2025-12-02 3023 1065.637 0 0
2025-12-03 3024 1065.637 0 0
2025-12-04 3020 1065.637 0 0
2025-12-05 3023 1065.637 0 0
2025-12-06 3022 1065.637 0 0
2025-12-07 3023 1065.637 0 0
2025-12-08 3035 1065.637 0 0
2025-12-09 3033 1065.637 0 0
2025-12-10 3028 1065.637 0 0
2025-12-11 3035 1065.637 0 0
2025-12-12 3040 1065.637 0 0
2025-12-13 3040 1065.637 0 0
2025-12-14 3039 1065.637 0 0
2025-12-15 3032 1065.637 0 0
2025-12-16 3026 1065.637 0 0
2025-12-17 3030 1065.637 0 0
2025-12-18 3035 1065.637 0 0
2025-12-19 3037 1065.637 0 0
2025-12-20 3036 1065.637 0 0
2025-12-21 3040 1065.637 0 0
2025-12-22 3046 1065.637 0 0
2025-12-23 3049 1065.637 0 0
2025-12-24 3053 1065.637 0 0
2025-12-25 3057 1065.637 0 0
2025-12-26 3058 1065.637 0 0
2025-12-27 3058 1065.637 0 0
2025-12-28 3058 1065.637 0 0
2025-12-29 3056 1065.637 0 0
2025-12-30 3060 1065.637 0 0
2025-12-31 3064 1065.637 0 0
2026-01-01 3063 1065.637 0 0
2026-01-02 3064 1065.637 0 0
2026-01-03 3066 1065.637 0 0
2026-01-05 3069 1065.637 0 0
2026-01-06 3070 1065.637 0 0
2026-01-07 3079 1065.637 0 0
2026-01-08 3079 1065.637 0 0
2026-01-09 3086 1065.637 0 0
2026-01-10 3089 1065.637 0 0
2026-01-11 3089 1065.637 0 0
2026-01-12 3091 1065.637 0 0
2026-01-13 3091 1065.637 0 0
2026-01-14 3090 1065.637 0 0
2026-01-15 3095 1065.637 0 0
2026-01-16 3093 1065.637 0 0
2026-01-17 3092 1065.637 0 0
2026-01-18 3091 1065.637 0 0
2026-01-19 3089 1065.637 0 0
2026-01-20 3083 1065.637 0 0
2026-01-21 3086 1065.637 0 0
2026-01-22 3096 1065.637 0 0
2026-01-23 3098 1065.637 0 0
2026-01-24 3104 1065.637 0 0
2026-01-25 3104 1065.637 0 0
2026-01-26 3101 1065.637 0 0
2026-01-27 3104 1065.637 0 0
2026-01-28 3106 1065.637 0 0
2026-01-29 3104 1065.637 0 0
2026-01-30 3096 1065.637 0 0
2026-01-31 3098 1065.637 0 0
2026-02-01 3098 1065.637 0 0
2026-02-02 3094 1065.637 0 0
2026-02-03 3088 1065.637 0 0
2026-02-04 3085 1065.637 0 0
2026-02-05 3081 1065.637 0 0
2026-02-06 3077 1065.637 0 0
2026-02-07 3079 1065.637 0 0
2026-02-08 3080 1065.637 0 0
2026-02-09 3089 1065.637 0 0
2026-02-10 3103 1065.637 0 0
2026-02-11 3107 1065.637 0 0
2026-02-12 3101 1065.637 0 0
2026-02-13 3095 1065.637 0 0
2026-02-14 3091 1065.637 0 0
2026-02-15 3089 1065.637 0 0
2026-02-16 3095 1065.637 0 0
2026-02-17 3093 1065.637 0 0
2026-02-18 3096 1065.637 0 0
2026-02-19 3097 1065.637 0 0
2026-02-20 3095 1065.637 0 0
2026-02-21 3097 1065.637 0 0
2026-02-22 3096 1065.637 0 0
2026-02-23 3095 1065.637 0 0
2026-02-24 3102 1065.637 0 0
2026-02-25 3154 1029.347 -36.29 -3.405
2026-02-26 3153 1029.347 0 0
2026-02-27 3148 1029.347 0 0
2026-02-28 3147 1029.347 0 0
2026-03-01 3140 1029.347 0 0
2026-03-02 3020 1119.409 90.062 8.749
2026-03-03 3000 1119.409 0 0
2026-03-04 2997 1119.409 0 0
2026-03-05 2997 1119.409 0 0
2026-03-06 2999 1119.409 0 0
2026-03-07 2996 1119.409 0 0
2026-03-08 2996 1119.409 0 0
2026-03-09 2992 1119.409 0 0
2026-03-10 3198 1119.409 0 0
2026-03-11 3198 1119.409 0 0
2026-03-12 3191 1119.409 0 0
2026-03-13 3187 1119.409 0 0
2026-03-14 3181 1119.409 0 0
2026-03-15 3180 1119.409 0 0
2026-03-16 3182 1119.409 0 0
2026-03-17 3183 1119.409 0 0
2026-03-18 3192 1119.409 0 0
2026-03-19 3175 1119.409 0 0
2026-03-20 3163 1119.409 0 0
2026-03-21 3164 1119.409 0 0
2026-03-22 3164 1119.409 0 0
2026-03-23 3143 1119.409 0 0
2026-03-24 3146 1119.409 0 0
2026-03-25 3159 1119.409 0 0
2026-03-27 3150 1119.409 0 0
2026-03-28 3146 1119.409 0 0
2026-03-29 3146 1119.409 0 0
2026-03-30 3135 1119.409 0 0
2026-03-31 3134 1119.409 0 0
2026-04-01 3155 1119.409 0 0
2026-04-02 3150 1119.409 0 0
2026-04-03 3144 1119.409 0 0
2026-04-04 3144 1119.409 0 0
2026-04-05 3144 1119.409 0 0
2026-04-06 3145 1119.409 0 0
2026-04-07 3143 1119.409 0 0
2026-04-08 3175 1119.409 0 0
2026-04-09 3182 1119.409 0 0
2026-04-10 3189 1119.409 0 0
2026-04-11 3189 1119.409 0 0
2026-04-12 3189 1119.409 0 0
2026-04-13 3191 1119.409 0 0
2026-04-14 3199 1119.409 0 0
2026-04-15 3216 1119.409 0 0
2026-04-16 3218 1119.409 0 0
2026-04-17 3220 1119.409 0 0
2026-04-18 3221 1119.409 0 0
2026-04-19 3221 1119.409 0 0
2026-04-20 3223 1119.409 0 0
2026-04-21 3225 1119.409 0 0
2026-04-22 3222 1119.409 0 0
2026-04-23 3211 1119.409 0 0
2026-04-24 3203 1119.409 0 0
2026-04-25 3201 1119.409 0 0
2026-04-26 3201 1119.409 0 0
2026-04-27 3201 1119.409 0 0
2026-04-28 3195 1119.409 0 0
2026-04-29 3194 1119.409 0 0
2026-04-30 3190 1119.409 0 0
2026-05-01 3194 1119.409 0 0
2026-05-02 3195 1119.409 0 0
2026-05-04 3200 1119.409 0 0
2026-05-05 3200 1119.409 0 0
2026-05-06 3207 1119.409 0 0
2026-05-07 3213 1119.409 0 0
2026-05-08 3225 1119.409 0 0
2026-05-09 3234 1119.409 0 0
2026-05-10 3237 1119.409 0 0
2026-05-11 3233 1119.409 0 0
2026-05-12 3229 1119.409 0 0
2026-05-13 3221 1119.409 0 0
2026-05-14 3214 1119.409 0 0
2026-05-15 3221 1119.409 0 0
2026-05-16 3214 1119.409 0 0
2026-05-17 3202 1119.409 0 0
2026-05-18 3196 1119.409 0 0
2026-05-19 3205 1119.409 0 0
2026-05-20 3196 1119.409 0 0
2026-05-21 3203 1119.409 0 0
2026-05-22 3202 1119.409 0 0
2026-05-23 3202 1119.409 0 0
2026-05-24 3200 1119.409 0 0
2026-05-25 3198 1119.409 0 0
2026-05-26 3205 1119.409 0 0
2026-05-27 3204 1119.409 0 0
2026-05-28 3207 1119.409 0 0
2026-05-29 3212 1119.409 0 0
2026-05-30 3209 1119.409 0 0
2026-05-31 3212 1119.409 0 0
2026-06-01 3207 1119.409 0 0
2026-06-02 3202 1119.409 0 0
2026-06-03 3201 1119.409 0 0
2026-06-04 3181 1119.409 0 0
2026-06-05 3190 1119.409 0 0
2026-06-06 3171 1119.409 0 0
2026-06-07 3172 1119.409 0 0
2026-06-09 3161 1119.409 0 0
2026-06-10 3157 1119.409 0 0
2026-06-11 3153 1119.409 0 0
2026-06-12 3170 1119.409 0 0
2026-06-13 3167 1119.409 0 0
2026-06-14 3177 1119.409 0 0
2026-06-16 3178 1119.409 0 0
2026-06-17 3185 1119.409 0 0
2026-06-18 3182 1119.409 0 0
2026-06-19 3184 1119.409 0 0
2026-06-20 3178 1119.409 0 0
2026-06-21 3178 1119.409 0 0
2026-06-22 3173 1119.409 0 0
2026-06-23 3173 1119.409 0 0
2026-06-24 3163 1119.409 0 0
2026-06-25 3162 1119.409 0 0
