2020-01-19 787 3240 0 0
2020-02-07 776 3240 0 0
2020-02-15 774 3240 0 0
2020-02-16 774 3240 0 0
2020-02-17 772 3240 0 0
2020-02-18 774 3240 0 0
2020-02-19 777 3240 0 0
2020-02-20 779 3240 0 0
2020-02-21 775 3240 0 0
2020-02-22 773 3240 0 0
2020-02-23 773 3240 0 0
2020-02-24 762 3240 0 0
2020-02-25 751 3240 0 0
2020-02-26 747 3240 0 0
2020-02-27 733 3240 0 0
2020-02-28 729 3240 0 0
2020-02-29 733 3240 0 0
2020-03-01 733 3240 0 0
2020-03-02 737 3240 0 0
2020-03-03 742 3240 0 0
2020-03-04 745 3240 0 0
2020-03-05 742 3240 0 0
2020-03-06 738 3240 0 0
2020-03-07 738 3240 0 0
2020-03-08 739 3240 0 0
2020-03-09 718 3240 0 0
2020-03-10 712 3240 0 0
2020-03-11 713 3240 0 0
2020-03-12 691 3240 0 0
2020-03-13 667 3240 0 0
2020-03-14 675 3240 0 0
2020-03-15 675 3240 0 0
2020-03-16 652 3240 0 0
2020-03-17 634 3240 0 0
2020-03-18 626 3240 0 0
2020-03-19 624 3240 0 0
2020-03-20 622 3240 0 0
2020-03-21 619 3240 0 0
2020-03-22 619 3240 0 0
2020-03-23 612 3240 0 0
2020-03-24 605 3240 0 0
2020-03-25 626 3240 0 0
2020-03-26 645 3240 0 0
2020-03-27 659 3240 0 0
2020-03-28 658 3240 0 0
2020-03-29 658 3240 0 0
2020-03-30 658 3240 0 0
2020-03-31 660 3240 0 0
2020-04-01 659 3240 0 0
2020-04-02 644 3240 0 0
2020-04-03 645 3240 0 0
2020-04-04 640 3240 0 0
2020-04-05 640 3240 0 0
2020-04-06 640 3240 0 0
2020-04-07 661 3240 0 0
2020-04-08 678 3240 0 0
2020-04-10 691 3240 0 0
2020-04-11 691 3240 0 0
2020-04-12 691 3240 0 0
2020-04-13 687 3240 0 0
2020-04-14 696 3240 0 0
2020-04-15 691 3240 0 0
2020-04-17 696 3240 0 0
2020-04-18 699 3240 0 0
2020-04-19 699 3240 0 0
2020-04-20 697 3240 0 0
2020-04-21 692 3240 0 0
2020-04-23 697 3240 0 0
2020-04-24 697 3240 0 0
2020-04-25 694 3240 0 0
2020-04-26 694 3240 0 0
2020-04-27 697 3240 0 0
2020-04-28 703 3240 0 0
2020-04-29 716 3240 0 0
2020-04-30 716 3240 0 0
2020-05-01 713 3240 0 0
2020-05-02 709 3240 0 0
2020-05-03 709 3240 0 0
2020-05-04 705 3240 0 0
2020-05-05 709 3240 0 0
2020-05-06 709 3240 0 0
2020-05-07 707 3240 0 0
2020-05-08 709 3240 0 0
2020-05-09 711 3240 0 0
2020-05-10 711 3240 0 0
2020-05-11 714 3240 0 0
2020-05-12 711 3240 0 0
2020-05-13 707 3240 0 0
2020-05-14 707 3240 0 0
2020-05-15 702 3240 0 0
2020-05-16 704 3240 0 0
2020-05-17 704 3240 0 0
2020-05-18 708 3240 0 0
2020-05-19 718 3240 0 0
2020-05-20 720 3240 0 0
2020-05-21 718 3240 0 0
2020-05-22 715 3240 0 0
2020-05-23 713 3240 0 0
2020-05-24 713 3240 0 0
2020-05-25 717 3240 0 0
2020-05-26 720 3240 0 0
2020-05-27 721 3240 0 0
2020-05-28 726 3240 0 0
2020-05-29 725 3240 0 0
2020-05-30 726 3240 0 0
2020-05-31 726 3240 0 0
