2023-04-06 757 3846.567 0 0
2023-04-07 758 3850.794 4.227 0.11
2023-04-08 757 3850.794 0 0
2023-04-09 756 3850.794 0 0
2023-04-10 759 3835.593 -15.201 -0.395
2023-04-11 770 3797.178 -38.415 -1.002
2023-04-12 767 3800.828 3.65 0.096
2023-04-13 777 3794.31 -6.518 -0.171
2023-04-14 778 3803.005 8.695 0.229
2023-04-15 778 3803.005 0 0
2023-04-16 778 3803.005 0 0
2023-04-17 752 3887.012 84.007 2.209
2023-04-18 743 3917.396 30.384 0.782
2023-04-19 750 3926.101 8.705 0.222
2023-04-20 733 3952.88 26.779 0.682
2023-04-21 742 3951.068 -1.812 -0.046
2023-04-22 741 3952.779 1.711 0.043
2023-04-23 741 3952.779 0 0
2023-04-24 736 3955.184 2.405 0.061
2023-04-25 735 3966.072 10.888 0.275
2023-04-26 727 4001.714 35.642 0.899
2023-04-27 727 4013.755 12.041 0.301
2023-04-28 721 4011.355 -2.4 -0.06
2023-04-29 723 4011.558 0.203 0.005
2023-05-01 723 4011.558 0 0
2023-05-02 707 4083.448 71.89 1.792
2023-05-03 681 4217.685 134.237 3.287
2023-05-04 678 4220.428 2.743 0.065
2023-05-06 683 4213.176 -7.252 -0.172
2023-05-07 683 4213.176 0 0
2023-05-08 669 4276.243 63.067 1.497
2023-05-09 668 4286.58 10.337 0.242
2023-05-10 662 4298.718 12.138 0.283
2023-05-11 656 4342.718 44 1.024
2023-05-12 660 4309.156 -33.562 -0.773
2023-05-13 661 4305.809 -3.347 -0.078
2023-05-14 661 4305.809 0 0
2023-05-15 652 4337.931 32.122 0.746
2023-05-16 647 4370.699 32.768 0.755
2023-05-17 643 4402.465 31.766 0.727
2023-05-19 649 4333.396 -69.069 -1.569
2023-05-20 650 4330.315 -3.081 -0.071
2023-05-21 650 4330.315 0 0
2023-05-22 645 4368.18 37.865 0.874
2023-05-23 648 4338.135 -30.045 -0.688
2023-05-24 645 4332.728 -5.407 -0.125
2023-05-25 636 4395.414 62.686 1.447
2023-05-26 631 4413.652 18.238 0.415
2023-05-27 631 4421.181 7.529 0.171
2023-05-28 632 4421.181 0 0
2023-05-29 632 4415.745 -5.436 -0.123
2023-05-30 613 4488.663 72.918 1.651
2023-05-31 611 4492.789 4.126 0.092
