2020-01-19 153 10929.014 0 0
2020-02-07 156 10490.036 -438.978 -4.185
2020-02-15 160 10329.318 -160.718 -1.556
2020-02-16 159 10329.318 0 0
2020-02-17 158 10344.967 15.649 0.151
2020-02-18 164 10234.776 -110.191 -1.077
2020-02-19 163 10350.882 116.106 1.122
2020-02-20 157 10440.22 89.338 0.856
2020-02-21 165 10258.617 -181.603 -1.77
2020-02-22 163 10241.887 -16.73 -0.163
2020-02-23 163 10241.887 0 0
2020-02-24 161 10241.887 0 0
2020-02-25 173 9723.326 -518.561 -5.333
2020-02-26 157 10382.948 659.622 6.353
2022-02-15 197 10787.942 404.994 3.754
2022-02-16 194 10886.094 98.152 0.902
2022-02-17 197 10715.55 -170.544 -1.592
2022-02-18 204 10394.509 -321.041 -3.089
2022-02-19 204 10352.569 -41.94 -0.405
2022-02-20 204 10352.569 0 0
2022-02-21 219 9810.099 -542.47 -5.53
2022-02-22 217 9986.307 176.208 1.764
2022-02-23 219 9836.397 -149.91 -1.524
2022-02-24 253 8648.736 -1187.661 -13.732
2022-02-25 261 8552.972 -95.764 -1.12
2022-02-26 253 8770.835 217.863 2.484
2022-02-27 253 8770.835 0 0
2022-02-28 253 8770.835 0 0
