2020-01-19 880 2972.053 0 0
2020-02-07 892 2901.709 -70.344 -2.424
2020-02-15 895 2911.791 10.082 0.346
2020-02-16 895 2911.791 0 0
2020-02-17 890 2916.583 4.792 0.164
2020-02-18 893 2914.985 -1.598 -0.055
2020-02-19 902 2880.694 -34.291 -1.19
2020-02-20 904 2875.43 -5.264 -0.183
2020-02-21 910 2845.638 -29.792 -1.047
2020-02-22 912 2838.556 -7.082 -0.249
2020-02-23 913 2838.556 0 0
2020-02-24 902 2849.705 11.149 0.391
2020-02-25 881 2855.437 5.732 0.201
2020-02-26 869 2866.689 11.252 0.393
2020-02-27 861 2856.74 -9.949 -0.348
2020-02-28 855 2853.713 -3.027 -0.106
2020-02-29 853 2861.201 7.488 0.262
2020-03-01 855 2861.201 0 0
2020-03-02 835 2942.385 81.184 2.759
2020-03-03 810 3026.099 83.714 2.766
2020-03-04 806 3051.669 25.57 0.838
2020-03-05 792 3090.507 38.838 1.257
2020-03-06 785 3086.246 -4.261 -0.138
2020-03-07 782 3087.116 0.87 0.028
2020-03-08 783 3087.116 0 0
2020-03-09 773 3059.977 -27.139 -0.887
2020-03-10 765 3075.594 15.617 0.508
2020-03-11 750 3104.154 28.56 0.92
2020-03-12 727 3092.35 -11.804 -0.382
2020-03-13 710 3076.854 -15.496 -0.504
2020-03-14 718 3076.575 -0.279 -0.009
2020-03-15 718 3076.575 0 0
2020-03-16 705 3041.465 -35.11 -1.154
2020-03-17 711 3006.977 -34.488 -1.147
2020-03-18 710 2964.029 -42.948 -1.449
2020-03-19 707 2928.919 -35.11 -1.199
2020-03-20 693 2990.23 61.311 2.05
2020-03-21 695 2997.804 7.574 0.253
2020-03-22 695 2997.804 0 0
2020-03-23 681 2989.806 -7.998 -0.268
2020-03-24 678 2975.331 -14.475 -0.487
2020-03-25 691 3039.47 64.139 2.11
2020-03-26 702 3036.69 -2.78 -0.092
2020-03-27 724 3030.269 -6.421 -0.212
2020-03-28 706 3054.119 23.85 0.781
2020-03-29 706 3054.119 0 0
2020-03-30 706 3054.119 0 0
2020-03-31 708 3050.486 -3.633 -0.119
2020-04-01 704 3078.987 28.501 0.926
2020-04-02 687 3073.529 -5.458 -0.178
2020-04-03 690 3072.798 -0.731 -0.024
2020-04-04 688 3074.706 1.908 0.062
2020-04-05 688 3074.706 0 0
2020-04-06 688 3074.706 0 0
2020-04-07 690 3138.758 64.052 2.041
2020-04-08 703 3147.021 8.263 0.263
2020-04-10 725 3133.023 -13.998 -0.447
2020-04-11 725 3133.023 0 0
2020-04-12 725 3133.023 0 0
2020-04-13 721 3133.023 0 0
2020-04-14 728 3123.08 -9.943 -0.318
2020-04-15 732 3102.243 -20.837 -0.672
2020-04-17 744 3093.954 -8.289 -0.268
2020-04-18 750 3093.256 -0.698 -0.023
2020-04-19 750 3093.256 0 0
2020-04-20 740 3106.061 12.805 0.412
2020-04-21 736 3093.614 -12.447 -0.402
2020-04-23 733 3105.586 11.972 0.385
2020-04-24 740 3105.524 -0.062 -0.002
2020-04-25 736 3104.321 -1.203 -0.039
2020-04-26 736 3104.321 0 0
2020-04-27 740 3117.125 12.804 0.411
2020-04-28 742 3118.528 1.403 0.045
2020-04-29 750 3110.153 -8.375 -0.269
2020-04-30 758 3112.889 2.736 0.088
