2020-07-30 18 57814.466 0 0
2020-07-31 18 57814.466 0 0
2020-08-04 18 58945.894 1131.428 1.957
2020-08-05 18 60701.956 1756.062 2.979
2020-08-06 17 61078.47 376.514 0.62
2020-08-07 17 59993.611 -1084.859 -1.776
2020-08-08 17 59993.611 0 0
2020-08-09 17 59993.611 0 0
2020-08-10 17 59629.729 -363.882 -0.607
2020-08-12 17 59895.193 265.464 0.445
2020-08-13 17 59872.191 -23.002 -0.038
2020-08-14 17 59627.089 -245.102 -0.409
2020-08-15 17 59627.089 0 0
2020-08-16 17 59627.089 0 0
2020-08-17 17 60275.478 648.389 1.087
2020-08-18 17 62728.006 2452.528 4.069
2020-08-19 17 61747.41 -980.596 -1.563
2020-08-20 14 62442.934 695.524 1.126
2020-08-21 16 62204.431 -238.503 -0.382
2020-08-22 16 62204.431 0 0
2020-08-23 16 62204.431 0 0
2020-08-24 14 62633.171 428.74 0.689
2020-08-25 14 63369.042 735.871 1.175
2020-08-26 14 65166.96 1797.918 2.837
2020-08-27 15 64377.92 -789.04 -1.211
2020-08-28 17 64411.857 33.937 0.053
2020-08-29 17 64411.857 0 0
2020-08-30 17 64411.857 0 0
2020-08-31 13 65338.72 926.863 1.439
2020-09-01 16 66246.728 908.008 1.39
2020-09-02 16 66856.278 609.55 0.92
2020-09-03 17 63774.592 -3081.686 -4.609
2020-09-04 17 62391.085 -1383.507 -2.169
2020-09-05 17 62391.085 0 0
2020-09-06 17 62391.085 0 0
2020-09-07 17 62391.085 0 0
2020-09-09 17 61900.693 -490.392 -0.786
2020-09-10 17 60137.844 -1762.849 -2.848
2020-09-11 17 58717.761 -1420.083 -2.361
2020-09-12 17 59027.532 309.771 0.528
2020-09-13 17 59027.532 0 0
2020-09-14 17 58777.716 -249.816 -0.423
2020-09-15 17 59779.995 1002.279 1.705
2020-09-16 18 58308.817 -1471.178 -2.461
2020-09-17 18 57000.915 -1307.902 -2.243
2020-09-18 18 55986.193 -1014.722 -1.78
2020-09-19 18 55986.193 0 0
2020-09-21 18 56091.021 104.828 0.187
2020-09-22 17 59268.297 3177.276 5.665
2020-09-23 19 56833.68 -2434.617 -4.108
2020-09-24 17 57209.441 375.761 0.661
2020-09-25 17 58629.901 1420.46 2.483
2020-09-26 17 58629.901 0 0
2020-09-27 17 58629.901 0 0
2020-09-28 17 60117.859 1487.958 2.538
2020-09-29 17 59567.888 -549.971 -0.915
2020-09-30 17 59640.475 72.587 0.122
