2019-11-07 1102 2254.083 0 0
2020-01-19 1056 2453.063 198.98 8.828
2020-02-07 1063 2424.949 -28.114 -1.146
2020-02-15 1049 2464.151 39.202 1.617
2020-02-16 1050 2464.151 0 0
2020-02-17 1050 2464.151 0 0
2020-02-18 1027 2520.776 56.625 2.298
2020-02-19 1027 2509.095 -11.681 -0.463
2020-02-20 1020 2541.565 32.47 1.294
2020-02-21 1019 2529.685 -11.88 -0.467
2020-02-22 1018 2529.685 0 0
2020-02-23 1019 2529.685 0 0
2020-02-24 1064 2397.23 -132.455 -5.236
2020-02-25 1122 2274.872 -122.358 -5.104
2020-02-26 1146 2223.197 -51.675 -2.272
2020-02-27 1209 2084.208 -138.989 -6.252
2020-02-28 1219 2043.818 -40.39 -1.938
2020-02-29 1222 2043.818 0 0
2020-03-01 1223 2043.818 0 0
2020-03-02 1209 2083.812 39.994 1.957
2020-03-03 1279 1993.133 -90.679 -4.352
2020-03-04 1237 2057.479 64.346 3.228
2020-03-05 1321 1941.655 -115.824 -5.629
2020-03-06 1339 1881.466 -60.189 -3.1
2020-03-07 1337 1881.466 0 0
2020-03-08 1336 1881.466 0 0
2020-03-09 1407 1723.668 -157.798 -8.387
2020-03-10 1320 1844.442 120.774 7.007
2020-03-11 1363 1763.662 -80.78 -4.38
2020-03-12 1374 1678.526 -85.136 -4.827
2020-03-13 1282 1803.656 125.13 7.455
2020-03-14 1283 1803.656 0 0
2020-03-15 1284 1803.656 0 0
2020-03-16 1342 1665.657 -137.999 -7.651
2020-03-17 1255 1770.394 104.737 6.288
2020-03-18 1454 1470.043 -300.351 -16.965
2020-03-19 1499 1410.25 -59.793 -4.067
2020-03-20 1531 1384.907 -25.343 -1.797
2020-03-21 1530 1384.907 0 0
2020-03-22 1530 1384.907 0 0
2020-03-23 1442 1457.768 72.861 5.261
2020-03-24 1429 1457.768 0 0
2020-03-25 1446 1493.802 36.034 2.472
2020-03-26 1340 1638.335 144.533 9.676
2020-03-27 1289 1743.863 105.528 6.441
2020-03-28 1359 1627.049 -116.814 -6.699
2020-03-29 1359 1627.049 0 0
2020-03-30 1359 1627.049 0 0
2020-03-31 1378 1597.549 -29.5 -1.813
2020-04-01 1430 1544.487 -53.062 -3.321
2020-04-02 1455 1494 -50.487 -3.269
2020-04-03 1445 1507.067 13.067 0.875
2020-04-04 1481 1456.184 -50.883 -3.376
2020-04-05 1481 1456.184 0 0
2020-04-06 1481 1456.184 0 0
2020-04-07 1331 1689.812 233.628 16.044
2020-04-08 1279 1846.62 156.808 9.28
2020-04-09 1312 1804.844 -41.776 -2.262
2020-04-10 1311 1804.844 0 0
2020-04-11 1311 1804.844 0 0
2020-04-12 1311 1804.844 0 0
2020-04-13 1363 1723.668 -81.176 -4.498
2020-04-14 1370 1730.202 6.534 0.379
2020-04-15 1393 1702.483 -27.719 -1.602
2020-04-16 1422 1661.103 -41.38 -2.431
2020-04-17 1361 1746.635 85.532 5.149
2020-04-18 1367 1746.635 0 0
2020-04-19 1367 1746.635 0 0
2020-04-20 1369 1741.091 -5.544 -0.317
2020-04-21 1365 1725.648 -15.443 -0.887
2020-04-23 1288 1847.61 121.962 7.068
2020-04-24 1264 1886.02 38.41 2.079
2020-04-25 1256 1886.02 0 0
2020-04-26 1257 1886.02 0 0
2020-04-27 1253 1895.326 9.306 0.493
2020-04-28 1269 1894.138 -1.188 -0.063
2020-04-29 1241 1947.001 52.863 2.791
2020-04-30 1293 1900.671 -46.33 -2.38
