2021-11-29 799 4000 0 0
2021-11-30 794 4000 0 0
2021-12-01 788 4000 0 0
2021-12-02 792 4000 0 0
2021-12-03 791 4000 0 0
2021-12-04 789 4000 0 0
2021-12-05 789 4000 0 0
2021-12-06 787 4000 0 0
2021-12-07 790 4000 0 0
2021-12-08 798 4000 0 0
2021-12-09 801 4000 0 0
2021-12-10 797 4000 0 0
2021-12-11 801 4000 0 0
2021-12-12 801 4000 0 0
2021-12-13 802 4000 0 0
2021-12-14 793 4000 0 0
2021-12-15 788 4000 0 0
2021-12-16 793 4000 0 0
2021-12-17 793 4000 0 0
2021-12-18 790 4000 0 0
2021-12-19 791 4000 0 0
2021-12-20 784 4000 0 0
2021-12-21 786 4000 0 0
2021-12-22 790 4000 0 0
2021-12-23 793 4000 0 0
2021-12-24 791 4000 0 0
2021-12-25 792 4000 0 0
2021-12-26 792 4000 0 0
2021-12-27 793 4000 0 0
2021-12-28 796 4000 0 0
2021-12-29 796 4000 0 0
2021-12-30 800 4000 0 0
2021-12-31 798 4000 0 0
2022-01-02 799 4000 0 0
2022-01-03 799 4000 0 0
2022-01-04 798 4000 0 0
2022-01-05 787 4000 0 0
2022-01-06 788 4000 0 0
2022-01-07 783 4000 0 0
2022-01-08 784 4000 0 0
2022-01-09 784 4000 0 0
2022-01-10 787 4000 0 0
2022-01-11 787 4000 0 0
2022-01-12 792 4000 0 0
2022-01-13 781 4000 0 0
2022-01-14 783 4000 0 0
2022-01-15 778 4000 0 0
2022-01-16 780 4000 0 0
2022-01-17 786 4000 0 0
2022-01-18 791 4000 0 0
2022-01-19 780 4000 0 0
2022-01-20 775 4000 0 0
2022-01-22 767 4000 0 0
2022-01-23 767 4000 0 0
2022-01-24 766 4000 0 0
2022-01-25 757 4000 0 0
2022-01-26 758 4000 0 0
2022-01-27 745 4000 0 0
2022-01-28 745 4000 0 0
2022-01-29 748 4000 0 0
2022-01-30 748 4000 0 0
2022-01-31 760 4000 0 0
2022-02-01 767 4000 0 0
2022-02-02 768 4000 0 0
2022-02-03 762 4000 0 0
2022-02-04 768 4000 0 0
2022-02-05 768 4000 0 0
2022-02-06 768 4000 0 0
2022-02-07 769 4000 0 0
2022-02-08 770 4000 0 0
2022-02-09 777 4000 0 0
2022-02-10 780 4000 0 0
2022-02-11 774 4000 0 0
2022-02-12 769 4000 0 0
2022-02-13 771 4000 0 0
2022-02-14 767 4000 0 0
2022-02-15 775 4000 0 0
2022-02-16 777 4000 0 0
2022-02-17 772 4000 0 0
2022-02-18 773 4000 0 0
2022-02-19 772 4000 0 0
2022-02-20 772 4000 0 0
2022-02-21 769 4000 0 0
2022-02-22 761 4000 0 0
2022-02-23 756 4000 0 0
2022-02-24 757 4000 0 0
2022-02-25 754 4000 0 0
2022-02-26 759 4000 0 0
2022-02-27 759 4000 0 0
2022-02-28 765 4000 0 0
2022-03-01 766 4000 0 0
2022-03-02 756 4000 0 0
2022-03-03 746 4000 0 0
2022-03-04 744 4000 0 0
2022-03-05 735 4000 0 0
2022-03-06 736 4000 0 0
2022-03-07 721 4000 0 0
2022-03-08 713 4000 0 0
2022-03-09 723 4000 0 0
2022-03-10 737 4000 0 0
2022-03-11 730 4000 0 0
2022-03-12 726 4000 0 0
2022-03-13 727 4000 0 0
2022-03-14 719 4000 0 0
2022-03-15 714 4000 0 0
2022-03-16 736 4000 0 0
2022-03-17 749 4000 0 0
2022-03-18 756 4000 0 0
2022-03-19 756 4000 0 0
2022-03-20 756 4000 0 0
2022-03-21 749 4000 0 0
2022-03-22 751 4000 0 0
2022-03-23 752 4000 0 0
2022-03-24 757 4000 0 0
2022-03-26 751 4000 0 0
2022-03-27 751 4000 0 0
2022-03-28 751 4000 0 0
2022-03-29 760 4000 0 0
2022-03-30 766 4000 0 0
2022-04-01 764 4000 0 0
2022-04-02 762 4000 0 0
2022-04-03 762 4000 0 0
2022-04-05 786 4000 0 0
2022-04-06 778 4000 0 0
2022-04-07 776 4000 0 0
2022-04-08 775 4000 0 0
2022-04-09 777 4000 0 0
2022-04-10 777 4000 0 0
2022-04-11 768 4000 0 0
2022-04-12 764 4000 0 0
2022-04-13 766 4000 0 0
2022-04-14 766 4000 0 0
2022-04-15 764 4000 0 0
2022-04-16 764 4000 0 0
2022-04-17 764 4000 0 0
2022-04-18 759 4000 0 0
2022-04-19 760 4000 0 0
2022-04-20 756 4000 0 0
2022-04-21 751 4000 0 0
2022-04-22 744 4000 0 0
2022-04-23 746 4000 0 0
2022-04-24 746 4000 0 0
2022-04-25 738 4000 0 0
2022-04-26 730 4000 0 0
2022-04-27 729 4000 0 0
2022-04-28 729 4000 0 0
2022-04-29 733 4000 0 0
2022-04-30 732 4000 0 0
2022-05-01 732 4000 0 0
2022-05-02 734 4000 0 0
2022-05-03 730 4000 0 0
2022-05-04 724 4000 0 0
2022-05-05 724 4000 0 0
2022-05-06 709 4000 0 0
2022-05-07 710 4000 0 0
2022-05-08 711 4000 0 0
2022-05-09 703 4000 0 0
2022-05-10 695 4000 0 0
2022-05-11 698 4000 0 0
2022-05-12 692 4000 0 0
2022-05-13 704 4000 0 0
2022-05-14 707 4000 0 0
2022-05-15 707 4000 0 0
2022-05-16 705 4000 0 0
2022-05-17 714 4000 0 0
2022-05-18 713 4000 0 0
2022-05-19 711 4000 0 0
2022-05-20 710 4000 0 0
2022-05-21 712 4000 0 0
2022-05-22 712 4000 0 0
2022-05-23 716 4000 0 0
2022-05-24 711 4000 0 0
2022-05-25 716 4000 0 0
2022-05-26 722 4000 0 0
2022-05-27 724 4000 0 0
2022-05-28 725 4000 0 0
2022-05-29 725 4000 0 0
2022-05-30 728 4000 0 0
2022-05-31 729 4000 0 0
2022-06-01 725 4000 0 0
2022-06-02 730 4000 0 0
2022-06-03 728 4000 0 0
2022-06-04 727 4000 0 0
2022-06-05 727 4000 0 0
2022-06-06 735 4000 0 0
2022-06-07 734 4000 0 0
2022-06-08 733 4000 0 0
2022-06-11 710 4000 0 0
2022-06-12 710 4000 0 0
2022-06-13 704 4000 0 0
2022-06-14 694 4000 0 0
2022-06-15 692 4000 0 0
2022-06-16 684 4000 0 0
2022-06-17 692 4000 0 0
2022-06-18 691 4000 0 0
2022-06-19 691 4000 0 0
2022-06-20 691 4000 0 0
2022-06-21 695 4000 0 0
2022-06-22 693 4000 0 0
2022-06-24 705 4000 0 0
2022-06-25 706 4000 0 0
2022-06-26 706 4000 0 0
2022-06-27 713 4000 0 0
2022-06-28 711 4000 0 0
2022-06-29 704 4000 0 0
2022-06-30 699 4000 0 0
2022-07-01 700 4000 0 0
2022-07-02 701 4000 0 0
2022-07-03 701 4000 0 0
2022-07-04 697 4000 0 0
2022-07-05 698 4000 0 0
2022-07-06 690 4000 0 0
2022-07-07 693 4000 0 0
2022-07-08 698 4000 0 0
2022-07-09 699 4000 0 0
2022-07-10 699 4000 0 0
2022-07-11 692 4000 0 0
2022-07-12 680 4000 0 0
2022-07-13 682 4000 0 0
2022-07-14 682 4000 0 0
2022-07-15 677 4000 0 0
2022-07-16 683 4000 0 0
2022-07-17 683 4000 0 0
2022-07-18 681 4000 0 0
2022-07-19 701 4000 0 0
2022-07-20 707 4000 0 0
2022-07-21 709 4000 0 0
2022-07-22 706 4000 0 0
2022-07-23 704 4000 0 0
2022-07-24 704 4000 0 0
2022-07-25 705 4000 0 0
2022-07-26 705 4000 0 0
2022-07-27 703 4000 0 0
2022-07-28 702 4000 0 0
2022-07-29 707 4000 0 0
2022-07-30 707 4000 0 0
2022-07-31 707 4000 0 0
2022-08-01 707 4000 0 0
2022-08-02 706 4000 0 0
2022-08-03 709 4000 0 0
2022-08-04 706 4000 0 0
2022-08-05 709 4000 0 0
2022-08-06 709 4000 0 0
2022-08-07 709 4000 0 0
2022-08-08 708 4000 0 0
2022-08-09 707 4000 0 0
2022-08-10 709 4000 0 0
2022-08-11 720 4000 0 0
2022-08-12 721 4000 0 0
2022-08-13 724 4000 0 0
2022-08-14 723 4000 0 0
2022-08-15 725 4000 0 0
2022-08-16 726 4000 0 0
2022-08-17 721 4000 0 0
2022-08-18 717 4000 0 0
2022-08-19 716 4000 0 0
2022-08-20 714 4000 0 0
2022-08-21 714 4000 0 0
2022-08-22 708 4000 0 0
2022-08-23 705 4000 0 0
2022-08-24 710 4000 0 0
2022-08-25 709 4000 0 0
2022-08-26 704 4000 0 0
2022-08-27 701 4000 0 0
2022-08-28 701 4000 0 0
2022-08-29 699 4000 0 0
2022-08-30 695 4000 0 0
2022-08-31 696 4000 0 0
2022-09-01 689 4000 0 0
2022-09-03 679 4000 0 0
2022-09-04 685 4000 0 0
2022-09-05 686 4000 0 0
2022-09-06 690 4000 0 0
2022-09-07 690 4000 0 0
2022-09-08 697 4000 0 0
2022-09-09 699 4000 0 0
2022-09-11 708 4000 0 0
2022-09-12 710 4000 0 0
2022-09-13 708 4000 0 0
2022-09-14 696 4000 0 0
2022-09-15 694 4000 0 0
2022-09-16 676 4000 0 0
2022-09-17 673 4000 0 0
2022-09-18 674 4000 0 0
2022-09-19 675 4000 0 0
2022-09-20 678 4000 0 0
2022-09-21 669 4000 0 0
2022-09-22 666 4000 0 0
2022-09-23 661 4000 0 0
2022-09-24 658 4000 0 0
2022-09-25 659 4000 0 0
2022-09-26 653 4000 0 0
2022-09-27 669 4000 0 0
2022-09-28 666 4000 0 0
2022-09-29 669 4000 0 0
2022-09-30 659 4000 0 0
2022-10-01 660 4000 0 0
2022-10-02 660 4000 0 0
2022-10-03 668 4000 0 0
2022-10-04 675 4000 0 0
2022-10-05 680 4000 0 0
2022-10-06 676 4000 0 0
2022-10-07 671 4000 0 0
2022-10-08 670 4000 0 0
2022-10-09 670 4000 0 0
2022-10-10 666 4000 0 0
2022-10-11 659 4000 0 0
2022-10-12 659 4000 0 0
2022-10-13 660 4000 0 0
2022-10-14 654 4000 0 0
2022-10-15 657 4000 0 0
2022-10-16 655 4000 0 0
2022-10-17 662 4000 0 0
2022-10-18 665 4000 0 0
2022-10-19 667 4000 0 0
2022-10-20 663 4000 0 0
2022-10-21 661 4000 0 0
2022-10-22 659 4000 0 0
2022-10-23 657 4000 0 0
2022-10-24 649 4000 0 0
2022-10-25 655 4000 0 0
2022-10-26 668 4000 0 0
2022-10-27 666 4000 0 0
2022-10-28 672 4000 0 0
2022-10-29 673 4000 0 0
2022-10-30 673 4000 0 0
2022-10-31 669 4000 0 0
2022-11-01 668 4000 0 0
2022-11-02 663 4000 0 0
2022-11-03 655 4000 0 0
2022-11-04 665 4000 0 0
2022-11-05 668 4000 0 0
2022-11-06 668 4000 0 0
2022-11-07 670 4000 0 0
2022-11-08 675 4000 0 0
2022-11-09 663 4000 0 0
2022-11-10 664 4000 0 0
2022-11-11 687 4000 0 0
2022-11-12 694 4000 0 0
2022-11-13 694 4000 0 0
2022-11-14 692 4000 0 0
2022-11-15 696 4000 0 0
2022-11-16 694 4000 0 0
2022-11-17 685 4000 0 0
2022-11-18 684 4000 0 0
2022-11-19 685 4000 0 0
2022-11-20 685 4000 0 0
2022-11-21 684 4000 0 0
2022-11-22 684 4000 0 0
2022-11-23 685 4000 0 0
2022-11-24 690 4000 0 0
2022-11-25 689 4000 0 0
2022-11-26 689 4000 0 0
2022-11-27 690 4000 0 0
2022-11-28 686 4000 0 0
2022-11-29 688 4000 0 0
2022-11-30 695 4000 0 0
2022-12-02 703 4000 0 0
2022-12-04 1320 2243 -1757 -43.925
2022-12-05 1321 2243 0 0
2022-12-06 1325 2243 0 0
2022-12-07 1323 2243 0 0
2022-12-08 1325 2243 0 0
2022-12-09 1328 2243 0 0
2022-12-10 1329 2243 0 0
2022-12-11 1329 2243 0 0
2022-12-12 1329 2243 0 0
2022-12-13 1324 2243 0 0
2022-12-14 1326 2243 0 0
2022-12-15 1324 2243 0 0
2022-12-16 1316 2243 0 0
2022-12-17 1315 2243 0 0
2022-12-18 1315 2243 0 0
2022-12-19 1312 2243 0 0
2022-12-20 1312 2243 0 0
2022-12-21 1313 2243 0 0
2022-12-22 1311 2243 0 0
2022-12-23 1309 2243 0 0
2022-12-24 1309 2243 0 0
2022-12-25 1309 2243 0 0
2022-12-26 1311 2243 0 0
2022-12-27 1315 2243 0 0
2022-12-28 1310 2243 0 0
2022-12-29 1316 2243 0 0
2022-12-30 1316 2243 0 0
2022-12-31 1315 2243 0 0
2023-01-02 1316 2243 0 0
2023-01-03 1317 2243 0 0
2023-01-04 1321 2243 0 0
2023-01-05 1323 2243 0 0
2023-01-07 1331 2243 0 0
2023-01-08 1331 2243 0 0
2023-01-09 1338 2243 0 0
2023-01-10 1345 2243 0 0
2023-01-11 1345 2243 0 0
2023-01-14 1358 2243 0 0
2023-01-16 1357 2243 0 0
2023-01-17 1358 2243 0 0
2023-01-20 1361 2243 0 0
2023-01-21 1361 2243 0 0
2023-01-22 1361 2243 0 0
2023-01-23 1364 2243 0 0
2023-01-24 1366 2243 0 0
2023-01-25 1366 2243 0 0
2023-01-27 1365 2243 0 0
2023-01-29 1366 2243 0 0
2023-01-30 1366 2243 0 0
2023-01-31 1367 2243 0 0
2023-02-01 1374 2243 0 0
2023-02-02 1378 2243 0 0
2023-02-03 1379 2243 0 0
2023-02-04 1379 2243 0 0
2023-02-05 1375 2243 0 0
2023-02-06 1371 2243 0 0
2023-02-07 1367 2243 0 0
2023-02-08 1369 2243 0 0
2023-02-09 1367 2243 0 0
2023-02-10 1360 2243 0 0
2023-02-11 1359 2243 0 0
2023-02-12 1360 2243 0 0
2023-02-13 1360 2243 0 0
2023-02-14 1359 2243 0 0
2023-02-15 1359 2243 0 0
2023-02-16 1358 2243 0 0
2023-02-17 1346 2243 0 0
2023-02-18 1347 2243 0 0
2023-02-19 1347 2243 0 0
2023-02-20 1349 2243 0 0
2023-02-21 1342 2243 0 0
2023-02-22 1340 2243 0 0
2023-02-23 1335 2243 0 0
2023-02-24 1326 2243 0 0
2023-02-25 1318 2243 0 0
2023-02-27 1325 2243 0 0
2023-03-02 1331 2243 0 0
2023-03-03 1327 2243 0 0
2023-03-04 1326 2243 0 0
2023-03-06 1334 2243 0 0
2023-03-07 1328 2243 0 0
2023-03-08 1332 2243 0 0
2023-03-09 1318 2243 0 0
2023-03-10 1308 2243 0 0
2023-03-11 1306 2243 0 0
2023-03-12 1304 2243 0 0
2023-03-13 1305 2243 0 0
2023-03-16 1294 2243 0 0
2023-03-18 1305 2243 0 0
2023-03-19 1306 2243 0 0
2023-03-20 1306 2243 0 0
2023-03-21 1315 2243 0 0
2023-03-22 1312 2243 0 0
2023-03-23 1316 2243 0 0
2023-03-25 1318 2243 0 0
2023-03-27 1319 2243 0 0
2023-03-30 1326 2243 0 0
2023-04-01 1334 2243 0 0
2023-04-02 1334 2243 0 0
2023-04-03 1328 2243 0 0
2023-04-06 1398 2243 0 0
2023-04-07 1403 2243 0 0
2023-04-08 1402 2243 0 0
2023-04-09 1401 2243 0 0
2023-04-10 1403 2243 0 0
2023-04-11 1403 2243 0 0
2023-04-12 1401 2243 0 0
2023-04-13 1399 2243 0 0
2023-04-14 1401 2243 0 0
2023-04-15 1402 2243 0 0
2023-04-16 1402 2243 0 0
2023-04-17 1404 2243 0 0
2023-04-18 1399 2243 0 0
2023-04-19 1400 2243 0 0
2023-04-20 1393 2243 0 0
2023-04-21 1382 2243 0 0
2023-04-22 1382 2243 0 0
2023-04-23 1382 2243 0 0
2023-04-24 1379 2243 0 0
2023-04-25 1373 2243 0 0
2023-04-26 1372 2243 0 0
2023-04-27 1375 2243 0 0
2023-04-28 1386 2243 0 0
2023-04-29 1386 2243 0 0
2023-05-01 1383 2243 0 0
2023-05-02 1378 2243 0 0
2023-05-03 1378 2243 0 0
2023-05-04 1379 2243 0 0
2023-05-06 1381 2243 0 0
2023-05-07 1381 2243 0 0
2023-05-08 1381 2243 0 0
2023-05-09 1381 2243 0 0
2023-05-10 1376 2243 0 0
2023-05-11 1378 2243 0 0
2023-05-12 1370 2243 0 0
2023-05-13 1370 2243 0 0
2023-05-14 1370 2243 0 0
2023-05-15 1376 2243 0 0
2023-05-16 1373 2243 0 0
2023-05-17 1378 2243 0 0
2023-05-19 1376 2243 0 0
2023-05-20 1375 2243 0 0
2023-05-21 1375 2243 0 0
2023-05-22 1378 2243 0 0
2023-05-23 1375 2243 0 0
2023-05-24 1366 2243 0 0
2023-05-25 1362 2243 0 0
2023-05-26 1363 2243 0 0
2023-05-27 1364 2243 0 0
2023-05-28 1364 2243 0 0
2023-05-29 1366 2243 0 0
2023-05-30 1364 2243 0 0
2023-05-31 1358 2243 0 0
2023-06-01 1357 2243 0 0
2023-06-02 1363 2243 0 0
2023-06-03 1368 2243 0 0
2023-06-04 1368 2243 0 0
2023-06-05 1371 2243 0 0
2023-06-06 1371 2243 0 0
2023-06-07 1367 2243 0 0
2023-06-08 1372 2243 0 0
2023-06-09 1367 2243 0 0
2023-06-10 1367 2243 0 0
2023-06-11 1368 2243 0 0
2023-06-12 1371 2243 0 0
2023-06-13 1373 2243 0 0
2023-06-14 1378 2243 0 0
2023-06-16 1386 2243 0 0
2023-06-17 1388 2243 0 0
2023-06-18 1389 2243 0 0
2023-06-19 1380 2243 0 0
2023-06-20 1382 2243 0 0
2023-06-21 1375 2243 0 0
2023-06-22 1372 2243 0 0
2023-06-23 1371 2243 0 0
2023-06-24 1365 2243 0 0
2023-06-25 1364 2243 0 0
2023-06-26 1367 2243 0 0
2023-06-27 1374 2243 0 0
2023-06-28 1377 2243 0 0
2023-06-29 1368 2243 0 0
2023-06-30 1375 2243 0 0
2023-07-01 1374 2243 0 0
2023-07-02 1374 2243 0 0
2023-07-03 1375 2243 0 0
2023-07-04 1378 2243 0 0
2023-07-06 1370 2243 0 0
2023-07-07 1371 2243 0 0
2023-07-08 1376 2243 0 0
2023-07-09 1376 2243 0 0
2023-07-10 1376 2243 0 0
2023-07-11 1382 2243 0 0
2023-07-12 1387 2243 0 0
2023-07-13 1395 2243 0 0
2023-07-14 1396 2243 0 0
2023-07-15 1399 2243 0 0
2023-07-16 1399 2243 0 0
2023-07-17 1394 2243 0 0
2023-07-18 1396 2243 0 0
2023-07-19 1402 2243 0 0
2023-07-20 1398 2243 0 0
2023-07-21 1395 2243 0 0
2023-07-22 1394 2243 0 0
2023-07-23 1394 2243 0 0
2023-07-24 1390 2243 0 0
2023-07-25 1399 2243 0 0
2023-07-26 1400 2243 0 0
2023-07-27 1402 2243 0 0
2023-07-28 1409 2243 0 0
2023-07-29 1408 2243 0 0
2023-07-30 1408 2243 0 0
2023-07-31 1407 2243 0 0
2023-08-01 1406 2243 0 0
2023-08-02 1401 2243 0 0
2023-08-04 1394 2243 0 0
2023-08-05 1397 2243 0 0
2023-08-06 1397 2243 0 0
2023-08-07 1394 2243 0 0
2023-08-08 1389 2243 0 0
2023-08-09 1388 2243 0 0
2023-08-10 1390 2243 0 0
2023-08-11 1390 2243 0 0
2023-08-12 1386 2243 0 0
2023-08-13 1385 2243 0 0
2023-08-14 1380 2243 0 0
2023-08-15 1374 2243 0 0
2023-08-16 1376 2243 0 0
2023-08-17 1369 2243 0 0
2023-08-18 1363 2243 0 0
2023-08-19 1361 2243 0 0
2023-08-20 1362 2243 0 0
2023-08-21 1360 2243 0 0
2023-08-22 1357 2243 0 0
2023-08-23 1360 2243 0 0
2023-08-24 1358 2243 0 0
2023-08-26 1351 2243 0 0
2023-08-27 1351 2243 0 0
2023-08-28 1357 2243 0 0
2023-08-29 1368 2243 0 0
2023-08-30 1373 2243 0 0
2023-08-31 1369 2243 0 0
2023-09-01 1371 2243 0 0
2023-09-02 1371 2243 0 0
2023-09-03 1371 2243 0 0
2023-09-04 1376 2243 0 0
2023-09-05 1374 2243 0 0
2023-09-06 1368 2243 0 0
2023-09-07 1362 2243 0 0
2023-09-08 1361 2243 0 0
2023-09-09 1362 2243 0 0
2023-09-10 1362 2243 0 0
2023-09-12 1364 2243 0 0
2023-09-14 1364 2243 0 0
2023-09-15 1369 2243 0 0
2023-09-17 1368 2243 0 0
2023-09-18 1366 2243 0 0
2023-09-19 1360 2243 0 0
2023-09-20 1362 2243 0 0
2023-09-21 1350 2243 0 0
2023-09-22 1353 2243 0 0
2023-09-23 1354 2243 0 0
2023-09-24 1353 2243 0 0
2023-09-25 1348 2243 0 0
2023-09-26 1342 2243 0 0
2023-09-27 1350 2243 0 0
2023-09-28 1342 2243 0 0
2023-09-29 1346 2243 0 0
2023-10-01 1350 2243 0 0
2023-10-02 1350 2243 0 0
2023-10-03 1339 2243 0 0
2023-10-04 1339 2243 0 0
2023-10-05 1332 2243 0 0
2023-10-06 1344 2243 0 0
2023-10-07 1344 2243 0 0
2023-10-08 1344 2243 0 0
2023-10-09 1344 2243 0 0
2023-10-10 1347 2243 0 0
2023-10-11 1353 2243 0 0
2023-10-12 1356 2243 0 0
2023-10-13 1340 2243 0 0
2023-10-14 1336 2243 0 0
2023-10-15 1335 2243 0 0
2023-10-16 1336 2243 0 0
2023-10-17 1343 2243 0 0
2023-10-18 1343 2243 0 0
2023-10-19 1328 2243 0 0
2023-10-21 1318 2243 0 0
2023-10-26 1312 2243 0 0
2023-10-27 1320 2243 0 0
2023-10-28 1320 2243 0 0
2023-10-29 1321 2243 0 0
2023-10-30 1323 2243 0 0
2023-10-31 1324 2243 0 0
2023-11-01 1320 2243 0 0
2023-11-02 1331 2243 0 0
2023-11-03 1345 2243 0 0
2023-11-04 1345 2243 0 0
2023-11-05 1345 2243 0 0
2023-11-06 1351 2243 0 0
2023-11-07 1352 2243 0 0
2023-11-08 1353 2243 0 0
2023-11-09 1348 2243 0 0
2023-11-10 1341 2243 0 0
2023-11-11 1343 2243 0 0
2023-11-13 1346 2243 0 0
2023-11-15 1361 2243 0 0
2023-11-16 1363 2243 0 0
2023-11-17 1367 2243 0 0
2023-11-18 1368 2243 0 0
2023-11-20 1364 2243 0 0
2023-11-21 1371 2243 0 0
2023-11-22 1368 2243 0 0
2023-11-24 1371 2243 0 0
2023-11-25 1374 2243 0 0
2023-11-26 1374 2243 0 0
2023-11-27 1373 2243 0 0
2023-11-28 1371 2243 0 0
2023-11-29 1376 2243 0 0
2023-11-30 1369 2243 0 0
2023-12-01 1366 2243 0 0
2023-12-03 1373 2243 0 0
2023-12-04 1375 2243 0 0
2023-12-05 1371 2243 0 0
2023-12-06 1366 2243 0 0
2023-12-07 1367 2243 0 0
2023-12-08 1367 2243 0 0
2023-12-09 1368 2243 0 0
2023-12-10 1368 2243 0 0
2023-12-12 1370 2243 0 0
2023-12-13 1365 2243 0 0
2023-12-14 1371 2243 0 0
2023-12-15 1377 2243 0 0
2023-12-16 1376 2243 0 0
2023-12-17 1376 2243 0 0
2023-12-18 1373 2243 0 0
2023-12-19 1376 2243 0 0
2023-12-20 1366 2243 0 0
2023-12-21 1375 2243 0 0
2023-12-22 1377 2243 0 0
2023-12-23 1378 2243 0 0
2023-12-25 1379 2243 0 0
2023-12-28 1391 2243 0 0
2023-12-29 1396 2243 0 0
2023-12-30 1394 2243 0 0
2023-12-31 1394 2243 0 0
2024-01-01 1393 2243 0 0
2024-01-02 1391 2243 0 0
2024-01-03 1379 2243 0 0
2024-01-04 1367 2243 0 0
2024-01-05 1367 2243 0 0
2024-01-06 1371 2243 0 0
2024-01-07 1373 2243 0 0
2024-01-08 1375 2243 0 0
2024-01-09 1375 2243 0 0
2024-01-10 1374 2243 0 0
2024-01-11 1372 2243 0 0
2024-01-12 1373 2243 0 0
2024-01-13 1375 2243 0 0
2024-01-14 1374 2243 0 0
2024-01-15 1375 2243 0 0
2024-01-16 1373 2243 0 0
2024-01-17 1361 2243 0 0
2024-01-18 1365 2243 0 0
2024-01-19 1366 2243 0 0
2024-01-20 1365 2243 0 0
2024-01-21 1365 2243 0 0
2024-01-22 1361 2243 0 0
2024-01-23 1361 2243 0 0
2024-01-24 1366 2243 0 0
2024-01-25 1370 2243 0 0
2024-01-26 1367 2243 0 0
2024-01-27 1371 2243 0 0
2024-01-28 1372 2243 0 0
2024-01-29 1368 2243 0 0
2024-01-30 1366 2243 0 0
2024-01-31 1363 2243 0 0
2024-02-01 1372 2243 0 0
2024-02-02 1366 2243 0 0
2024-02-03 1369 2243 0 0
2024-02-04 1368 2243 0 0
2024-02-05 1364 2243 0 0
2024-02-06 1376 2243 0 0
2024-02-07 1380 2243 0 0
2024-02-08 1383 2243 0 0
2024-02-09 1381 2243 0 0
2024-02-10 1381 2243 0 0
2024-02-11 1381 2243 0 0
2024-02-12 1381 2243 0 0
2024-02-13 1378 2243 0 0
2024-02-14 1385 2243 0 0
2024-02-15 1390 2243 0 0
2024-02-16 1392 2243 0 0
2024-02-17 1392 2243 0 0
2024-02-18 1391 2243 0 0
2024-02-19 1392 2243 0 0
2024-02-20 1395 2243 0 0
2024-02-21 1394 2243 0 0
2024-02-22 1404 2243 0 0
2024-02-23 1402 2243 0 0
2024-02-24 1401 2243 0 0
2024-02-25 1400 2243 0 0
2024-02-26 1399 2243 0 0
2024-02-27 1414 2243 0 0
2024-02-28 1639 1869 -374 -16.674
2024-02-29 1644 1869 0 0
2024-03-01 1644 1869 0 0
2024-03-02 1647 1869 0 0
2024-03-03 1651 1869 0 0
2024-03-04 1654 1869 0 0
2024-03-05 1652 1869 0 0
2024-03-06 1652 1869 0 0
2024-03-07 1654 1869 0 0
2024-03-08 1653 1869 0 0
2024-03-09 1659 1869 0 0
2024-03-10 1667 1869 0 0
2024-03-11 1676 1869 0 0
2024-03-12 1691 1869 0 0
2024-03-13 1691 1869 0 0
2024-03-14 1684 1869 0 0
2024-03-15 1677 1869 0 0
2024-03-16 1674 1869 0 0
2024-03-17 1674 1869 0 0
2024-03-18 1676 1869 0 0
2024-03-19 1678 1869 0 0
2024-03-20 1677 1869 0 0
2024-03-21 1679 1869 0 0
2024-03-22 1682 1869 0 0
2024-03-23 1680 1869 0 0
2024-03-24 1680 1869 0 0
2024-03-25 1673 1869 0 0
2024-03-26 1675 1869 0 0
2024-03-27 1669 1869 0 0
2024-03-28 1671 1869 0 0
2024-03-29 1672 1869 0 0
2024-03-30 1751 1869 0 0
2024-03-31 1751 1869 0 0
2024-04-01 1674 1869 0 0
2024-04-02 1752 1869 0 0
2024-04-03 1748 1869 0 0
2024-04-04 1751 1869 0 0
2024-04-05 1756 1869 0 0
2024-04-06 1753 1869 0 0
2024-04-07 1753 1869 0 0
2024-04-08 1751 1869 0 0
2024-04-09 1756 1869 0 0
2024-04-10 1753 1869 0 0
2024-04-11 1751 1869 0 0
2024-04-12 1742 1869 0 0
2024-04-13 1736 1869 0 0
2024-04-14 1736 1869 0 0
2024-04-15 1733 1869 0 0
2024-04-16 1725 1869 0 0
2024-04-17 1723 1869 0 0
2024-04-18 1726 1869 0 0
2024-04-19 1721 1869 0 0
2024-04-20 1720 1869 0 0
2024-04-21 1720 1869 0 0
2024-04-22 1723 1869 0 0
2024-04-23 1732 1869 0 0
2024-04-24 1737 1869 0 0
2024-04-25 1728 1869 0 0
2024-04-26 1736 1869 0 0
2024-04-27 1737 1869 0 0
2024-04-28 1737 1869 0 0
2024-04-29 1739 1869 0 0
2024-04-30 1739 1869 0 0
2024-05-01 1737 1869 0 0
2024-05-02 1741 1869 0 0
2024-05-03 1744 1869 0 0
2024-05-04 1750 1869 0 0
2024-05-05 1750 1869 0 0
2024-05-06 1765 1869 0 0
2024-05-07 1760 1869 0 0
2024-05-08 1759 1869 0 0
2024-05-09 1762 1869 0 0
2024-05-10 1766 1869 0 0
2024-05-11 1767 1869 0 0
2024-05-12 1767 1869 0 0
2024-05-13 1767 1869 0 0
2024-05-14 1765 1869 0 0
2024-05-15 1762 1869 0 0
2024-05-16 1771 1869 0 0
2024-05-17 1782 1869 0 0
2024-05-18 1781 1869 0 0
2024-05-19 1781 1869 0 0
2024-05-20 1787 1869 0 0
2024-05-21 1782 1869 0 0
2024-05-22 1777 1869 0 0
2024-05-23 1767 1869 0 0
2024-05-24 1767 1869 0 0
2024-05-25 1768 1869 0 0
2024-05-26 1768 1869 0 0
2024-05-27 1767 1869 0 0
2024-05-28 1760 1869 0 0
2024-05-29 1757 1869 0 0
2024-05-30 1754 1869 0 0
2024-05-31 1753 1869 0 0
2024-06-01 1752 1869 0 0
2024-06-02 1752 1869 0 0
2024-06-03 1756 1869 0 0
2024-06-04 1755 1869 0 0
2024-06-05 1761 1869 0 0
2024-06-06 1763 1869 0 0
2024-06-07 1757 1869 0 0
2024-06-09 1759 1869 0 0
2024-06-10 1761 1869 0 0
2024-06-11 1757 1869 0 0
2024-06-12 1758 1869 0 0
2024-06-13 1753 1869 0 0
2024-06-14 1748 1869 0 0
2024-06-15 1747 1869 0 0
2024-06-16 1747 1869 0 0
2024-06-17 1746 1869 0 0
2024-06-18 1746 1869 0 0
2024-06-19 1745 1869 0 0
2024-06-20 1747 1869 0 0
2024-06-21 1737 1869 0 0
2024-06-22 1735 1869 0 0
2024-06-23 1735 1869 0 0
2024-06-24 1737 1869 0 0
2024-06-25 1738 1869 0 0
2024-06-26 1733 1869 0 0
2024-06-27 1730 1869 0 0
2024-06-28 1730 1869 0 0
2024-06-29 1730 1869 0 0
2024-06-30 1730 1869 0 0
2024-07-01 1725 1869 0 0
2024-07-02 1723 1869 0 0
2024-07-03 1727 1869 0 0
2024-07-04 1729 1869 0 0
2024-07-05 1733 1869 0 0
2024-07-06 1735 1869 0 0
2024-07-07 1735 1869 0 0
2024-07-08 1732 1869 0 0
2024-07-09 1732 1869 0 0
2024-07-10 1734 1869 0 0
2024-07-11 1742 1869 0 0
2024-07-12 1746 1869 0 0
2024-07-13 1747 1869 0 0
2024-07-14 1747 1869 0 0
2024-07-15 1746 1869 0 0
2024-07-16 1747 1869 0 0
2024-07-17 1745 1869 0 0
2024-07-18 1737 1869 0 0
2024-07-19 1740 1869 0 0
2024-07-20 1739 1869 0 0
2024-07-21 1738 1869 0 0
2024-07-22 1743 1869 0 0
2024-07-23 1736 1869 0 0
2024-07-24 1727 1869 0 0
2024-07-25 1723 1869 0 0
2024-07-26 1730 1869 0 0
2024-07-27 1731 1869 0 0
2024-07-28 1730 1869 0 0
2024-07-29 1728 1869 0 0
2024-07-30 1726 1869 0 0
2024-07-31 1736 1869 0 0
2024-08-01 1730 1869 0 0
2024-08-02 1711 1869 0 0
2024-08-03 1713 1869 0 0
2024-08-04 1713 1869 0 0
2024-08-05 1706 1869 0 0
2024-08-06 1710 1869 0 0
2024-08-07 1713 1869 0 0
2024-08-08 1716 1869 0 0
2024-08-09 1710 1869 0 0
2024-08-10 1718 1869 0 0
2024-08-11 1718 1869 0 0
2024-08-12 1724 1869 0 0
2024-08-13 1729 1869 0 0
2024-08-14 1734 1869 0 0
2024-08-15 1745 1869 0 0
2024-08-16 1749 1869 0 0
2024-08-17 1750 1869 0 0
2024-08-18 1750 1869 0 0
2024-08-19 1750 1869 0 0
2024-08-20 1752 1869 0 0
2024-08-21 1754 1869 0 0
2024-08-22 1750 1869 0 0
2024-08-23 1756 1869 0 0
2024-08-24 1759 1869 0 0
2024-08-25 1759 1869 0 0
2024-08-26 1764 1869 0 0
2024-08-27 1761 1869 0 0
2024-08-28 1762 1869 0 0
2024-08-29 1763 1869 0 0
2024-08-30 1773 1869 0 0
2024-08-31 1773 1869 0 0
2024-09-01 1776 1869 0 0
2024-09-02 1773 1869 0 0
2024-09-03 1771 1869 0 0
2024-09-04 1760 1869 0 0
2024-09-05 1765 1869 0 0
2024-09-06 1759 1869 0 0
2024-09-07 1763 1869 0 0
2024-09-08 1762 1869 0 0
2024-09-09 1760 1869 0 0
2024-09-10 1758 1869 0 0
2024-09-11 1755 1869 0 0
2024-09-12 1762 1869 0 0
2024-09-13 1762 1869 0 0
2024-09-14 1767 1869 0 0
2024-09-15 1767 1869 0 0
2024-09-16 1767 1869 0 0
2024-09-17 1773 1869 0 0
2024-09-18 1769 1869 0 0
2024-09-19 1772 1869 0 0
2024-09-20 1776 1869 0 0
2024-09-21 1773 1869 0 0
2024-09-22 1773 1869 0 0
2024-09-23 1774 1869 0 0
2024-09-24 1782 1869 0 0
2024-09-25 1785 1869 0 0
2024-09-26 1807 1869 0 0
2024-09-27 1815 1869 0 0
2024-09-28 1814 1869 0 0
2024-09-29 1814 1869 0 0
2024-09-30 1838 1869 0 0
2024-10-01 1836 1869 0 0
2024-10-02 1837 1869 0 0
2024-10-03 1829 1869 0 0
2024-10-04 1827 1869 0 0
2024-10-05 1827 1869 0 0
2024-10-06 1827 1869 0 0
2024-10-07 1823 1869 0 0
2024-10-08 1837 1869 0 0
2024-10-09 1814 1869 0 0
2024-10-10 1810 1869 0 0
2024-10-11 1804 1869 0 0
2024-10-12 1804 1869 0 0
2024-10-13 1804 1869 0 0
2024-10-14 1813 1869 0 0
2024-10-15 1812 1869 0 0
2024-10-16 1806 1869 0 0
2024-10-17 1801 1869 0 0
2024-10-18 1805 1869 0 0
2024-10-19 1808 1869 0 0
2024-10-20 1808 1869 0 0
2024-10-21 1798 1869 0 0
2024-10-22 1799 1869 0 0
2024-10-23 1801 1869 0 0
2024-10-24 1796 1869 0 0
2024-10-25 1800 1869 0 0
2024-10-26 1800 1869 0 0
2024-10-27 1801 1869 0 0
2024-10-28 1803 1869 0 0
2024-10-29 1796 1869 0 0
2024-10-30 1795 1869 0 0
2024-10-31 1787 1869 0 0
2024-11-01 1785 1869 0 0
2024-11-02 1786 1869 0 0
2024-11-03 1786 1869 0 0
2024-11-04 1790 1869 0 0
2024-11-05 1799 1869 0 0
2024-11-06 1807 1869 0 0
2024-11-07 1797 1869 0 0
2024-11-08 1803 1869 0 0
2024-11-09 1799 1869 0 0
2024-11-10 1799 1869 0 0
2024-11-11 1799 1869 0 0
2024-11-12 1795 1869 0 0
2024-11-13 1791 1869 0 0
2024-11-14 1784 1869 0 0
2024-11-15 1774 1869 0 0
2024-11-16 1774 1869 0 0
2024-11-17 1774 1869 0 0
2024-11-18 1776 1869 0 0
2024-11-19 1778 1869 0 0
2024-11-20 1781 1869 0 0
2024-11-21 1782 1869 0 0
2024-11-22 1779 1869 0 0
2024-11-23 1777 1869 0 0
2024-11-24 1778 1869 0 0
2024-11-25 1783 1869 0 0
2024-11-26 1783 1869 0 0
2024-11-27 1790 1869 0 0
2024-11-28 1789 1869 0 0
2024-11-29 1789 1869 0 0
2024-11-30 1791 1869 0 0
2024-12-01 1791 1869 0 0
2024-12-02 1799 1869 0 0
2024-12-03 1794 1869 0 0
2024-12-04 1801 1869 0 0
2024-12-05 1801 1869 0 0
2024-12-06 1803 1869 0 0
2024-12-07 1801 1869 0 0
2024-12-08 1801 1869 0 0
2024-12-09 1807 1869 0 0
2024-12-10 1803 1869 0 0
2024-12-11 1803 1869 0 0
2024-12-12 1813 1869 0 0
2024-12-13 1806 1869 0 0
2024-12-14 1806 1869 0 0
2024-12-15 1806 1869 0 0
2024-12-16 1797 1869 0 0
2024-12-17 1794 1869 0 0
2024-12-18 1790 1869 0 0
2024-12-19 1789 1869 0 0
2024-12-20 1778 1869 0 0
2024-12-21 1778 1869 0 0
2024-12-22 1778 1869 0 0
2024-12-23 1776 1869 0 0
2024-12-24 1782 1869 0 0
2024-12-25 1784 1869 0 0
2024-12-26 1783 1869 0 0
2024-12-27 1780 1869 0 0
2024-12-28 1778 1869 0 0
2024-12-29 1778 1869 0 0
2024-12-30 1782 1869 0 0
2024-12-31 1779 1869 0 0
2025-01-01 1779 1869 0 0
2025-01-02 1769 1869 0 0
2025-01-03 1771 1869 0 0
2025-01-04 1770 1869 0 0
2025-01-05 1770 1869 0 0
2025-01-06 1773 1869 0 0
2025-01-07 1772 1869 0 0
2025-01-08 1767 1869 0 0
2025-01-09 1766 1869 0 0
2025-01-10 1759 1869 0 0
2025-01-11 1758 1869 0 0
2025-01-12 1758 1869 0 0
2025-01-13 1754 1869 0 0
2025-01-14 1758 1869 0 0
2025-01-15 1761 1869 0 0
2025-01-16 1765 1869 0 0
2025-01-17 1769 1869 0 0
2025-01-18 1769 1869 0 0
2025-01-19 1773 1869 0 0
2025-01-20 1772 1869 0 0
2025-01-21 1776 1869 0 0
2025-01-22 1773 1869 0 0
2025-01-23 1778 1869 0 0
2025-01-24 1777 1869 0 0
2025-01-25 1782 1869 0 0
2025-01-26 1782 1869 0 0
2025-01-27 1778 1869 0 0
2025-01-28 1780 1869 0 0
2025-01-29 1776 1869 0 0
2025-01-30 1780 1869 0 0
2025-01-31 1781 1869 0 0
2025-02-01 1780 1869 0 0
2025-02-02 1779 1869 0 0
2025-02-03 1778 1869 0 0
2025-02-04 1770 1869 0 0
2025-02-05 1777 1869 0 0
2025-02-06 1785 1869 0 0
2025-02-07 1787 1869 0 0
2025-02-08 1786 1869 0 0
2025-02-09 1785 1869 0 0
2025-02-10 1787 1869 0 0
2025-02-11 1787 1869 0 0
2025-02-12 1796 1869 0 0
2025-02-13 1796 1869 0 0
2025-02-14 1804 1869 0 0
2025-02-15 1807 1869 0 0
2025-02-16 1807 1869 0 0
2025-02-17 1805 1869 0 0
2025-02-18 1798 1869 0 0
2025-02-19 1799 1869 0 0
2025-02-20 1799 1869 0 0
2025-02-21 1804 1869 0 0
2025-02-22 1805 1869 0 0
2025-02-23 1805 1869 0 0
2025-02-24 1806 1869 0 0
2025-02-25 1801 1869 0 0
2025-02-26 1808 1869 0 0
2025-02-27 1805 1869 0 0
2025-02-28 1786 1869 0 0
2025-03-01 1787 1869 0 0
2025-03-02 1787 1869 0 0
2025-03-03 1798 1869 0 0
2025-03-04 1804 1869 0 0
2025-03-05 1802 1869 0 0
2025-03-06 1824 1869 0 0
2025-03-07 1832 1869 0 0
2025-03-08 1832 1869 0 0
2025-03-09 1825 1869 0 0
2025-03-10 1823 1869 0 0
2025-03-11 1821 1869 0 0
2025-03-12 1827 1869 0 0
2025-03-13 1817 1869 0 0
2025-03-14 1826 1869 0 0
2025-03-15 1828 1869 0 0
2025-03-16 1828 1869 0 0
2025-03-17 1836 1869 0 0
2025-03-18 1841 1869 0 0
2025-03-19 1845 1869 0 0
2025-03-20 1838 1869 0 0
2025-03-21 1836 1869 0 0
2025-03-22 1837 1869 0 0
2025-03-23 1837 1869 0 0
2025-03-24 1838 1869 0 0
2025-03-25 1835 1869 0 0
2025-03-26 1836 1869 0 0
2025-03-27 1835 1869 0 0
2025-03-28 1833 1869 0 0
2025-03-29 1831 1869 0 0
2025-03-30 1831 1869 0 0
2025-03-31 1827 1869 0 0
2025-04-01 1832 1869 0 0
2025-04-02 1925 1869 0 0
2025-04-03 1906 1869 0 0
2025-04-04 1881 1869 0 0
2025-04-05 1868 1869 0 0
2025-04-06 1868 1869 0 0
2025-04-07 1839 1869 0 0
2025-04-08 1831 1869 0 0
2025-04-09 1850 1869 0 0
2025-04-10 1854 1869 0 0
2025-04-11 1858 1869 0 0
2025-04-12 1883 1869 0 0
2025-04-13 1883 1869 0 0
2025-04-14 1894 1869 0 0
2025-04-15 1902 1869 0 0
2025-04-16 1898 1869 0 0
2025-04-17 1905 1869 0 0
2025-04-18 1903 1869 0 0
2025-04-19 1903 1869 0 0
2025-04-20 1903 1869 0 0
2025-04-21 1900 1869 0 0
2025-04-22 1910 1869 0 0
2025-04-23 1921 1869 0 0
2025-04-24 1922 1869 0 0
2025-04-25 1920 1869 0 0
2025-04-26 1922 1869 0 0
2025-04-27 1922 1869 0 0
2025-04-28 1919 1869 0 0
2025-04-29 1925 1869 0 0
2025-04-30 1927 1869 0 0
2025-05-01 1925 1869 0 0
2025-05-02 1929 1869 0 0
2025-05-03 1934 1869 0 0
2025-05-04 1934 1869 0 0
2025-05-05 1934 1869 0 0
2025-05-06 1932 1869 0 0
2025-05-07 1934 1869 0 0
2025-05-08 1937 1869 0 0
2025-05-09 1930 1869 0 0
2025-05-10 1930 1869 0 0
2025-05-11 1930 1869 0 0
2025-05-12 1948 1869 0 0
2025-05-13 1946 1869 0 0
2025-05-14 1948 1869 0 0
2025-05-15 1946 1869 0 0
2025-05-16 1949 1869 0 0
2025-05-17 1947 1869 0 0
2025-05-18 1947 1869 0 0
2025-05-19 1945 1869 0 0
2025-05-20 1949 1869 0 0
2025-05-21 1951 1869 0 0
2025-05-22 1948 1869 0 0
2025-05-23 1944 1869 0 0
2025-05-24 1944 1869 0 0
2025-05-25 1948 1869 0 0
2025-05-26 1950 1869 0 0
2025-05-27 1953 1869 0 0
2025-05-28 1953 1869 0 0
2025-05-29 1951 1869 0 0
2025-05-30 1950 1869 0 0
2025-05-31 1947 1869 0 0
2025-06-01 1946 1869 0 0
2025-06-02 1946 1869 0 0
2025-06-03 1953 1869 0 0
2025-06-04 1956 1869 0 0
2025-06-05 1967 1869 0 0
2025-06-06 1966 1869 0 0
2025-06-07 1962 1869 0 0
2025-06-08 1962 1869 0 0
2025-06-09 1966 1869 0 0
2025-06-10 1970 1869 0 0
2025-06-11 1973 1869 0 0
2025-06-12 1973 1869 0 0
2025-06-13 1961 1869 0 0
2025-06-14 1957 1869 0 0
2025-06-15 1956 1869 0 0
2025-06-16 1959 1869 0 0
2025-06-17 1956 1869 0 0
2025-06-18 1953 1869 0 0
2025-06-19 1938 1869 0 0
2025-06-20 1944 1869 0 0
2025-06-21 1944 1869 0 0
2025-06-22 1944 1869 0 0
2025-06-23 1946 1869 0 0
2025-06-24 1956 1869 0 0
2025-06-25 1968 1869 0 0
2025-06-26 1968 1869 0 0
2025-06-27 1974 1869 0 0
2025-06-28 1975 1869 0 0
2025-06-29 1976 1869 0 0
2025-06-30 1987 1869 0 0
2025-07-01 1988 1869 0 0
2025-07-02 1990 1869 0 0
2025-07-03 1992 1869 0 0
2025-07-04 1990 1869 0 0
2025-07-05 1990 1869 0 0
2025-07-06 1990 1869 0 0
2025-07-07 1989 1869 0 0
2025-07-08 1989 1869 0 0
2025-07-09 1990 1869 0 0
2025-07-10 1991 1869 0 0
2025-07-11 1993 1869 0 0
2025-07-12 1993 1869 0 0
2025-07-13 1993 1869 0 0
2025-07-14 1995 1869 0 0
2025-07-15 1993 1869 0 0
2025-07-16 1991 1869 0 0
2025-07-17 1993 1869 0 0
2025-07-18 1996 1869 0 0
2025-07-19 1999 1869 0 0
2025-07-20 1999 1869 0 0
2025-07-21 2005 1869 0 0
2025-07-22 1999 1869 0 0
2025-07-23 2005 1869 0 0
2025-07-24 2012 1869 0 0
2025-07-25 2013 1869 0 0
2025-07-26 2010 1869 0 0
2025-07-27 2009 1869 0 0
2025-07-28 2007 1869 0 0
2025-07-29 2006 1869 0 0
2025-07-30 2002 1869 0 0
2025-07-31 1997 1869 0 0
2025-08-01 1985 1869 0 0
2025-08-02 1987 1869 0 0
2025-08-03 1987 1869 0 0
2025-08-04 2000 1869 0 0
2025-08-05 1996 1869 0 0
2025-08-06 2007 1869 0 0
2025-08-07 2006 1869 0 0
2025-08-08 2011 1869 0 0
2025-08-09 2012 1869 0 0
2025-08-10 2012 1869 0 0
2025-08-11 2013 1869 0 0
2025-08-12 2009 1869 0 0
2025-08-13 2012 1869 0 0
2025-08-14 2019 1869 0 0
2025-08-15 2020 1869 0 0
2025-08-16 2022 1869 0 0
2025-08-17 2022 1869 0 0
2025-08-18 2026 1869 0 0
2025-08-19 2023 1869 0 0
2025-08-20 2022 1869 0 0
2025-08-21 2020 1869 0 0
2025-08-22 2025 1869 0 0
2025-08-23 2032 1869 0 0
2025-08-24 2032 1869 0 0
2025-08-25 2029 1869 0 0
2025-08-26 2028 1869 0 0
2025-08-27 2024 1869 0 0
2025-08-28 2030 1869 0 0
2025-08-29 2039 1869 0 0
2025-08-30 2040 1869 0 0
2025-08-31 2040 1869 0 0
2025-09-01 2041 1869 0 0
2025-09-02 2031 1869 0 0
2025-09-03 2034 1869 0 0
2025-09-04 2033 1869 0 0
2025-09-05 2035 1869 0 0
2025-09-06 2040 1869 0 0
2025-09-07 2040 1869 0 0
2025-09-08 2045 1869 0 0
2025-09-09 2043 1869 0 0
2025-09-10 2040 1869 0 0
2025-09-11 2051 1869 0 0
2025-09-12 2051 1869 0 0
2025-09-13 2051 1869 0 0
2025-09-14 2050 1869 0 0
2025-09-15 2052 1869 0 0
2025-09-16 2053 1869 0 0
2025-09-17 2064 1869 0 0
2025-09-18 2063 1869 0 0
2025-09-19 2059 1869 0 0
2025-09-20 2059 1869 0 0
2025-09-21 2059 1869 0 0
2025-09-22 2065 1869 0 0
2025-09-23 2063 1869 0 0
2025-09-24 2061 1869 0 0
2025-09-25 2056 1869 0 0
2025-09-26 2048 1869 0 0
2025-09-27 2050 1869 0 0
2025-09-28 2050 1869 0 0
2025-09-29 2051 1869 0 0
2025-09-30 2053 1869 0 0
2025-10-01 2056 1869 0 0
2025-10-02 2056 1869 0 0
2025-10-03 2057 1869 0 0
2025-10-04 2058 1869 0 0
2025-10-05 2058 1869 0 0
2025-10-06 2061 1869 0 0
2025-10-07 2064 1869 0 0
2025-10-08 2057 1869 0 0
2025-10-09 2054 1869 0 0
2025-10-10 2050 1869 0 0
2025-10-11 2047 1869 0 0
2025-10-12 2047 1869 0 0
2025-10-13 2044 1869 0 0
2025-10-14 2041 1869 0 0
2025-10-15 2047 1869 0 0
2025-10-16 2047 1869 0 0
2025-10-17 2046 1869 0 0
2025-10-18 2042 1869 0 0
2025-10-19 2043 1869 0 0
2025-10-20 2052 1869 0 0
2025-10-21 2060 1869 0 0
2025-10-22 2058 1869 0 0
2025-10-23 2062 1869 0 0
2025-10-24 2067 1869 0 0
2025-10-25 2066 1869 0 0
2025-10-26 2066 1869 0 0
2025-10-27 2075 1869 0 0
2025-10-28 2071 1869 0 0
2025-10-29 2069 1869 0 0
2025-10-30 2068 1869 0 0
2025-10-31 2064 1869 0 0
2025-11-01 2062 1869 0 0
2025-11-02 2062 1869 0 0
2025-11-03 2062 1869 0 0
2025-11-04 2051 1869 0 0
2025-11-05 2049 1869 0 0
2025-11-06 2052 1869 0 0
2025-11-07 2049 1869 0 0
2025-11-08 2052 1869 0 0
2025-11-09 2052 1869 0 0
2025-11-10 2056 1869 0 0
2025-11-11 2057 1869 0 0
2025-11-12 2057 1869 0 0
2025-11-13 2056 1869 0 0
2025-11-14 2048 1869 0 0
2025-11-15 2044 1869 0 0
2025-11-16 2044 1869 0 0
2025-11-17 2041 1869 0 0
2025-11-18 2032 1869 0 0
2025-11-19 2030 1869 0 0
2025-11-20 2029 1869 0 0
2025-11-21 2027 1869 0 0
2025-11-22 2026 1869 0 0
2025-11-23 2026 1869 0 0
2025-11-24 2035 1869 0 0
2025-11-25 2042 1869 0 0
2025-11-26 2047 1869 0 0
2025-11-27 2049 1869 0 0
2025-11-28 2055 1869 0 0
2025-11-29 2058 1869 0 0
2025-11-30 2058 1869 0 0
2025-12-01 2061 1869 0 0
2025-12-02 2053 1869 0 0
2025-12-03 2057 1869 0 0
2025-12-04 2060 1869 0 0
2025-12-05 2066 1869 0 0
2025-12-06 2063 1869 0 0
2025-12-07 2063 1869 0 0
2025-12-08 2064 1869 0 0
2025-12-09 2056 1869 0 0
2025-12-10 2058 1869 0 0
2025-12-11 2059 1869 0 0
2025-12-12 2065 1869 0 0
2025-12-13 2064 1869 0 0
2025-12-14 2064 1869 0 0
2025-12-15 2056 1869 0 0
2025-12-16 2050 1869 0 0
2025-12-17 2046 1869 0 0
2025-12-18 2058 1869 0 0
2025-12-19 2062 1869 0 0
2025-12-20 2063 1869 0 0
2025-12-21 2063 1869 0 0
2025-12-22 2071 1869 0 0
2025-12-23 2077 1869 0 0
2025-12-24 2077 1869 0 0
2025-12-25 2081 1869 0 0
2025-12-26 2077 1869 0 0
2025-12-27 2078 1869 0 0
2025-12-28 2079 1869 0 0
2025-12-29 2078 1869 0 0
2025-12-30 2083 1869 0 0
2025-12-31 2086 1869 0 0
2026-01-01 2086 1869 0 0
2026-01-02 2088 1869 0 0
2026-01-03 2088 1869 0 0
2026-01-05 2092 1869 0 0
2026-01-06 2099 1869 0 0
2026-01-07 2101 1869 0 0
2026-01-08 2102 1869 0 0
2026-01-09 2107 1869 0 0
2026-01-10 2106 1869 0 0
2026-01-11 2106 1869 0 0
2026-01-12 2107 1869 0 0
2026-01-13 2100 1869 0 0
2026-01-14 2103 1869 0 0
2026-01-15 2106 1869 0 0
2026-01-16 2105 1869 0 0
2026-01-17 2105 1869 0 0
2026-01-18 2104 1869 0 0
2026-01-19 2105 1869 0 0
2026-01-20 2101 1869 0 0
2026-01-21 2109 1869 0 0
2026-01-22 2106 1869 0 0
2026-01-23 2110 1869 0 0
2026-01-24 2112 1869 0 0
2026-01-25 2112 1869 0 0
2026-01-26 2111 1869 0 0
2026-01-27 2121 1869 0 0
2026-01-28 2125 1869 0 0
2026-01-29 2124 1869 0 0
2026-01-30 2115 1869 0 0
2026-01-31 2115 1869 0 0
